1739715233632 169.71003452362734 0
1739715233639 169.68443553536693 1
1739715233645 169.6511722714064 2
1739715233651 169.61562711960292 3
1739715233657 169.5794148931171 4
1739715233662 169.54301996031768 5
1739715233669 169.5065875402299 6
1739715233675 169.47016110598787 7
1739715233681 169.43375360740546 8
1739715233688 169.397368837942 9
1739715233697 169.3610078448226 10
1739715233704 169.32467085207787 11
1739715233709 169.28835783745276 12
1739715233714 169.25206870547518 13
1739715233719 169.2158033393712 14
1739715233725 169.179561616635 15
1739715233730 169.14334341369448 16
1739715233736 169.10714860730621 17
1739715233742 169.07097707496862 18
1739715233748 169.03482869504145 19
1739715233753 168.99870334677627 20
1739715233759 168.962600910321 21
1739715233764 168.92652126671626 22
1739715233769 168.89046429789 23
1739715233775 168.8544298866503 24
1739715233780 168.81841791667924 25
1739715233786 168.78242827252598 26
1739715233791 168.7464608396002 27
1739715233796 168.7105155041655 28
1739715233802 168.67459215333272 29
1739715233808 168.63869067505374 30
1739715233813 168.6028109581148 31
1739715233819 168.56695289213005 32
1739715233825 168.53111636753533 33
1739715233832 168.49530127558194 34
1739715233838 168.45950750833023 35
1739715233844 168.42373495864345 36
1739715233851 168.38798352018165 37
1739715233857 168.3522530873955 38
1739715233863 168.3165435555202 39
1739715233869 168.2808548205697 40
1739715233875 168.24518677933034 41
1739715233881 168.20953932935538 42
1739715233886 168.1739123689588 43
1739715233892 168.1383057972095 44
1739715233897 168.10271951392576 45
1739715233902 168.06715341966913 46
1739715233907 168.03160741573913 47
1739715233913 167.99608140416726 48
1739715233917 167.96057528771155 49
1739715233922 167.9250889698512 50
1739715233928 167.88962235478056 51
1739715233935 167.8541753474041 52
1739715233943 167.8187478533308 53
1739715233956 167.78333977886874 54
1739715233964 167.74795103101977 55
1739715233972 167.71258151747438 56
1739715233979 167.67723114660603 57
1739715233984 167.64189982746626 58
1739715233991 167.60658746977938 59
1739715233996 167.5712939839375 60
1739715234002 167.53601928099496 61
1739715234008 167.50076327266382 62
1739715234013 167.4655258713085 63
1739715234018 167.43030698994087 64
1739715234024 167.3951065422152 65
1739715234030 167.35992444242353 66
1739715234037 167.32476060549055 67
1739715234042 167.28961494696867 68
1739715234051 167.25448738303356 69
1739715234057 167.21937783047912 70
1739715234064 167.18428620671284 71
1739715234069 167.14921242975106 72
1739715234075 167.1141564182145 73
1739715234081 167.07911809132332 74
1739715234087 167.0440973688929 75
1739715234092 167.0090941713289 76
1739715234099 166.97410841962324 77
1739715234105 166.93914003534906 78
1739715234110 166.90418894065678 79
1739715234116 166.86925505826937 80
1739715234122 166.83433831147806 81
1739715234127 166.79943862413825 82
1739715234132 166.76455592066463 83
1739715234138 166.72969012602755 84
1739715234143 166.69484116574833 85
1739715234148 166.6600089658953 86
1739715234155 166.62519345307945 87
1739715234161 166.5903945544504 88
1739715234166 166.55561219769237 89
1739715234172 166.52084631101977 90
1739715234178 166.48609682317363 91
1739715234184 166.45136366341714 92
1739715234191 166.416646761532 93
1739715234197 166.38194604781415 94
1739715234202 166.34726145307025 95
1739715234208 166.3125929086133 96
1739715234213 166.27794034625927 97
1739715234219 166.24330369832285 98
1739715234224 166.20868289761398 99
1739715234230 166.17407787743372 100
1739715234236 166.13948857157095 101
1739715234242 166.1049149142982 102
1739715234248 166.0703568403683 103
1739715234254 166.03581428501056 104
1739715234260 166.0012871839271 105
1739715234266 165.9667754732895 106
1739715234272 165.93227908973478 107
1739715234277 165.89779797036238 108
1739715234283 165.86333205273021 109
1739715234289 165.82888127485143 110
1739715234295 165.79444557519076 111
1739715234301 165.76002489266122 112
1739715234306 165.72561916662067 113
1739715234311 165.6912283368684 114
1739715234317 165.6568523436418 115
1739715234324 165.62249112761285 116
1739715234329 165.5881446298852 117
1739715234335 165.55381279199054 118
1739715234341 165.5194955558854 119
1739715234346 165.48519286394801 120
1739715234351 165.45090465897513 121
1739715234357 165.4166308841787 122
1739715234363 165.38237148318274 123
1739715234369 165.34812640002028 124
1739715234375 165.31389557913033 125
1739715234380 165.27967896535458 126
1739715234385 165.2454765039344 127
1739715234391 165.2112881405079 128
1739715234396 165.17711382110681 129
1739715234400 165.1429534921536 130
1739715234407 165.10880710045834 131
1739715234413 165.074674593216 132
1739715234418 165.0405559180032 133
1739715234424 165.00645102277562 134
1739715234429 164.972359855865 135
1739715234435 164.93828236597622 136
1739715234440 164.90421850218453 137
1739715234445 164.87016821393274 138
1739715234450 164.83613145102842 139
1739715234455 164.8021081636411 140
1739715234461 164.76809830229965 141
1739715234468 164.73410181788927 142
1739715234474 164.70011866164913 143
1739715234480 164.66614878516953 144
1739715234486 164.63219214038907 145
1739715234492 164.59824867959233 146
1739715234497 164.56431835540695 147
1739715234502 164.53040112080132 148
1739715234507 164.4964969290816 149
1739715234512 164.46260573388963 150
1739715234517 164.42872748919999 151
1739715234522 164.39486214931773 152
1739715234527 164.36100966887565 153
1739715234532 164.32717000283202 154
1739715234538 164.29334310646806 155
1739715234543 164.25952893538533 156
1739715234548 164.22572744550357 157
1739715234553 164.191938593058 158
1739715234559 164.15816233459728 159
1739715234564 164.12439862698068 160
1739715234570 164.09064742737627 161
1739715234576 164.05690869325798 162
1739715234582 164.0231823824039 163
1739715234587 163.98946845289345 164
1739715234592 163.9557668631054 165
1739715234597 163.9220775717156 166
1739715234602 163.88840053769457 167
1739715234607 163.85473572030529 168
1739715234612 163.82108307910121 169
1739715234618 163.7874425739238 170
1739715234623 163.75381416490052 171
1739715234628 163.72019781244262 172
1739715234633 163.6865934772428 173
1739715234639 163.6530011202735 174
1739715234644 163.6194207027844 175
1739715234649 163.5858521863005 176
1739715234654 163.55229553262004 177
1739715234660 163.51875070381234 178
1739715234665 163.48521766221583 179
1739715234670 163.451696370436 180
1739715234676 163.4181867913434 181
1739715234680 163.38468888807165 182
1739715234686 163.35120262401534 183
1739715234691 163.31772796282812 184
1739715234697 163.2842648684209 185
1739715234702 163.25081330495962 186
1739715234708 163.21737323686355 187
1739715234713 163.18394462880326 188
1739715234719 163.15052744569894 189
1739715234724 163.11712165271797 190
1739715234730 163.08372721527377 191
1739715234735 163.05034409902348 192
1739715234741 163.01697226986622 193
1739715234746 162.9836116939413 194
1739715234751 162.95026233762636 195
1739715234756 162.91692416753563 196
1739715234762 162.88359715051817 197
1739715234767 162.85028125365596 198
1739715234773 162.81697644426234 199
1739715234778 162.78368268988 200
1739715234784 162.75039995827962 201
1739715234789 162.71712821745777 202
1739715234794 162.68386743563542 203
1739715234799 162.65061758125634 204
1739715234804 162.61737862298514 205
1739715234810 162.58415052970577 206
1739715234815 162.55093327051992 207
1739715234820 162.51772681474532 208
1739715234825 162.48453113191408 209
1739715234836 162.4513461917711 210
1739715234842 162.41817196427255 211
1739715234848 162.38500841958407 212
1739715234854 162.35185552807945 213
1739715234859 162.3187132603389 214
1739715234865 162.28558158714762 215
1739715234870 162.25246047949403 216
1739715234876 162.21934990856846 217
1739715234881 162.1862498457616 218
1739715234887 162.153160262663 219
1739715234892 162.12008113105935 220
1739715234897 162.08701242293338 221
1739715234902 162.05395411046212 222
1739715234908 162.0209061660154 223
1739715234913 161.98786856215472 224
1739715234918 161.95484127163135 225
1739715234923 161.92182426738543 226
1739715234929 161.8888175225441 227
1739715234934 161.85582101042024 228
1739715234939 161.82283470451128 229
1739715234945 161.78985857849744 230
1739715234950 161.7568926062408 231
1739715234955 161.72393676178342 232
1739715234961 161.69099101934648 233
1739715234966 161.65805535332868 234
1739715234972 161.62512973830485 235
1739715234977 161.59221414902484 236
1739715234983 161.55930856041212 237
1739715234988 161.5264129475623 238
1739715234994 161.49352728574218 239
1739715235000 161.46065155038815 240
1739715235006 161.42778571710514 241
1739715235013 161.3949297616652 242
1739715235021 161.36208366000645 243
1739715235029 161.3292473882315 244
1739715235035 161.29642092260656 245
1739715235042 161.2636042395601 246
1739715235049 161.23079731568149 247
1739715235056 161.19800012772006 248
1739715235062 161.16521265258368 249
1739715235068 161.13243486733765 250
1739715235075 161.09966674920355 251
1739715235082 161.0669082755581 252
1739715235088 161.03415942393184 253
1739715235094 161.0014201720082 254
1739715235105 160.96869049762216 255
1739715235110 160.93597037875924 256
1739715235116 160.90325979355433 257
1739715235121 160.8705587202906 258
1739715235127 160.83786713739835 259
1739715235132 160.8051850234539 260
1739715235137 160.77251235717864 261
1739715235143 160.73984911743779 262
1739715235150 160.7071952832393 263
1739715235156 160.67455083373292 264
1739715235162 160.6419157482092 265
1739715235168 160.60929000609806 266
1739715235173 160.57667358696824 267
1739715235179 160.54406647052593 268
1739715235185 160.51146863661393 269
1739715235190 160.47888006521043 270
1739715235196 160.4463007364282 271
1739715235202 160.41373063051356 272
1739715235207 160.38116972784528 273
1739715235212 160.34861800893356 274
1739715235219 160.31607545441923 275
1739715235225 160.28354204507275 276
1739715235231 160.25101776179307 277
1739715235238 160.21850258560676 278
1739715235245 160.1859964976672 279
1739715235250 160.15349947925347 280
1739715235256 160.12101151176938 281
1739715235261 160.08853257674275 282
1739715235267 160.0560626558243 283
1739715235273 160.02360173078674 284
1739715235280 159.991149783524 285
1739715235285 159.9587067960503 286
1739715235291 159.926272750499 287
1739715235297 159.89384762912215 288
1739715235304 159.86143141428929 289
1739715235309 159.82902408848653 290
1739715235315 159.796625634316 291
1739715235321 159.76423603449473 292
1739715235327 159.73185527185393 293
1739715235333 159.69948332933794 294
1739715235338 159.66712019000366 295
1739715235344 159.63476583701961 296
1739715235350 159.60242025366492 297
1739715235356 159.57008342332887 298
1739715235361 159.53775532950974 299
1739715235367 159.50543595581416 300
1739715235373 159.47312528595623 301
1739715235378 159.44082330375696 302
1739715235383 159.40852999314305 303
1739715235389 159.37624533814653 304
1739715235394 159.3439693229037 305
1739715235399 159.3117019316544 306
1739715235405 159.2794431487415 307
1739715235410 159.24719295860976 308
1739715235416 159.21495134580536 309
1739715235421 159.18271829497485 310
1739715235426 159.15049379086483 311
1739715235431 159.11827781832082 312
1739715235436 159.0860703622868 313
1739715235442 159.05387140780425 314
1739715235448 159.0216809400116 315
1739715235454 158.98949894414346 316
1739715235460 158.95732540552996 317
1739715235468 158.92516030959584 318
1739715235474 158.89300364186008 319
1739715235479 158.8608553879349 320
1739715235484 158.8287155335252 321
1739715235489 158.79658406442798 322
1739715235494 158.76446096653146 323
1739715235499 158.73234622581452 324
1739715235504 158.70023982834604 325
1739715235509 158.6681417602841 326
1739715235514 158.63605200787558 327
1739715235519 158.60397055745528 328
1739715235524 158.57189739544535 329
1739715235529 158.53983250835455 330
1739715235534 158.5077758827779 331
1739715235540 158.4757275053957 332
1739715235545 158.44368736297307 333
1739715235550 158.4116554423593 334
1739715235556 158.3796317304873 335
1739715235561 158.34761621437286 336
1739715235567 158.31560888111406 337
1739715235572 158.28360971789078 338
1739715235578 158.25161871196403 339
1739715235583 158.21963585067525 340
1739715235588 158.18766112144596 341
1739715235593 158.15569451177683 342
1739715235598 158.12373600924747 343
1739715235604 158.09178560151554 344
1739715235609 158.05984327631634 345
1739715235614 158.02790902146225 346
1739715235620 157.99598282484217 347
1739715235626 157.96406467442083 348
1739715235631 157.93215455823827 349
1739715235636 157.90025246440933 350
1739715235642 157.86835838112333 351
1739715235647 157.83647229664297 352
1739715235653 157.80459419930432 353
1739715235658 157.77272407751605 354
1739715235664 157.74086191975888 355
1739715235670 157.70900771458506 356
1739715235676 157.67716145061806 357
1739715235681 157.64532311655165 358
1739715235687 157.61349270114982 359
1739715235693 157.58167019324583 360
1739715235699 157.54985558174212 361
1739715235705 157.51804885560955 362
1739715235711 157.48625000388688 363
1739715235717 157.45445901568044 364
1739715235722 157.4226758801635 365
1739715235727 157.39090058657592 366
1739715235733 157.35913312422346 367
1739715235738 157.3273734824774 368
1739715235743 157.29562165077428 369
1739715235748 157.26387761861488 370
1739715235753 157.23214137556437 371
1739715235758 157.2004129112514 372
1739715235763 157.16869221536788 373
1739715235768 157.1369792776684 374
1739715235773 157.10527408796975 375
1739715235779 157.0735766361506 376
1739715235784 157.04188691215091 377
1739715235789 157.01020490597162 378
1739715235795 156.978530607674 379
1739715235800 156.9468640073795 380
1739715235806 156.915205095269 381
1739715235811 156.88355386158253 382
1739715235817 156.85191029661902 383
1739715235823 156.82027439073548 384
1739715235829 156.78864613434683 385
1739715235835 156.75702551792554 386
1739715235840 156.72541253200103 387
1739715235845 156.69380716715918 388
1739715235851 156.66220941404245 389
1739715235856 156.63061926334868 390
1739715235862 156.59903670583134 391
1739715235868 156.56746173229885 392
1739715235873 156.53589433361407 393
1739715235879 156.50433450069426 394
1739715235884 156.4727822245103 395
1739715235889 156.4412374960866 396
1739715235895 156.40970030650047 397
1739715235900 156.37817064688187 398
1739715235905 156.34664850841318 399
1739715235910 156.31513388232844 400
1739715235915 156.28362675991326 401
1739715235921 156.25212713250443 402
1739715235926 156.22063499148936 403
1739715235932 156.18915032830597 404
1739715235937 156.15767313444215 405
1739715235943 156.12620340143542 406
1739715235948 156.0947411208727 407
1739715235954 156.06328628438968 408
1739715235959 156.03183888367084 409
1739715235964 156.0003989104487 410
1739715235970 155.96896635650387 411
1739715235975 155.9375412136643 412
1739715235981 155.90612347380528 413
1739715235986 155.87471312884892 414
1739715235991 155.84331017076389 415
1739715235996 155.81191459156489 416
1739715236001 155.78052638331263 417
1739715236006 155.7491455381133 418
1739715236011 155.71777204811832 419
1739715236016 155.68640590552386 420
1739715236021 155.6550471025707 421
1739715236027 155.62369563154388 422
1739715236033 155.5923514847723 423
1739715236038 155.56101465462845 424
1739715236043 155.5296851335282 425
1739715236048 155.49836291393012 426
1739715236053 155.46704798833574 427
1739715236058 155.43574034928872 428
1739715236064 155.4044399893749 429
1739715236069 155.37314690122176 430
1739715236075 155.34186107749827 431
1739715236080 155.31058251091457 432
1739715236086 155.27931119422155 433
1739715236091 155.2480471202108 434
1739715236096 155.21679028171405 435
1739715236105 155.18554067160306 436
1739715236110 155.15429828278928 437
1739715236116 155.12306310822356 438
1739715236123 155.0918351408958 439
1739715236129 155.06061437383494 440
1739715236134 155.0294008001082 441
1739715236141 154.99819441282133 442
1739715236147 154.96699520511797 443
1739715236153 154.93580317017958 444
1739715236159 154.90461830122499 445
1739715236165 154.8734405915103 446
1739715236172 154.84227003432858 447
1739715236178 154.81110662300947 448
1739715236184 154.7799503509191 449
1739715236190 154.74880121145983 450
1739715236195 154.71765919806964 451
1739715236200 154.68652430422247 452
1739715236206 154.65539652342747 453
1739715236212 154.6242758492289 454
1739715236218 154.59316227520594 455
1739715236223 154.5620557949725 456
1739715236228 154.5309564021768 457
1739715236233 154.49986409050106 458
1739715236239 154.46877885366166 459
1739715236245 154.43770068540843 460
1739715236250 154.4066295795247 461
1739715236255 154.375565529827 462
1739715236261 154.3445085301648 463
1739715236267 154.3134585744202 464
1739715236272 154.28241565650777 465
1739715236277 154.25137977037454 466
1739715236283 154.2203509099993 467
1739715236289 154.18932906939278 468
1739715236294 154.15831424259719 469
1739715236300 154.12730642368618 470
1739715236305 154.09630560676433 471
1739715236311 154.06531178596742 472
1739715236316 154.0343249554616 473
1739715236323 154.00334510944373 474
1739715236329 153.9723722421407 475
1739715236334 153.94140634780962 476
1739715236340 153.91044742073728 477
1739715236345 153.87949545524012 478
1739715236350 153.8485504456641 479
1739715236356 153.81761238638416 480
1739715236361 153.78668127180438 481
1739715236367 153.75575709635757 482
1739715236373 153.72483985450512 483
1739715236378 153.6939295407368 484
1739715236383 153.6630261495705 485
1739715236389 153.63212967555225 486
1739715236394 153.60124011325567 487
1739715236399 153.57035745728203 488
1739715236404 153.5394817022601 489
1739715236409 153.50861284284568 490
1739715236414 153.47775087372165 491
1739715236419 153.44689578959776 492
1739715236425 153.41604758521026 493
1739715236431 153.38520625532198 494
1739715236437 153.35437179472189 495
1739715236442 153.3235441982251 496
1739715236448 153.2927234606726 497
1739715236453 153.261909576931 498
1739715236459 153.2311025418926 499
