1739716325435 166.6933835318511 0
1739716325441 166.14156714104325 1
1739716325447 161.32728321283585 2
1739716325453 157.64294626418615 3
1739716325458 152.14471415194438 4
1739716325463 160.77520185314046 5
1739716325468 151.3423224412846 6
1739716325473 152.28819655464008 7
1739716325479 142.04510792365338 8
1739716325484 137.90267088524578 9
1739716325488 148.77624405483243 10
1739716325493 138.80103917024263 11
1739716325498 135.6724435352317 12
1739716325503 134.18544129249412 13
1739716325508 139.56147000560114 14
1739716325512 134.01198059076384 15
1739716325518 126.44054931412589 16
1739716325523 124.76411641943866 17
1739716325529 123.03160136019464 18
1739716325534 121.1986976048419 19
1739716325539 119.46135006324735 20
1739716325544 116.67765332057068 21
1739716325549 115.13559410996427 22
1739716325554 115.66878702866694 23
1739716325559 115.25671439212279 24
1739716325564 110.10227653346229 25
1739716325569 108.66523526613972 26
1739716325574 111.88729265700826 27
1739716325579 106.45703600388975 28
1739716325583 107.18659355642744 29
1739716325588 107.41751196261139 30
1739716325593 107.1784018200236 31
1739716325598 99.35111541230673 32
1739716325603 102.63896580819656 33
1739716325608 98.00091813658452 34
1739716325613 99.62223329012842 35
1739716325618 100.07616610177021 36
1739716325625 96.44700293848305 37
1739716325631 92.43614582822673 38
1739716325636 91.09594006538089 39
1739716325641 91.05150487471828 40
1739716325646 89.26948917668562 41
1739716325651 89.00112126276153 42
1739716325656 84.928235159761 43
1739716325661 89.04682132894631 44
1739716325665 85.32017887058488 45
1739716325670 83.29360228902293 46
1739716325675 81.12749354694937 47
1739716325680 81.02747575591567 48
1739716325685 81.01469830621451 49
1739716325690 79.0318988443622 50
1739716325695 76.68958961252271 51
1739716325700 75.03832908249933 52
1739716325705 72.66781167525221 53
1739716325710 74.74358678714914 54
1739716325715 73.19369069476527 55
1739716325720 73.98828672579738 56
1739716325724 68.90923455043239 57
1739716325730 70.94728504658015 58
1739716325735 68.14466445969605 59
1739716325740 66.18156334747304 60
1739716325745 65.31265396148632 61
1739716325750 65.70188827247672 62
1739716325755 65.54058376493857 63
1739716325760 64.566514608196 64
1739716325765 61.9723868565553 65
1739716325770 62.289993357188166 66
1739716325774 60.109736605077785 67
1739716325779 58.89889523787805 68
1739716325784 59.04207395400064 69
1739716325789 59.414578923485294 70
1739716325794 57.83938331650997 71
1739716325800 57.05974333151291 72
1739716325805 56.031022601196504 73
1739716325810 55.550084882191385 74
1739716325815 55.5601446832352 75
1739716325820 54.98860483075631 76
1739716325825 53.87386915035819 77
1739716325830 51.554290565538665 78
1739716325835 49.02151745054566 79
1739716325840 52.48111465304719 80
1739716325845 50.12020821910373 81
1739716325852 50.95535004394186 82
1739716325859 48.647605455968815 83
1739716325864 46.76842148646741 84
1739716325870 46.40404202978291 85
1739716325875 43.993605315168764 86
1739716325881 46.1744087746464 87
1739716325888 44.17934815320077 88
1739716325894 42.9143947661373 89
1739716325899 43.178730948744736 90
1739716325904 42.67236029825244 91
1739716325910 41.57974519217476 92
1739716325915 40.25037933779402 93
1739716325919 40.220195924530174 94
1739716325924 39.415722763905976 95
1739716325930 38.50154565999795 96
1739716325935 38.11244799655235 97
1739716325940 37.4490433715968 98
1739716325945 37.268221796184825 99
1739716325950 38.613404007476554 100
1739716325955 37.11979769282211 101
1739716325960 35.7808696662569 102
1739716325965 35.3213157947848 103
1739716325969 34.03914562865873 104
1739716325974 35.11892926040384 105
1739716325980 33.83366152386135 106
1739716325985 33.95839223612242 107
1739716325990 33.57220726401093 108
1739716325995 32.80233864436139 109
1739716326000 31.86938421766735 110
1739716326005 32.24021716063311 111
1739716326010 32.101149249290444 112
1739716326015 30.592814581604 113
1739716326020 30.352746336031185 114
1739716326025 29.63576708401384 115
1739716326030 30.248956995078355 116
1739716326035 29.277270992537282 117
1739716326040 29.042853934460997 118
1739716326045 28.311785036119826 119
1739716326050 29.32580784095744 120
1739716326055 26.75231801985533 121
1739716326061 26.815530260424744 122
1739716326067 26.542289542328604 123
1739716326072 24.52288664488798 124
1739716326077 25.698418324333424 125
1739716326082 26.08605187051243 126
1739716326087 24.68737956919073 127
1739716326093 25.75676294638989 128
1739716326098 24.886551022314645 129
1739716326103 23.352208781203625 130
1739716326108 24.61593439625178 131
1739716326113 22.960528108945383 132
1739716326118 23.445313721819627 133
1739716326123 23.23058862452 134
1739716326129 22.633924286917537 135
1739716326133 22.30973556517435 136
1739716326138 21.613478151464655 137
1739716326143 21.52233066842256 138
1739716326148 21.680188719488804 139
1739716326154 20.753083231105677 140
1739716326158 19.909168332205986 141
1739716326164 20.430436709729225 142
1739716326169 19.813120695858014 143
1739716326174 19.74827510075979 144
1739716326179 19.20230972679336 145
1739716326184 18.99148633709758 146
1739716326189 18.87877921173071 147
1739716326194 18.325558080999475 148
1739716326199 19.009120673100984 149
1739716326203 18.01647080574012 150
1739716326208 18.229595200382793 151
1739716326213 16.72370061823319 152
1739716326218 17.75964141096581 153
1739716326223 17.77559705670037 154
1739716326227 17.415197303099728 155
1739716326232 16.349954914587755 156
1739716326237 16.735392462945168 157
1739716326242 16.781888896385727 158
1739716326247 15.415119990481617 159
1739716326251 15.563477068376585 160
1739716326256 15.695998182181011 161
1739716326261 15.47559565805706 162
1739716326266 14.800762866827817 163
1739716326271 14.614589363792934 164
1739716326275 14.463750490659601 165
1739716326280 14.243337545537415 166
1739716326285 14.082912803373892 167
1739716326293 14.015646183167423 168
1739716326298 13.946700305994183 169
1739716326303 13.640359129505294 170
1739716326308 13.552488712843559 171
1739716326312 13.004799629670188 172
1739716326317 12.585056834355926 173
1739716326322 12.82665766178194 174
1739716326327 12.269657706786688 175
1739716326332 12.202721030092023 176
1739716326337 12.309019495729695 177
1739716326342 12.452882265113107 178
1739716326347 11.84318937449498 179
1739716326352 11.602232887279316 180
1739716326357 12.372784987463444 181
1739716326362 12.019857274528649 182
1739716326367 11.267257758880206 183
1739716326372 11.122223870392745 184
1739716326376 10.529530467797347 185
1739716326381 10.953527373049594 186
1739716326386 10.583180778997354 187
1739716326391 10.853924238800692 188
1739716326396 10.619751231103987 189
1739716326401 9.82570016501587 190
1739716326406 9.624748469232216 191
1739716326411 9.335955741319724 192
1739716326416 10.513513759012083 193
1739716326420 9.733657803944102 194
1739716326425 9.228983427253928 195
1739716326430 9.429880273166424 196
1739716326435 8.063475541674757 197
1739716326439 9.306868999898432 198
1739716326444 9.07539096415901 199
1739716326449 8.517161620933035 200
1739716326453 9.083645805786617 201
1739716326458 8.608323518761479 202
1739716326464 8.3400537787843 203
1739716326469 8.958507053001163 204
1739716326473 7.846206798516233 205
1739716326478 7.772621360444553 206
1739716326484 8.720674233669582 207
1739716326489 8.391183726000174 208
1739716326494 7.952355043118788 209
1739716326499 7.290373880172975 210
1739716326504 7.343650944209622 211
1739716326509 7.384598040414759 212
1739716326514 7.168238121998999 213
1739716326519 6.824566823551817 214
1739716326524 7.30372080451901 215
1739716326528 7.008521488154075 216
1739716326533 7.262564883826362 217
1739716326538 6.406630991926828 218
1739716326543 6.9064656918731915 219
1739716326549 6.639231984119943 220
1739716326553 6.667551543180507 221
1739716326558 6.64991536342159 222
1739716326563 6.82476318165419 223
1739716326568 6.313207005744219 224
1739716326573 6.903501989852153 225
1739716326578 6.12479967096029 226
1739716326583 6.002896153016616 227
1739716326588 5.627876901201829 228
1739716326593 5.966156036946487 229
1739716326597 5.530076525629371 230
1739716326603 5.793972636652428 231
1739716326607 5.3990233795898215 232
1739716326613 4.974580324397796 233
1739716326618 5.791076070200711 234
1739716326624 5.4489129550811395 235
1739716326633 5.471912459908846 236
1739716326638 5.069035288538638 237
1739716326643 5.240648547202002 238
1739716326649 5.010215522614395 239
1739716326654 4.8215331087715585 240
1739716326659 4.715546079890749 241
1739716326663 4.952525262853216 242
1739716326668 5.074179187503079 243
1739716326673 4.846058762183456 244
1739716326679 4.379637601069535 245
1739716326685 4.538760610760294 246
1739716326690 4.67192382086016 247
1739716326696 4.27723460133257 248
1739716326701 4.261400451783322 249
1739716326706 4.018340196313353 250
1739716326711 4.393588350467347 251
1739716326716 4.143887591457596 252
1739716326721 4.058225828506322 253
1739716326726 4.192135423664828 254
1739716326731 3.5957909301806 255
1739716326736 4.359895140476132 256
1739716326741 3.7259630802551214 257
1739716326746 4.054003048884838 258
1739716326751 4.117862409812892 259
1739716326756 3.6160596956171758 260
1739716326761 3.930151534920744 261
1739716326765 3.996546515236517 262
1739716326770 3.877648906205279 263
1739716326775 3.968407568418474 264
1739716326781 3.637828943706711 265
1739716326786 3.5822568117942732 266
1739716326792 3.180849042008728 267
1739716326798 3.34355223733915 268
1739716326803 3.16111200701701 269
1739716326808 3.464516032647099 270
1739716326813 3.2566768720850696 271
1739716326818 3.494564117202717 272
1739716326825 3.4598037510341193 273
1739716326831 3.045160566448584 274
1739716326836 2.9868541957611336 275
1739716326842 3.1493925990626708 276
1739716326847 3.0846868050619975 277
1739716326852 2.4838338509566857 278
1739716326857 2.4006682133811 279
1739716326862 2.7703084831811067 280
1739716326867 3.082776875336593 281
1739716326872 2.780960057725252 282
1739716326877 3.286197322572442 283
1739716326882 2.785657488002042 284
1739716326887 2.4765498535530015 285
1739716326892 2.6562346735707854 286
1739716326898 2.837322588112815 287
1739716326904 2.3659005758775464 288
1739716326909 2.631681033030299 289
1739716326915 2.2842087198348198 290
1739716326921 2.4369767310409363 291
1739716326926 2.3759752119632047 292
1739716326931 2.706849685975043 293
1739716326936 2.393858251273839 294
1739716326941 2.4315412392991167 295
1739716326946 2.1046273015431343 296
1739716326951 2.269348142296357 297
1739716326956 2.29329960725084 298
1739716326961 2.399067700267401 299
1739716326966 2.266509480021021 300
1739716326971 1.8949966339627131 301
1739716326976 2.2722255672008767 302
1739716326981 2.352624777332611 303
1739716326986 2.0458966378529984 304
1739716326991 1.8913146413728747 305
1739716326996 1.8574012822320913 306
1739716327001 1.986578167422085 307
1739716327005 2.114349417099552 308
1739716327010 1.9952890393991745 309
1739716327015 1.7539729085256877 310
1739716327020 1.903183495891084 311
1739716327026 1.759202770141579 312
1739716327034 2.075706560907466 313
1739716327041 1.694434810785682 314
1739716327046 1.937239354912055 315
1739716327051 1.9568673357239386 316
1739716327056 1.5999725433934422 317
1739716327061 1.7965198406917193 318
1739716327067 1.8786562318149238 319
1739716327073 1.621202457379992 320
1739716327078 1.7359775370568613 321
1739716327083 1.5550432247583754 322
1739716327089 1.9258801557684249 323
1739716327094 1.7317526337718092 324
1739716327099 2.046924818703731 325
1739716327103 1.743470474717032 326
1739716327108 1.4841040892755322 327
1739716327113 1.6590185320225184 328
1739716327120 1.5046529433662779 329
1739716327125 1.6423509856417624 330
1739716327131 1.6054841686692025 331
1739716327136 1.5536392462133848 332
1739716327141 1.3089906227077095 333
1739716327146 1.4656305725410843 334
1739716327151 1.5032497452385674 335
1739716327156 1.453207096848825 336
1739716327162 1.347035841484952 337
1739716327167 1.4147177833042874 338
1739716327172 1.295341642531738 339
1739716327177 1.3252937366365052 340
1739716327182 1.4743267164455747 341
1739716327187 1.163126392021526 342
1739716327192 1.4856576291907861 343
1739716327197 1.2640781119400584 344
1739716327202 1.2071565616254674 345
1739716327207 1.280453584502328 346
1739716327212 1.3931367767966472 347
1739716327224 1.1275753004354832 348
1739716327234 1.3912641826269343 349
1739716327239 1.3561259416295097 350
1739716327245 1.2172386276126586 351
1739716327250 1.2980808316826145 352
1739716327255 1.075205021923141 353
1739716327260 1.2577321423412235 354
1739716327265 1.1495200625176125 355
1739716327270 1.1915682180771896 356
1739716327275 0.869096206870443 357
1739716327280 1.2313706710640275 358
1739716327284 0.9820925669095565 359
1739716327289 1.0301014570485858 360
1739716327301 0.9916742777738302 361
1739716327306 1.03395275000075 362
1739716327311 1.0274704616331158 363
1739716327316 1.0054542103378 364
1739716327321 1.2511406078692324 365
1739716327327 1.0630117424443706 366
1739716327332 1.1659795355333797 367
1739716327336 1.279998392456273 368
1739716327341 0.7945343466538377 369
1739716327346 0.8724527705518845 370
1739716327351 0.7833441225897141 371
1739716327356 1.0497206116549032 372
1739716327360 1.0796193364850237 373
1739716327367 1.0753112005923995 374
1739716327372 0.9803883023033858 375
1739716327377 1.1141311520945663 376
1739716327382 0.8719193704704975 377
1739716327387 0.7981145523098836 378
1739716327392 0.9768769070680982 379
1739716327397 1.0838597090730968 380
1739716327401 0.9713454487895706 381
1739716327406 0.8852396437386207 382
1739716327412 0.9053476136205163 383
1739716327416 0.766976728005047 384
1739716327421 0.7666127671838133 385
1739716327426 0.743487682251137 386
1739716327431 0.7717600142785926 387
1739716327436 0.8527435457484962 388
1739716327441 0.769076811051676 389
1739716327445 0.7240418948314108 390
1739716327450 0.726779577754797 391
1739716327456 0.6590120307800966 392
1739716327461 0.7572712037404448 393
1739716327466 0.7644448383645314 394
1739716327471 0.6940000807054859 395
1739716327475 0.7645199957144284 396
1739716327480 0.7233452429777395 397
1739716327485 0.6909036437861709 398
1739716327490 0.8094856066075162 399
1739716327495 0.7754873523313158 400
1739716327500 0.6791038432790145 401
1739716327505 0.7775630918931212 402
1739716327510 0.7031992312049371 403
1739716327515 0.6776308300460822 404
1739716327521 0.6339301731586701 405
1739716327526 0.7945794905958338 406
1739716327531 0.7675339588243356 407
1739716327535 0.5307312118449721 408
1739716327540 0.7019545541186661 409
1739716327544 0.5687766649191813 410
1739716327550 0.599980773539853 411
1739716327555 0.4606846784426701 412
1739716327560 0.5948444486300208 413
1739716327565 0.6955480540577048 414
1739716327570 0.5503935438682757 415
1739716327575 0.6431262739595941 416
1739716327580 0.7427106686338665 417
1739716327585 0.5864541148105744 418
1739716327590 0.5600764474912897 419
1739716327595 0.5537809716973517 420
1739716327600 0.46436438021881465 421
1739716327604 0.5891058083956177 422
1739716327610 0.63069812175351 423
1739716327615 0.8979880393157152 424
1739716327620 0.5682850839950618 425
1739716327626 0.5557804049815076 426
1739716327631 0.553496509867164 427
1739716327635 0.5985959872950332 428
1739716327640 0.5440548181433542 429
1739716327645 0.62762514496856 430
1739716327650 0.5584380863025024 431
1739716327654 0.6711025625191188 432
1739716327659 0.5364051990743147 433
1739716327664 0.4779427198978868 434
1739716327669 0.4654849403752404 435
1739716327674 0.3564224670829876 436
1739716327679 0.5107915493830442 437
1739716327684 0.5859160336652266 438
1739716327688 0.6213422463477185 439
1739716327693 0.4200099244748074 440
1739716327699 0.5658407171464226 441
1739716327704 0.49948373468721813 442
1739716327709 0.5177008167090342 443
1739716327715 0.49149667701261884 444
1739716327719 0.48011017569062747 445
1739716327724 0.36023416521345786 446
1739716327729 0.3816979146388721 447
1739716327733 0.35220592905228343 448
1739716327739 0.4922836429932616 449
1739716327743 0.4931946977516289 450
1739716327748 0.3895964209368956 451
1739716327753 0.35201592387079766 452
1739716327758 0.4492700090267511 453
1739716327763 0.4731129976774437 454
1739716327768 0.5188070855002477 455
1739716327772 0.569980520918849 456
1739716327777 0.3240220304422957 457
1739716327782 0.3408155582779589 458
1739716327787 0.38261111695327343 459
1739716327792 0.3627344290363375 460
1739716327797 0.6393711709641566 461
1739716327801 0.40778954501843834 462
1739716327806 0.4983580779798022 463
1739716327811 0.5374738230725581 464
1739716327816 0.45367905542218323 465
1739716327821 0.4619223749898483 466
1739716327826 0.496786438926265 467
1739716327830 0.4018262935967471 468
1739716327835 0.3750665730059617 469
1739716327840 0.40092399009509544 470
1739716327845 0.4252128956412563 471
1739716327849 0.42173135373604764 472
1739716327854 0.40248708937437866 473
1739716327859 0.30506303854878025 474
1739716327864 0.49148326084771765 475
1739716327869 0.3959311312459489 476
1739716327873 0.5112959917194242 477
1739716327878 0.4683321841968805 478
1739716327883 0.38663297180601847 479
1739716327888 0.22273611682025646 480
1739716327893 0.3778849805916849 481
1739716327898 0.3382233276698887 482
1739716327902 0.34773323697110375 483
1739716327907 0.3923858802916467 484
1739716327912 0.42545147322331156 485
1739716327917 0.3059967635814244 486
1739716327923 0.3221279656514315 487
1739716327928 0.41801112026110926 488
1739716327933 0.32605929766068004 489
1739716327939 0.3789073347488671 490
1739716327944 0.5891325575219618 491
1739716327949 0.38410002905006224 492
1739716327954 0.3031375070420506 493
1739716327959 0.31039425043879776 494
1739716327964 0.3681420114653319 495
1739716327969 0.3850757383868183 496
1739716327974 0.26107374907916786 497
1739716327979 0.3375328666601947 498
1739716327984 0.2766652339032078 499
