1739715311901 165.4999636570477 0
1739715311908 165.20805663549885 1
1739715311914 164.89103099733512 2
1739715311919 164.56692708125337 3
1739715311924 164.24115676963683 4
1739715311928 163.9153427806354 5
1739715311933 163.58997102334234 6
1739715311937 163.2651863589518 7
1739715311942 162.941031335055 8
1739715311946 162.61751780677102 9
1739715311951 162.2946484232518 10
1739715311955 161.97242307367227 11
1739715311959 161.65084082103655 12
1739715311964 161.3299004823193 13
1739715311968 161.0096008025056 14
1739715311972 160.68994050679956 15
1739715311976 160.37091831628322 16
1739715311980 160.05253295261062 17
1739715311985 159.7347831394124 18
1739715311990 159.41766760271307 19
1739715311994 159.10118507105318 20
1739715311998 158.78533427552182 21
1739715312002 158.4701139497628 22
1739715312007 158.15552282997302 23
1739715312011 157.84155965489805 24
1739715312015 157.52822316582748 25
1739715312019 157.21551210658964 26
1739715312023 156.9034252235465 27
1739715312028 156.59196126558842 28
1739715312032 156.2811189841293 29
1739715312037 155.970897133101 30
1739715312041 155.6612944689486 31
1739715312045 155.35230975062487 32
1739715312049 155.04394173958553 33
1739715312054 154.73618919978392 34
1739715312058 154.42905089766592 35
1739715312063 154.12252560216498 36
1739715312067 153.81661208469689 37
1739715312071 153.51130911915484 38
1739715312075 153.2066154819043 39
1739715312079 152.90252995177804 40
1739715312084 152.59905131007093 41
1739715312088 152.29617834053522 42
1739715312094 151.99390982937518 43
1739715312099 151.69224456524236 44
1739715312103 151.39118133923043 45
1739715312108 151.09071894487036 46
1739715312112 150.79085617812535 47
1739715312117 150.49159183738576 48
1739715312121 150.19292472346442 49
1739715312125 149.8948536395915 50
1739715312130 149.59737739140968 51
1739715312134 149.30049478696904 52
1739715312138 149.0042046367225 53
1739715312142 148.7085057535206 54
1739715312147 148.4133969526067 55
1739715312151 148.11887705161223 56
1739715312155 147.82494487055163 57
1739715312159 147.53159923181758 58
1739715312163 147.23883896017637 59
1739715312167 146.94666288276255 60
1739715312171 146.6550698290746 61
1739715312175 146.3640586309699 62
1739715312179 146.07362812265987 63
1739715312183 145.78377714070527 64
1739715312188 145.49450452401146 65
1739715312192 145.20580911382342 66
1739715312197 144.91768975372125 67
1739715312201 144.63014528961514 68
1739715312205 144.34317456974088 69
1739715312209 144.05677644465496 70
1739715312213 143.77094976722984 71
1739715312217 143.4856933926493 72
1739715312221 143.20100617840384 73
1739715312226 142.91688698428558 74
1739715312230 142.6333346723841 75
1739715312234 142.35034810708137 76
1739715312239 142.06792615504725 77
1739715312243 141.78606768523474 78
1739715312247 141.50477156887555 79
1739715312251 141.22403667947512 80
1739715312256 140.9438618928083 81
1739715312260 140.66424608691443 82
1739715312264 140.38518814209314 83
1739715312268 140.1066869408993 84
1739715312286 139.82874136813874 85
1739715312302 139.55135031086348 86
1739715312311 139.27451265836737 87
1739715312316 138.99822730218128 88
1739715312320 138.72249313606872 89
1739715312325 138.44730905602123 90
1739715312329 138.17267396025386 91
1739715312333 137.89858674920066 92
1739715312337 137.62519766044088 93
1739715312342 137.3523990087273 94
1739715312349 137.08015773137208 95
1739715312354 136.80846314794937 96
1739715312358 136.5373112948846 97
1739715312362 136.26670022559813 98
1739715312367 135.9966286002741 99
1739715312372 135.7270952626882 100
1739715312376 135.45809911322112 101
1739715312380 135.18963907075016 102
1739715312385 134.92171406121037 103
1739715312389 134.65432301415927 104
1739715312394 134.38746486174284 105
1739715312399 134.12113853838224 106
1739715312403 133.85534298067674 107
1739715312408 133.59007712737156 108
1739715312412 133.32533991934528 109
1739715312417 133.061130299603 110
1739715312421 132.79744721327123 111
1739715312425 132.53428960759356 112
1739715312430 132.2716564319261 113
1739715312434 132.00954663773337 114
1739715312438 131.7479591785839 115
1739715312443 131.4868930101461 116
1739715312447 131.22634709018396 117
1739715312451 130.96632037855284 118
1739715312456 130.70681183719515 119
1739715312460 130.4478204301363 120
1739715312464 130.1893451234804 121
1739715312468 129.93138488540603 122
1739715312472 129.6739386861622 123
1739715312476 129.41700549806396 124
1739715312480 129.1605842954884 125
1739715312485 128.90467405487044 126
1739715312490 128.6492737546986 127
1739715312495 128.39438237551101 128
1739715312499 128.13999889989114 129
1739715312503 127.88612231246367 130
1739715312508 127.63275159989054 131
1739715312512 127.37988575086656 132
1739715312517 127.12752375611555 133
1739715312521 126.87566460838617 134
1739715312525 126.62430730244778 135
1739715312530 126.3734508350864 136
1739715312534 126.12309420510067 137
1739715312539 125.8732364132978 138
1739715312543 125.62387646248936 139
1739715312548 125.37501335748748 140
1739715312552 125.1266461051006 141
1739715312556 124.87877371412961 142
1739715312561 124.63139519536367 143
1739715312565 124.38450956157632 144
1739715312569 124.13811582752147 145
1739715312573 123.8922130099293 146
1739715312578 123.64680012750237 147
1739715312583 123.40187620091164 148
1739715312587 123.15744025279247 149
1739715312591 122.9134913077406 150
1739715312596 122.67002839230832 151
1739715312600 122.42705053500046 152
1739715312604 122.18455676627042 153
1739715312609 121.94254611851623 154
1739715312613 121.70101762607678 155
1739715312617 121.4599703252277 156
1739715312621 121.21940325417759 157
1739715312626 120.97931545306407 158
1739715312631 120.73970596394987 159
1739715312635 120.50057383081902 160
1739715312640 120.26191809957288 161
1739715312644 120.02373781802636 162
1739715312648 119.78603203590404 163
1739715312652 119.54879980483622 164
1739715312656 119.31204017835529 165
1739715312660 119.07575221189163 166
1739715312665 118.83993496277 167
1739715312669 118.60458749020562 168
1739715312673 118.36970885530035 169
1739715312677 118.13529812103897 170
1739715312681 117.90135435228524 171
1739715312686 117.66787661577825 172
1739715312690 117.43486398012864 173
1739715312695 117.2023155158146 174
1739715312699 116.97023029517845 175
1739715312703 116.73860739242265 176
1739715312707 116.50744588360605 177
1739715312711 116.27674484664028 178
1739715312716 116.04650336128593 179
1739715312720 115.81672050914878 180
1739715312725 115.5873953736762 181
1739715312730 115.35852704015332 182
1739715312758 115.13011459569942 183
1739715312776 114.90215712926414 184
1739715312785 114.67465373162386 185
1739715312795 114.44760349537802 186
1739715312800 114.22100551494542 187
1739715312805 113.9948588865605 188
1739715312809 113.76916270826979 189
1739715312814 113.54391607992821 190
1739715312819 113.3191181031954 191
1739715312823 113.09476788153206 192
1739715312827 112.87086452019646 193
1739715312832 112.64740712624062 194
1739715312836 112.42439480850688 195
1739715312840 112.20182667762411 196
1739715312845 111.97970184600432 197
1739715312850 111.75801942783886 198
1739715312855 111.53677853909498 199
1739715312859 111.31597829751217 200
1739715312863 111.09561782259865 201
1739715312867 110.87569623562776 202
1739715312871 110.65621265963439 203
1739715312876 110.4371662194115 204
1739715312880 110.21855604150652 205
1739715312884 110.0003812542178 206
1739715312888 109.78264098759118 207
1739715312892 109.56533437341635 208
1739715312897 109.3484605452234 209
1739715312901 109.13201863827933 210
1739715312905 108.91600778958448 211
1739715312910 108.70042713786911 212
1739715312914 108.4852758235899 213
1739715312919 108.27055298892644 214
1739715312923 108.05625777777777 215
1739715312928 107.84238933575891 216
1739715312932 107.62894681019749 217
1739715312936 107.41592935013017 218
1739715312940 107.20333610629925 219
1739715312945 106.99116623114928 220
1739715312949 106.77941887882356 221
1739715312954 106.56809320516076 222
1739715312958 106.35718836769152 223
1739715312962 106.14670352563499 224
1739715312966 105.93663783989544 225
1739715312971 105.72699047305892 226
1739715312975 105.51776058938987 227
1739715312979 105.30894735482757 228
1739715312983 105.10054993698307 229
1739715312987 104.89256750513552 230
1739715312992 104.68499923022908 231
1739715312996 104.47784428486929 232
1739715313001 104.27110184331997 233
1739715313005 104.06477108149979 234
1739715313009 103.85885117697883 235
1739715313013 103.65334130897546 236
1739715313017 103.44824065835283 237
1739715313021 103.24354840761568 238
1739715313026 103.03926374090699 239
1739715313030 102.83538584400473 240
1739715313034 102.63191390431845 241
1739715313038 102.4288471108861 242
1739715313043 102.22618465437073 243
1739715313047 102.02392572705723 244
1739715313051 101.82206952284902 245
1739715313056 101.6206152372648 246
1739715313060 101.41956206743536 247
1739715313065 101.21890921210026 248
1739715313069 101.01865587160464 249
1739715313074 100.81880124789595 250
1739715313080 100.6193445445207 251
1739715313084 100.4202849666214 252
1739715313089 100.22162172093313 253
1739715313096 100.02335401578048 254
1739715313104 99.8254810610743 255
1739715313109 99.62800206830848 256
1739715313114 99.43091625055688 257
1739715313118 99.23422282247 258
1739715313123 99.03792100027184 259
1739715313128 98.84201000175686 260
1739715313132 98.64648904628667 261
1739715313137 98.45135735478696 262
1739715313141 98.25661414974427 263
1739715313146 98.06225865520298 264
1739715313150 97.86829009676204 265
1739715313154 97.6747077015719 266
1739715313159 97.48151069833143 267
1739715313164 97.28869831728468 268
1739715313168 97.09626979021799 269
1739715313172 96.90422435045659 270
1739715313177 96.71256123286172 271
1739715313181 96.52127967382755 272
1739715313185 96.33037891127795 273
1739715313190 96.13985818466345 274
1739715313194 95.94971673495834 275
1739715313199 95.75995380465734 276
1739715313203 95.57056863777271 277
1739715313208 95.38156047983118 278
1739715313212 95.19292857787089 279
1739715313216 95.00467218043825 280
1739715313220 94.81679053758509 281
1739715313225 94.6292829008655 282
1739715313229 94.44214852333286 283
1739715313234 94.25538665953675 284
1739715313238 94.06899656552007 285
1739715313243 93.88297749881592 286
1739715313247 93.69732871844462 287
1739715313251 93.5120494849108 288
1739715313255 93.32713906020032 289
1739715313260 93.14259670777734 290
1739715313264 92.95842169258135 291
1739715313268 92.77461328102414 292
1739715313272 92.59117074098691 293
1739715313277 92.40809334181729 294
1739715313281 92.22538035432638 295
1739715313285 92.04303105078581 296
1739715313290 91.8610447049248 297
1739715313293 91.67942059192728 298
1739715313298 91.49815798842887 299
1739715313302 91.31725617251404 300
1739715313306 91.13671442371312 301
1739715313310 90.9565320229995 302
1739715313314 90.77670825278659 303
1739715313319 90.59724239692507 304
1739715313324 90.41813374069991 305
1739715313328 90.23938157082749 306
1739715313333 90.06098517545269 307
1739715313338 89.88294384414614 308
1739715313342 89.70525686790126 309
1739715313347 89.52792353913135 310
1739715313359 89.35094315166688 311
1739715313363 89.17431500075253 312
1739715313367 88.99803838304432 313
1739715313372 88.82211259660693 314
1739715313376 88.64653694091066 315
1739715313381 88.4713107168288 316
1739715313385 88.29643322663462 317
1739715313390 88.12190377399871 318
1739715313394 87.94772166398613 319
1739715313398 87.77388620305355 320
1739715313403 87.60039669904651 321
1739715313408 87.42725246119659 322
1739715313412 87.25445280011861 323
1739715313417 87.081997027808 324
1739715313421 86.90988445763779 325
1739715313425 86.73811440435598 326
1739715313429 86.56668618408271 327
1739715313432 86.39559911430769 328
1739715313437 86.22485251388713 329
1739715313442 86.05444570304122 330
1739715313446 85.88437800335136 331
1739715313450 85.71464873775737 332
1739715313455 85.54525723055477 333
1739715313460 85.37620280739208 334
1739715313465 85.20748479526809 335
1739715313470 85.03910252252912 336
1739715313474 84.87105531886635 337
1739715313479 84.70334251531312 338
1739715313483 84.53596344424216 339
1739715313488 84.36891743936299 340
1739715313493 84.20220383571922 341
1739715313497 84.03582196968574 342
1739715313502 83.86977117896625 343
1739715313507 83.70405080259044 344
1739715313511 83.53866018091139 345
1739715313516 83.37359865560283 346
1739715313521 83.20886556965665 347
1739715313525 83.04446026738005 348
1739715313530 82.88038209439303 349
1739715313534 82.7166303976257 350
1739715313539 82.55320452531572 351
1739715313543 82.39010382700556 352
1739715313548 82.2273276535399 353
1739715313552 82.06487535706312 354
1739715313556 81.90274629101658 355
1739715313561 81.74093981013601 356
1739715313565 81.57945527044902 357
1739715313569 81.41829202927237 358
1739715313574 81.25744944520945 359
1739715313578 81.09692687814767 360
1739715313582 80.93672368925596 361
1739715313586 80.77683924098203 362
1739715313591 80.61727289705 363
1739715313595 80.45802402245762 364
1739715313599 80.29909198347396 365
1739715313604 80.14047614763656 366
1739715313609 79.98217588374919 367
1739715313613 79.82419056187906 368
1739715313617 79.66651955335446 369
1739715313621 79.50916223076203 370
1739715313626 79.35211796794445 371
1739715313630 79.19538613999775 372
1739715313635 79.0389661232689 373
1739715313639 78.88285729535322 374
1739715313643 78.72705903509193 375
1739715313647 78.57157072256962 376
1739715313651 78.41639173911167 377
1739715313656 78.26152146728198 378
1739715313660 78.10695929088024 379
1739715313664 77.95270459493958 380
1739715313668 77.79875676572405 381
1739715313673 77.6451151907262 382
1739715313677 77.49177925866451 383
1739715313682 77.33874835948104 384
1739715313686 77.18602188433887 385
1739715313690 77.03359922561974 386
1739715313694 76.88147977692155 387
1739715313698 76.72966293305589 388
1739715313703 76.57814809004573 389
1739715313707 76.42693464512277 390
1739715313711 76.27602199672526 391
1739715313715 76.12540954449535 392
1739715313719 75.9750966892769 393
1739715313724 75.8251145145668 394
1739715313728 75.67544014647008 395
1739715313732 75.52606631007882 396
1739715313737 75.37699040582523 397
1739715313741 75.22821123850724 398
1739715313745 75.07972803556757 399
1739715313749 74.9315401522421 400
1739715313753 74.78364698298444 401
1739715313757 74.63604793485386 402
1739715313761 74.48874241951906 403
1739715313765 74.34172985085374 404
1739715313770 74.19500964421306 405
1739715313774 74.04858121621427 406
1739715313779 73.90244398466936 407
1739715313783 73.75659736856308 408
1739715313787 73.61104078804482 409
1739715313791 73.46577366442439 410
1739715313796 73.32079542016933 411
1739715313800 73.17610547890226 412
1739715313805 73.03170326539862 413
1739715313809 72.8875882055843 414
1739715313813 72.74375972653336 415
1739715313817 72.60021725646568 416
1739715313821 72.45696022474476 417
1739715313825 72.3139880618753 418
1739715313829 72.17130019950099 419
1739715313833 72.02889607040224 420
1739715313837 71.8867751084938 421
1739715313842 71.7449367488226 422
1739715313846 71.60338042756545 423
1739715313851 71.46210558202677 424
1739715313855 71.32111165063623 425
1739715313859 71.18039807294672 426
1739715313863 71.03996428963183 427
1739715313868 70.89980974248382 428
1739715313872 70.75993387441129 429
1739715313876 70.62033612943688 430
1739715313880 70.4810159526952 431
1739715313885 70.34197279043043 432
1739715313889 70.20320608999418 433
1739715313893 70.06471529984326 434
1739715313897 69.92649986953748 435
1739715313902 69.78855924973742 436
1739715313906 69.6508928922022 437
1739715313910 69.51350024978731 438
1739715313915 69.37638077644245 439
1739715313919 69.23953392720921 440
1739715313923 69.10295915821904 441
1739715313927 68.96665592669095 442
1739715313932 68.83062369092937 443
1739715313936 68.69486191032195 444
1739715313941 68.55937004533749 445
1739715313945 68.42414755752361 446
1739715313948 68.28919390950468 447
1739715313953 68.15450856497974 448
1739715313957 68.02009098872016 449
1739715313962 67.8859406465676 450
1739715313966 67.75205700543191 451
1739715313970 67.6184395332889 452
1739715313974 67.48508769917824 453
1739715313978 67.35200097320131 454
1739715313982 67.2191788265191 455
1739715313987 67.08662073135005 456
1739715313991 66.95432616096801 457
1739715313996 66.82229458970002 458
1739715314000 66.69052549292425 459
1739715314004 66.5590183470679 460
1739715314010 66.4277726296051 461
1739715314014 66.29678781905477 462
1739715314018 66.16606339497855 463
1739715314022 66.03559883797875 464
1739715314026 65.90539362969622 465
1739715314031 65.77544725280828 466
1739715314035 65.64575919102658 467
1739715314040 65.5163289290952 468
1739715314044 65.38715595278835 469
1739715314048 65.2582397489085 470
1739715314052 65.12957980528424 471
1739715314057 65.00117561076816 472
1739715314061 64.87302665523498 473
1739715314066 64.74513242957927 474
1739715314070 64.6174924257136 475
1739715314074 64.49010613656637 476
1739715314078 64.36297305607985 477
1739715314083 64.23609267920814 478
1739715314087 64.10946450191511 479
1739715314091 63.98308802117236 480
1739715314096 63.85696273495728 481
1739715314100 63.731088142251 482
1739715314105 63.6054637430363 483
1739715314110 63.48008903829573 484
1739715314115 63.35496353000953 485
1739715314119 63.230086721153626 486
1739715314123 63.10545811569767 487
1739715314127 62.98107721860304 488
1739715314131 62.85694353582085 489
1739715314135 62.73305657428991 490
1739715314139 62.60941584193488 491
1739715314143 62.486020847664165 492
1739715314148 62.362871101368 493
1739715314152 62.2399661139165 494
1739715314156 62.11730539715761 495
1739715314161 61.99488846391528 496
1739715314165 61.87271482798737 497
1739715314169 61.75078400414385 498
1739715314174 61.629095508124685 499
