1739716032663 145.36702614461828 0
1739716032669 125.97671513469281 1
1739716032675 110.44448862610827 2
1739716032680 94.46511224946467 3
1739716032685 81.91716129896012 4
1739716032690 69.47204651099024 5
1739716032694 60.443218311081836 6
1739716032699 51.29137899345534 7
1739716032703 44.63966802012901 8
1739716032709 39.00233690610152 9
1739716032713 32.614723590998146 10
1739716032718 29.344115914709555 11
1739716032723 25.53551473274538 12
1739716032727 21.004344521406686 13
1739716032732 18.64916205740675 14
1739716032736 15.873054719383218 15
1739716032741 13.751420835609276 16
1739716032745 12.665598564282197 17
1739716032749 10.738772706963667 18
1739716032754 8.742357954935592 19
1739716032759 7.921056208873315 20
1739716032764 6.44779077417553 21
1739716032768 5.921999498079525 22
1739716032773 5.095278558372297 23
1739716032778 4.529147720198446 24
1739716032782 3.8407468493432693 25
1739716032787 3.3341767856217657 26
1739716032791 2.7232627281971764 27
1739716032796 2.5527852216740596 28
1739716032800 2.3884926271010762 29
1739716032805 1.9278841823965092 30
1739716032809 1.742358588225 31
1739716032816 1.6300801294923108 32
1739716032824 1.3398597845131162 33
1739716032832 1.4340151132164205 34
1739716032844 1.1936835267399117 35
1739716032857 0.9295697569750163 36
1739716032866 0.7842225473974022 37
1739716032874 0.7112531893099456 38
1739716032882 0.5416279226208135 39
1739716032888 0.47675588510936034 40
1739716032893 0.48062402615844674 41
1739716032898 0.529338356856368 42
1739716032903 0.4831159297061599 43
1739716032908 0.39988702144618743 44
1739716032914 0.4676728844094738 45
1739716032920 0.4439096604042566 46
1739716032925 0.24062874093698572 47
1739716032930 0.3570733710485532 48
1739716032935 0.28656759452115765 49
1739716032940 0.23048684053264337 50
1739716032944 0.28225125587628463 51
1739716032949 0.23227013892086748 52
1739716032954 0.19862966376601907 53
1739716032959 0.2887315106136028 54
1739716032964 0.21948486531367292 55
1739716032969 0.1815071475249398 56
1739716032974 0.24740325306152833 57
1739716032979 0.1993431150342179 58
1739716032984 0.2599649841936282 59
1739716032989 0.1715060153527511 60
1739716032994 0.19486881057059674 61
1739716032998 0.2785582424146387 62
1739716033003 0.17216133570040046 63
1739716033008 0.16568859888450627 64
1739716033013 0.217503965537986 65
1739716033019 0.16759835644154353 66
1739716033024 0.12558505982251447 67
1739716033028 0.1709059373336936 68
1739716033033 0.1942456915164354 69
1739716033039 0.1367601429883186 70
1739716033045 0.16509229604817618 71
1739716033051 0.13738164103226577 72
1739716033056 0.10582103353806459 73
1739716033061 0.1477032630718435 74
1739716033066 0.13904606098969835 75
1739716033070 0.1484435069576139 76
1739716033076 0.10037600465951599 77
1739716033082 0.07859491850275926 78
1739716033087 0.1714912102368496 79
1739716033092 0.12630832386931665 80
1739716033097 0.12729221461565535 81
1739716033101 0.1452472789807328 82
1739716033106 0.12669640734585827 83
1739716033111 0.13446461046146777 84
1739716033116 0.15587048016509095 85
1739716033121 0.12238253504758367 86
1739716033125 0.11709392890601272 87
1739716033130 0.1585161598887257 88
1739716033135 0.16536286845678094 89
1739716033139 0.15769039388933165 90
1739716033145 0.11489533615467382 91
1739716033151 0.14257467928355927 92
1739716033157 0.09485944928066752 93
1739716033164 0.12064025697386746 94
1739716033170 0.11457391662603386 95
1739716033175 0.11333266316704747 96
1739716033180 0.15560513040162818 97
1739716033185 0.09681832821655025 98
1739716033190 0.11771117445268443 99
1739716033194 0.16962290569068 100
1739716033199 0.12101625823185423 101
1739716033203 0.16954222261582294 102
1739716033208 0.1277058949260333 103
1739716033213 0.1493532958422313 104
1739716033217 0.22357157383665466 105
1739716033222 0.14222800982081787 106
1739716033227 0.18176433639945613 107
1739716033231 0.2056336601446688 108
1739716033236 0.11462473805215304 109
1739716033241 0.11492290691710394 110
1739716033246 0.09415661814855944 111
1739716033250 0.08544104589783753 112
1739716033255 0.13386186568030442 113
1739716033259 0.13318085118438946 114
1739716033264 0.11778427488893384 115
1739716033269 0.1884571498282323 116
1739716033274 0.11860403377953946 117
1739716033279 0.12115958328972183 118
1739716033284 0.14536483439539 119
1739716033291 0.10329211142576333 120
1739716033296 0.15979661649212887 121
1739716033301 0.12490361490590698 122
1739716033306 0.12724228876990598 123
1739716033311 0.15262634082264825 124
1739716033316 0.10277826463223745 125
1739716033322 0.1031110147619432 126
1739716033328 0.11295688552549453 127
1739716033333 0.12793963674471026 128
1739716033338 0.12000388873081698 129
1739716033343 0.16596731341411589 130
1739716033348 0.12929695409417882 131
