1739718304121 1.3226708966062362 0
1739718304149 0.22122259496495356 1
1739718304175 0.007384282199359129 2
1739718304202 0.037903367753334874 3
1739718304228 0.053512182859107 4
1739718304255 0.4001518973793891 5
1739718304281 0.2122924353764077 6
1739718304308 0.747006779375244 7
1739718304335 0.15166067570856784 8
1739718304362 0.038540453890680906 9
1739718304388 0.3144114450959385 10
1739718304414 0.03192282003294196 11
1739718304441 0.002597033395051979 12
1739718304468 1.0537648046629937 13
1739718304494 1.132113430687653 14
1739718304519 0.20975114627738525 15
1739718304545 0.10630915647279685 16
1739718304571 7.533863214355421e-05 17
1739718304597 0.04880321592329941 18
1739718304623 1.0497976437535228 19
1739718304649 0.7059353022765166 20
1739718304675 0.3371835729447674 21
1739718304702 0.43196369513261323 22
1739718304728 0.0012780699113482835 23
1739718304754 0.2641689076131477 24
1739718304780 0.03285809250841815 25
1739718304806 0.017448836344361205 26
1739718304832 0.09696617191225418 27
1739718304859 0.611466398564769 28
1739718304885 0.001606103741035606 29
1739718304911 0.4191084647646233 30
1739718304938 0.42292103983812585 31
1739718304964 0.04299979086516962 32
1739718304991 0.5316169537604895 33
1739718305018 0.0320710507318111 34
1739718305044 0.007692559657460177 35
1739718305070 0.09961405259444714 36
1739718305096 5.167760132235466e-05 37
1739718305122 0.004156221797136972 38
1739718305148 0.04395379965700985 39
1739718305175 0.8670351343183728 40
1739718305202 0.014599769794840163 41
1739718305228 0.3105226677643947 42
1739718305254 0.008331140150312982 43
1739718305281 0.611779404071446 44
1739718305308 0.0022342048689765978 45
1739718305335 0.0008488421242922762 46
1739718305362 0.04177318491931635 47
1739718305388 0.2061681969937913 48
1739718305413 0.29209085296449966 49
1739718305439 0.0008518331041350624 50
1739718305465 0.37944293882646746 51
1739718305492 0.0003445589195998253 52
1739718305518 0.0707513975982014 53
1739718305544 0.0448211148780573 54
1739718305570 0.8987452025094387 55
1739718305596 0.40448151036418545 56
1739718305621 0.4822565480932516 57
1739718305647 4.7363761245186143e-05 58
1739718305674 0.2949770977519227 59
1739718305701 0.031067352808603624 60
1739718305728 0.052985887596625106 61
1739718305755 0.18650676639055389 62
1739718305782 0.023175812431807847 63
1739718305809 0.040918438262521215 64
1739718305836 0.06647194587383196 65
1739718305863 0.04731618675212378 66
1739718305890 0.011257258262486282 67
1739718305917 0.009168977561340726 68
1739718305944 0.08988022772088199 69
1739718305971 0.6263995716357984 70
1739718305998 0.005883466914147024 71
1739718306025 0.0006228723808686601 72
1739718306052 0.03190735635542426 73
1739718306079 0.003822004938598493 74
1739718306107 0.04492881209997226 75
1739718306134 0.4084283505771404 76
1739718306161 0.06489530553606376 77
1739718306189 0.4724320814828849 78
1739718306216 0.14586515079505374 79
1739718306243 0.0006404325226625349 80
1739718306270 0.004680933049263793 81
1739718306297 0.15186442619555865 82
1739718306324 0.1926382857260859 83
1739718306351 0.005474199373562743 84
1739718306379 0.031866379373185844 85
1739718306406 0.20253847529673405 86
1739718306433 0.6668824433705648 87
1739718306460 0.11998628062369587 88
1739718306488 0.01344804482727261 89
1739718306515 0.47807349859019405 90
1739718306542 0.4102961128043426 91
1739718306569 0.16255885778412518 92
1739718306600 0.18923963325518056 93
1739718306628 0.33214135871047806 94
1739718306655 0.018378656447392665 95
1739718306682 0.026333185610700825 96
1739718306710 0.27534164203150363 97
1739718306737 0.060091771275322815 98
1739718306765 0.00014266110351508304 99
1739718306792 0.2507668112566163 100
1739718306820 0.08601480601986518 101
1739718306851 0.047695638795260044 102
1739718306879 0.001025286974267681 103
1739718306906 0.05356454407145263 104
1739718306933 0.2681621582234975 105
1739718306961 0.05515486865085636 106
1739718306988 1.1314707110290334 107
1739718307014 1.1348336840441982 108
1739718307040 0.03230426929189994 109
1739718307066 0.15871597843869512 110
1739718307093 0.22462455193574532 111
1739718307119 0.5989501617506672 112
1739718307145 4.314884670140706e-05 113
1739718307171 0.0004222105177195894 114
1739718307199 0.3491978458668217 115
1739718307226 0.19569419737656055 116
1739718307252 0.1717637333633967 117
1739718307279 0.005390726934222689 118
1739718307305 0.0007301826667015344 119
1739718307331 0.21744032310014724 120
1739718307357 0.15255277740208778 121
1739718307383 0.04346944502894358 122
1739718307409 0.5321211584948116 123
1739718307435 0.0025552677687004097 124
1739718307461 0.25791977429765167 125
1739718307487 0.04571302529915532 126
1739718307513 0.0005140082823581512 127
1739718307539 0.4537362162965697 128
1739718307565 0.1795834261559874 129
1739718307591 0.029698540408100695 130
1739718307617 0.0035009076140527034 131
1739718307643 0.41076208000331604 132
1739718307669 0.17981582565009976 133
1739718307695 0.04353631511159795 134
1739718307722 0.0012753392047573052 135
1739718307747 4.059944068653085e-05 136
1739718307774 0.27442614720190434 137
1739718307801 0.044394034635690846 138
1739718307832 0.007623203049572182 139
1739718307858 0.11595953191444858 140
1739718307884 0.020903050251780245 141
1739718307911 0.2586245098862029 142
1739718307937 0.03722258551837653 143
1739718307963 0.8103305039759655 144
1739718307990 0.1750367984088655 145
1739718308016 0.6543926762946307 146
1739718308042 0.3038119932360796 147
1739718308068 0.05756252929775792 148
1739718308094 0.002627238137485932 149
1739718308121 0.008092957410452049 150
1739718308147 0.648386312147889 151
1739718308173 0.0745308573094061 152
1739718308201 0.03494138143944262 153
1739718308228 0.001153304651658152 154
1739718308254 0.07387552964399974 155
1739718308280 0.22853668777886385 156
1739718308307 0.08959396317721821 157
1739718308334 0.026724473820939464 158
1739718308360 0.012617068299233538 159
1739718308386 0.3090230591808208 160
1739718308413 0.03151088077372228 161
1739718308439 0.01812715184447834 162
1739718308465 0.006280560892857278 163
1739718308492 0.13639239817816937 164
1739718308518 0.7317079170600432 165
1739718308544 0.028324041523006896 166
1739718308570 0.13195403970006672 167
1739718308597 0.496479515032587 168
1739718308623 0.0027127747730455467 169
1739718308649 0.026409669416215496 170
1739718308675 0.4904995594851512 171
1739718308702 0.7270613694881938 172
1739718308728 0.33081492150979075 173
1739718308754 0.1531452902122291 174
1739718308780 0.367407543156041 175
1739718308807 0.2629678775193312 176
1739718308833 0.10566069145736318 177
1739718308859 0.01000566634448217 178
1739718308885 0.2033445568842289 179
1739718308913 0.08130961449465314 180
1739718308939 0.027038539280680125 181
1739718308965 0.35068816770921796 182
1739718308992 0.1740379722035412 183
1739718309019 0.04013334663045386 184
1739718309046 0.16630754333753767 185
1739718309071 0.4314493352407017 186
1739718309097 0.16509955117389402 187
1739718309124 0.04040851282523423 188
1739718309150 0.6283425094754296 189
1739718309177 0.00010990981296056731 190
1739718309204 0.008944172826071158 191
1739718309230 0.5697047117518993 192
1739718309256 0.03561348108797582 193
1739718309283 0.19512008365517816 194
1739718309309 0.08298171372497024 195
1739718309335 0.02657341678027132 196
1739718309361 0.001227629768188777 197
1739718309388 0.0035551252328738575 198
1739718309415 0.0018516917026783525 199
1739718309442 0.1691839247316604 200
1739718309468 0.20547567122436886 201
1739718309494 0.0028946933211016594 202
1739718309520 1.1118007923774156 203
1739718309547 1.2439016466605468 204
1739718309574 0.13068607360939055 205
1739718309600 0.4445756171492527 206
1739718309626 4.87187847866547e-05 207
1739718309652 1.3136050731347908 208
1739718309678 0.08714469884836178 209
1739718309705 0.10799761200518783 210
1739718309731 0.01039189593390634 211
1739718309758 0.1730174714176624 212
1739718309784 0.490520988171901 213
1739718309810 1.274608032224414 214
1739718309836 0.03883877334976914 215
1739718309862 0.944710436762042 216
1739718309888 0.0034147956116020945 217
1739718309915 0.006570254598120766 218
1739718309943 0.009138618412116549 219
1739718309969 0.02764888427540398 220
1739718309995 0.08999333847091436 221
1739718310022 0.0007046577115485679 222
1739718310047 0.03726154771689858 223
1739718310073 0.00015299470529401912 224
1739718310100 0.00013315159561286998 225
1739718310126 0.010571034116394583 226
1739718310152 0.012811379458636925 227
1739718310178 0.17374462898469095 228
1739718310204 0.24347765408506167 229
1739718310230 0.1072420110253978 230
1739718310256 0.0020279976562572904 231
1739718310282 0.011748697491739981 232
1739718310309 0.03966757712754094 233
1739718310335 0.03859690026628628 234
1739718310360 0.00079088472768158 235
1739718310386 0.08990207308088888 236
1739718310412 0.1698554869508061 237
1739718310438 0.03068548858950278 238
1739718310464 0.15611264742674075 239
1739718310491 0.050163383024318206 240
1739718310517 0.08488253529164264 241
1739718310546 0.8838199863325984 242
1739718310571 0.07919710038591976 243
1739718310597 0.05344760935596419 244
1739718310623 0.08497847845717603 245
1739718310648 0.08573108518778579 246
1739718310674 0.09966189041866999 247
1739718310700 0.8411369871062093 248
1739718310726 0.013978216764982964 249
1739718310752 1.534787012415356 250
1739718310778 0.18942321989778546 251
1739718310804 0.2422517809034486 252
1739718310831 0.7962447491911913 253
1739718310857 0.26077403617229705 254
1739718310882 0.12701222155019237 255
1739718310908 0.4073318612942725 256
1739718310934 0.03200487566141764 257
1739718310960 0.18585902578558675 258
1739718310986 0.2351538995147544 259
1739718311012 0.0004296600644777271 260
1739718311038 0.008501519122241568 261
1739718311064 0.055236694045616215 262
1739718311090 0.020217644893463425 263
1739718311116 0.32170321677100255 264
1739718311143 0.05856837941054349 265
1739718311169 0.17054194567501652 266
1739718311194 0.27439985491725233 267
1739718311221 0.08066926948261179 268
1739718311247 0.0019328360244193583 269
1739718311273 0.09589489819343476 270
1739718311299 0.059953632223496575 271
1739718311325 0.02736096319784034 272
1739718311352 0.23734798509226596 273
1739718311378 0.005069721652222101 274
1739718311404 0.03127414112320336 275
1739718311430 0.013337603739798807 276
1739718311456 0.03186977189911052 277
1739718311482 1.2707354845033916 278
1739718311508 0.06840239657955419 279
1739718311534 0.5594065624013682 280
1739718311560 0.00777881532902657 281
1739718311586 0.020604113440514802 282
1739718311611 0.003020099665877987 283
1739718311638 0.37779187816099025 284
1739718311663 0.008108093205466035 285
1739718311689 0.018888077374170316 286
1739718311715 0.13072666967837757 287
1739718311741 0.08819724842764683 288
1739718311766 0.05911611691928171 289
1739718311792 0.2101504519598403 290
1739718311818 0.021193068115194936 291
1739718311844 0.002431973120315723 292
1739718311870 0.04900702284182167 293
1739718311896 1.133142822306028e-05 294
1739718311922 0.04076144008271159 295
1739718311948 0.10933318217873693 296
1739718311974 0.06448604409499124 297
1739718312000 0.3799165787160584 298
1739718312027 0.2868359049094441 299
1739718312054 0.06112393810095559 300
1739718312081 0.010227072311457771 301
1739718312106 0.7041126321311642 302
1739718312132 0.19933097239777028 303
1739718312158 0.3257460807367748 304
1739718312184 0.010256942490129478 305
1739718312210 0.051684302526105626 306
1739718312236 0.005111123773693383 307
1739718312262 0.29039063286450306 308
1739718312289 0.6257960341998294 309
1739718312315 0.829082264491761 310
1739718312342 0.33891472622271995 311
1739718312368 0.0036602102170913016 312
1739718312395 0.011061871814114405 313
1739718312421 0.2643833047436049 314
1739718312447 0.0027203582827598056 315
1739718312473 0.03147213613565276 316
1739718312499 0.043556247588207336 317
1739718312525 0.0144650871193507 318
1739718312552 0.012097209083186568 319
1739718312578 0.2085682776909215 320
1739718312604 0.11615139228986253 321
1739718312630 0.0784416876844345 322
1739718312656 0.041168224411902064 323
1739718312682 0.1542120373942029 324
1739718312708 0.058906041145945734 325
1739718312734 0.4611713027467039 326
1739718312760 0.07719502794287297 327
1739718312786 0.22193715148118034 328
1739718312812 0.0024706602476625874 329
1739718312838 0.09666119071133292 330
1739718312864 0.16239917887360206 331
1739718312890 0.09888926113939073 332
1739718312916 0.09912461829551646 333
1739718312942 0.40587595382099423 334
1739718312969 0.18080123285140406 335
1739718312995 0.4523285281080227 336
1739718313021 0.19079125481162357 337
1739718313047 0.06037702229176 338
1739718313074 0.0008647994212207771 339
1739718313100 0.10803356145226407 340
1739718313126 0.018649575521460623 341
1739718313152 0.08458110387015311 342
1739718313178 0.15254872176297102 343
1739718313204 0.2263084165318974 344
1739718313230 0.02094853928387852 345
1739718313256 0.005441162837454973 346
1739718313282 0.22213038927548442 347
1739718313308 0.007801296708532143 348
1739718313336 1.5646882030854155 349
1739718313363 0.527740517929985 350
1739718313389 0.05671528027657973 351
1739718313415 0.00768890650939051 352
1739718313442 0.4216011792789436 353
1739718313468 0.08315592634627109 354
1739718313494 0.04586064907915935 355
1739718313520 0.01957727785286662 356
1739718313546 0.4866064436365214 357
1739718313572 0.0339821052331483 358
1739718313599 0.023133401934709738 359
1739718313625 0.06234888817498566 360
1739718313651 0.0010502400711210574 361
1739718313678 0.13214893880312184 362
1739718313704 0.07715675748947057 363
1739718313731 0.17236063849223812 364
1739718313757 0.2352992925925078 365
1739718313783 0.4080678324115877 366
1739718313810 0.5866856664550867 367
1739718313836 0.1011566025911997 368
1739718313862 0.15305016408963057 369
1739718313888 0.03219287393787951 370
1739718313915 0.16744831414837444 371
1739718313941 0.003593714321598161 372
1739718313968 0.20378748020878237 373
1739718313994 0.3640665595752348 374
1739718314020 0.027716812142004787 375
1739718314046 0.009178607339267925 376
1739718314073 0.19477797935515856 377
1739718314099 0.1177454559467642 378
1739718314125 0.0050966479435831874 379
1739718314152 0.0066259148181507365 380
1739718314179 0.001546774716830092 381
1739718314204 0.022508337481181192 382
1739718314230 0.05786456822694887 383
1739718314257 2.0314090962084204 384
1739718314283 0.4126922340170778 385
1739718314309 0.1671791166784408 386
1739718314335 0.002940947578211717 387
1739718314362 0.12756551651999057 388
1739718314388 0.005456924633360105 389
1739718314414 0.01006066042743265 390
1739718314439 0.8986215026361837 391
1739718314466 0.24706239685543985 392
1739718314492 0.10627714015919397 393
1739718314518 0.00012046419342606429 394
1739718314543 0.26982596212099985 395
1739718314569 0.12680335250838004 396
1739718314596 0.1918305240732318 397
1739718314621 0.6388432559284625 398
1739718314647 0.06955418828461606 399
1739718314673 0.033265822251955006 400
1739718314699 0.037016671244407495 401
1739718314725 0.008622415087836796 402
1739718314750 0.05544865165985742 403
1739718314776 0.0017338968439323925 404
1739718314802 0.1605255664611112 405
1739718314828 0.057184336104992475 406
1739718314854 0.49624358992362194 407
1739718314880 0.034470446119498635 408
1739718314905 0.18122055824705108 409
1739718314931 0.12319027216671202 410
1739718314957 0.06901263630768115 411
1739718314983 0.05491520062677534 412
1739718315009 0.21972614468773566 413
1739718315035 0.3122250415807936 414
1739718315062 0.2691416759123392 415
1739718315088 0.005198625630297356 416
1739718315114 0.21428576829001958 417
1739718315140 0.011638575074611858 418
1739718315166 0.07180756612469784 419
1739718315192 0.0059491028946037396 420
1739718315218 0.5338328720033235 421
1739718315244 0.02507488452168085 422
1739718315270 0.03434795602472304 423
1739718315296 0.04767664850254885 424
1739718315322 0.0074352065671954085 425
1739718315348 0.21048152554097302 426
1739718315374 0.4455987001864608 427
1739718315400 0.23056906597518595 428
1739718315426 0.022654180225571485 429
1739718315452 0.009322267831442497 430
1739718315478 0.0006219281661063159 431
1739718315505 0.08057676763543999 432
1739718315531 0.00041667315965518236 433
1739718315558 0.7199785233108609 434
1739718315584 0.002813742121514307 435
1739718315610 0.7794200873183906 436
1739718315636 0.24457947414801726 437
1739718315662 0.02705551826121568 438
1739718315689 0.14932227556067598 439
1739718315715 0.05265386872779918 440
1739718315740 0.05172671039448611 441
1739718315767 0.01608809784900379 442
1739718315793 0.2587331387565582 443
1739718315819 0.00011060982483130361 444
1739718315846 0.8939686640506475 445
1739718315871 0.6904703071387063 446
1739718315898 0.039915219774927846 447
1739718315924 0.19600013921764603 448
1739718315949 0.06139657556485315 449
1739718315976 0.11433665971456314 450
1739718316002 1.1308830950989608 451
1739718316028 0.05526451413356764 452
1739718316055 0.05472334839161988 453
1739718316081 0.09008451789180559 454
1739718316107 5.182388593538682e-05 455
1739718316133 0.03272001258467232 456
1739718316159 0.0001097594904072882 457
1739718316185 0.07821835836554834 458
1739718316211 0.28701059078540614 459
1739718316237 0.18097988256601238 460
1739718316263 0.7075617388342513 461
1739718316291 0.3502024267169611 462
1739718316317 0.03943548262746408 463
1739718316344 0.23049989023641 464
1739718316370 0.5951632289164416 465
1739718316396 0.5371280497069563 466
1739718316422 0.29567184588220496 467
1739718316447 0.12846714870541415 468
1739718316473 0.016841529476603587 469
1739718316499 0.029851078477711134 470
1739718316525 0.2675728689612832 471
1739718316550 0.0003331243055233033 472
1739718316576 0.05225076625185375 473
1739718316602 0.10870564342503372 474
1739718316628 0.035612252048827446 475
1739718316654 0.02867985834525653 476
1739718316680 0.02169438968007372 477
1739718316706 0.036573286956506745 478
1739718316732 0.04306486399068339 479
1739718316758 0.0037813854688749805 480
1739718316784 0.10483845751198513 481
1739718316810 0.0020463635063540644 482
1739718316836 0.030795355439336845 483
1739718316862 0.16242769038279176 484
1739718316888 0.07947631720156469 485
1739718316914 0.6829592990168557 486
1739718316940 0.0005764753084845051 487
1739718316966 0.40060824599420436 488
1739718316992 0.48894853616395395 489
1739718317019 0.0071680614538490684 490
1739718317044 0.03536918026629274 491
1739718317070 0.0683858747939946 492
1739718317096 0.32105575030769884 493
1739718317122 0.023295483658739798 494
1739718317148 0.16227663214237031 495
1739718317174 0.20570023975433338 496
1739718317200 0.21238601316307318 497
1739718317226 0.056232715155397094 498
1739718317252 0.36400092558029734 499
