1739715998827 170.5758409335908 0
1739715998832 163.23889492572565 1
1739715998837 163.0285282509195 2
1739715998842 164.57860036573365 3
1739715998846 157.40272302893283 4
1739715998851 155.29379261963552 5
1739715998856 155.07011230855073 6
1739715998860 150.4957103045309 7
1739715998864 146.57924607098576 8
1739715998869 146.75593525288386 9
1739715998873 139.3838389382992 10
1739715998878 136.4650695430066 11
1739715998883 139.75260200956046 12
1739715998887 135.10954691987902 13
1739715998892 135.83715797766223 14
1739715998896 132.50221060451128 15
1739715998901 129.265180682409 16
1739715998905 129.3368548745288 17
1739715998910 125.50850352166086 18
1739715998914 127.29244539200442 19
1739715998919 122.24795499364755 20
1739715998924 124.13302226397239 21
1739715998929 121.15623791774087 22
1739715998933 119.03094056359274 23
1739715998938 118.63094321540059 24
1739715998943 119.49308215772766 25
1739715998947 112.16613438271408 26
1739715998952 111.74742528359903 27
1739715998957 110.49966064806415 28
1739715998962 106.00934425791945 29
1739715998966 108.74680958119622 30
1739715998971 105.06896424544979 31
1739715998976 105.26055601138542 32
1739715998981 100.45418088127344 33
1739715998986 102.88339804160108 34
1739715998991 96.49880560655302 35
1739715998996 93.89785166365189 36
1739715999001 93.92700850242329 37
1739715999006 94.8062005105512 38
1739715999011 93.15981222691762 39
1739715999023 91.63860840613833 40
1739715999029 93.5128583336831 41
1739715999034 89.71896312514467 42
1739715999039 88.77428934792992 43
1739715999044 86.02540698007496 44
1739715999048 84.30869979847111 45
1739715999053 84.17883525003002 46
1739715999057 82.29539625534831 47
1739715999062 81.42957123479559 48
1739715999067 77.98397995719797 49
1739715999072 79.60986951534645 50
1739715999077 78.14122499256229 51
1739715999081 74.41073088606876 52
1739715999086 78.70063996837277 53
1739715999091 75.85284652464497 54
1739715999095 74.0920584222227 55
1739715999100 76.20191004167475 56
1739715999105 70.46719676685247 57
1739715999111 70.25875607653245 58
1739715999115 67.21838757077268 59
1739715999120 69.86282398156884 60
1739715999124 65.93588108404339 61
1739715999129 66.5838555578867 62
1739715999134 64.73881199298712 63
1739715999139 64.87699706223239 64
1739715999144 63.19283947941112 65
1739715999148 62.46567359608833 66
1739715999153 61.96597774836833 67
1739715999158 60.84669977065032 68
1739715999163 60.69640413640378 69
1739715999168 58.83273959716426 70
1739715999173 59.374511092980704 71
1739715999179 58.62089606035097 72
1739715999183 56.54726200558372 73
1739715999188 56.36516727555593 74
1739715999193 56.136226246503185 75
1739715999197 54.456488258462485 76
1739715999203 52.67238208635809 77
1739715999208 51.41578043188128 78
1739715999212 51.99451013662969 79
1739715999217 49.78757373809705 80
1739715999221 50.471622308087056 81
1739715999226 49.35156890443838 82
1739715999230 49.20339289612143 83
1739715999235 49.636690677442374 84
1739715999240 47.36840180715376 85
1739715999244 46.173937183043414 86
1739715999248 46.44529456066262 87
1739715999253 45.82908497233915 88
1739715999258 44.10576456105599 89
1739715999262 45.797324229538035 90
1739715999267 43.65711932662861 91
1739715999271 43.34325800232951 92
1739715999276 41.76828491385729 93
1739715999280 41.81234677078231 94
1739715999285 40.07426577283875 95
1739715999290 40.66412134776973 96
1739715999294 39.72557647641077 97
1739715999299 38.18097194985597 98
1739715999304 39.74916681295343 99
1739715999309 38.39477110050347 100
1739715999313 38.63875853656214 101
1739715999318 36.10055106989904 102
1739715999323 36.89448706201664 103
1739715999327 36.70392049685098 104
1739715999332 34.312781189419624 105
1739715999337 34.12015318926464 106
1739715999341 34.00354785424543 107
1739715999346 33.432076119123685 108
1739715999350 32.619450437912974 109
1739715999355 33.53450077184868 110
1739715999359 32.10871407712523 111
1739715999364 31.51581968039597 112
1739715999368 30.873477787041416 113
1739715999373 30.68710181647772 114
1739715999377 30.244700870437793 115
1739715999382 29.29696900460937 116
1739715999387 30.138711300548724 117
1739715999392 28.854242640242088 118
1739715999397 29.481106483458596 119
1739715999401 28.27863497005625 120
1739715999406 28.546998611473665 121
1739715999411 27.504616991641434 122
1739715999416 27.12424030100749 123
1739715999421 26.43967883969975 124
1739715999425 25.52285404322451 125
1739715999430 26.408101782558166 126
1739715999435 26.046175152413348 127
1739715999440 25.611632063606788 128
1739715999444 24.669716525808997 129
1739715999449 24.069823830954835 130
1739715999453 24.314516755647645 131
1739715999458 23.68328111508821 132
1739715999462 23.794693058045144 133
1739715999467 22.703116843539963 134
1739715999471 22.763745925186967 135
1739715999476 22.964503632335546 136
1739715999482 20.87911281629344 137
1739715999486 21.155882705567432 138
1739715999492 21.42707909831163 139
1739715999497 21.486919417997154 140
1739715999501 20.156957780044525 141
1739715999507 20.9455080854987 142
1739715999512 19.697254031178645 143
1739715999517 19.721566784179174 144
1739715999522 18.96082956968409 145
1739715999527 19.55118959450429 146
1739715999532 20.090819192958993 147
1739715999537 19.05258989996912 148
1739715999541 18.45298819570371 149
1739715999546 18.568373605160616 150
1739715999551 18.509799420815806 151
1739715999556 18.345053626034506 152
1739715999561 17.446718831833643 153
1739715999565 17.783659372385653 154
1739715999570 16.110852438053406 155
1739715999575 16.831766122426057 156
1739715999580 16.319203254025396 157
1739715999584 16.646072379787853 158
1739715999589 16.341608243714994 159
1739715999593 16.20775475872051 160
1739715999598 16.745263145501543 161
1739715999603 15.588900881124694 162
1739715999608 14.986763033610096 163
1739715999613 15.777033208666182 164
1739715999618 14.162099348848916 165
1739715999623 14.842389404369904 166
1739715999628 13.80978166225058 167
1739715999632 14.047509339277997 168
1739715999637 13.550525120893333 169
1739715999642 13.487474853067914 170
1739715999646 13.191223837626165 171
1739715999651 13.536113360115221 172
1739715999656 12.829284911249646 173
1739715999661 12.755868256303206 174
1739715999665 13.134316453369946 175
1739715999670 12.834258744683913 176
1739715999674 12.515727388410046 177
1739715999679 12.608810307704326 178
1739715999684 11.877272546684674 179
1739715999688 11.474808252703284 180
1739715999693 11.988080231642053 181
1739715999698 11.571191468757501 182
1739715999702 11.585519530814445 183
1739715999707 10.66565542042437 184
1739715999712 10.483483113391252 185
1739715999717 11.574245571664134 186
1739715999721 11.32733794828813 187
1739715999726 10.6016144671794 188
1739715999731 10.28821053681782 189
1739715999736 9.845956714741332 190
1739715999740 9.528719631491262 191
1739715999745 9.896627970703639 192
1739715999750 9.525784258583297 193
1739715999755 9.746871261031554 194
1739715999760 9.071872026610892 195
1739715999764 9.197433276062705 196
1739715999769 9.393741720472171 197
1739715999774 9.169621201061176 198
1739715999779 9.015735046884707 199
1739715999783 8.74271721881414 200
1739715999788 9.095555452776182 201
1739715999793 7.735305729190583 202
1739715999797 8.538487631424193 203
1739715999802 7.539527365256901 204
1739715999807 8.220022217930392 205
1739715999811 7.886717180300846 206
1739715999816 8.104582533451028 207
1739715999820 7.950364372297101 208
1739715999825 7.67305929013716 209
1739715999830 7.626469047656703 210
1739715999835 6.93459205546404 211
1739715999839 7.688003033987285 212
1739715999844 7.417033725671352 213
1739715999849 7.104713232732924 214
1739715999854 6.799905778095823 215
1739715999858 6.950829637348796 216
1739715999863 7.146660143927811 217
1739715999868 7.167475442953787 218
1739715999873 6.669380034210298 219
1739715999877 7.284344618628772 220
1739715999882 6.1817324460415835 221
1739715999886 6.119213387232741 222
1739715999891 7.008142491902083 223
1739715999895 5.550950100244769 224
1739715999900 5.96226467317839 225
1739715999905 6.360336961867019 226
1739715999909 6.060255547240876 227
1739715999914 5.804422146467332 228
1739715999918 5.4437125416524506 229
1739715999923 5.754925192924437 230
1739715999927 6.429060073860245 231
1739715999932 5.62298510188704 232
1739715999937 5.832858323408586 233
1739715999941 5.48300862941568 234
1739715999946 5.126101900577394 235
1739715999951 5.533837129858909 236
1739715999955 5.292909803145873 237
1739715999960 4.878801633846085 238
1739715999965 4.871382420947274 239
1739715999970 5.110129600314703 240
1739715999975 4.76969570334748 241
1739715999979 5.082308783051834 242
1739715999984 4.6782408899822245 243
1739715999989 4.847212161473776 244
1739715999995 4.485860675201907 245
1739716000000 4.10648417982001 246
1739716000006 4.146714814132828 247
1739716000011 4.841032854265313 248
1739716000016 5.086690817037041 249
1739716000021 4.802669721305906 250
1739716000035 4.4667819814149405 251
1739716000040 4.741231136582049 252
1739716000045 4.204085597239331 253
1739716000050 4.059819096572654 254
1739716000055 4.220817839047292 255
1739716000062 3.9171249989638115 256
1739716000067 4.193730419830267 257
1739716000072 3.5748096482519633 258
1739716000077 3.7649683786269224 259
1739716000082 4.081888471321072 260
1739716000087 3.9246344054486446 261
1739716000091 3.6338597653971982 262
1739716000096 3.3393065099556254 263
1739716000101 3.3449550136692383 264
1739716000106 3.7511848581016554 265
1739716000111 3.825333960708718 266
1739716000116 3.874500660621936 267
1739716000121 3.823969571599296 268
1739716000126 3.7121405436294785 269
1739716000131 3.026214951133767 270
1739716000136 3.209332286828803 271
1739716000141 3.188489745373997 272
1739716000147 3.469126825513565 273
1739716000152 3.477646508662141 274
1739716000157 3.366554122775185 275
1739716000162 2.8082741872314814 276
1739716000167 3.0418373518825255 277
1739716000172 2.8041386268730166 278
1739716000176 3.0052604493737336 279
1739716000181 2.9879332032946153 280
1739716000186 3.012806981976439 281
1739716000191 3.356377315014311 282
1739716000195 2.8279912636758517 283
1739716000200 2.540042346027273 284
1739716000205 2.468122062203038 285
1739716000210 2.8978691220025636 286
1739716000214 2.3995211425709293 287
1739716000219 2.3227248618318335 288
1739716000224 2.7016477649183868 289
1739716000229 2.682876071965033 290
1739716000234 2.485573460548403 291
1739716000239 2.9770490309698237 292
1739716000244 2.2182926226748365 293
1739716000249 2.3497492371390387 294
1739716000253 2.419844328854844 295
1739716000258 2.613203241723699 296
1739716000262 2.2763259025807407 297
1739716000267 2.3230650307775376 298
1739716000272 2.0511153068410075 299
1739716000277 2.594260386732381 300
1739716000282 2.14147694060333 301
1739716000286 2.0682874951034287 302
1739716000291 2.153491688293386 303
1739716000296 2.1807439075186044 304
1739716000300 2.543794584907063 305
1739716000305 2.2455477393785706 306
1739716000309 2.114938304420195 307
1739716000314 2.2051274201297524 308
1739716000319 2.145586002847809 309
1739716000324 1.659529281205875 310
1739716000329 1.8299984216473146 311
1739716000334 1.8342225247974366 312
1739716000338 1.8484902333163082 313
1739716000343 2.050880767971636 314
1739716000347 1.9482828691875804 315
1739716000352 1.9230845220459098 316
1739716000356 1.700442916661338 317
1739716000361 1.7595423043589284 318
1739716000366 1.7360089692271747 319
1739716000370 1.6860931269945258 320
1739716000375 1.4161119439036114 321
1739716000379 1.8029531274057558 322
1739716000384 1.7137212784076474 323
1739716000388 1.6745386053048046 324
1739716000393 1.8012593274692312 325
1739716000398 1.508393108343914 326
1739716000402 1.6323762014809882 327
1739716000407 1.4983740807028334 328
1739716000411 1.576252979005138 329
1739716000416 1.457066220386394 330
1739716000421 1.504816701618648 331
1739716000426 1.7086217279843112 332
1739716000431 1.5067895524212989 333
1739716000435 1.4899667200950106 334
1739716000440 1.4832990135646635 335
1739716000445 1.6078336539195812 336
1739716000450 1.160612858849873 337
1739716000455 1.3591997465230368 338
1739716000459 1.402253810345712 339
1739716000464 1.5238727877543015 340
1739716000469 1.3935942945656523 341
1739716000473 1.2762330958486587 342
1739716000478 1.3583957897075636 343
1739716000483 1.274254546194001 344
1739716000488 1.136198912878539 345
1739716000492 1.144678911691213 346
1739716000497 1.1402223692473044 347
1739716000502 1.2220569308304021 348
1739716000507 0.9314771359750498 349
1739716000511 1.225196056345582 350
1739716000516 1.1242009668078718 351
1739716000521 1.0533652457672071 352
1739716000525 1.1391420260783542 353
1739716000530 1.157757177292912 354
1739716000534 1.1271062100312808 355
1739716000538 1.2993900289172269 356
1739716000543 0.8036777334272153 357
1739716000548 1.02360144316491 358
1739716000553 1.095338594708505 359
1739716000557 0.9825936870128854 360
1739716000562 1.131239611415884 361
1739716000566 1.0407989012580041 362
1739716000571 0.8714710402315528 363
1739716000575 0.9680690275182222 364
1739716000580 1.1329175746974538 365
1739716000585 1.0823930196741451 366
1739716000589 1.005047314555973 367
1739716000594 0.8352620654080489 368
1739716000599 0.8718851762258993 369
1739716000603 1.0313101741099957 370
1739716000608 1.0109507696424218 371
1739716000613 1.1407834962830574 372
1739716000617 0.9928043491504586 373
1739716000622 0.9417080041126885 374
1739716000626 0.8752334099010027 375
1739716000631 0.9858069599157986 376
1739716000636 0.7860977042150606 377
1739716000640 0.8696524820081942 378
1739716000645 0.8879352221336879 379
1739716000649 0.8812380376284102 380
1739716000654 1.1572225558590006 381
1739716000659 1.0194887534249408 382
1739716000663 0.8621322351613258 383
1739716000668 0.7263599357153339 384
1739716000673 0.8082959169578803 385
1739716000677 0.7266988619396776 386
1739716000682 0.8616644705034249 387
1739716000686 0.7985268606356546 388
1739716000691 0.7015188493689835 389
1739716000696 1.0305731569037941 390
1739716000701 0.7400204511134384 391
1739716000706 0.9057712427434723 392
1739716000711 0.9575707600405788 393
1739716000716 0.7188197297217036 394
1739716000722 0.9988291427897503 395
1739716000727 0.7838519385588932 396
1739716000732 0.8648408221371215 397
1739716000737 0.7629586095839034 398
1739716000741 0.524168882070145 399
1739716000746 0.686670975824503 400
1739716000751 0.7631152386959795 401
1739716000756 0.6556746192889555 402
1739716000761 0.798618841261164 403
1739716000766 0.6429286305692155 404
1739716000771 0.5496996570308079 405
1739716000775 0.6628390013465172 406
1739716000780 0.6469059808455497 407
1739716000785 0.8239165621400046 408
1739716000790 0.6666366042306641 409
1739716000795 0.6171221261090175 410
1739716000799 0.7585662121884644 411
1739716000804 0.6778727374403151 412
1739716000808 0.631927357774763 413
1739716000813 0.46190228320468424 414
1739716000818 0.47359987431327866 415
1739716000823 0.45424630078462275 416
1739716000828 0.5783830745083866 417
1739716000832 0.6946999218203522 418
1739716000837 0.5553483283355982 419
1739716000842 0.45839704417552557 420
1739716000846 0.6481183451257932 421
1739716000851 0.6361558763003259 422
1739716000856 0.6199979839140627 423
1739716000861 0.5165302024130106 424
1739716000866 0.4863243642016924 425
1739716000870 0.5131440526343883 426
1739716000875 0.5367474914856212 427
1739716000880 0.5466031206401969 428
1739716000884 0.5999801020702332 429
1739716000889 0.5517653812173541 430
1739716000894 0.5935705194676528 431
1739716000898 0.6544363393677278 432
1739716000903 0.5578968942864914 433
1739716000908 0.7874437679541756 434
1739716000912 0.4771052066738175 435
1739716000917 0.45798844837966035 436
1739716000921 0.4619433050822435 437
1739716000926 0.474993174178703 438
1739716000931 0.6013587109521251 439
1739716000935 0.45076009270336337 440
1739716000940 0.5009214825267307 441
1739716000944 0.4397684882010065 442
1739716000949 0.43837270576145904 443
1739716000953 0.41732314762078165 444
1739716000958 0.5092282869320195 445
1739716000963 0.40913158128194244 446
1739716000967 0.47888101187214505 447
1739716000972 0.5122424129290731 448
1739716000977 0.3751076735017654 449
1739716000981 0.44344072629090275 450
1739716000986 0.4326463849019317 451
1739716000991 0.5051402152471777 452
1739716000995 0.42817453715616727 453
1739716001000 0.4221448090774628 454
1739716001004 0.4091140208457994 455
1739716001009 0.4521794634267939 456
1739716001013 0.3536509930232313 457
1739716001018 0.32874510546518876 458
1739716001023 0.4798057998707607 459
1739716001027 0.49410797989772354 460
1739716001039 0.3575119813313669 461
1739716001044 0.3493986657043249 462
1739716001049 0.4691571489758305 463
1739716001053 0.3814718740442898 464
1739716001058 0.42031417356868217 465
1739716001062 0.45939650565789025 466
1739716001067 0.33635202761028776 467
1739716001071 0.43393809890658014 468
1739716001076 0.32351113377043617 469
1739716001080 0.4951185820162127 470
1739716001085 0.4693619692501083 471
1739716001090 0.3535330311654005 472
1739716001094 0.43091844930140494 473
1739716001099 0.32031845854221475 474
1739716001103 0.3772937543444474 475
1739716001108 0.4449481622977864 476
1739716001112 0.40537451668036933 477
1739716001117 0.4229428133038055 478
1739716001122 0.29184467389869934 479
1739716001127 0.3664721718117817 480
1739716001132 0.3778505199217516 481
1739716001137 0.468134213914313 482
1739716001141 0.33483644056742806 483
1739716001145 0.3955232656050917 484
1739716001150 0.3366429142817033 485
1739716001155 0.3866204294322518 486
1739716001160 0.27505583096341857 487
1739716001165 0.31496641090314154 488
1739716001169 0.3995155449695272 489
1739716001174 0.3635136690321884 490
1739716001179 0.29024405049660384 491
1739716001183 0.34961296772434275 492
1739716001188 0.2933323185545261 493
1739716001192 0.360164319444827 494
1739716001197 0.35066900917092986 495
1739716001202 0.28766357744128906 496
1739716001207 0.3494353814418706 497
1739716001212 0.301568839969877 498
1739716001217 0.4287027678256993 499
