1739716372480 40.06342029959858 0
1739716372485 9.426464493345117 1
1739716372491 2.458383241077714 2
1739716372498 0.6469919894872793 3
1739716372503 0.3036682635234689 4
1739716372509 0.17763163428753692 5
1739716372514 0.1254677544425716 6
1739716372519 0.14542197090969738 7
1739716372523 0.14532660804462075 8
1739716372528 0.13963815462681034 9
1739716372533 0.11218876805919951 10
1739716372538 0.14269748968152865 11
1739716372543 0.11959596313446018 12
1739716372547 0.17359081480990354 13
1739716372552 0.13178656222465782 14
1739716372556 0.11174445841433198 15
1739716372562 0.14430671620636665 16
1739716372567 0.12845450349192838 17
1739716372572 0.13690378610585593 18
1739716372577 0.09987724480442291 19
1739716372582 0.09092383142755259 20
1739716372587 0.1714479041016958 21
1739716372592 0.14547052574040994 22
1739716372597 0.12395886162745158 23
1739716372603 0.1194349746891976 24
1739716372608 0.15361805847372095 25
1739716372612 0.1145935058708822 26
1739716372617 0.09405240548179945 27
1739716372622 0.09053375237850789 28
1739716372626 0.18479243397068632 29
1739716372631 0.13185879573279724 30
1739716372636 0.12209672130348005 31
1739716372641 0.15876262800556826 32
1739716372646 0.09494238672756734 33
1739716372651 0.10493884765298134 34
1739716372655 0.1267170443934103 35
1739716372660 0.15822489173283918 36
1739716372665 0.10895491156242788 37
1739716372670 0.14198913925889872 38
1739716372675 0.13381500155731701 39
1739716372681 0.10391096423561377 40
1739716372686 0.1672702195945897 41
1739716372691 0.13121341373166825 42
1739716372696 0.12837647030461238 43
1739716372702 0.11469111561992755 44
1739716372707 0.12721074226958146 45
1739716372712 0.10840419783022118 46
1739716372717 0.16718893312062044 47
1739716372722 0.22029360507911583 48
1739716372727 0.13270798491155736 49
1739716372732 0.15026635703001973 50
1739716372736 0.11356566520764776 51
1739716372741 0.10867390403608346 52
1739716372746 0.13715054693324122 53
1739716372751 0.1485365451106265 54
1739716372756 0.12674289564234484 55
1739716372761 0.09481427133328815 56
1739716372766 0.13058409101690527 57
1739716372771 0.14067303476235873 58
1739716372776 0.15544161256052258 59
1739716372781 0.08452977170822842 60
1739716372787 0.13562351777493417 61
1739716372792 0.17160977120891097 62
1739716372796 0.13008618465865673 63
1739716372801 0.16832671618661804 64
1739716372808 0.10255598193267158 65
1739716372814 0.0937192062770815 66
1739716372819 0.13288597697987847 67
1739716372823 0.1623182398283805 68
1739716372828 0.1080075186842138 69
1739716372833 0.13673249095514736 70
1739716372838 0.1210832121904664 71
1739716372843 0.12086303147916845 72
1739716372848 0.14659766797267637 73
1739716372853 0.0883741450702311 74
1739716372858 0.1865994253465405 75
1739716372863 0.11777841656589835 76
1739716372868 0.11052219179576546 77
1739716372873 0.12724779669264857 78
1739716372878 0.1277592198207214 79
1739716372883 0.09556938089576276 80
1739716372890 0.13049963188465571 81
1739716372896 0.10668184566876399 82
1739716372901 0.15262899578874678 83
1739716372906 0.13180462453527914 84
1739716372911 0.16418994390965616 85
1739716372917 0.1844219817267923 86
1739716372923 0.16126179523464274 87
1739716372928 0.1165727493518889 88
1739716372933 0.12273431214335029 89
1739716372939 0.07926360340908266 90
1739716372944 0.13528700443753838 91
1739716372949 0.13764914858084004 92
1739716372954 0.1651638367982788 93
1739716372960 0.07971160295603931 94
1739716372965 0.10918640883899272 95
1739716372969 0.16799506396356334 96
1739716372975 0.0955052235098256 97
1739716372980 0.1422665748783434 98
1739716372985 0.08559881746579155 99
1739716372991 0.15369633651211292 100
1739716372995 0.16835349456600082 101
1739716373000 0.12474760327232938 102
1739716373005 0.1684141352971789 103
1739716373010 0.1493897495215352 104
1739716373015 0.07110592821224108 105
1739716373019 0.1254651727150367 106
1739716373024 0.06882726410334357 107
1739716373029 0.12578749643906043 108
1739716373034 0.28136605873412907 109
1739716373038 0.10888279987523707 110
1739716373043 0.09346431855550379 111
1739716373048 0.1769424846257767 112
1739716373053 0.10926527467620135 113
1739716373057 0.1079636416846288 114
1739716373062 0.1458266547032446 115
1739716373067 0.13365200890444848 116
1739716373072 0.13962095829802107 117
1739716373076 0.12052699970880117 118
1739716373081 0.12233747401432095 119
1739716373086 0.10656333372858637 120
1739716373091 0.2576083255822782 121
1739716373096 0.12066986508085056 122
1739716373101 0.12691044198261117 123
1739716373106 0.1369202867903199 124
1739716373111 0.1087601633343524 125
1739716373116 0.12536799209294672 126
1739716373122 0.08164715305986003 127
1739716373127 0.1696221138734447 128
1739716373132 0.10696187094163984 129
1739716373137 0.20433616715641262 130
1739716373142 0.1281687959561765 131
1739716373148 0.12421312616289651 132
1739716373153 0.09036019263852908 133
1739716373159 0.14040339682859623 134
1739716373164 0.11290564583054462 135
1739716373169 0.1636498948690457 136
1739716373177 0.1244978525786767 137
1739716373183 0.2217507704910581 138
1739716373188 0.12707921481585774 139
1739716373193 0.13155343758773266 140
1739716373198 0.07540407716457787 141
1739716373203 0.16147227129400601 142
1739716373209 0.11516627493349653 143
1739716373215 0.1267546181227974 144
1739716373220 0.1096848370653415 145
1739716373226 0.12821360902223986 146
1739716373231 0.1305133497625086 147
1739716373236 0.09716378669668253 148
1739716373242 0.20518978436526128 149
1739716373247 0.09473371132782661 150
1739716373251 0.17368824194583124 151
1739716373256 0.12441757454554772 152
1739716373261 0.10692303239456756 153
1739716373266 0.1466556750995654 154
1739716373271 0.0857564718928844 155
1739716373277 0.08776821872560002 156
1739716373282 0.16089869631391868 157
1739716373286 0.14278588314356924 158
1739716373291 0.11001891596319383 159
1739716373296 0.171873009833243 160
1739716373301 0.17361655815346294 161
1739716373306 0.14481461432479306 162
1739716373311 0.131243940787845 163
1739716373316 0.1278153997994028 164
1739716373321 0.16463424561971823 165
1739716373326 0.09932082021070102 166
1739716373331 0.13835827571916984 167
1739716373336 0.15218788914614303 168
1739716373342 0.09489425148762322 169
1739716373348 0.13429335127220646 170
1739716373354 0.18635754769241805 171
1739716373359 0.10749207763703739 172
1739716373364 0.18285572290047705 173
1739716373371 0.10968493468538273 174
1739716373376 0.11401406358975645 175
1739716373381 0.12817202716552992 176
1739716373386 0.14126376071384658 177
1739716373391 0.16900400271534305 178
1739716373397 0.10024668902301523 179
1739716373402 0.18722279113717108 180
1739716373407 0.10585400289764152 181
1739716373412 0.1022658309809894 182
1739716373417 0.0864133386992544 183
1739716373423 0.10719039809396158 184
1739716373429 0.08344698089199827 185
1739716373434 0.16768829651320305 186
1739716373440 0.08983985839382792 187
1739716373445 0.2399867077513358 188
1739716373450 0.14022161487257756 189
1739716373455 0.10033727048300502 190
1739716373460 0.1589772881195967 191
1739716373464 0.1393752915739461 192
1739716373470 0.209120758836944 193
1739716373476 0.12213652194924067 194
1739716373481 0.11727198833165876 195
1739716373486 0.09967377560363418 196
1739716373492 0.10082926080012615 197
1739716373497 0.16045623300581618 198
1739716373502 0.12791436011767793 199
1739716373507 0.14670632945753223 200
1739716373513 0.20767512263518373 201
1739716373518 0.10879821886738818 202
1739716373523 0.12355621439111293 203
1739716373528 0.0971516403471876 204
1739716373533 0.15588306269814747 205
1739716373538 0.1449768675838993 206
1739716373543 0.10150599128074214 207
1739716373548 0.16465960119529868 208
1739716373553 0.14913801214434508 209
1739716373558 0.13897786243561325 210
1739716373563 0.12005584761624781 211
1739716373568 0.181893447710301 212
1739716373574 0.10385272032453091 213
1739716373579 0.08030909759142953 214
1739716373584 0.1481369439631325 215
1739716373589 0.07782006253731455 216
1739716373594 0.08704029736591906 217
1739716373599 0.10597107041615725 218
1739716373604 0.1354737209521507 219
1739716373609 0.16146215315208842 220
1739716373614 0.20939650205801322 221
1739716373619 0.07830267683210013 222
1739716373624 0.11588868278727751 223
1739716373629 0.13939559935419077 224
1739716373634 0.09663314099555195 225
1739716373639 0.11008303175926423 226
1739716373645 0.17178683905986686 227
1739716373650 0.12648641069740507 228
1739716373655 0.1373177737803659 229
1739716373660 0.14835210455938852 230
1739716373665 0.15310085205675722 231
1739716373669 0.10114164381014563 232
1739716373675 0.10829766944541103 233
1739716373684 0.16878945807853513 234
1739716373690 0.11038173435086673 235
1739716373696 0.11364546701355253 236
1739716373701 0.1360826174554267 237
1739716373706 0.13216740793010082 238
1739716373712 0.11248906482005964 239
1739716373717 0.1284411376831398 240
1739716373723 0.15340033532708502 241
1739716373728 0.1013504218687962 242
1739716373733 0.12905479502691816 243
1739716373737 0.10309957170012367 244
1739716373743 0.1742444140905617 245
1739716373748 0.06718370218953776 246
1739716373753 0.12413133600625903 247
1739716373759 0.16255068400828826 248
1739716373765 0.12853575157238656 249
1739716373770 0.16010116529253296 250
1739716373775 0.14984304187480374 251
1739716373780 0.11266782949317515 252
1739716373785 0.1562808142820917 253
1739716373791 0.1484808060891404 254
1739716373795 0.09221865901312615 255
1739716373800 0.19315367937186262 256
1739716373805 0.12975248796703454 257
1739716373816 0.1717957441488805 258
1739716373821 0.11937740542206163 259
1739716373826 0.16457821879632212 260
1739716373831 0.1281113853302274 261
1739716373836 0.20746839958090527 262
1739716373841 0.14397767121272412 263
1739716373846 0.17918997819291177 264
1739716373851 0.1631795389884999 265
1739716373856 0.10676193457308082 266
1739716373861 0.1679347397304877 267
1739716373866 0.148167578155701 268
1739716373871 0.15455079885957448 269
1739716373876 0.10204894836658912 270
1739716373881 0.09733078021602756 271
1739716373886 0.13959643435425245 272
1739716373890 0.19887439212669597 273
1739716373895 0.11964848676812226 274
1739716373900 0.16397743738935744 275
1739716373904 0.11749695956650318 276
1739716373910 0.12331837281867984 277
1739716373915 0.15663252867071334 278
1739716373920 0.16012543752799013 279
1739716373925 0.15039989355951133 280
1739716373931 0.12002999552672487 281
1739716373936 0.12053679523451379 282
1739716373941 0.1597863893843924 283
1739716373945 0.14959418359059176 284
1739716373950 0.14395771140787944 285
1739716373955 0.18733001258098908 286
1739716373960 0.08515766206388155 287
1739716373964 0.0833541232235123 288
1739716373969 0.09224824388679843 289
1739716373974 0.1526792605835915 290
1739716373979 0.15754248518302774 291
1739716373983 0.14425135436256512 292
1739716373988 0.14386365109696006 293
1739716373993 0.13167488419578083 294
1739716373998 0.092487724230809 295
1739716374003 0.15323608031826014 296
1739716374008 0.1529587456666545 297
1739716374013 0.11876901601098351 298
1739716374018 0.08188103501262767 299
1739716374022 0.13078416458828737 300
1739716374027 0.16645796134174445 301
1739716374032 0.16932090658236207 302
1739716374036 0.1561946140228334 303
1739716374041 0.1254511929219911 304
1739716374046 0.12443527948738739 305
1739716374050 0.12380898111636078 306
1739716374055 0.10023366910789332 307
1739716374061 0.13117653431451867 308
1739716374065 0.09866691190757162 309
1739716374070 0.13324381908692765 310
1739716374075 0.09224532139349732 311
1739716374080 0.07831892625372457 312
1739716374085 0.19320083507935634 313
1739716374090 0.09139461210987997 314
1739716374095 0.08388558386005225 315
1739716374100 0.11263316014539018 316
1739716374105 0.11255560747173052 317
1739716374110 0.12339828647235426 318
1739716374115 0.1897140324302774 319
1739716374120 0.11388512689043964 320
1739716374124 0.12694842459083572 321
1739716374130 0.14456211244446485 322
1739716374134 0.10306383574730375 323
1739716374139 0.0971029668116583 324
1739716374144 0.17311921478038142 325
1739716374149 0.14905257636849176 326
1739716374154 0.09084629427988143 327
1739716374158 0.13151800198631355 328
1739716374163 0.12737641895059157 329
1739716374168 0.1338548704057012 330
1739716374173 0.1100719197033987 331
1739716374178 0.17365739195437588 332
1739716374184 0.16125997635291464 333
1739716374191 0.17925727451085233 334
1739716374197 0.15492315716166796 335
1739716374202 0.1435618745273853 336
1739716374208 0.13985850571215758 337
1739716374213 0.09684419516544812 338
1739716374219 0.10156559585110604 339
1739716374225 0.1707867372590604 340
1739716374231 0.1168583395703723 341
1739716374236 0.1377643610358571 342
1739716374241 0.1319095848388224 343
1739716374246 0.11334693730368547 344
1739716374251 0.1471909382141739 345
1739716374257 0.11903326534142854 346
1739716374262 0.22209328677295856 347
1739716374267 0.15086443777873965 348
1739716374272 0.21626701039189716 349
1739716374277 0.15481345468260677 350
1739716374282 0.1511074100254267 351
1739716374287 0.09952074898191142 352
1739716374292 0.11966999745724131 353
1739716374297 0.14320561298834547 354
1739716374302 0.1128082332447229 355
1739716374308 0.15871995607079928 356
1739716374313 0.11598255935536109 357
1739716374318 0.16712361273711243 358
1739716374323 0.11700972902034135 359
1739716374328 0.1056544110723245 360
1739716374333 0.11989704975955452 361
1739716374338 0.1386522114464095 362
1739716374343 0.17299483488150363 363
1739716374348 0.17515972593384652 364
1739716374353 0.08552334497651504 365
1739716374358 0.09642486743352253 366
1739716374364 0.13095769717135666 367
1739716374369 0.11750703850908542 368
1739716374374 0.12133269915477625 369
1739716374379 0.12428853892676844 370
1739716374401 0.1377725822450875 371
1739716374418 0.1135446307886152 372
1739716374426 0.1527402655517353 373
1739716374432 0.1739044042688122 374
1739716374437 0.10841030627692341 375
1739716374443 0.11302579415612084 376
1739716374448 0.10837194972748247 377
1739716374453 0.1451866792601531 378
1739716374458 0.11132941986847912 379
1739716374463 0.15278104757898953 380
1739716374467 0.1569568643568962 381
1739716374472 0.21424740664219416 382
1739716374477 0.24323792978899345 383
1739716374483 0.17246422942368975 384
1739716374488 0.1700185419823285 385
1739716374493 0.16535952689121786 386
1739716374497 0.12672313363983564 387
1739716374502 0.12338662562206625 388
1739716374508 0.1573604060777831 389
1739716374513 0.15827607534429383 390
1739716374518 0.1263640156679279 391
1739716374523 0.17344745850310944 392
1739716374528 0.14820942859312486 393
1739716374533 0.11951683966918693 394
1739716374538 0.08918165098090637 395
1739716374543 0.13238543579665463 396
1739716374548 0.18971730144050666 397
1739716374553 0.09212045871882685 398
1739716374557 0.17018835416483052 399
1739716374563 0.15108651883837085 400
1739716374568 0.1087188767414433 401
1739716374573 0.09045730280487065 402
1739716374577 0.09584500579434695 403
1739716374582 0.11875947490520009 404
1739716374587 0.13052193122705788 405
1739716374592 0.13062740250194294 406
1739716374597 0.12966046714303706 407
1739716374603 0.14422369135448468 408
1739716374608 0.09083817818118786 409
1739716374615 0.08363955859483112 410
1739716374621 0.19527688145819963 411
1739716374626 0.10346595936902317 412
1739716374631 0.13620129780454854 413
1739716374637 0.13052703756206868 414
1739716374642 0.2347159181360661 415
1739716374647 0.15793581576274981 416
1739716374652 0.12377795253658301 417
1739716374657 0.11723534071893972 418
1739716374662 0.09167461310645905 419
1739716374667 0.11856242409725393 420
1739716374672 0.18130402609647636 421
1739716374677 0.13753928247441824 422
1739716374683 0.13899875695925512 423
1739716374688 0.11827099104595737 424
1739716374693 0.1827962761227313 425
1739716374698 0.1314115209953802 426
1739716374703 0.15824489253345728 427
1739716374708 0.15933365951188772 428
1739716374713 0.15125836454818867 429
1739716374718 0.14761028216154082 430
1739716374723 0.15065473858632508 431
1739716374728 0.129171449715048 432
1739716374733 0.19432640134964924 433
1739716374738 0.1777199940519684 434
1739716374743 0.15000518264036036 435
1739716374747 0.10895142347196819 436
1739716374752 0.12375654197731271 437
1739716374757 0.1431354088441946 438
1739716374762 0.10808506671809853 439
1739716374767 0.12047626032738448 440
1739716374772 0.06905526263590273 441
1739716374776 0.12029954300865174 442
1739716374781 0.1320597899644206 443
1739716374786 0.14661511031147872 444
1739716374791 0.10789079508116872 445
1739716374796 0.09611691239547414 446
1739716374801 0.14076995445770144 447
1739716374806 0.10504567782240617 448
1739716374811 0.12576550969327246 449
1739716374823 0.14053013978399864 450
1739716374828 0.12636214489024025 451
1739716374832 0.18058056259503844 452
1739716374837 0.12179049509123496 453
1739716374842 0.11377260170220231 454
1739716374847 0.1542610434952175 455
1739716374852 0.10250226748333126 456
1739716374857 0.159749149916113 457
1739716374861 0.1975368314175131 458
1739716374866 0.14828646377833457 459
1739716374871 0.10659566578509418 460
1739716374875 0.13879213537525836 461
1739716374880 0.09395966877823814 462
1739716374885 0.12194772981007927 463
1739716374890 0.10521332078351492 464
1739716374895 0.15308909748855473 465
1739716374900 0.08819767680877384 466
1739716374905 0.10077284352188472 467
1739716374909 0.1332046869988425 468
1739716374914 0.1352303984529418 469
1739716374919 0.2304036568362512 470
1739716374924 0.17164446565329697 471
1739716374928 0.09595939015063332 472
1739716374933 0.1415733987202292 473
1739716374938 0.13435672034621735 474
1739716374943 0.10028958298399039 475
1739716374948 0.08469216024067484 476
1739716374953 0.15177465607969215 477
1739716374957 0.18423039857779638 478
1739716374962 0.11999327965275651 479
1739716374967 0.15715524792644708 480
1739716374972 0.13461180516553067 481
1739716374976 0.12295002643518362 482
1739716374981 0.10847992843312168 483
1739716374986 0.13313737926032293 484
1739716374991 0.16053270640078163 485
1739716374996 0.11763303465871111 486
1739716375000 0.08608988473079482 487
1739716375005 0.12585740098051418 488
1739716375010 0.17188310390344338 489
1739716375015 0.11728434675956242 490
1739716375020 0.10516550290933858 491
1739716375024 0.09553401067752099 492
1739716375029 0.13152594507503917 493
1739716375034 0.12639648131901002 494
1739716375039 0.1459849650759079 495
1739716375044 0.15026370431350644 496
1739716375048 0.1372771008020742 497
1739716375053 0.16905030892911857 498
1739716375058 0.25643942413448373 499
