1739718955544 81.0428135438034 0
1739718955570 42.98995509117397 1
1739718955597 26.438404985125217 2
1739718955624 8.915491189050735 3
1739718955651 5.4169943750554435 4
1739718955677 2.467485675933885 5
1739718955704 1.1748743398619348 6
1739718955732 2.3383826058054824 7
1739718955759 0.42389060821509333 8
1739718955786 0.35317446108237477 9
1739718955813 0.5739015891854359 10
1739718955841 3.306981645983306e-05 11
1739718955868 0.2983239521994979 12
1739718955896 0.0182611954267957 13
1739718955924 0.011678848512186623 14
1739718955952 0.16295914024433172 15
1739718955980 0.07812133871130443 16
1739718956009 0.02497661408678554 17
1739718956036 0.5653841534187225 18
1739718956063 0.7910305196516768 19
1739718956092 0.002165315934011365 20
1739718956119 0.17086736626714544 21
1739718956146 0.00934958838579491 22
1739718956174 0.014150539242789428 23
1739718956203 0.06409134080397684 24
1739718956233 0.7343019973031497 25
1739718956261 0.20119974809043925 26
1739718956288 0.019344158187434204 27
1739718956315 0.00025567867526257243 28
1739718956342 0.06436212519417292 29
1739718956368 0.643610643048509 30
1739718956395 0.20541202832626687 31
1739718956422 0.0002884477605860905 32
1739718956451 3.5753669837793803e-06 33
1739718956478 0.0002775151795073788 34
1739718956505 0.19615336697810606 35
1739718956532 0.00894799678748581 36
1739718956559 0.005133531953852068 37
1739718956587 0.06210592197663019 38
1739718956615 0.13182617687767556 39
1739718956642 0.10350962176637073 40
1739718956671 0.4620446384524796 41
1739718956700 0.06844415067748999 42
1739718956729 0.004117935829872154 43
1739718956760 0.18612517374324825 44
1739718956789 0.0004415113781939065 45
1739718956819 0.023791114955091758 46
1739718956848 0.05724228716638362 47
1739718956878 0.013820177480923884 48
1739718956906 0.0005547630435226904 49
1739718956935 0.12431216412741239 50
1739718956986 0.002781879536965311 51
1739718957015 0.11788788171710562 52
1739718957043 0.18863589925225266 53
1739718957071 0.01307530956927782 54
1739718957100 0.12923798695710884 55
1739718957128 0.06377583343621934 56
1739718957157 0.06472938532575424 57
1739718957185 0.20954830494597784 58
1739718957214 0.10398776853675656 59
1739718957241 0.0027053776450781386 60
1739718957269 0.015676303331801415 61
1739718957296 0.004561476393534857 62
1739718957323 0.0320838661017349 63
1739718957350 0.43284346761036285 64
1739718957377 0.5489827690900374 65
1739718957404 0.014130957506522839 66
1739718957431 0.7314214366429316 67
1739718957458 0.38475145424014184 68
1739718957484 0.18234200848548746 69
1739718957511 0.013453505273698306 70
1739718957538 0.30283223578335416 71
1739718957565 0.005592378553628254 72
1739718957592 0.02376266250677784 73
1739718957619 0.03458567134502341 74
1739718957645 0.03821066446950294 75
1739718957673 0.09421848781165106 76
1739718957701 0.031437731333834595 77
1739718957728 0.1243755486248481 78
1739718957756 0.06415244997232256 79
1739718957783 0.0013218383217707213 80
1739718957811 0.004608161863665291 81
1739718957839 0.0016137161361144325 82
1739718957867 0.06170747638726982 83
1739718957895 0.00016357522535901054 84
1739718957923 0.0002626104267316629 85
1739718957951 0.026422347534667594 86
1739718957979 0.07746174334217021 87
1739718958006 0.0025425885893680823 88
1739718958033 0.13066849688337911 89
1739718958062 0.003045143074847441 90
1739718958091 0.9727706745765384 91
1739718958120 0.0770361199845648 92
1739718958149 0.033906597152418616 93
1739718958178 0.0021478397432006494 94
1739718958207 0.04149926012545508 95
1739718958237 0.060657184045794905 96
1739718958266 0.027577680809326557 97
1739718958294 0.012439259151728853 98
1739718958328 0.07492093466811342 99
1739718958358 0.3380112350220979 100
1739718958387 0.08538424312653882 101
1739718958417 0.0038000905407416883 102
1739718958447 0.057465708021471974 103
1739718958476 0.09574772131548613 104
1739718958503 0.00973147052983275 105
1739718958531 0.01454624765522819 106
1739718958559 0.2314295112887992 107
1739718958588 0.07521762042567322 108
1739718958616 0.09951969097950181 109
1739718958643 0.0011188525136978352 110
1739718958672 0.5934878394462062 111
1739718958700 0.03417238516604659 112
1739718958726 0.06485232813201144 113
1739718958754 0.001853184137960959 114
1739718958782 0.009666276015896114 115
1739718958809 0.3393480266430262 116
1739718958837 0.009990897065465089 117
1739718958865 0.016361596426701593 118
1739718958894 0.12025519933194266 119
1739718958922 0.17022999195053687 120
1739718958950 0.05422894606590836 121
1739718958977 0.05638943047909584 122
1739718959005 0.12240024622608396 123
1739718959034 0.17544344240687418 124
1739718959062 0.00032455621234641756 125
1739718959091 0.11256164040250442 126
1739718959120 0.19512619581455318 127
1739718959148 0.15529691185676112 128
1739718959176 0.12941231657646105 129
1739718959203 0.026668016725109878 130
1739718959231 9.451731697142746e-05 131
1739718959259 0.00012248512466291926 132
1739718959286 0.037129297707870566 133
1739718959313 0.007721766477316413 134
1739718959340 0.0496851896138822 135
1739718959367 0.1770165514634332 136
1739718959395 0.14953925950325833 137
1739718959426 0.17092536101336878 138
1739718959455 0.07719541042108549 139
1739718959484 0.003781431327462842 140
1739718959512 0.002107595685934234 141
1739718959541 0.012431788737346522 142
1739718959569 0.0028165615576205417 143
1739718959598 1.093432487237907 144
1739718959627 0.10442658052105246 145
1739718959656 0.003643481043147746 146
1739718959684 0.11390593211244993 147
1739718959711 0.31402995766898634 148
1739718959739 0.006888079314084103 149
1739718959766 0.01674698396897957 150
1739718959793 1.8285563649754744 151
1739718959819 0.02476624228390291 152
1739718959846 0.11713292991178889 153
1739718959873 0.06578030202704167 154
1739718959900 0.23244996822188407 155
1739718959927 0.020550072736568493 156
1739718959953 4.6162624493248673e-07 157
1739718959980 0.52057722298047 158
1739718960007 0.22311906958199956 159
1739718960034 0.26791087646881356 160
1739718960061 0.006533544079838682 161
1739718960089 0.22433218100823166 162
1739718960117 0.0026430014415384723 163
1739718960145 0.0187462285733544 164
1739718960173 0.01940627173777517 165
1739718960201 1.0772008352963234 166
1739718960228 0.13225306463660566 167
1739718960256 0.9782767403236231 168
1739718960284 0.044178436615407136 169
1739718960311 0.16213741192487147 170
1739718960338 0.021591734378819453 171
1739718960366 0.039630128125932355 172
1739718960392 0.5010025429904971 173
1739718960419 0.040320648431665405 174
1739718960446 0.02002016419579377 175
1739718960473 0.3899102533344335 176
1739718960499 0.05372345349637121 177
1739718960526 0.7106145604474599 178
1739718960553 0.022979097171761984 179
1739718960579 0.0009607537118137162 180
1739718960606 0.018675568540746364 181
1739718960633 0.5158330397072228 182
1739718960660 0.17867044196852488 183
1739718960688 0.03668516403363301 184
1739718960714 0.02822090594123694 185
1739718960741 0.33105137783883 186
1739718960769 0.006756869503463699 187
1739718960796 0.00963873410892635 188
1739718960823 0.02990861862641348 189
1739718960849 0.36107222069478934 190
1739718960877 0.09385579576782822 191
1739718960905 0.0781958949439752 192
1739718960933 0.044707324602444434 193
1739718960962 0.6578152305814741 194
1739718960989 0.11392163485757245 195
1739718961017 0.020582764438993185 196
1739718961045 0.004671978764840328 197
1739718961072 0.296976043203855 198
1739718961099 1.0589910422194133 199
1739718961126 0.09069472504221358 200
1739718961152 0.011675103526932636 201
1739718961179 0.30439925695431413 202
1739718961206 0.4896358141669546 203
1739718961234 0.1814195577034183 204
1739718961264 0.017212510498721717 205
1739718961291 0.27360954496859 206
1739718961319 0.05846210670809753 207
1739718961346 0.044827997142122544 208
1739718961373 0.017218448121397157 209
1739718961400 0.1305344791162906 210
1739718961427 0.00033753799395428146 211
1739718961453 0.06198950081536618 212
1739718961480 0.018569663623539248 213
1739718961507 0.6567044789210341 214
1739718961534 0.3980553687646697 215
1739718961560 0.026247264871485244 216
1739718961587 0.0008313126544064535 217
1739718961613 0.03092281141511463 218
1739718961640 0.00046427389099563883 219
1739718961667 6.241474745706345e-05 220
1739718961696 0.7525522391381613 221
1739718961724 0.1325631662279226 222
1739718961751 1.3781265421686763e-05 223
1739718961779 0.5388533483790476 224
1739718961806 0.7229215460532401 225
1739718961833 0.002477927788158752 226
1739718961860 0.002754850269354376 227
1739718961887 0.0070514022419306405 228
1739718961913 0.016203945456412877 229
1739718961940 0.0002564477056147956 230
1739718961967 0.029806334739414877 231
1739718961993 0.26648757655354427 232
1739718962021 0.006890068553142426 233
1739718962048 0.04343428738689579 234
1739718962075 0.0024642086637347163 235
1739718962102 0.07576445953728189 236
1739718962129 0.006194350137731232 237
1739718962155 0.0018266668472225237 238
1739718962182 0.08023555983183431 239
1739718962209 0.04111855304439917 240
1739718962236 0.00015370079512111754 241
1739718962263 0.015461039006323004 242
1739718962290 0.34955019737447157 243
1739718962317 0.17266633904847473 244
1739718962344 0.0803209546323638 245
1739718962371 0.005527485799254379 246
1739718962398 0.00016778248829064482 247
1739718962425 0.0022544468248035633 248
1739718962452 0.04282188574612667 249
1739718962479 0.06363581600433715 250
1739718962506 0.08408771287255476 251
1739718962533 0.01667963242573336 252
1739718962560 0.08293400563756713 253
1739718962587 0.010355491789632597 254
1739718962614 0.0018139343158787363 255
1739718962640 0.011118694210649113 256
1739718962666 0.1507498211691684 257
1739718962693 0.5142003261875401 258
1739718962720 0.30207975932412506 259
1739718962746 0.032238961248444525 260
1739718962773 0.0002766367923141044 261
1739718962800 0.02153030091473211 262
1739718962827 0.009094694429321334 263
1739718962854 0.46565665328016925 264
1739718962881 0.009168380554723538 265
1739718962907 0.0007144502791039819 266
1739718962964 0.0007585982392202884 267
1739718962991 0.02927664429605007 268
1739718963019 0.05731577962107078 269
1739718963046 0.13281819462745648 270
1739718963073 0.01046187419001714 271
1739718963100 0.048417662133572806 272
1739718963127 0.005291615891848065 273
1739718963153 0.05109981291731692 274
1739718963180 0.13558121388931785 275
1739718963208 0.01905806534933304 276
1739718963235 0.02790627644601865 277
1739718963263 0.019629033801870175 278
1739718963290 0.26213660415079965 279
1739718963317 0.8094339344916621 280
1739718963343 0.15128994156960526 281
1739718963371 0.0016492184564245705 282
1739718963398 0.0003124382568598983 283
1739718963428 0.14893847094901788 284
1739718963455 0.010361630074880867 285
1739718963482 0.19608941308601355 286
1739718963514 0.5610561382354802 287
1739718963542 0.15033563624849464 288
1739718963570 0.04811043600849941 289
1739718963597 1.0812180956790338 290
1739718963625 0.04773722232782795 291
1739718963653 0.0007648077650879809 292
1739718963681 0.01941508762359017 293
1739718963709 0.030056251065430212 294
1739718963737 0.13894597825855073 295
1739718963765 0.09722702922859085 296
1739718963793 0.04463625425397239 297
1739718963820 0.1699908606467914 298
1739718963847 0.08406867660412448 299
1739718963873 0.06378158958836834 300
1739718963901 0.012170918762878217 301
1739718963928 0.2605578441617435 302
1739718963954 0.1618437386828773 303
1739718963982 0.035764305052262045 304
1739718964009 0.3920678034604912 305
1739718964035 0.03162862243565159 306
1739718964062 0.5318577741039578 307
1739718964089 0.3226953505403574 308
1739718964115 0.007527313033545612 309
1739718964141 0.08015904034485823 310
1739718964168 0.5245797469538463 311
1739718964196 0.021964567915129293 312
1739718964224 0.02602451557095176 313
1739718964252 0.022527302862426494 314
1739718964280 0.255217935676172 315
1739718964307 0.01624550734621859 316
1739718964334 0.10344435594537463 317
1739718964361 0.00020585012053728075 318
1739718964388 0.12540219577272782 319
1739718964416 0.010780031811933313 320
1739718964443 0.00022073849623466818 321
1739718964470 0.024271857912094946 322
1739718964497 0.08194110616068283 323
1739718964524 0.008760322454636194 324
1739718964551 0.034996415989348204 325
1739718964577 0.3190229366931732 326
1739718964604 0.152992911413118 327
1739718964631 0.6959244181882251 328
1739718964658 0.019195811582958966 329
1739718964685 0.19256865830398645 330
1739718964712 0.33048516872278694 331
1739718964739 0.09862836262269233 332
1739718964766 0.05767640715455334 333
1739718964793 0.057950499016120684 334
1739718964820 0.2655478894365466 335
1739718964847 0.16968767379300426 336
1739718964874 0.038366710417740896 337
1739718964901 0.11997100960249624 338
1739718964929 0.7271606506137677 339
1739718964955 0.5375155108020127 340
1739718964982 0.0016402523214897708 341
1739718965009 0.27112999076762545 342
1739718965036 0.17704545124291285 343
1739718965063 0.16145763856043568 344
1739718965089 0.0006883934744035975 345
1739718965116 0.15149657504522435 346
1739718965142 0.18033902351945724 347
1739718965168 0.2450171418863106 348
1739718965195 0.030819446640164727 349
1739718965222 0.23320636477066306 350
1739718965248 0.00025765493645630124 351
1739718965275 0.03150518258810307 352
1739718965301 0.213052537570047 353
1739718965328 0.14293196166365518 354
1739718965355 0.027212210565059555 355
1739718965381 0.10600653112964646 356
1739718965408 0.19389838756098943 357
1739718965435 0.03220034580700694 358
1739718965462 0.10025391042729179 359
1739718965489 0.06275177729309676 360
1739718965516 0.12801923905984117 361
1739718965543 0.030326731010206415 362
1739718965570 0.008400878049598236 363
1739718965596 0.17495042721903478 364
1739718965623 0.06518685440171182 365
1739718965650 0.00870422824575504 366
1739718965677 0.044831911249301575 367
1739718965704 0.12760057718247542 368
1739718965731 0.0938892815343329 369
1739718965757 6.033759260098184e-07 370
1739718965784 0.2378317733419215 371
1739718965813 0.07198571152813288 372
1739718965841 0.0020783539477761777 373
1739718965868 0.004693634333511542 374
1739718965896 0.09909597511263012 375
1739718965924 0.28842933878277194 376
1739718965952 0.04622717417328347 377
1739718965980 1.4394228322028544e-06 378
1739718966008 0.7194029774717425 379
1739718966036 0.05348857276053204 380
1739718966064 0.059372345277053123 381
1739718966092 0.1651119454961375 382
1739718966120 0.0162682575932014 383
1739718966148 0.01081678581403715 384
1739718966178 0.0032609819872648914 385
1739718966207 0.06518009363635067 386
1739718966235 0.1781828149400679 387
1739718966264 0.002109274162462838 388
1739718966293 0.20284854940299427 389
1739718966321 0.0062427217038366865 390
1739718966348 0.18377606766816676 391
1739718966375 0.03270266869003897 392
1739718966402 0.10785861278770757 393
1739718966430 0.4940335871217903 394
1739718966458 0.05197387320818936 395
1739718966486 7.790138911821586e-05 396
1739718966514 0.030086828518088447 397
1739718966541 0.054479499060248716 398
1739718966568 0.49799369202327787 399
1739718966597 0.05411176020429767 400
1739718966627 0.010067021601917107 401
1739718966656 0.054454217208938345 402
1739718966685 0.007189543088845997 403
1739718966714 0.2594564049299679 404
1739718966743 0.08586102159186462 405
1739718966771 7.842381197708186e-05 406
1739718966799 0.00010090162319793723 407
1739718966827 0.033789940425269636 408
1739718966855 0.16383762307826372 409
1739718966882 0.07601434158889259 410
1739718966910 0.14751894506941687 411
1739718966938 0.018823249716504706 412
1739718966966 0.05894202748821959 413
1739718966993 0.012052977350321096 414
1739718967023 0.002926145162220118 415
1739718967051 0.6029507781250197 416
1739718967079 0.1630464494109496 417
1739718967107 0.18483851325485098 418
1739718967137 0.0600582056792358 419
1739718967165 0.0006477395690908166 420
1739718967193 0.0008726457000735223 421
1739718967220 0.017678462436774924 422
1739718967248 0.007990464182260276 423
1739718967275 0.28998714573322937 424
1739718967302 7.194759332534116e-05 425
1739718967329 0.1584406452452695 426
1739718967356 0.0008342186170696804 427
1739718967382 0.23195462868097289 428
1739718967410 0.04529096172524408 429
1739718967437 0.461148055161133 430
1739718967463 0.0002298486053127243 431
1739718967490 0.12437228953608372 432
1739718967517 0.5082023693903607 433
1739718967545 0.03247156396491528 434
1739718967575 2.7912091547239803e-05 435
1739718967602 0.15030311656794962 436
1739718967630 0.4907420724697387 437
1739718967658 0.024349404116049956 438
1739718967685 0.005123732550986733 439
1739718967712 0.11442436572218075 440
1739718967739 0.13843676997669613 441
1739718967765 0.007971401716110035 442
1739718967791 0.31218986151903805 443
1739718967818 0.017224513152832417 444
1739718967845 0.2797471255627406 445
1739718967872 0.013833148093246187 446
1739718967899 0.0231645017416641 447
1739718967925 0.09773648970808615 448
1739718967952 0.01158730561723958 449
1739718967979 0.058163945730975546 450
1739718968006 0.014963461574316841 451
1739718968033 0.1188594986501554 452
1739718968059 0.013432115202394426 453
1739718968086 0.011563806620733676 454
1739718968112 0.011829606831457009 455
1739718968139 0.08820688409307337 456
1739718968166 0.09229417648209211 457
1739718968192 0.005599659598637515 458
1739718968219 0.07077984988348152 459
1739718968246 0.020974610331419997 460
1739718968274 0.2708089519034837 461
1739718968300 0.0009223637689337711 462
1739718968327 0.0011116439246349795 463
1739718968354 0.17223559405064826 464
1739718968381 0.17124624694471158 465
1739718968408 0.007758427495076014 466
1739718968434 0.001249439032697106 467
1739718968461 0.06329643715339711 468
1739718968489 0.013075304355582861 469
1739718968516 0.20194383215503828 470
1739718968543 0.04997672253596962 471
1739718968570 0.031284878289396106 472
1739718968596 0.1781369798301798 473
1739718968623 0.09348631788255901 474
1739718968651 0.05328237424656735 475
1739718968679 0.011754333763567793 476
1739718968705 0.008104687557365573 477
1739718968732 1.0555456154031269 478
1739718968759 0.0815551547998816 479
1739718968786 0.449869229332559 480
1739718968814 0.002492882723277753 481
1739718968842 0.013803210898382939 482
1739718968869 0.0017165562149767657 483
1739718968896 0.0711261676250223 484
1739718968922 0.04890268509400192 485
1739718968949 0.026159416834565043 486
1739718968976 0.7006658592363112 487
1739718969002 0.10068593648126521 488
1739718969028 0.07325152200930315 489
1739718969055 2.4152106894782124e-05 490
1739718969082 0.317604189679586 491
1739718969108 0.11511733822241486 492
1739718969135 0.019699446033646695 493
1739718969164 0.006201555029600982 494
1739718969190 0.07925082283344695 495
1739718969216 0.2775049759034805 496
1739718969243 0.07637724761053907 497
1739718969271 0.04805305738708864 498
1739718969298 0.1195015916505309 499
