1739716078907 38.61152867634302 0
1739716078912 8.95988603779919 1
1739716078917 2.0754646051390218 2
1739716078922 0.6382099840194078 3
1739716078927 0.25880689074298624 4
1739716078932 0.2247928227827268 5
1739716078936 0.16663349875282144 6
1739716078940 0.11436397751520794 7
1739716078945 0.1417233040576837 8
1739716078949 0.1872525606712929 9
1739716078954 0.11709775498626425 10
1739716078958 0.15186068761858607 11
1739716078963 0.2243200731893004 12
1739716078967 0.09611754970591029 13
1739716078972 0.1121642112740358 14
1739716078976 0.11097976050882746 15
1739716078981 0.10634489971253983 16
1739716078985 0.134645196633885 17
1739716078990 0.08493451929200738 18
1739716078994 0.15133637408555387 19
1739716078999 0.13737654754338105 20
1739716079003 0.14227438855182764 21
1739716079007 0.13153088974863064 22
1739716079012 0.12108171499426827 23
1739716079016 0.09273484021317105 24
1739716079021 0.14028616351219664 25
1739716079025 0.11196523873040574 26
1739716079030 0.13519850052930235 27
1739716079035 0.18515107268922842 28
1739716079042 0.07424218525104961 29
1739716079048 0.1686678147551847 30
1739716079054 0.10224974872771204 31
1739716079059 0.2104100815718248 32
1739716079064 0.15526549372827053 33
1739716079068 0.15311472235406406 34
1739716079073 0.17554827548243307 35
1739716079078 0.10326435191288712 36
1739716079083 0.17128021682918884 37
1739716079088 0.14103920130729466 38
1739716079093 0.11589625607044937 39
1739716079098 0.12495381112598183 40
1739716079103 0.12489400995614765 41
1739716079109 0.13548857619821406 42
1739716079113 0.13012303482019452 43
1739716079118 0.11916088559257278 44
1739716079123 0.13949904776768324 45
1739716079128 0.1435585496844162 46
1739716079133 0.17796408625366758 47
1739716079137 0.1562697742905027 48
1739716079142 0.1098916095508209 49
1739716079146 0.16670377183974852 50
1739716079151 0.11432116932307293 51
1739716079156 0.13386609200305513 52
1739716079160 0.1575214162970819 53
1739716079165 0.10685518282605959 54
1739716079170 0.13993386614344727 55
1739716079174 0.09653804464344366 56
1739716079179 0.1466943511713306 57
1739716079183 0.13624546974415655 58
1739716079188 0.12988325534148915 59
1739716079193 0.10968097455071986 60
1739716079198 0.12563796140768482 61
1739716079202 0.0924306813710674 62
1739716079207 0.1722552072655831 63
1739716079212 0.12224123710783427 64
1739716079217 0.1391967828355572 65
1739716079222 0.13013040855565072 66
1739716079226 0.1515328896450708 67
1739716079231 0.09176948926808288 68
1739716079236 0.14060443336195594 69
1739716079240 0.09470696505371541 70
1739716079244 0.22522956310395625 71
1739716079249 0.13975208719459237 72
1739716079253 0.19532408771364138 73
1739716079257 0.14518679948046803 74
1739716079262 0.13087166140237944 75
1739716079267 0.13980662626422385 76
1739716079272 0.11922596303615574 77
1739716079277 0.1510275934143109 78
1739716079281 0.14977654683854374 79
1739716079286 0.10111545754211487 80
1739716079291 0.15196312251858887 81
1739716079296 0.18157216057989875 82
1739716079301 0.176810209961132 83
1739716079305 0.13423637432082042 84
1739716079310 0.1551903188906963 85
1739716079314 0.12670677275742975 86
1739716079319 0.18745892901394215 87
1739716079324 0.1544942480321531 88
1739716079329 0.23907880757640101 89
1739716079334 0.16769979700360707 90
1739716079338 0.1384074850300849 91
1739716079343 0.1548674964275278 92
1739716079347 0.12762666863049907 93
1739716079352 0.16960370601452726 94
1739716079357 0.09069926121535186 95
1739716079361 0.13478210610494523 96
1739716079366 0.17385185298825984 97
1739716079371 0.1133378357380758 98
1739716079376 0.1090555431069133 99
1739716079380 0.10313810577997322 100
1739716079385 0.17638781882043714 101
1739716079391 0.20032254574637115 102
1739716079396 0.10577980697752305 103
1739716079401 0.12056864106286798 104
1739716079405 0.19686501402225276 105
1739716079409 0.1432291490143016 106
1739716079414 0.11618237841947639 107
1739716079419 0.1825125291765751 108
1739716079423 0.12535415458281277 109
1739716079428 0.15277148195896095 110
1739716079432 0.15414010488880941 111
1739716079437 0.08665126904237866 112
1739716079441 0.12839606304496948 113
1739716079445 0.1493885662192972 114
1739716079450 0.12519311961464236 115
1739716079454 0.17617177023521516 116
1739716079459 0.13953803910790538 117
1739716079463 0.19029378327242036 118
1739716079468 0.12869039052553263 119
1739716079472 0.12867604783299377 120
1739716079477 0.16639941907555772 121
1739716079481 0.16042043816115958 122
1739716079485 0.13750237767744936 123
1739716079490 0.15554991194739595 124
1739716079495 0.08681748927491839 125
1739716079499 0.09419107438579512 126
1739716079503 0.1509180419006445 127
1739716079508 0.15512376948315298 128
1739716079512 0.20028382809437031 129
1739716079517 0.16185680853528261 130
1739716079522 0.1138401377132384 131
1739716079526 0.07597709049546839 132
1739716079531 0.14427290386290914 133
1739716079535 0.10115265305034712 134
1739716079541 0.09244237855740849 135
1739716079546 0.10704652501665107 136
1739716079551 0.13945543911311592 137
1739716079555 0.15981936498673666 138
1739716079560 0.13377624278167588 139
1739716079564 0.12028245456844645 140
1739716079568 0.1433620527902367 141
1739716079573 0.09148789680595355 142
1739716079577 0.1326570099691277 143
1739716079582 0.12317734967621712 144
1739716079587 0.14643694191663864 145
1739716079591 0.12962446233525862 146
1739716079596 0.2060978526697082 147
1739716079601 0.12128506566188335 148
1739716079605 0.15286554052757215 149
1739716079610 0.11839464455818571 150
1739716079614 0.11132148437873364 151
1739716079619 0.17052819371014016 152
1739716079623 0.14914018854084093 153
1739716079628 0.14936766384908773 154
1739716079632 0.10976148188878669 155
1739716079637 0.11363149911697565 156
1739716079641 0.18047591327350768 157
1739716079645 0.1681021654128711 158
1739716079649 0.12106001704850453 159
1739716079654 0.12048377923975631 160
1739716079658 0.1499309009040983 161
1739716079663 0.08055630752590635 162
1739716079667 0.0976561729194576 163
1739716079671 0.15671787685634286 164
1739716079676 0.1276300676578626 165
1739716079680 0.15436231886037338 166
1739716079685 0.2125941181629746 167
1739716079690 0.16393399634821162 168
1739716079695 0.16809410057478597 169
1739716079700 0.13113275601762805 170
1739716079705 0.11475371495292343 171
1739716079709 0.11941406620755657 172
1739716079714 0.12803035239430177 173
1739716079718 0.17421340028020627 174
1739716079723 0.11002757322210456 175
1739716079727 0.1167894900744805 176
1739716079731 0.10206833865031642 177
1739716079736 0.09121720610348691 178
1739716079740 0.15593477026903402 179
1739716079745 0.0961207933770356 180
1739716079749 0.148194786501223 181
1739716079754 0.1445247608837305 182
1739716079758 0.1332621229698994 183
1739716079763 0.11737286203991844 184
1739716079768 0.18547649126875737 185
1739716079772 0.13993211863618696 186
1739716079777 0.11877636516946868 187
1739716079782 0.06624710752819885 188
1739716079786 0.14906280695806262 189
1739716079791 0.11598524972185098 190
1739716079796 0.09006830029096925 191
1739716079801 0.12117451866987612 192
1739716079806 0.12139953428078407 193
1739716079811 0.13168314855743435 194
1739716079816 0.10262448854770563 195
1739716079820 0.15570318790400625 196
1739716079825 0.12148218069773487 197
1739716079830 0.11851444644342587 198
1739716079834 0.16697137372864876 199
1739716079839 0.183183953430347 200
1739716079843 0.12726123696929587 201
1739716079848 0.11051308846985705 202
1739716079853 0.13047938158212055 203
1739716079858 0.1304572364439795 204
1739716079862 0.13230543782259002 205
1739716079866 0.12445256730889272 206
1739716079871 0.11703239072438017 207
1739716079876 0.13207288394926392 208
1739716079880 0.16537474760238072 209
1739716079885 0.1243624770331909 210
1739716079889 0.14034128485147293 211
1739716079894 0.11258353156382 212
1739716079899 0.0641862104521661 213
1739716079904 0.1677874627894061 214
1739716079909 0.14272795569010938 215
1739716079913 0.14141350797265903 216
1739716079918 0.16507110560258456 217
1739716079923 0.1243795842964208 218
1739716079927 0.10131757896935259 219
1739716079932 0.17006095133782578 220
1739716079936 0.19925220988448136 221
1739716079941 0.08747772516111954 222
1739716079946 0.13848812907856073 223
1739716079951 0.1544910045063893 224
1739716079956 0.1415318730793281 225
1739716079960 0.11349357591563006 226
1739716079965 0.14810406466888892 227
1739716079969 0.2272822786157542 228
1739716079974 0.20044294820649905 229
1739716079978 0.11741381997762748 230
1739716079983 0.08614788785401797 231
1739716079989 0.11450946739154998 232
1739716079994 0.1555350545792751 233
1739716079999 0.12797577243689925 234
1739716080004 0.13567060561547217 235
1739716080009 0.09130311777101927 236
1739716080014 0.0782508539649012 237
1739716080018 0.11953754495954998 238
1739716080023 0.138818297925754 239
1739716080028 0.11351994299315536 240
1739716080032 0.1410528114886357 241
1739716080036 0.1539047483448502 242
1739716080041 0.13745451947228288 243
1739716080045 0.0945345619507384 244
1739716080050 0.13938409530577078 245
1739716080054 0.07835289578978025 246
1739716080059 0.20580134292689967 247
1739716080063 0.11508999602493697 248
1739716080068 0.10616177360647648 249
1739716080072 0.2214774119875886 250
1739716080077 0.06006403382310844 251
1739716080081 0.18915743923345138 252
1739716080086 0.10969054245197914 253
1739716080091 0.15075226804506262 254
1739716080096 0.14907899572054492 255
1739716080102 0.10166235291627725 256
1739716080112 0.13199699006944074 257
1739716080119 0.15032016721002103 258
1739716080125 0.13229967466912296 259
1739716080130 0.13741824857719825 260
1739716080135 0.13701502391031314 261
1739716080140 0.17434737374643036 262
1739716080145 0.1768966312845147 263
1739716080150 0.16640793870319925 264
1739716080157 0.0919331965155735 265
1739716080163 0.1143306214151115 266
1739716080169 0.08836681265919895 267
1739716080174 0.13873028601531126 268
1739716080179 0.13295134090359711 269
1739716080186 0.12096460976754422 270
1739716080194 0.1337930722219162 271
1739716080201 0.11875887391858589 272
1739716080207 0.10426741156262918 273
1739716080213 0.1454404801115297 274
1739716080218 0.12365767342501136 275
1739716080223 0.1731642383431747 276
1739716080227 0.13234111780021512 277
1739716080233 0.12735525716641757 278
1739716080237 0.12757499714342338 279
1739716080243 0.14314009624949514 280
1739716080249 0.14059904539702067 281
1739716080254 0.14822220082143506 282
1739716080259 0.10806575573851028 283
1739716080264 0.17094791933507517 284
1739716080269 0.1566891996124936 285
1739716080274 0.1944442609935645 286
1739716080278 0.10965456089671492 287
1739716080284 0.16211958399569523 288
1739716080288 0.1703640061738332 289
1739716080293 0.14313943863528306 290
1739716080299 0.13254274192849264 291
1739716080304 0.08558892781588452 292
1739716080308 0.14693846652206413 293
1739716080313 0.15343576340208412 294
1739716080318 0.14118617562808913 295
1739716080322 0.14432508142728775 296
1739716080328 0.1342591337563808 297
1739716080334 0.11117194240386885 298
1739716080339 0.13138407498083807 299
1739716080345 0.1397856391940145 300
1739716080351 0.13588371868197455 301
1739716080355 0.16223751926926885 302
1739716080360 0.2526417677321409 303
1739716080365 0.1072545725867489 304
1739716080370 0.1308092256386783 305
1739716080375 0.11111946225524082 306
1739716080380 0.09809309619688947 307
1739716080385 0.15003808332011329 308
1739716080390 0.2577113453950419 309
1739716080396 0.1022390902516831 310
1739716080401 0.10508761310656607 311
1739716080405 0.16982784970826947 312
1739716080410 0.19228056768177768 313
1739716080415 0.13172378740903487 314
1739716080420 0.12435758151391478 315
1739716080425 0.11446260408229687 316
1739716080429 0.11837196023180738 317
1739716080434 0.12550564572059592 318
1739716080438 0.13427531848223825 319
1739716080443 0.13317251194203922 320
1739716080448 0.16261608131513916 321
1739716080452 0.12289370510290802 322
1739716080457 0.07672410037721944 323
1739716080461 0.09544010320099178 324
1739716080466 0.17442101630945256 325
1739716080471 0.1489003899507499 326
1739716080475 0.12535643656388099 327
1739716080480 0.10095802656444446 328
1739716080485 0.12605752604330583 329
1739716080490 0.09639468647209314 330
1739716080494 0.09326926592016553 331
1739716080499 0.14132425232634727 332
1739716080504 0.1017206106821875 333
1739716080508 0.17395958492153446 334
1739716080513 0.13542978147889095 335
1739716080517 0.09396577186353408 336
1739716080522 0.14050585278846373 337
1739716080527 0.1120511116663438 338
1739716080531 0.09318261435198492 339
1739716080536 0.14874861529140743 340
1739716080541 0.14823109834998216 341
1739716080546 0.13120038959242328 342
1739716080551 0.1067727789537067 343
1739716080557 0.12686870073773643 344
1739716080562 0.09408370696921815 345
1739716080567 0.1031759192800702 346
1739716080571 0.18203037180528508 347
1739716080576 0.1429623135012009 348
1739716080581 0.10891089469970833 349
1739716080586 0.22552520318518657 350
1739716080591 0.13081157110937192 351
1739716080595 0.11468451310475157 352
1739716080600 0.07338380442814602 353
1739716080605 0.1004725825446644 354
1739716080610 0.15016583251256588 355
1739716080614 0.13460147755443977 356
1739716080619 0.13156339191132235 357
1739716080623 0.1575673224520967 358
1739716080628 0.11324375616383081 359
1739716080632 0.1342771225159704 360
1739716080637 0.1102799112823977 361
1739716080642 0.09284727016727774 362
1739716080647 0.13838016599297448 363
1739716080651 0.12888548224970703 364
1739716080656 0.14730372978249673 365
1739716080661 0.12266778944940397 366
1739716080665 0.16360783676209512 367
1739716080670 0.11994702201121966 368
1739716080674 0.1464545844227617 369
1739716080679 0.10473310957064463 370
1739716080684 0.16860824358586088 371
1739716080688 0.1410431104266307 372
1739716080693 0.11771313031942299 373
1739716080698 0.09435309854096711 374
1739716080703 0.12440831390851251 375
1739716080708 0.10066177139531643 376
1739716080712 0.12603655559087446 377
1739716080717 0.17525344714149907 378
1739716080721 0.09458790514245861 379
1739716080726 0.08318499359992196 380
1739716080731 0.17118882077810604 381
1739716080735 0.1564640698435154 382
1739716080740 0.12498263820838668 383
1739716080745 0.13015873818219487 384
1739716080750 0.1172613195970864 385
1739716080754 0.13736515567981264 386
1739716080759 0.12385639749121234 387
1739716080763 0.09926590694470278 388
1739716080768 0.07568129580611993 389
1739716080772 0.10031861551041417 390
1739716080777 0.12359333329475235 391
1739716080782 0.1539515132344136 392
1739716080786 0.13240470975010138 393
1739716080790 0.13879473524105623 394
1739716080795 0.12009747239288693 395
1739716080800 0.11320496511999922 396
1739716080805 0.15095476081977072 397
1739716080810 0.11721106957362382 398
1739716080814 0.14473472700518505 399
1739716080819 0.14443134450540696 400
1739716080824 0.13263397040054795 401
1739716080829 0.11894550594734313 402
1739716080833 0.14441611924874706 403
1739716080838 0.16814659150086375 404
1739716080843 0.15541618855306122 405
1739716080847 0.16298471831118175 406
1739716080852 0.1324612093058132 407
1739716080856 0.20576244901595855 408
1739716080860 0.15703021835660982 409
1739716080865 0.10416781127898972 410
1739716080869 0.19095884747179334 411
1739716080874 0.12398281918883712 412
1739716080878 0.09967463564120378 413
1739716080884 0.1488831416770345 414
1739716080888 0.15909560736486608 415
1739716080893 0.15574554690081135 416
1739716080898 0.1318379955614941 417
1739716080903 0.14782486091905261 418
1739716080907 0.09174904999493484 419
1739716080912 0.1544156260175022 420
1739716080917 0.10166535376516443 421
1739716080921 0.151924376989515 422
1739716080926 0.12044998027587604 423
1739716080931 0.125131379489242 424
1739716080935 0.09747180900551689 425
1739716080939 0.11060741799625762 426
1739716080944 0.13857326215834287 427
1739716080948 0.1551878090933429 428
1739716080953 0.15650257600931572 429
1739716080957 0.10883832420411031 430
1739716080962 0.12398606686168985 431
1739716080967 0.13336689783366745 432
1739716080971 0.12299032749484415 433
1739716080976 0.10508611327375696 434
1739716080980 0.16320229953209825 435
1739716080985 0.1688853135126335 436
1739716080989 0.12033063732158607 437
1739716080994 0.13068187045478344 438
1739716080999 0.16240307008967686 439
1739716081004 0.07234171193548523 440
1739716081008 0.19650246530118123 441
1739716081013 0.10492848251688637 442
1739716081017 0.09987903658943754 443
1739716081022 0.1608086040022065 444
1739716081027 0.09334839949571598 445
1739716081032 0.21701638837479337 446
1739716081036 0.14484104267635517 447
1739716081041 0.11054843090343336 448
1739716081045 0.16405925080986208 449
1739716081050 0.12249349078489265 450
1739716081054 0.13106419370581862 451
1739716081059 0.11932527383762005 452
1739716081063 0.10596247109427484 453
1739716081068 0.10733065144654717 454
1739716081073 0.11030004958268477 455
1739716081077 0.10406734740027519 456
1739716081082 0.10367458091731009 457
1739716081086 0.13234780983829356 458
1739716081090 0.09922691288358947 459
1739716081095 0.11918714575559886 460
1739716081100 0.15728729064556682 461
1739716081105 0.09411141808563563 462
1739716081110 0.21203466798687867 463
1739716081114 0.12193751377968524 464
1739716081119 0.13662563359288335 465
1739716081124 0.10545145039074802 466
1739716081129 0.12067623899033288 467
1739716081134 0.11047662523660086 468
1739716081139 0.13011900413726188 469
1739716081143 0.19105281713892272 470
1739716081148 0.10659730368492429 471
1739716081154 0.17507712212659832 472
1739716081159 0.1428563245850298 473
1739716081165 0.11773619833171084 474
1739716081170 0.09852180288155235 475
1739716081175 0.16655815318768505 476
1739716081180 0.20416890401178842 477
1739716081185 0.16537093259070976 478
1739716081189 0.14121274535274084 479
1739716081194 0.16199923734337193 480
1739716081198 0.082605319813928 481
1739716081203 0.1561651881701103 482
1739716081208 0.08155900380829176 483
1739716081212 0.17633328519669483 484
1739716081217 0.11928974329449975 485
1739716081222 0.11789318883176643 486
1739716081226 0.12030861640328193 487
1739716081231 0.11472422216325151 488
1739716081235 0.17437647660686692 489
1739716081240 0.1702684126065369 490
1739716081244 0.1336985990876364 491
1739716081249 0.19094480416351348 492
1739716081254 0.12656836174860397 493
1739716081259 0.11831026460634261 494
1739716081264 0.13796038830213467 495
1739716081268 0.15623586692175512 496
1739716081273 0.16320948017311337 497
1739716081278 0.13123051761370522 498
1739716081282 0.15754702910622273 499
