1739716221709 145.43438130724837 0
1739716221715 127.41395208829672 1
1739716221720 109.42684107698709 2
1739716221726 95.53007859081028 3
1739716221730 80.81237280409205 4
1739716221736 72.56947449708849 5
1739716221742 62.14221534402838 6
1739716221748 56.54490456933389 7
1739716221753 48.736910346303176 8
1739716221758 43.844915584644966 9
1739716221763 39.72417158950506 10
1739716221768 34.33085619023111 11
1739716221772 31.31361351553746 12
1739716221777 27.78139590456523 13
1739716221781 24.617469685578236 14
1739716221786 22.373338347648968 15
1739716221791 20.73441652666028 16
1739716221795 18.856564433060168 17
1739716221801 16.915822516690962 18
1739716221806 15.98539843594313 19
1739716221812 14.806817593339392 20
1739716221816 13.883344375873547 21
1739716221821 12.674045800166786 22
1739716221827 11.95517864754977 23
1739716221832 10.66652191894971 24
1739716221836 10.115669431524976 25
1739716221842 10.255461610288615 26
1739716221847 9.586052874946057 27
1739716221852 8.609722537883703 28
1739716221857 8.917143235297672 29
1739716221862 8.543567828321779 30
1739716221868 8.058290604856522 31
1739716221873 7.747355898990223 32
1739716221878 7.1229672426683805 33
1739716221884 7.2369653760881585 34
1739716221890 7.007744043540321 35
1739716221895 6.206966775798271 36
1739716221901 6.769737721258383 37
1739716221907 6.270024403579884 38
1739716221912 6.213891930858778 39
1739716221918 5.988664748195769 40
1739716221923 5.6033761977847565 41
1739716221928 5.8742135325849025 42
1739716221933 6.2525600290131065 43
1739716221938 5.416263722494758 44
1739716221943 5.443295936487479 45
1739716221948 5.234379870562801 46
1739716221952 5.51831878372665 47
1739716221957 5.253301145955544 48
1739716221962 4.943322076545109 49
1739716221967 5.30750381135798 50
1739716221971 5.45807924120225 51
1739716221976 5.2002393699958445 52
1739716221980 4.842549291690873 53
1739716221985 5.396331597085534 54
1739716221989 4.659650422733803 55
1739716221994 5.213641129736115 56
1739716221999 5.172269417582025 57
1739716222004 5.077345250016269 58
1739716222009 5.123685420644927 59
1739716222013 4.757560103826257 60
1739716222018 4.714267939911847 61
1739716222022 4.532049966909328 62
1739716222027 4.88282101742588 63
1739716222032 5.119665267224767 64
1739716222037 4.691629034411685 65
1739716222042 5.03112306728188 66
1739716222047 4.900493176674722 67
1739716222051 4.495684405901928 68
1739716222056 4.48323974229551 69
1739716222061 4.634633758265212 70
1739716222065 4.477111313662157 71
1739716222070 4.985908172205708 72
1739716222075 4.679511039952628 73
1739716222079 4.910276151098765 74
1739716222084 4.763001218380438 75
1739716222088 4.746661782483316 76
1739716222094 4.683578681577295 77
1739716222100 4.95279678545554 78
1739716222105 5.239801325231109 79
1739716222111 5.139202300442293 80
1739716222116 4.595464426224147 81
1739716222121 4.882068803972517 82
1739716222126 4.4099570723828645 83
1739716222131 5.282208171591034 84
1739716222136 5.19670310663286 85
1739716222141 4.758151954388981 86
1739716222146 4.689855379960901 87
1739716222151 5.008625670298913 88
1739716222156 4.853214995512311 89
1739716222160 5.087918426557691 90
1739716222164 5.008976819183777 91
1739716222169 4.454881136862855 92
1739716222173 4.550414793427619 93
1739716222178 4.762910534575415 94
1739716222183 4.8152911204344155 95
1739716222187 4.667896369277633 96
1739716222192 4.825595919052639 97
1739716222197 4.606886950371988 98
1739716222202 4.815787762519958 99
1739716222207 5.098403901761037 100
1739716222212 4.548896012970969 101
1739716222217 4.629845642524347 102
1739716222221 4.613078664710164 103
1739716222226 4.788652895929763 104
1739716222231 4.720047622123971 105
1739716222235 5.143400606333492 106
1739716222240 4.824179469411927 107
1739716222245 4.736376485444485 108
1739716222250 4.891037635494144 109
1739716222255 4.44818760339314 110
1739716222259 4.628760241043838 111
1739716222264 4.780916631295495 112
1739716222269 4.699724471197581 113
1739716222274 4.724739536132108 114
1739716222278 4.845733153758333 115
1739716222283 4.775194807161064 116
1739716222288 5.042219053726609 117
1739716222293 4.754450190858763 118
