1739721915711 161.9347991512825 0
1739721915717 149.80081304025774 1
1739721915722 142.96254413278797 2
1739721915728 128.45596022230234 3
1739721915733 121.44382313519102 4
1739721915739 114.53812278962549 5
1739721915744 108.0887479227848 6
1739721915749 98.02852533968516 7
1739721915754 101.71727051313405 8
1739721915759 88.69275816923196 9
1739721915764 81.75395849677916 10
1739721915769 76.10620963214213 11
1739721915774 70.45252803435643 12
1739721915779 65.41551880599847 13
1739721915784 64.09043530108234 14
1739721915790 62.11761446364027 15
1739721915795 55.04327121578244 16
1739721915800 54.24900813933225 17
1739721915806 51.02579842927137 18
1739721915811 45.6719930747121 19
1739721915819 46.94307865219266 20
1739721915824 41.24419183403166 21
1739721915829 40.24057193988061 22
1739721915834 37.68669580762522 23
1739721915839 34.54481668192925 24
1739721915845 34.539476557521795 25
1739721915850 31.64841007812326 26
1739721915855 28.600584057552346 27
1739721915860 27.723340194526035 28
1739721915865 24.126310884930344 29
1739721915870 22.540308093597634 30
1739721915876 22.0715274472366 31
1739721915881 20.82020814690248 32
1739721915886 19.260931152685817 33
1739721915891 14.086661448978006 34
1739721915897 18.439194705945795 35
1739721915902 17.727356284100914 36
1739721915908 14.372207978185058 37
1739721915914 15.25652385552348 38
1739721915919 13.825859680286712 39
1739721915924 12.161111282816226 40
1739721915930 10.490460850530607 41
1739721915935 11.263878115177103 42
1739721915940 9.378023072163415 43
1739721915945 10.783790087935287 44
1739721915951 9.877982744782475 45
1739721915956 7.474667424323127 46
1739721915961 8.102387052924756 47
1739721915967 7.299838530747353 48
1739721915972 5.548715571236859 49
1739721915977 5.655999183808925 50
1739721915982 5.3771232713184665 51
1739721915987 5.600180816262414 52
1739721915992 5.786676366561158 53
1739721915997 5.372340453422708 54
1739721916003 4.555100576034161 55
1739721916008 4.32237811500081 56
1739721916013 4.679284743883756 57
1739721916019 4.225051587081992 58
1739721916024 4.007062463838703 59
1739721916030 3.1577788250135623 60
1739721916035 2.9866765778679167 61
1739721916040 3.604438823114745 62
1739721916045 2.868042771077659 63
1739721916050 2.8088381656329355 64
1739721916056 2.444189887354573 65
1739721916061 2.7631439548370804 66
1739721916066 2.5134619020810645 67
1739721916071 2.453980360851862 68
1739721916077 2.1178812034735532 69
1739721916082 1.9695001861880874 70
1739721916087 2.0247640038322694 71
1739721916092 1.388791374466772 72
1739721916097 1.6658505969483461 73
1739721916102 1.6602025834753042 74
1739721916108 1.4581526509306588 75
1739721916114 1.5197806667335492 76
1739721916119 1.4064575541124165 77
1739721916124 1.2545769808212186 78
1739721916130 1.0114683313041615 79
1739721916135 1.101462538704679 80
1739721916140 0.9320460223733754 81
1739721916145 0.9741150244288984 82
1739721916151 1.3793283026229743 83
1739721916155 0.8141473035740782 84
1739721916161 0.9056117031554008 85
1739721916166 0.8084272549773991 86
1739721916171 0.6849375316484105 87
1739721916177 0.49928410769357556 88
1739721916182 0.39728631579768336 89
1739721916187 0.5264729159685198 90
1739721916192 0.6229505366995267 91
1739721916197 0.571897812342825 92
1739721916202 0.381406933708233 93
1739721916208 0.5295856716167522 94
1739721916213 0.387091748320355 95
1739721916218 0.6036550866956241 96
1739721916224 0.3334971363731025 97
1739721916229 0.3485011457671809 98
1739721916234 0.4420936680165949 99
1739721916239 0.32298872473715357 100
1739721916244 0.2866170988220724 101
1739721916249 0.19836909474465145 102
1739721916254 0.28497640633955085 103
1739721916260 0.22362764550910894 104
1739721916265 0.3708551765722937 105
1739721916270 0.3151925938409457 106
1739721916275 0.23230382946809922 107
1739721916280 0.4210194226558412 108
1739721916285 0.1458054180010727 109
1739721916290 0.38059863082395023 110
1739721916295 0.19321118890260017 111
1739721916300 0.18444381311851346 112
1739721916328 0.16498914451684105 113
1739721916361 0.21863756412566474 114
1739721916377 0.241559330576963 115
1739721916392 0.3165611777469879 116
1739721916398 0.1782337125986849 117
1739721916403 0.1316620117213707 118
1739721916409 0.18631636026560067 119
1739721916414 0.2454974044970879 120
1739721916420 0.1278598774639261 121
1739721916425 0.1177480703453317 122
1739721916429 0.20797900686237722 123
1739721916434 0.12955225912343862 124
1739721916440 0.13274057226637354 125
1739721916445 0.12553611966981312 126
1739721916450 0.13510554737183017 127
1739721916455 0.08402316874196188 128
1739721916460 0.14989006655309536 129
1739721916465 0.22031143231909225 130
1739721916469 0.07914715311868849 131
1739721916474 0.047992301221440624 132
1739721916480 0.07566887092568089 133
1739721916484 0.11292981278400342 134
1739721916489 0.0929481175313738 135
1739721916494 0.13407658673565923 136
1739721916500 0.1241195643458773 137
1739721916505 0.06254610023763675 138
1739721916509 0.1142890650849604 139
1739721916515 0.09841111355986111 140
1739721916520 0.1560932750020873 141
1739721916525 0.13845750047646635 142
1739721916530 0.10176233975250985 143
1739721916535 0.06969756832395449 144
1739721916541 0.21406385956631468 145
1739721916546 0.21224991684096933 146
1739721916551 0.07589207373681676 147
1739721916556 0.0796830533040059 148
1739721916561 0.15658620061059786 149
1739721916566 0.06261356199085613 150
1739721916571 0.09907891893114952 151
1739721916576 0.0991227858862256 152
1739721916581 0.12927838019014423 153
1739721916586 0.08974087184098976 154
1739721916591 0.2079910930835139 155
1739721916596 0.07125260524440401 156
1739721916600 0.06806779244153241 157
1739721916605 0.03753883367627033 158
1739721916611 0.0967709065255306 159
1739721916616 0.0818148818328149 160
1739721916621 0.10762711618324301 161
1739721916626 0.17963827895480036 162
1739721916632 0.055946519425948756 163
1739721916637 0.1812113683520476 164
1739721916642 0.12794813284325462 165
1739721916648 0.06463712056978103 166
1739721916653 0.042154130604484266 167
1739721916658 0.05996735050107409 168
1739721916663 0.08151491658665018 169
1739721916669 0.04268562973372769 170
1739721916674 0.06770792652878253 171
1739721916680 0.043249852753803976 172
1739721916687 0.14971288291348722 173
1739721916693 0.1783506218753434 174
1739721916699 0.133561152922566 175
1739721916705 0.0927235438624143 176
1739721916711 0.08856056671633485 177
1739721916717 0.09962724648045691 178
1739721916723 0.08581478542689557 179
1739721916728 0.19764647504844407 180
1739721916734 0.08748499058616821 181
1739721916739 0.09665532306144607 182
1739721916745 0.15894183528424102 183
1739721916751 0.11520932654495196 184
1739721916756 0.0538674765264342 185
1739721916761 0.1569983745712054 186
1739721916766 0.058140976917651764 187
1739721916772 0.04353469778092422 188
1739721916777 0.11942746887137688 189
1739721916782 0.09057098861752941 190
1739721916787 0.06006016952485388 191
1739721916792 0.07105783255619284 192
1739721916798 0.056920697346066536 193
1739721916803 0.10809541837134486 194
1739721916808 0.10788805169768709 195
1739721916814 0.09444030980539372 196
