1739723776963 155.217249601932 0
1739723776975 148.8307120730163 1
1739723776982 139.597565601792 2
1739723776989 133.18216951300792 3
1739723776996 128.086902832812 4
1739723777001 107.3993654078647 5
1739723777016 107.55690654121464 6
1739723777021 100.00493730143067 7
1739723777027 95.04637446240031 8
1739723777032 92.12537794905754 9
1739723777038 87.40503106330621 10
1739723777043 81.0618653731969 11
1739723777049 71.65023753994245 12
1739723777055 63.54367512781055 13
1739723777061 63.51519055824515 14
1739723777066 58.4367096515972 15
1739723777071 55.12226944571209 16
1739723777077 54.02058454324328 17
1739723777083 50.41439396715221 18
1739723777088 46.90385528881855 19
1739723777093 41.05305574542835 20
1739723777097 45.783029394518735 21
1739723777102 40.27782582344822 22
1739723777107 37.80044485363662 23
1739723777112 35.14803886778059 24
1739723777117 33.32493112084337 25
1739723777122 32.16393133165885 26
1739723777128 27.748848868432482 27
1739723777136 27.949104722235347 28
1739723777142 25.578137319944386 29
1739723777147 20.483152441758314 30
1739723777152 22.22832178365746 31
1739723777157 19.955191836899157 32
1739723777162 18.280690889674748 33
1739723777166 20.13192501377559 34
1739723777171 16.547473803461436 35
1739723777176 19.056167669909758 36
1739723777181 16.017278714620282 37
1739723777187 13.975685616261673 38
1739723777192 14.819583082608697 39
1739723777197 10.78870996937383 40
1739723777202 13.021319231882437 41
1739723777207 11.550810178874249 42
1739723777212 11.645444993204238 43
1739723777217 9.892941495426488 44
1739723777221 8.624643507859572 45
1739723777228 8.448576893518183 46
1739723777235 9.030503602926288 47
1739723777241 7.290722373549482 48
1739723777247 6.53578312623461 49
1739723777253 7.366907707500536 50
1739723777275 6.085772498015917 51
1739723777286 5.570376054229763 52
1739723777291 5.387371739289872 53
1739723777296 4.897383174934617 54
1739723777300 4.972238527981679 55
1739723777305 4.920819127580196 56
1739723777310 4.267166285006874 57
1739723777315 4.524366240317107 58
1739723777320 4.027310294302577 59
1739723777325 3.3649858860901642 60
1739723777330 3.136938873475248 61
1739723777336 3.312399465576348 62
1739723777341 2.300532833979955 63
1739723777346 3.1874362949511834 64
1739723777351 2.94318644727341 65
1739723777356 2.9199815013407044 66
1739723777361 1.8919657459200463 67
1739723777366 2.3189398304506033 68
1739723777372 1.9598918276684854 69
1739723777377 1.917803788331277 70
1739723777383 1.8819885731785915 71
1739723777388 1.5741885008364276 72
1739723777392 1.5693701686579522 73
1739723777397 1.8526692428980074 74
1739723777402 1.0844337212381254 75
1739723777407 1.359707800818042 76
1739723777412 1.2806664212629546 77
1739723777417 1.0447789563420864 78
1739723777428 1.2409187048441683 79
1739723777438 1.0271986607851058 80
1739723777446 1.0299567630722382 81
1739723777451 1.0561718345902116 82
1739723777456 1.1508379294552724 83
1739723777462 0.6284070537357304 84
1739723777467 1.258787824555615 85
1739723777473 0.7047154032361185 86
1739723777481 0.7076382010250601 87
1739723777486 0.5513995941581686 88
1739723777491 0.7168558421102982 89
1739723777497 0.9052677867916686 90
1739723777502 0.6025547699214762 91
1739723777508 0.46542446323095105 92
1739723777514 0.5456814055579838 93
1739723777520 0.6289134484614259 94
1739723777527 0.3313030809722199 95
1739723777538 0.3217139921982026 96
1739723777545 0.3863651215232725 97
1739723777551 0.3847451179597648 98
1739723777557 0.4597414459820619 99
1739723777562 0.2601059644526075 100
1739723777567 0.46920012315408377 101
1739723777573 0.24442263658086427 102
1739723777578 0.2529531962995477 103
1739723777583 0.21645798722580573 104
1739723777588 0.31003006457085525 105
1739723777593 0.315669153514215 106
1739723777598 0.26559408081338354 107
1739723777603 0.2641831336415368 108
1739723777608 0.3579453828004995 109
1739723777613 0.37293142292174547 110
1739723777618 0.2213866162182618 111
1739723777623 0.16131836569877003 112
1739723777629 0.2159610776960609 113
1739723777634 0.28553209097443816 114
1739723777639 0.2040130856277415 115
1739723777644 0.17328802446975974 116
1739723777649 0.20635173165749213 117
1739723777654 0.17784069148326956 118
1739723777659 0.10676192944298651 119
1739723777664 0.28528154173899317 120
1739723777669 0.152565392079224 121
1739723777674 0.1407386428418531 122
1739723777680 0.26607050362989987 123
1739723777684 0.13350943478724916 124
1739723777689 0.284141501392686 125
1739723777695 0.19770944205505123 126
1739723777700 0.17320434489939734 127
1739723777705 0.19506379837790727 128
1739723777710 0.13243751257814534 129
1739723777715 0.12813743692108076 130
1739723777720 0.09034587579753477 131
1739723777726 0.05609963585094367 132
1739723777732 0.12524993010534355 133
1739723777739 0.10322618153668563 134
1739723777745 0.0530264461107824 135
1739723777751 0.09553974735500136 136
1739723777756 0.07574196585098132 137
1739723777761 0.12117936750945166 138
1739723777767 0.07584280296028709 139
1739723777772 0.1429862496524755 140
1739723777779 0.1638379245493343 141
1739723777785 0.09155926204621771 142
1739723777790 0.14529209034927512 143
1739723777808 0.16462467659517172 144
1739723777815 0.12005803979188806 145
1739723777821 0.09763514196087275 146
1739723777826 0.1090206716878577 147
1739723777831 0.11526383800365968 148
1739723777836 0.08391403309118946 149
1739723777842 0.13510967911043664 150
1739723777847 0.14365790012224794 151
1739723777853 0.0796714713640638 152
1739723777858 0.06828579408332544 153
1739723777864 0.11310571370378794 154
1739723777869 0.07924141842522253 155
1739723777874 0.07870345021869882 156
1739723777880 0.03856588918780384 157
1739723777886 0.12436503773301091 158
1739723777891 0.07869492141890763 159
1739723777897 0.172076458703883 160
1739723777902 0.21033372244472323 161
1739723777908 0.18060832526795956 162
1739723777914 0.13732744393475713 163
1739723777919 0.10837041637059676 164
1739723777924 0.18152716834099406 165
1739723777930 0.06885959135905309 166
1739723777935 0.05438828623427832 167
1739723777940 0.09767835068882326 168
1739723777946 0.06609345237872091 169
1739723777951 0.09697725471684007 170
1739723777956 0.11572384181858772 171
1739723777962 0.03288517421071637 172
1739723777967 0.050783145196800494 173
1739723777972 0.1324148600796723 174
1739723777978 0.12631699103244393 175
1739723777983 0.1088134363326775 176
1739723777989 0.10241188430584278 177
1739723777994 0.07736391364239054 178
1739723777999 0.12186636269004228 179
1739723778005 0.0541666258487551 180
1739723778010 0.05355963672669383 181
1739723778015 0.11469083152493345 182
1739723778020 0.08777111659373604 183
1739723778025 0.06594209543880482 184
1739723778030 0.1086053274573123 185
1739723778036 0.09665720640601576 186
1739723778043 0.24425318466317586 187
1739723778048 0.06439988796454814 188
1739723778054 0.1303042733850437 189
1739723778060 0.080602309561445 190
1739723778065 0.06094472244209131 191
1739723778071 0.12822283083518987 192
1739723778076 0.10324352734839445 193
1739723778081 0.10489728224911789 194
1739723778087 0.11048369340688179 195
1739723778092 0.09831307009893783 196
1739723778097 0.030586585635941608 197
1739723778103 0.08915506756655028 198
1739723778108 0.07230495897805024 199
1739723778113 0.12312470652027963 200
1739723778119 0.08630136018267784 201
1739723778124 0.045347533661078285 202
1739723778129 0.0448729278650832 203
1739723778139 0.1335923637449765 204
1739723778144 0.2152833647985233 205
1739723778150 0.08407964111668068 206
1739723778156 0.2648933634308986 207
1739723778162 0.23455603512936343 208
1739723778168 0.125127951811866 209
1739723778174 0.2777260485666991 210
1739723778179 0.036721136540902075 211
1739723778185 0.05291649292691937 212
1739723778191 0.1502346263547639 213
1739723778196 0.06826297178009508 214
1739723778202 0.2040819950241256 215
1739723778207 0.06686523428613209 216
1739723778213 0.031443964437408836 217
1739723778218 0.19931216878014568 218
1739723778224 0.05691186549321177 219
1739723778229 0.06279907468312408 220
1739723778235 0.056295543416513404 221
1739723778241 0.04639200462609348 222
1739723778246 0.09388423724707888 223
1739723778252 0.09587052629181005 224
1739723778257 0.11739661056653752 225
1739723778262 0.14586787293149994 226
1739723778268 0.07291368717982422 227
1739723778273 0.08505202400154212 228
1739723778279 0.024016233580090522 229
1739723778284 0.08524711921906979 230
1739723778289 0.06841368178083441 231
1739723778294 0.12362510571082368 232
1739723778299 0.12354539754584834 233
1739723778304 0.19428881729135392 234
1739723778309 0.10617036509578903 235
1739723778314 0.05414120624120989 236
1739723778319 0.1297580923468114 237
1739723778324 0.10125230265880021 238
1739723778329 0.11733513418979181 239
1739723778334 0.19140072973794092 240
1739723778339 0.0866878816456166 241
1739723778344 0.12432823560545078 242
1739723778349 0.08122812335815142 243
1739723778355 0.10661088126838952 244
1739723778360 0.24448224777938674 245
1739723778366 0.05181782696103971 246
1739723778371 0.14200033567644105 247
1739723778377 0.06828832698597753 248
1739723778382 0.05064465071775129 249
1739723778387 0.08197245874925495 250
1739723778392 0.046861221892684095 251
1739723778396 0.08660582073656224 252
1739723778401 0.046517541230309795 253
1739723778407 0.046219397980344086 254
1739723778411 0.08967171136548581 255
1739723778417 0.06563186777186798 256
1739723778422 0.12412465008120258 257
1739723778426 0.1264488381365697 258
1739723778431 0.06501601776709415 259
1739723778436 0.07454998644289366 260
1739723778441 0.22330576958091022 261
1739723778445 0.31312467766058805 262
1739723778451 0.11733141424159245 263
1739723778457 0.062262193678673555 264
1739723778462 0.06212210240043781 265
1739723778468 0.10008285421889576 266
1739723778473 0.03840034747107175 267
1739723778478 0.04499210543176409 268
1739723778483 0.14027219878808775 269
1739723778488 0.06112046703700598 270
1739723778492 0.0697299441456821 271
1739723778497 0.09817719562748253 272
1739723778503 0.11264744833724699 273
1739723778508 0.10309658198065731 274
1739723778513 0.04683801916921283 275
1739723778518 0.11341603528618187 276
1739723778523 0.03744157608580856 277
1739723778529 0.05191624343755884 278
1739723778534 0.01570620733384433 279
1739723778540 0.12192688348742763 280
1739723778545 0.07945280105074025 281
1739723778552 0.047745944566325596 282
1739723778559 0.05937067792599089 283
1739723778565 0.04291192366961102 284
1739723778570 0.05249555955698342 285
1739723778575 0.06708200329686428 286
1739723778580 0.07085851515714421 287
