1739714592636 169.32176760798075 0
1739714592640 137.13246115146507 1
1739714592645 111.0822086928915 2
1739714592649 89.99464593005447 3
1739714592654 72.92093882998579 4
1739714592658 59.094945675552886 5
1739714592662 47.897540427079 6
1739714592666 38.828099748670574 7
1739714592671 31.48163867712129 8
1739714592675 25.530429423656788 9
1739714592679 20.70919615586252 10
1739714592683 16.803173078927955 11
1739714592687 13.638461803613847 12
1739714592691 11.074239108120825 13
1739714592695 8.99645627107875 14
1739714592699 7.312742204154172 15
1739714592703 5.948279020412148 16
1739714592713 4.842463677348683 17
1739714592718 3.946205372216745 18
1739714592724 3.2197373095303274 19
1739714592730 2.630844753624956 20
1739714592753 2.153430055729258 21
1739714592761 1.7663504991222205 22
1739714592767 1.4524770475072644 23
1739714592772 1.197931977181135 24
1739714592778 0.991471376583361 25
1739714592783 0.8239849717407638 26
1739714592788 0.6880909762211472 27
1739714592792 0.5778079058742658 28
1739714592796 0.48828873265429135 29
1739714592801 0.4156055323036156 30
1739714592806 0.35657503221251385 31
1739714592816 0.3086172891056106 32
1739714592824 0.26964120285778914 33
1739714592829 0.23795176867634407 34
1739714592841 0.21217493849947777 35
1739714592849 0.19119674698251737 36
1739714592857 0.17411399287351276 37
1739714592866 0.16019428126138122 38
1739714592875 0.14884364906386685 39
1739714592883 0.13958033379658205 40
1739714592888 0.13201351918154158 41
1739714592894 0.12582611270584626 42
1739714592899 0.12076078970281269 43
1739714592905 0.11660868389672407 44
1739714592911 0.1132002221062244 45
1739714592916 0.11039769618698125 46
1739714592921 0.10808924256139071 47
1739714592927 0.10618396227398676 48
1739714592932 0.10460796521403516 49
1739714592937 0.1033011632199206 50
1739714592942 0.10221467005270246 51
1739714592949 0.10130869318035399 52
1739714592958 0.10055082414994894 53
1739714592964 0.09991465201464171 54
1739714592969 0.09937863861319299 55
1739714592975 0.09892520610995563 56
1739714592980 0.09853999660935718 57
1739714592985 0.0982112712795869 58
1739714592994 0.09792942259445668 59
1739714593000 0.09768657830492743 60
1739714593006 0.09747627980506153 61
1739714593012 0.09729322084139203 62
1739714593017 0.0971330351759186 63
1739714593023 0.09699212396939326 64
1739714593031 0.09686751539907237 65
1739714593037 0.09675675044129894 66
1739714593043 0.09665778989701695 67
1739714593048 0.09656893866854883 68
1739714593054 0.0964887840499575 69
1739714593061 0.0964161454044925 70
1739714593067 0.09635003309808327 71
1739714593073 0.09628961495952536 72
1739714593083 0.09623418886369396 73
1739714593088 0.09618316029821923 74
1739714593095 0.09613602398823587 75
1739714593106 0.09609234882754279 76
1739714593111 0.0960517655054313 77
1739714593118 0.09601395633277653 78
1739714593126 0.09597864686377107 79
1739714593133 0.09594559898498424 80
1739714593143 0.09591460520456724 81
1739714593151 0.09588548392406473 82
1739714593158 0.09585807551561748 83
1739714593164 0.09583223906009554 84
1739714593168 0.09580784962833426 85
1739714593174 0.0957847960092828 86
1739714593178 0.09576297880648973 87
1739714593183 0.09574230883867153 88
1739714593188 0.09572270579177632 89
1739714593192 0.09570409707945501 90
1739714593197 0.09568641687659353 91
1739714593201 0.09566960529687756 92
1739714593205 0.09565360769051379 93
1739714593210 0.0956383740424401 94
1739714593214 0.09562385845480238 95
1739714593218 0.09561001870028621 96
1739714593222 0.09559681583520376 97
1739714593226 0.09558421386312375 98
1739714593230 0.09557217944138707 99
1739714593234 0.09556068162412702 100
1739714593238 0.095549691636465 101
1739714593242 0.09553918267541742 102
1739714593246 0.09552912973376693 103
1739714593250 0.09551950944374502 104
1739714593254 0.09551029993785949 105
1739714593258 0.0955014807246144 106
1739714593262 0.09549303257720401 107
1739714593266 0.0954849374335505 108
1739714593270 0.0954771783062888 109
1739714593274 0.09546973920150377 110
1739714593278 0.09546260504518977 111
1739714593281 0.09545576161654426 112
1739714593285 0.09544919548732826 113
1739714593289 0.0954428939666246 114
1739714593294 0.09543684505041387 115
1739714593298 0.095431037375458 116
1739714593302 0.0954254601770484 117
1739714593306 0.0954201032502256 118
1739714593310 0.0954149569141267 119
1739714593314 0.09541001197915501 120
1739714593318 0.09540525971670143 121
1739714593321 0.09540069183118031 122
1739714593325 0.09539630043416225 123
1739714593330 0.09539207802041735 124
1739714593335 0.09538801744569585 125
1739714593339 0.0953841119060948 126
1739714593343 0.09538035491887363 127
1739714593346 0.09537674030459535 128
1739714593350 0.09537326217048206 129
1739714593354 0.0953699148948854 130
1739714593358 0.09536669311278075 131
1739714593362 0.09536359170220361 132
1739714593366 0.09536060577155332 133
1739714593370 0.09535773064769795 134
1739714593374 0.09535496186481723 135
1739714593378 0.09535229515392966 136
1739714593382 0.09534972643305129 137
1739714593386 0.09534725179794076 138
1739714593390 0.09534486751338848 139
1739714593394 0.09534257000500973 140
1739714593398 0.0953403558515075 141
1739714593402 0.09533822177737275 142
