1739715921585 161.81980569609675 0
1739715921590 163.86071444043966 1
1739715921595 161.1283430902001 2
1739715921600 152.68932655642496 3
1739715921605 154.34291022537315 4
1739715921609 152.80932502529632 5
1739715921614 153.21214471307098 6
1739715921618 150.12363318446435 7
1739715921623 146.99334420556355 8
1739715921628 144.83690335623646 9
1739715921632 139.14301467555057 10
1739715921637 139.1138425032141 11
1739715921641 136.44524699808252 12
1739715921646 133.56732860888727 13
1739715921650 133.114065480373 14
1739715921655 131.6131375733857 15
1739715921660 126.73670404538021 16
1739715921665 127.23504869534091 17
1739715921670 126.45254708232669 18
1739715921675 121.55610248881649 19
1739715921679 124.4513764844659 20
1739715921684 121.2631952262881 21
1739715921689 117.42151967105559 22
1739715921693 115.80379586906729 23
1739715921698 113.99108230806381 24
1739715921702 115.36131740215005 25
1739715921707 112.47014231937278 26
1739715921716 114.29960767330957 27
1739715921722 110.10767309671397 28
1739715921728 104.13009520159054 29
1739715921734 104.37773224370717 30
1739715921739 105.4759974616992 31
1739715921745 104.20906320334699 32
1739715921751 100.88082211077814 33
1739715921757 100.47373501701937 34
1739715921762 98.73869430059514 35
1739715921767 98.40245815069143 36
1739715921772 96.50187031309456 37
1739715921777 93.01249841934406 38
1739715921783 92.82579249285938 39
1739715921789 91.58912045130182 40
1739715921794 90.41337631567121 41
1739715921799 88.72831604050532 42
1739715921804 85.9892695891688 43
1739715921808 86.33492225985296 44
1739715921813 83.5666694324339 45
1739715921818 85.15030772676822 46
1739715921822 80.45476010001556 47
1739715921827 83.01775133650635 48
1739715921832 82.09809922428269 49
1739715921837 79.70429641951144 50
1739715921842 78.3422485057933 51
1739715921847 78.10593411940579 52
1739715921852 76.63707863433471 53
1739715921857 76.22665400925234 54
1739715921862 74.26278254399661 55
1739715921867 73.18945449795834 56
1739715921871 72.78597854534715 57
1739715921876 73.13462035755312 58
1739715921881 71.1409897960951 59
1739715921886 69.04186273001356 60
1739715921891 67.1342739528992 61
1739715921895 69.54028125339836 62
1739715921900 67.32409397313094 63
1739715921905 67.43305648234414 64
1739715921911 63.283149659154454 65
1739715921916 64.55954357750743 66
1739715921922 61.10322744152853 67
1739715921927 65.03415803992014 68
1739715921932 63.1138701640838 69
1739715921937 60.052280773490416 70
1739715921941 60.83944868626768 71
1739715921946 59.106769906145594 72
1739715921951 58.25669610890492 73
1739715921956 59.93826403362578 74
1739715921961 58.2055198183628 75
1739715921966 57.59568792356057 76
1739715921973 55.67200128630589 77
1739715921978 55.316658393313844 78
1739715921983 55.03602547019923 79
1739715921988 55.12323040828376 80
1739715921992 52.79324758713306 81
1739715921998 50.71715543432943 82
1739715922004 51.35703755718198 83
1739715922009 49.917830780557274 84
1739715922013 50.048507965962244 85
1739715922019 50.46666192033031 86
1739715922024 50.32792314831626 87
1739715922029 48.890887410198935 88
1739715922034 48.26100536599787 89
1739715922039 48.45417222067149 90
1739715922043 47.89599037243021 91
1739715922048 47.15462007944384 92
1739715922053 45.18481675995035 93
1739715922058 44.42473152257803 94
1739715922063 44.04920259845211 95
1739715922069 43.404506890886545 96
1739715922074 43.71374204820124 97
1739715922079 42.78818359073634 98
1739715922084 42.71618259833199 99
1739715922089 41.35644799234359 100
1739715922094 40.479216187798365 101
1739715922101 40.994519195058814 102
1739715922107 41.49309458333607 103
1739715922112 40.4450962752489 104
1739715922117 39.82397832313336 105
1739715922122 40.063215180064205 106
1739715922127 37.70495660305971 107
1739715922132 38.21979849798412 108
1739715922137 37.52819382636901 109
1739715922142 37.36851423640951 110
1739715922147 37.62056663614762 111
1739715922153 36.0605376936865 112
1739715922158 36.1920985533353 113
1739715922164 36.249959042415334 114
1739715922169 35.39803064704044 115
1739715922175 33.83793279028225 116
1739715922181 35.442769693827564 117
1739715922186 34.492956299378804 118
1739715922192 33.95207105992413 119
1739715922199 33.20354352299727 120
1739715922206 32.757086720354415 121
1739715922211 33.18928458642087 122
1739715922217 32.656744700962214 123
1739715922222 32.124104626715436 124
1739715922227 31.623879840017743 125
1739715922232 31.089805605837274 126
1739715922237 30.789678363925592 127
1739715922242 30.99067528423526 128
1739715922247 29.946035239707978 129
1739715922252 29.50467842359838 130
1739715922257 28.507386253933213 131
1739715922261 29.19465982276561 132
1739715922266 30.054033970509842 133
1739715922271 28.972908695231116 134
1739715922276 27.881109641695353 135
1739715922281 27.7513729117627 136
1739715922286 27.46500316840323 137
1739715922291 27.32006486677303 138
1739715922295 26.485403964750297 139
1739715922300 25.845130864010972 140
1739715922305 27.210830769957916 141
1739715922311 26.262205514558676 142
1739715922315 26.132001569219344 143
1739715922320 25.556124062406617 144
1739715922325 25.144604428967362 145
1739715922329 25.207866372253797 146
1739715922334 24.81226412122875 147
1739715922338 25.093959524214988 148
1739715922343 23.902812771882914 149
1739715922348 23.48102292971047 150
1739715922353 24.17934157950267 151
1739715922358 23.994636939015233 152
1739715922363 24.873480208695195 153
1739715922367 23.18308797125246 154
1739715922372 22.710519136008646 155
1739715922377 22.91382540401401 156
1739715922381 23.242213951012243 157
1739715922386 22.524867590989476 158
1739715922391 21.86500565645907 159
1739715922395 21.22446123114971 160
1739715922400 22.45217401890207 161
1739715922405 22.3817570232899 162
1739715922409 21.48607139997081 163
1739715922413 20.78484990587372 164
1739715922418 20.04025692488869 165
1739715922422 21.24461235545756 166
1739715922427 20.90684502285446 167
1739715922432 19.981598854217275 168
1739715922436 20.14999014443004 169
1739715922441 19.634879968830827 170
1739715922446 19.453160278623965 171
1739715922450 19.500805472890356 172
1739715922455 19.364441181860265 173
1739715922460 18.284317744913903 174
1739715922465 18.895347042767483 175
1739715922470 19.454083220297502 176
1739715922475 19.415029277448916 177
1739715922480 18.447905286277173 178
1739715922485 17.933351741201513 179
1739715922489 18.412476777511948 180
1739715922494 17.62032109106017 181
1739715922499 18.449232878837464 182
1739715922503 18.148029269580228 183
1739715922508 17.702023666566042 184
1739715922513 17.490621901034775 185
1739715922517 16.58224230439482 186
1739715922522 17.427281286042582 187
1739715922527 17.18035334629596 188
1739715922532 16.926413061639376 189
1739715922537 17.058393483172257 190
1739715922541 17.048611121142677 191
1739715922545 16.256738057561243 192
1739715922550 16.19016274573744 193
1739715922555 16.9512901615422 194
1739715922559 15.600071392371735 195
1739715922564 15.400349993202603 196
1739715922568 16.170821601731348 197
1739715922574 15.344452208098808 198
1739715922578 16.423765933046703 199
1739715922583 15.20547828378932 200
1739715922587 14.996940220386692 201
1739715922592 14.377197986131492 202
1739715922597 15.350336786367205 203
1739715922602 15.049911861310035 204
1739715922606 15.26211061881143 205
1739715922611 14.599515624972003 206
1739715922615 14.410136922183533 207
1739715922620 15.09910198993781 208
1739715922624 14.40018624276504 209
1739715922629 14.66583925486391 210
1739715922633 14.090448247759312 211
1739715922638 14.258679468989374 212
1739715922643 14.052550069333412 213
1739715922647 13.039361387033862 214
1739715922652 13.320967285309697 215
1739715922657 13.607976824602032 216
1739715922661 13.699663570101306 217
1739715922666 13.08566141726602 218
1739715922671 13.771799870336283 219
1739715922676 13.662999312819101 220
1739715922680 13.208755328543088 221
1739715922685 12.808269813781147 222
1739715922689 12.952870536822626 223
1739715922694 12.657573338010442 224
1739715922699 12.981399343174884 225
1739715922704 13.141367525392821 226
1739715922709 12.455944806160323 227
1739715922713 12.391258348047295 228
1739715922722 11.981838297168753 229
1739715922727 12.488047395239144 230
1739715922731 12.267062596182416 231
1739715922735 12.12609477360133 232
1739715922740 11.769931441056151 233
1739715922744 11.953296245262468 234
1739715922749 11.807478616999129 235
1739715922753 11.861319972509937 236
1739715922758 11.878506060918129 237
1739715922763 11.422652051503542 238
1739715922767 11.921898196694077 239
1739715922772 11.565900255472569 240
1739715922777 11.16368441139114 241
1739715922785 11.425770052365817 242
1739715922790 11.589877988420426 243
1739715922795 11.391162507198635 244
1739715922800 11.072057610993014 245
1739715922806 10.945667460912556 246
1739715922811 11.31288583375528 247
1739715922816 10.290080112055858 248
1739715922821 11.434921762256433 249
1739715922825 10.79303925926529 250
1739715922831 10.957169391991238 251
1739715922836 10.804913068048688 252
1739715922840 10.860683495813616 253
1739715922845 11.100869659946573 254
1739715922850 10.4314859750228 255
1739715922854 10.92177392112221 256
1739715922859 10.44403088431821 257
1739715922863 10.539377683738257 258
1739715922868 10.053431545863788 259
1739715922873 10.547242421176396 260
1739715922877 10.05748550075464 261
1739715922882 10.12655927316928 262
1739715922887 9.697009864738764 263
1739715922891 9.859939608863026 264
1739715922897 9.219847251021507 265
1739715922902 9.8604577516395 266
1739715922906 9.282191088122438 267
1739715922911 9.50928086745233 268
1739715922915 9.698176717499514 269
1739715922920 9.96669656937067 270
1739715922924 10.14447637983519 271
1739715922929 9.490616587888015 272
1739715922934 9.474702852040977 273
1739715922939 9.27847558805681 274
1739715922943 9.447713756515727 275
1739715922948 9.966107738490285 276
1739715922952 9.960766552295928 277
1739715922957 9.107196597957996 278
1739715922962 9.159784219969701 279
1739715922966 9.741018440482355 280
1739715922971 8.529829831606149 281
1739715922975 8.806578298036058 282
1739715922980 8.909580991386186 283
1739715922984 8.900572542234137 284
1739715922988 8.82867039860974 285
1739715922993 9.386420840381488 286
1739715922997 9.005039437636588 287
1739715923002 8.923622611905357 288
1739715923007 8.53219238185539 289
1739715923013 8.851474297116996 290
1739715923019 8.716316895604127 291
1739715923025 8.391077171888085 292
1739715923030 8.579142218200564 293
1739715923037 8.517506293365795 294
1739715923042 8.579292412892766 295
1739715923047 8.756655591804861 296
1739715923052 8.178501824605078 297
1739715923058 8.612315199770787 298
1739715923063 8.148445775104005 299
1739715923068 7.912776767457621 300
1739715923074 8.334626792586196 301
1739715923079 7.938535657682952 302
1739715923085 8.188369604391331 303
1739715923090 7.868967820832188 304
1739715923095 8.184975498589095 305
1739715923100 8.34751787066751 306
1739715923105 7.571546673665296 307
1739715923109 7.6700140047067835 308
1739715923114 7.938425839059236 309
1739715923118 7.967339828267491 310
1739715923123 7.971703170767205 311
1739715923127 8.178189962553768 312
1739715923132 8.09736524211459 313
1739715923137 8.445538494440717 314
1739715923141 7.584308855238078 315
1739715923146 8.073720926330703 316
1739715923150 7.685339840639443 317
1739715923155 7.51028734098125 318
1739715923159 7.128705609489522 319
1739715923164 7.628734582734091 320
1739715923168 7.116201580011369 321
1739715923173 8.055177363576174 322
1739715923178 7.74547757025189 323
1739715923183 8.06507291464038 324
1739715923188 7.342457085520732 325
1739715923193 7.108254713107531 326
1739715923198 7.791296696097709 327
1739715923203 7.263482226707184 328
1739715923208 7.586409748548646 329
1739715923212 7.671711290855842 330
1739715923217 7.142738052068795 331
1739715923221 7.147486135913163 332
1739715923226 7.081426827369957 333
1739715923231 7.143714714316736 334
1739715923235 7.132356564074927 335
1739715923239 7.321468574639748 336
1739715923244 7.6469210658917595 337
1739715923248 7.3495525671750865 338
1739715923253 6.924936775940664 339
1739715923258 7.14277531873609 340
1739715923262 7.191653903778647 341
1739715923267 6.886958764948865 342
1739715923272 7.361982699431128 343
1739715923276 7.410674978344707 344
1739715923281 7.121162194287296 345
1739715923286 7.277336655053637 346
1739715923290 7.048496028594561 347
1739715923295 7.023874134717993 348
1739715923299 6.78697413527008 349
1739715923304 7.088494959358841 350
1739715923308 7.313808176197675 351
1739715923313 6.763819155117439 352
1739715923318 7.0166944212749565 353
1739715923323 6.631907548002473 354
1739715923327 7.092559849705995 355
1739715923332 6.854912710030759 356
1739715923336 6.60835216212858 357
1739715923341 6.747542673922946 358
1739715923345 6.5462887227391295 359
1739715923350 6.873456264563897 360
1739715923355 6.841660446552629 361
1739715923360 7.119316999658606 362
1739715923365 6.632611015495945 363
1739715923370 6.429444044713661 364
1739715923374 6.717496879670505 365
1739715923379 6.864774158618275 366
1739715923384 6.407838999351907 367
1739715923389 6.089164259024525 368
1739715923394 6.53131146638805 369
1739715923399 6.310378449501184 370
1739715923404 6.799644645500037 371
1739715923408 6.348277642710579 372
1739715923413 6.672484850241302 373
1739715923417 6.3576937268809175 374
1739715923421 6.709098239969416 375
1739715923427 6.662808098896692 376
1739715923431 6.551237873064261 377
1739715923436 6.423918212769401 378
1739715923441 6.236711312808742 379
1739715923446 6.2927546664280944 380
1739715923450 6.102162506095283 381
1739715923455 6.153579186264715 382
1739715923459 5.874724100499393 383
1739715923464 6.544932215322919 384
1739715923469 6.3173970012979055 385
1739715923473 6.313352513564351 386
1739715923478 6.272799215012362 387
1739715923483 6.501893566438689 388
1739715923487 6.604211087530557 389
1739715923492 6.282533474635733 390
1739715923497 5.925659295061835 391
1739715923501 6.246554911676254 392
1739715923506 6.1110332127455536 393
1739715923510 6.032084279177319 394
1739715923515 6.214303786591854 395
1739715923519 6.154058808438873 396
1739715923524 5.848791579714095 397
1739715923529 5.657295890707899 398
1739715923533 5.847666383531748 399
1739715923538 5.830545606391319 400
1739715923542 6.297250071655862 401
1739715923547 6.531927464800261 402
1739715923552 5.898883233599131 403
1739715923557 6.188470715736486 404
1739715923562 6.178173196724762 405
1739715923567 6.331745180039067 406
1739715923571 6.164413264752256 407
1739715923576 6.168473968238677 408
1739715923581 6.004613622083362 409
1739715923585 6.147416263755752 410
1739715923590 6.139785366614795 411
1739715923595 5.802723644660379 412
1739715923600 5.977340559648199 413
1739715923605 6.038577191867539 414
1739715923610 6.173625464537957 415
1739715923615 5.908377362434208 416
1739715923619 5.861368184740926 417
1739715923624 6.054526912217923 418
1739715923628 5.864219637301167 419
1739715923633 6.15256871933674 420
1739715923637 5.7145392026241035 421
1739715923642 5.8973663817799515 422
1739715923646 5.644307852439549 423
1739715923650 5.998289508950398 424
1739715923655 5.808401430793178 425
1739715923660 5.84504300878901 426
1739715923664 5.826076300267447 427
1739715923669 5.475002479659289 428
1739715923673 5.812068374955322 429
1739715923678 5.125890928996753 430
1739715923683 5.792210925893596 431
1739715923689 5.8235620464204425 432
1739715923694 5.611372995188023 433
1739715923712 5.7682062351902745 434
1739715923730 6.158033374968719 435
1739715923737 5.518661651489113 436
1739715923742 5.903637777783104 437
1739715923747 5.944285866062879 438
1739715923752 5.7607582097320895 439
1739715923757 5.786218253278663 440
1739715923762 6.00457002946649 441
1739715923767 5.684195286678867 442
1739715923772 5.627197023300214 443
1739715923777 5.728553258868681 444
1739715923782 5.460380188340361 445
1739715923787 5.4858409886327895 446
1739715923792 5.6456400949352 447
1739715923797 5.627519575505573 448
1739715923802 5.786130738209269 449
1739715923807 5.545657310625146 450
1739715923811 5.247783612192747 451
1739715923816 5.722623596473474 452
1739715923821 5.9226675701394695 453
1739715923826 5.543790905342279 454
1739715923830 5.506474438684651 455
1739715923835 5.566790066500239 456
1739715923840 5.590209011302635 457
1739715923844 5.728577759823298 458
1739715923849 5.227927658301437 459
1739715923854 5.833456654447354 460
1739715923859 5.600885754408002 461
1739715923864 5.513622806654386 462
1739715923869 5.361686268658911 463
1739715923874 5.433234004670135 464
1739715923880 5.383161603359739 465
1739715923884 5.377358168848615 466
1739715923890 5.084983257615514 467
1739715923895 5.467397677574394 468
1739715923900 5.275173718847154 469
1739715923904 5.565182927719158 470
1739715923909 5.601537347617027 471
1739715923914 5.540397593119303 472
1739715923918 5.865035168733989 473
1739715923923 5.444910906499485 474
1739715923928 5.683126058265532 475
1739715923932 5.450323775907883 476
1739715923937 5.544724608838008 477
1739715923941 5.454841798829626 478
1739715923946 5.254642372893573 479
1739715923950 5.375137370238039 480
1739715923955 5.25025480904677 481
1739715923960 5.077917032256386 482
1739715923964 5.32787104721238 483
1739715923969 5.451872036474174 484
1739715923974 5.421552061746046 485
1739715923979 5.107942238122513 486
1739715923983 5.361155514515047 487
1739715923989 5.253763837950049 488
1739715923994 5.386220399245017 489
1739715923998 5.533872437455466 490
1739715924003 5.364804282022523 491
1739715924007 5.201972336540374 492
1739715924012 5.399517147694268 493
1739715924017 5.409395469565265 494
1739715924022 5.335502299511476 495
1739715924027 5.335754910832514 496
1739715924032 5.058525274758294 497
1739715924037 5.298539886218697 498
1739715924042 5.486665482521228 499
