1739714649765 169.3217676079807 0
1739714649770 168.98278959319538 1
1739714649774 168.64753771566978 2
1739714649778 168.31295513078373 3
1739714649782 167.9790404954618 4
1739714649787 167.64579246934446 5
1739714649790 167.3132097147831 6
1739714649795 166.9812908968342 7
1739714649799 166.65003468325352 8
1739714649802 166.3194397444911 9
1739714649806 165.98950475368525 10
1739714649810 165.6602283866574 11
1739714649814 165.33160932190623 12
1739714649818 165.00364624060254 13
1739714649822 164.6763378265834 14
1739714649826 164.3496827663471 15
1739714649829 164.02367974904726 16
1739714649833 163.69832746648777 17
1739714649837 163.37362461311702 18
1739714649840 163.0495698860227 19
1739714649844 162.7261619849263 20
1739714649849 162.40339961217768 21
1739714649853 162.08128147274982 22
1739714649857 161.75980627423317 23
1739714649862 161.43897272683068 24
1739714649866 161.1187795433519 25
1739714649870 160.79922543920839 26
1739714649874 160.48030913240746 27
1739714649878 160.16202934354774 28
1739714649882 159.84438479581317 29
1739714649886 159.52737421496815 30
1739714649890 159.21099632935207 31
1739714649894 158.89524986987402 32
1739714649898 158.58013357000763 33
1739714649902 158.2656461657856 34
1739714649906 157.95178639579473 35
1739714649910 157.63855300117055 36
1739714649914 157.325944725592 37
1739714649918 157.0139603152764 38
1739714649922 156.70259851897413 39
1739714649926 156.39185808796358 40
1739714649930 156.08173777604574 41
1739714649934 155.7722363395392 42
1739714649938 155.463352537275 43
1739714649942 155.15508513059143 44
1739714649946 154.84743288332893 45
1739714649950 154.54039456182485 46
1739714649954 154.23396893490846 47
1739714649958 153.9281547738959 48
1739714649963 153.62295085258492 49
1739714649969 153.31835594724998 50
1739714649973 153.0143688366369 51
1739714649978 152.71098830195814 52
1739714649982 152.40821312688752 53
1739714649986 152.10604209755536 54
1739714649991 151.80447400254317 55
1739714649995 151.50350763287898 56
1739714649999 151.20314178203208 57
1739714650004 150.90337524590808 58
1739714650008 150.60420682284405 59
1739714650012 150.3056353136033 60
1739714650017 150.00765952137067 61
1739714650021 149.7102782517475 62
1739714650025 149.41349031274646 63
1739714650029 149.11729451478706 64
1739714650034 148.82168967069035 65
1739714650038 148.52667459567402 66
1739714650042 148.2322481073478 67
1739714650047 147.93840902570832 68
1739714650051 147.6451561731342 69
1739714650055 147.35248837438138 70
1739714650064 147.06040445657803 71
1739714650068 146.76890324921993 72
1739714650073 146.47798358416543 73
1739714650077 146.1876442956307 74
1739714650080 145.8978842201849 75
1739714650084 145.6087021967455 76
1739714650088 145.3200970665731 77
1739714650092 145.03206767326716 78
1739714650096 144.74461286276087 79
1739714650100 144.45773148331634 80
1739714650104 144.17142238552015 81
1739714650108 143.88568442227822 82
1739714650112 143.60051644881148 83
1739714650116 143.31591732265073 84
1739714650120 143.0318859036323 85
1739714650124 142.74842105389294 86
1739714650128 142.46552163786546 87
1739714650133 142.1831865222739 88
1739714650137 141.90141457612881 89
1739714650141 141.62020467072267 90
1739714650145 141.3395556796252 91
1739714650149 141.05946647867867 92
1739714650153 140.77993594599323 93
1739714650157 140.5009629619424 94
1739714650162 140.2225464091583 95
1739714650166 139.94468517252722 96
1739714650170 139.66737813918485 97
1739714650174 139.39062419851172 98
1739714650178 139.11442224212868 99
1739714650181 138.8387711638923 100
1739714650185 138.5636698598902 101
1739714650189 138.2891172284367 102
1739714650193 138.01511217006814 103
1739714650197 137.7416535875383 104
1739714650201 137.46874038581402 105
1739714650205 137.1963714720705 106
1739714650209 136.924545755687 107
1739714650213 136.65326214824216 108
1739714650217 136.38251956350965 109
1739714650221 136.11231691745354 110
1739714650225 135.84265312822401 111
1739714650230 135.57352711615272 112
1739714650234 135.30493780374846 113
1739714650238 135.03688411569266 114
1739714650242 134.76936497883503 115
1739714650246 134.50237932218906 116
1739714650250 134.2359260769276 117
1739714650254 133.9700041763785 118
1739714650258 133.7046125560202 119
1739714650262 133.4397501534774 120
1739714650265 133.17541590851647 121
1739714650269 132.91160876304144 122
1739714650274 132.64832766108924 123
1739714650277 132.38557154882565 124
1739714650281 132.12333937454085 125
1739714650286 131.86163008864506 126
1739714650290 131.60044264366425 127
1739714650293 131.33977599423588 128
1739714650297 131.07962909710446 129
1739714650301 130.82000091111738 130
1739714650304 130.56089039722053 131
1739714650308 130.30229651845417 132
1739714650312 130.0442182399484 133
1739714650316 129.7866545289192 134
1739714650320 129.52960435466397 135
1739714650324 129.27306668855735 136
1739714650327 129.01704050404703 137
1739714650331 128.7615247766494 138
1739714650335 128.5065184839455 139
1739714650339 128.25202060557675 140
1739714650343 127.99803012324061 141
1739714650347 127.74454602068661 142
1739714650351 127.4915672837121 143
1739714650355 127.23909290015793 144
1739714650359 126.98712185990449 145
1739714650362 126.73565315486746 146
1739714650367 126.48468577899368 147
1739714650371 126.23421872825693 148
1739714650375 125.98425100065398 149
1739714650379 125.73478159620034 150
1739714650383 125.48580951692612 151
1739714650388 125.23733376687198 152
1739714650392 124.98935335208516 153
1739714650396 124.74186728061512 154
1739714650400 124.4948745625097 155
1739714650404 124.2483742098109 156
1739714650408 124.00236523655092 157
1739714650412 123.75684665874807 158
1739714650416 123.51181749440273 159
1739714650420 123.26727676349329 160
1739714650424 123.02322348797212 161
1739714650429 122.77965669176163 162
1739714650433 122.53657540075017 163
1739714650437 122.29397864278808 164
1739714650441 122.05186544768362 165
1739714650445 121.81023484719913 166
1739714650450 121.5690858750469 167
1739714650454 121.32841756688525 168
1739714650458 121.08822896031465 169
1739714650462 120.8485190948737 170
1739714650466 120.60928701203507 171
1739714650470 120.37053175520187 172
1739714650474 120.13225236970337 173
1739714650478 119.89444790279131 174
1739714650482 119.65711740363598 175
1739714650486 119.42025992332212 176
1739714650490 119.1838745148453 177
1739714650494 118.94796023310784 178
1739714650498 118.71251613491499 179
1739714650502 118.47754127897103 180
1739714650506 118.24303472587549 181
1739714650510 118.00899553811924 182
1739714650516 117.77542278008056 183
1739714650520 117.54231551802145 184
1739714650525 117.30967282008375 185
1739714650529 117.07749375628525 186
1739714650533 116.84577739851595 187
1739714650537 116.6145228205342 188
1739714650541 116.38372909796297 189
1739714650545 116.15339530828598 190
1739714650549 115.92352053084399 191
1739714650553 115.69410384683091 192
1739714650556 115.46514433929025 193
1739714650560 115.23664109311105 194
1739714650564 115.0085931950244 195
1739714650568 114.7809997335996 196
1739714650573 114.55385979924034 197
1739714650577 114.32717248418112 198
1739714650580 114.10093688248341 199
1739714650584 113.87515209003202 200
1739714650588 113.64981720453133 201
1739714650593 113.4249313255016 202
1739714650597 113.20049355427534 203
1739714650601 112.97650299399356 204
1739714650605 112.75295874960214 205
1739714650609 112.5298599278481 206
1739714650613 112.307205637276 207
1739714650617 112.08499498822428 208
1739714650621 111.86322709282165 209
1739714650625 111.6419010649833 210
1739714650628 111.42101602040749 211
1739714650633 111.20057107657172 212
1739714650637 110.98056535272926 213
1739714650641 110.76099796990549 214
1739714650645 110.54186805089431 215
1739714650650 110.32317472025451 216
1739714650655 110.10491710430627 217
1739714650661 109.88709433112744 218
1739714650665 109.6697055305502 219
1739714650669 109.4527498341572 220
1739714650673 109.2362263752783 221
1739714650677 109.02013428898677 222
1739714650681 108.80447271209593 223
1739714650685 108.58924078315552 224
1739714650690 108.37443764244823 225
1739714650694 108.16006243198612 226
1739714650698 107.94611429550719 227
1739714650702 107.73259237847176 228
1739714650707 107.51949582805914 229
1739714650710 107.30682379316396 230
1739714650714 107.09457542439277 231
1739714650718 106.88274987406066 232
1739714650722 106.67134629618762 233
1739714650726 106.46036384649511 234
1739714650730 106.2498016824028 235
1739714650735 106.03965896302482 236
1739714650739 105.82993484916659 237
1739714650744 105.6206285033212 238
1739714650749 105.41173908966611 239
1739714650753 105.2032657740597 240
1739714650758 104.99520772403773 241
1739714650763 104.78756410881016 242
1739714650768 104.58033409925761 243
1739714650773 104.37351686792799 244
1739714650778 104.16711158903311 245
1739714650783 103.96111743844531 246
1739714650787 103.7555335936942 247
1739714650791 103.55035923396308 248
1739714650795 103.34559354008579 249
1739714650799 103.1412356945432 250
1739714650803 102.93728488145999 251
1739714650809 102.7337402866013 252
1739714650813 102.53060109736931 253
1739714650818 102.32786650280003 254
1739714650822 102.12553569355991 255
1739714650826 101.92360786194259 256
1739714650831 101.72208220186553 257
1739714650835 101.5209579088668 258
1739714650841 101.32023418010175 259
1739714650847 101.11991021433967 260
1739714650852 100.91998521196071 261
1739714650857 100.72045837495236 262
1739714650862 100.52132890690633 263
1739714650866 100.32259601301534 264
1739714650870 100.12425890006978 265
1739714650875 99.92631677645454 266
1739714650881 99.72876885214568 267
1739714650886 99.53161433870729 268
1739714650891 99.33485244928829 269
1739714650895 99.13848239861916 270
1739714650899 98.94250340300871 271
1739714650904 98.74691468034094 272
1739714650909 98.55171545007185 273
1739714650914 98.35690493322623 274
1739714650918 98.16248235239443 275
1739714650923 97.96844693172929 276
1739714650927 97.77479789694293 277
1739714650932 97.58153447530353 278
1739714650936 97.38865589563225 279
1739714650940 97.19616138830014 280
1739714650945 97.00405018522474 281
1739714650950 96.81232151986734 282
1739714650955 96.62097462722944 283
1739714650959 96.43000874385 284
1739714650964 96.23942310780204 285
1739714650971 96.04921695868968 286
1739714650976 95.85938953764503 287
1739714650980 95.669940087325 288
1739714650985 95.48086785190836 289
1739714650989 95.29217207709247 290
1739714650993 95.10385201009046 291
1739714650998 94.91590689962787 292
1739714651002 94.72833599593977 293
1739714651006 94.54113855076768 294
1739714651011 94.35431381735647 295
1739714651015 94.16786105045135 296
1739714651019 93.98177950629481 297
1739714651023 93.79606844262366 298
1739714651027 93.61072711866585 299
1739714651032 93.4257547951376 300
1739714651036 93.24115073424035 301
1739714651040 93.05691419965767 302
1739714651044 92.87304445655236 303
1739714651048 92.68954077156341 304
1739714651052 92.50640241280304 305
1739714651056 92.32362864985365 306
1739714651060 92.14121875376493 307
1739714651064 91.95917199705077 308
1739714651071 91.77748765368652 309
1739714651076 91.59616499910574 310
1739714651081 91.41520331019743 311
1739714651085 91.23460186530309 312
1739714651089 91.0543599442137 313
1739714651094 90.87447682816683 314
1739714651098 90.69495179984368 315
1739714651102 90.51578414336623 316
1739714651106 90.33697314429423 317
1739714651110 90.15851808962235 318
1739714651114 89.98041826777727 319
1739714651118 89.80267296861477 320
1739714651122 89.6252814834168 321
1739714651126 89.44824310488872 322
1739714651130 89.27155712715623 323
1739714651134 89.09522284576269 324
1739714651138 88.91923955766612 325
1739714651142 88.74360656123636 326
1739714651146 88.56832315625226 327
1739714651150 88.39338864389879 328
1739714651154 88.21880232676425 329
1739714651158 88.04456350883729 330
1739714651162 87.87067149550424 331
1739714651166 87.69712559354622 332
1739714651170 87.52392511113631 333
1739714651174 87.35106935783672 334
1739714651179 87.17855764459597 335
1739714651182 87.0063892837462 336
1739714651187 86.83456358900018 337
1739714651191 86.66307987544873 338
1739714651195 86.49193745955775 339
1739714651199 86.32113565916549 340
1739714651203 86.15067379347994 341
1739714651207 85.98055118307575 342
1739714651211 85.8107671498917 343
1739714651215 85.64132101722791 344
1739714651219 85.472212109743 345
1739714651223 85.30343975345144 346
1739714651227 85.13500327572072 347
1739714651231 84.96690200526868 348
1739714651235 84.79913527216074 349
1739714651240 84.63170240780723 350
1739714651244 84.46460274496056 351
1739714651248 84.29783561771268 352
1739714651252 84.13140036149221 353
1739714651256 83.96529631306178 354
1739714651260 83.79952281051537 355
1739714651264 83.63407919327561 356
1739714651269 83.46896480209108 357
1739714651273 83.30417897903364 358
1739714651277 83.13972106749573 359
1739714651281 82.9755904121877 360
1739714651286 82.81178635913524 361
1739714651291 82.64830825567657 362
1739714651296 82.48515545045987 363
1739714651301 82.32232729344068 364
1739714651306 82.15982313587915 365
1739714651311 81.99764233033748 366
1739714651317 81.83578423067723 367
1739714651321 81.67424819205678 368
1739714651326 81.51303357092863 369
1739714651331 81.35213972503684 370
1739714651335 81.19156601341432 371
1739714651340 81.03131179638036 372
1739714651347 80.87137643553798 373
1739714651357 80.71175929377125 374
1739714651369 80.5524597352429 375
1739714651374 80.39347712539148 376
1739714651380 80.23481083092896 377
1739714651384 80.0764602198382 378
1739714651390 79.91842466137017 379
1739714651395 79.76070352604154 380
1739714651400 79.60329618563213 381
1739714651404 79.44620201318233 382
1739714651410 79.28942038299056 383
1739714651417 79.13295067061061 384
1739714651422 78.9767922528493 385
1739714651429 78.82094450776387 386
1739714651434 78.66540681465939 387
1739714651439 78.51017855408632 388
1739714651444 78.35525910783798 389
1739714651449 78.20064785894799 390
1739714651454 78.04634419168784 391
1739714651459 77.8923474915643 392
1739714651463 77.73865714531703 393
1739714651468 77.58527254091604 394
1739714651473 77.43219306755913 395
1739714651478 77.27941811566956 396
1739714651483 77.12694707689346 397
1739714651487 76.97477934409743 398
1739714651492 76.82291431136598 399
1739714651497 76.67135137399923 400
1739714651502 76.52008992851026 401
1739714651507 76.36912937262281 402
1739714651512 76.21846910526881 403
1739714651516 76.06810852658587 404
1739714651523 75.91804703791493 405
1739714651528 75.76828404179777 406
1739714651533 75.61881894197465 407
1739714651537 75.46965114338174 408
1739714651541 75.32078005214899 409
1739714651545 75.17220507559736 410
1739714651550 75.02392562223676 411
1739714651553 74.87594110176337 412
1739714651557 74.72825092505742 413
1739714651562 74.5808545041808 414
1739714651566 74.43375125237453 415
1739714651571 74.28694058405648 416
1739714651575 74.14042191481904 417
1739714651579 73.99419466142672 418
1739714651583 73.84825824181361 419
1739714651588 73.70261207508136 420
1739714651592 73.55725558149648 421
1739714651595 73.41218818248822 422
1739714651600 73.26740930064616 423
1739714651604 73.12291835971781 424
1739714651608 72.97871478460634 425
1739714651612 72.83479800136821 426
1739714651616 72.69116743721085 427
1739714651619 72.5478225204904 428
1739714651624 72.40476268070928 429
1739714651628 72.26198734851394 430
1739714651632 72.11949595569263 431
1739714651635 71.97728793517287 432
1739714651639 71.83536272101942 433
1739714651643 71.69371974843182 434
1739714651647 71.55235845374209 435
1739714651651 71.41127827441257 436
1739714651655 71.27047864903354 437
1739714651659 71.12995901732096 438
1739714651664 70.98971882011422 439
1739714651667 70.84975749937385 440
1739714651671 70.71007449817931 441
1739714651675 70.57066926072666 442
1739714651679 70.43154123232631 443
1739714651683 70.2926898594009 444
1739714651687 70.15411458948287 445
1739714651691 70.01581487121237 446
1739714651695 69.87779015433495 447
1739714651699 69.74003988969933 448
1739714651702 69.60256352925524 449
1739714651706 69.46536052605111 450
1739714651710 69.32843033423192 451
1739714651714 69.19177240903697 452
1739714651718 69.05538620679766 453
1739714651722 68.9192711849353 454
1739714651726 68.78342680195891 455
1739714651730 68.64785251746304 456
1739714651733 68.51254779212555 457
1739714651737 68.37751208770544 458
1739714651741 68.2427448670407 459
1739714651745 68.10824559404608 460
1739714651749 67.97401373371098 461
1739714651754 67.8400487520972 462
1739714651758 67.70635011633689 463
1739714651762 67.57291729463029 464
1739714651765 67.4397497562436 465
1739714651769 67.30684697150689 466
1739714651773 67.1742084118119 467
1739714651777 67.04183354960992 468
1739714651781 66.90972185840961 469
1739714651785 66.77787281277494 470
1739714651789 66.646285888323 471
1739714651793 66.51496056172196 472
1739714651797 66.38389631068887 473
1739714651801 66.25309261398749 474
1739714651804 66.12254895142642 475
1739714651808 65.99226480385667 476
1739714651812 65.86223965316988 477
1739714651816 65.73247298229597 478
1739714651820 65.60296427520115 479
1739714651825 65.4737130168859 480
1739714651829 65.3447186933827 481
1739714651833 65.21598079175416 482
1739714651837 65.08749880009081 483
1739714651841 64.95927220750906 484
1739714651845 64.83130050414917 485
1739714651849 64.70358318117309 486
1739714651853 64.5761197307625 487
1739714651858 64.44890964611677 488
1739714651861 64.32195242145079 489
1739714651865 64.19524755199303 490
1739714651869 64.06879453398346 491
1739714651873 63.94259286467147 492
1739714651877 63.816642042313966 493
1739714651880 63.6909415661732 494
1739714651884 63.56549093651477 495
1739714651888 63.440289654605685 496
1739714651892 63.31533722271226 497
1739714651895 63.190633144098165 498
1739714651900 63.06617692302229 499
