1739716379214 42.36723687072465 0
1739716379220 16.027431984703743 1
1739716379225 8.83343201084333 2
1739716379230 6.175344253169638 3
1739716379235 5.097793657334864 4
1739716379241 5.342472817990543 5
1739716379245 4.696213916224999 6
1739716379250 4.898606445711673 7
1739716379255 4.6613107925400765 8
1739716379259 4.752513648118724 9
1739716379264 4.7389106405496655 10
1739716379269 4.683365340410779 11
1739716379274 4.635287230631337 12
1739716379279 4.860918610647223 13
1739716379284 4.686840604475866 14
1739716379288 5.002777590745969 15
1739716379293 4.828448425133604 16
1739716379298 4.542844978166962 17
1739716379303 4.414223738295047 18
1739716379309 4.4045492701256865 19
1739716379315 5.049350978989063 20
1739716379321 4.6407642261594 21
1739716379326 4.894366433242552 22
1739716379331 4.850890571194884 23
1739716379336 4.916720136639383 24
1739716379341 4.723443255731429 25
1739716379346 5.199058212514716 26
1739716379351 4.821481683501209 27
1739716379356 4.778011825648214 28
1739716379361 4.763354200571502 29
1739716379365 5.148334261959108 30
1739716379370 4.833847137749257 31
1739716379375 4.840587278021485 32
1739716379379 4.760950220610881 33
1739716379384 4.723314802016129 34
1739716379389 4.5678956979442145 35
1739716379394 4.828561244493387 36
1739716379399 4.8751758537336825 37
1739716379404 4.714716297252698 38
1739716379409 4.775848743960547 39
1739716379414 4.747316646596002 40
1739716379419 4.975864861008807 41
1739716379424 4.924747532578206 42
1739716379429 4.657428557161066 43
1739716379434 4.835521020773142 44
1739716379439 4.67795299467869 45
1739716379444 4.6317097819682305 46
1739716379448 4.693322639126803 47
1739716379453 4.5787482072808015 48
1739716379458 4.532776073626051 49
1739716379462 4.738321724605327 50
1739716379467 4.870816419291088 51
1739716379472 4.7990497335198965 52
1739716379476 4.588475762269684 53
1739716379481 4.634137099870221 54
1739716379486 4.742008413527751 55
1739716379491 4.641176198897056 56
1739716379495 4.5966660729790965 57
1739716379500 4.654997954551676 58
1739716379505 4.886296122480875 59
1739716379510 4.898073137801429 60
1739716379516 4.516640012519917 61
1739716379521 4.900153082958853 62
1739716379526 5.13423321228918 63
1739716379531 4.779578352076887 64
1739716379536 5.094042699418529 65
1739716379541 4.57954751382469 66
1739716379546 4.754205868907145 67
1739716379551 5.017684948252544 68
1739716379556 4.869511427770908 69
1739716379561 4.946186802221475 70
1739716379566 4.84510781239138 71
1739716379570 5.009157668312624 72
1739716379575 4.6012714102770165 73
1739716379580 4.659756229309289 74
1739716379585 4.659352873610698 75
1739716379590 4.8502676877852275 76
1739716379595 4.722455009902967 77
1739716379599 5.003204656331278 78
1739716379604 5.0036365659172715 79
1739716379609 5.225450586607372 80
1739716379614 5.076942168108427 81
1739716379620 4.93194350554672 82
1739716379624 4.915261469478961 83
1739716379629 4.6697772474680725 84
1739716379634 4.829790466196663 85
1739716379639 4.3533105523239115 86
1739716379644 5.094402154154191 87
1739716379649 4.367882145589457 88
1739716379654 4.960512064083914 89
1739716379659 5.089358890551074 90
1739716379664 4.626561067432041 91
1739716379669 4.947693209465059 92
1739716379674 4.680151860794833 93
1739716379679 4.932274190682014 94
1739716379684 4.9165686430509075 95
1739716379689 4.669148097325908 96
1739716379694 4.436324067289256 97
1739716379698 5.127686136999251 98
1739716379703 4.877101135463613 99
1739716379708 4.77523122182456 100
1739716379713 4.904549003506511 101
1739716379717 4.73097261999637 102
1739716379722 4.690003208309743 103
1739716379727 5.0293396813831865 104
1739716379732 4.5505294094497915 105
1739716379737 4.483011577505598 106
1739716379742 4.800050649993832 107
1739716379746 4.437629604701109 108
1739716379751 4.866166528336446 109
1739716379756 4.775855636270038 110
1739716379761 5.090569789439086 111
1739716379765 4.468058109319193 112
1739716379770 4.900440542871544 113
1739716379775 4.659234487688106 114
1739716379781 4.884378787972838 115
1739716379787 4.437413360923187 116
1739716379792 4.775898575462491 117
1739716379798 4.991619260856064 118
1739716379803 4.714879898134698 119
1739716379809 5.04012409112662 120
1739716379816 4.584257254112318 121
1739716379824 4.609542338987426 122
1739716379830 5.097039019045901 123
1739716379835 5.2244047167486425 124
1739716379845 4.651843800477086 125
1739716379850 4.91038757884821 126
1739716379856 4.843057182851659 127
1739716379861 4.589832633932974 128
1739716379866 4.85657287882433 129
1739716379871 4.906607965517473 130
1739716379876 4.667881188807567 131
1739716379882 4.68101115905066 132
1739716379887 4.577156328149585 133
1739716379892 4.779277701214983 134
1739716379897 4.9443531835095476 135
1739716379902 4.673293162083741 136
1739716379908 5.152228493584671 137
1739716379913 4.844519541052602 138
1739716379918 5.114189333977535 139
1739716379924 4.543371747732225 140
1739716379930 4.991589104731738 141
1739716379935 4.545084874102858 142
1739716379940 4.934034199083948 143
1739716379945 4.725001257729627 144
1739716379950 4.560784689236454 145
1739716379955 4.861488758735199 146
1739716379961 4.747449069707391 147
1739716379965 4.9706178583213125 148
1739716379970 4.610736426299323 149
1739716379975 4.970440622190375 150
1739716379980 4.511543776176339 151
1739716379985 4.9615371501382235 152
1739716379991 4.766392612978299 153
1739716379995 4.377262693191812 154
1739716380000 4.479215818595056 155
1739716380005 4.558852411592594 156
1739716380010 4.78571635975652 157
1739716380016 4.634573897631563 158
1739716380021 4.605949285680531 159
1739716380027 4.926527608010644 160
1739716380033 4.3702806170974124 161
1739716380040 5.009701362499409 162
1739716380045 4.547682685975212 163
1739716380053 4.67633972685626 164
1739716380058 4.925614858996183 165
1739716380063 4.795027105220529 166
1739716380068 4.902588318839418 167
1739716380073 4.736459880761782 168
1739716380078 4.84429577777058 169
1739716380083 4.664806692778469 170
1739716380088 4.896307796467948 171
1739716380093 5.10166264471671 172
1739716380098 4.668025285287821 173
1739716380103 4.814736340928039 174
1739716380107 4.989243119185388 175
1739716380112 4.962479978646258 176
1739716380117 4.729643130790059 177
1739716380123 4.939169801865656 178
1739716380130 4.652919464537702 179
1739716380144 4.959717349679158 180
1739716380161 4.700563136137032 181
1739716380172 4.433988123287371 182
1739716380177 5.013898580849381 183
1739716380183 5.101887081553685 184
1739716380188 4.716323243604835 185
1739716380193 4.501682252788694 186
1739716380198 5.151217699091874 187
1739716380203 4.6964174290875595 188
1739716380207 4.507988829471313 189
1739716380213 4.903302454193053 190
1739716380218 4.798943280667346 191
1739716380223 4.452516088284002 192
1739716380228 4.622977624700324 193
1739716380233 4.377212179093575 194
1739716380238 4.923598419098717 195
1739716380243 4.855600489154826 196
1739716380248 4.8369464053209 197
1739716380253 4.627999345255321 198
1739716380258 4.473229798908767 199
1739716380263 4.712937306918701 200
1739716380268 4.216200994086792 201
1739716380273 5.164112116465673 202
1739716380277 4.822246991988893 203
1739716380282 4.767958744517491 204
1739716380288 4.5933775752303205 205
1739716380293 4.913382710799591 206
1739716380297 4.95771641054943 207
1739716380303 5.018798642379256 208
1739716380308 4.73120251526653 209
1739716380318 4.6897080099586645 210
1739716380323 4.7752593687884985 211
1739716380329 4.903107583457735 212
1739716380334 4.81012294063978 213
1739716380340 4.640280682181907 214
1739716380344 4.861662531631374 215
1739716380349 4.678789697277851 216
1739716380354 4.596795531977867 217
1739716380359 4.5655435603326415 218
1739716380364 4.6314536301607685 219
1739716380369 4.996293947982083 220
1739716380374 4.725636353364133 221
1739716380379 4.960036709771489 222
1739716380383 4.829129413077253 223
1739716380389 4.888366273646197 224
1739716380393 4.830641257380597 225
1739716380398 4.925520157485314 226
1739716380403 4.683894485408866 227
1739716380408 4.9191354014808955 228
1739716380413 5.052028805260897 229
1739716380418 4.420657211931316 230
1739716380423 5.117516511955956 231
1739716380429 4.683321483769028 232
1739716380434 5.066335168028968 233
1739716380439 4.5389695720307275 234
1739716380443 4.881051019712122 235
1739716380448 4.607316269154691 236
1739716380453 4.459416578502466 237
1739716380458 4.883361515799096 238
1739716380463 4.575102121329777 239
1739716380468 4.6052811804199765 240
1739716380473 4.808284356916198 241
1739716380477 4.519603996223675 242
1739716380482 4.833603612177406 243
1739716380487 4.918456158520033 244
1739716380491 4.960587920522314 245
1739716380496 4.781964493475068 246
1739716380501 4.753277429283466 247
1739716380505 4.567606802294028 248
1739716380510 4.424298282312895 249
1739716380515 5.01673292318385 250
1739716380520 4.84996130364729 251
1739716380525 4.717409835473285 252
1739716380530 4.678155704420129 253
1739716380535 5.005423695776009 254
1739716380540 4.800376204704423 255
1739716380545 4.463156707461407 256
1739716380550 4.45130323559831 257
1739716380555 4.6710180752735075 258
1739716380560 5.01270353914996 259
1739716380564 5.11747195587045 260
1739716380569 5.1756637047625915 261
1739716380574 4.526949386948191 262
1739716380579 4.836999658099465 263
1739716380584 4.7637074967937085 264
1739716380589 4.668731504780534 265
1739716380593 4.776164420852659 266
1739716380598 4.486198670798694 267
1739716380603 5.004326101921856 268
