1739718830601 0.17284787228662912 0
1739718830627 0.2046745366623615 1
1739718830653 0.05029543454145019 2
1739718830678 0.11865312413028849 3
1739718830703 1.2385270878310766 4
1739718830728 0.11130366642001717 5
1739718830753 0.6021714459424573 6
1739718830779 0.002072777036141298 7
1739718830805 0.4207876272335301 8
1739718830831 0.04736836139546046 9
1739718830857 0.04171381767575266 10
1739718830882 0.05258783227495907 11
1739718830908 0.11450752857980873 12
1739718830933 0.043161083676704966 13
1739718830959 0.004564628913005163 14
1739718830984 0.7462994361115671 15
1739718831010 0.024881713896515334 16
1739718831036 0.020964758012370105 17
1739718831061 0.12198664106936317 18
1739718831087 0.04466540422008633 19
1739718831114 0.673091300511867 20
1739718831140 0.04019687257686387 21
1739718831166 0.0006737755002357363 22
1739718831192 0.042040664111309495 23
1739718831217 0.751963143226332 24
1739718831243 0.40093378637410554 25
1739718831270 0.010955277955580685 26
1739718831297 0.4375502891008931 27
1739718831323 0.12727182052554076 28
1739718831349 0.003047766840048618 29
1739718831376 0.013023060288288063 30
1739718831402 0.14045165688004344 31
1739718831428 0.11892869052266973 32
1739718831454 0.14516414623667317 33
1739718831480 0.3895393659285007 34
1739718831506 0.1956153051641148 35
1739718831532 0.26294504870305363 36
1739718831558 0.00747672114531255 37
1739718831584 0.01157120823565461 38
1739718831610 0.004173298506201202 39
1739718831635 1.0782222998685982 40
1739718831662 0.09009920511454356 41
1739718831688 0.33617771966111676 42
1739718831714 0.03336941333550075 43
1739718831739 0.03301848442505789 44
1739718831764 0.7395031847620555 45
1739718831789 0.06101843560015041 46
1739718831818 0.0708674599028143 47
1739718831843 0.39620220062043193 48
1739718831869 1.263304956361246 49
1739718831894 0.14407917854680716 50
1739718831919 0.19373251231155714 51
1739718831945 0.02849595298666664 52
1739718831970 0.128695970578879 53
1739718831996 0.3986859949869693 54
1739718832021 0.21355008099464293 55
1739718832047 0.004901709564482655 56
1739718832072 0.08663352019740338 57
1739718832097 0.07888038993808781 58
1739718832123 0.020203414990792354 59
1739718832149 1.4832530111266136 60
1739718832174 0.06484424173395628 61
1739718832200 0.167316702041607 62
1739718832225 0.06958997601333898 63
1739718832251 0.5018752533187799 64
1739718832276 0.4019752837386508 65
1739718832301 0.09905078152033062 66
1739718832327 0.015660265449963136 67
1739718832352 0.00035204045315747164 68
1739718832377 0.004367923203340733 69
1739718832402 0.2374572783229403 70
1739718832428 0.09368526885524653 71
1739718832453 0.05647028248791396 72
1739718832479 0.03264002408954551 73
1739718832504 0.4740375619077935 74
1739718832529 0.013347444959333724 75
1739718832554 0.015501522061278004 76
1739718832580 0.055239211995418216 77
1739718832605 0.2533325898664092 78
1739718832630 0.0008722982800227555 79
1739718832657 0.9867414835178476 80
1739718832682 1.1512804483476091 81
1739718832707 0.04601063749013773 82
1739718832732 0.03804860780309378 83
1739718832757 0.0022967442212471463 84
1739718832783 0.5032301966652546 85
1739718832808 0.01362890861668691 86
1739718832833 0.014510584584926312 87
1739718832858 0.4229496324750378 88
1739718832883 0.01978003939152525 89
1739718832909 0.003111953214138907 90
1739718832934 0.020547493213522634 91
1739718832959 0.1564235137691872 92
1739718832985 0.16265697046934185 93
1739718833010 0.0003257426159703398 94
1739718833036 0.1650942967537635 95
1739718833061 3.1964210692516217e-05 96
1739718833087 0.006907049065175498 97
1739718833112 0.02149668171211092 98
1739718833138 0.1933098548442888 99
1739718833163 0.08267799854727996 100
1739718833189 0.007616660361901643 101
1739718833214 0.00010198956516953785 102
1739718833239 0.005696333334540801 103
1739718833265 0.19754139690319805 104
1739718833290 7.280379398415971e-05 105
1739718833315 0.09597775566125909 106
1739718833340 0.009235172262419452 107
1739718833366 0.01837347350190276 108
1739718833393 0.0041976686308677754 109
1739718833418 0.027770630609117216 110
1739718833444 0.12741721504753178 111
1739718833469 0.08335042257981468 112
1739718833495 0.11444937699165765 113
1739718833520 0.016620085070380694 114
1739718833545 0.3192163199356006 115
1739718833571 1.0191279752960385 116
1739718833596 0.4878386270751346 117
1739718833622 0.40255513109867797 118
1739718833647 0.10241113279944451 119
1739718833672 0.15537099149505734 120
1739718833697 0.07587480893528714 121
1739718833723 0.01618629270370183 122
1739718833748 0.002384794932242173 123
1739718833773 0.030602072204779836 124
1739718833798 0.2519964459642986 125
1739718833823 0.0021358115477714814 126
1739718833848 0.31386181430778365 127
1739718833874 0.011599955140082566 128
1739718833899 0.012400972990559377 129
1739718833924 0.008351170673250958 130
1739718833950 0.013244778537196618 131
1739718833975 0.031030597547903153 132
1739718834000 0.17866471454324312 133
1739718834026 1.2612510012551734 134
1739718834051 1.1418834560374147 135
1739718834076 0.04990896081681798 136
1739718834102 0.4172728675287364 137
1739718834127 0.019810448996009058 138
1739718834153 1.3877361624676823 139
1739718834179 0.12429161875737878 140
1739718834204 0.01230585927772253 141
1739718834229 0.0066940754604983286 142
1739718834254 0.022637379866658168 143
1739718834280 0.04179706893648162 144
1739718834305 0.0637686103422255 145
1739718834330 0.07249780055496902 146
1739718834356 0.5879937195051209 147
1739718834381 0.2461054232741788 148
1739718834406 0.21267637844868237 149
1739718834431 0.393861254581908 150
1739718834457 0.03584334184524327 151
1739718834482 0.08444062220731066 152
1739718834507 0.12650397948250733 153
1739718834532 0.04879059848890143 154
1739718834557 0.008819517790076012 155
1739718834583 0.17046214039392546 156
1739718834609 0.15685278578678985 157
1739718834634 0.2215740436574283 158
1739718834659 0.44769728034490225 159
1739718834685 0.04992114295817237 160
1739718834711 0.07441239278374968 161
1739718834736 0.0003155366872692083 162
1739718834761 0.01224621999587312 163
1739718834787 0.40346911391223417 164
1739718834812 0.3700847757907784 165
1739718834837 0.06459254976487934 166
1739718834863 0.0017136929222479824 167
1739718834888 0.16316393976432206 168
1739718834914 0.21467092008078983 169
1739718834939 0.010360018683916306 170
1739718834964 0.057071847429367106 171
1739718834990 1.022162485561994 172
1739718835015 0.0903995392432309 173
1739718835041 0.5648001498012705 174
1739718835066 0.4104431842055325 175
1739718835091 0.0011383973456668948 176
1739718835117 0.01759656519941255 177
1739718835142 0.02962102496815935 178
1739718835168 0.009462778127559844 179
1739718835193 0.08434442711785242 180
1739718835219 0.20371090457310964 181
1739718835244 0.6554142700963159 182
1739718835270 0.0006954646343456359 183
1739718835296 0.06567297242684664 184
1739718835321 1.3245973736508059 185
1739718835347 0.0020388831960607766 186
1739718835373 0.23754801988571414 187
1739718835398 0.11600615310230901 188
1739718835423 0.0843509136467665 189
1739718835449 0.500563933678757 190
1739718835474 0.001774124339950819 191
1739718835501 0.2429238006028289 192
1739718835526 0.1271347569871234 193
1739718835552 0.36930906648707473 194
1739718835577 0.006966427445041851 195
1739718835603 0.41634697547164395 196
1739718835629 0.01683229497383433 197
1739718835655 0.08174395214784407 198
1739718835681 0.9305977407335976 199
1739718835706 0.006480115597631349 200
1739718835731 1.8705973681810833e-06 201
1739718835757 0.6751173365647184 202
1739718835782 0.05777194136530141 203
1739718835808 0.23607496552101584 204
1739718835833 0.001207086471237122 205
1739718835858 0.3039542967864062 206
1739718835883 0.0011039562468047655 207
1739718835909 0.4336287866774794 208
1739718835934 0.010887296621035795 209
1739718835959 0.3363997356421068 210
1739718835984 1.0196553828399757 211
1739718836009 0.6912199296928874 212
1739718836034 0.06268947099111905 213
1739718836059 0.00045194677017862893 214
1739718836084 0.02544805837384205 215
1739718836110 0.7970756892700653 216
1739718836135 0.11034125146233403 217
1739718836160 0.1371351414750043 218
1739718836186 0.009161061287955281 219
1739718836211 0.0025141778787272214 220
1739718836237 0.002821488708339086 221
1739718836262 0.027568380446090522 222
1739718836288 0.005549193408552065 223
1739718836313 0.7463858005739339 224
1739718836338 0.0283386745186631 225
1739718836364 0.07269285757190472 226
1739718836389 0.33845281384574893 227
1739718836414 0.5057506667712549 228
1739718836439 0.25633038803917885 229
1739718836464 0.039371287629303406 230
1739718836489 0.059810987485077106 231
1739718836515 6.6716916395200374e-06 232
1739718836540 0.006982875094626809 233
1739718836566 0.007603276851242219 234
1739718836591 0.2760607730570197 235
1739718836617 0.40895733895529573 236
1739718836643 0.5558617243862514 237
1739718836668 1.082444529090387 238
1739718836693 0.00010369353730343614 239
1739718836719 0.04884820544181355 240
1739718836744 0.10989226762690925 241
1739718836769 0.0004032410624231838 242
1739718836795 0.7887261520724188 243
1739718836820 0.021558579177052357 244
1739718836845 0.21960918015345535 245
1739718836870 0.023552602189522574 246
1739718836895 0.08222416914306829 247
1739718836920 0.23552663374393623 248
1739718836945 0.05707567558162975 249
1739718836970 0.0543852354270784 250
1739718836995 0.1329692094333306 251
1739718837020 0.006546658752511136 252
1739718837046 0.17675480752150752 253
1739718837071 0.13160182233733167 254
1739718837097 0.22372504282767067 255
1739718837122 0.38320651715872167 256
1739718837148 0.05931825396623418 257
1739718837173 6.66263527541613e-05 258
1739718837198 0.006108132104585849 259
1739718837224 0.019723427083070882 260
1739718837249 0.027237632540160022 261
1739718837274 0.09444715923263435 262
1739718837300 0.7045581356634574 263
1739718837325 0.08677692950740482 264
1739718837351 0.05070878914880107 265
1739718837376 0.04084969342539266 266
1739718837401 0.12433741747452114 267
1739718837427 0.11821235316546835 268
1739718837452 0.1052644347820224 269
1739718837478 0.019506858029679684 270
1739718837503 0.598384996503976 271
1739718837529 0.058522042819705265 272
1739718837554 0.2053218323832372 273
1739718837580 0.31368069574309987 274
1739718837606 0.010064325086156001 275
1739718837632 0.09250599148820733 276
1739718837657 3.7278836885306834e-05 277
1739718837682 0.13528635016339605 278
1739718837708 0.0187310994508587 279
1739718837734 0.01683925871662838 280
1739718837759 0.1304198240239671 281
1739718837785 0.007680785220992481 282
1739718837810 0.6129442286154723 283
1739718837835 0.01004089543366077 284
1739718837860 0.1389067460373268 285
1739718837885 0.49576595929780287 286
1739718837910 0.041195461442643265 287
1739718837936 0.027963449090724613 288
1739718837961 0.04636192433480078 289
1739718837987 0.15358999058273606 290
1739718838012 0.27984251829302065 291
1739718838037 0.09113254054930091 292
1739718838062 0.007950603852553206 293
1739718838087 0.003095439688085244 294
1739718838113 0.2305279106760404 295
1739718838138 0.6061566069409314 296
1739718838164 0.06196403354159594 297
1739718838189 0.3752959361922472 298
1739718838215 0.6527534472621132 299
1739718838241 0.24242191089793105 300
1739718838266 0.009475987339533108 301
1739718838291 0.015735572950673814 302
1739718838317 0.020144683546839036 303
1739718838342 0.1254066814147125 304
1739718838368 0.042666404004203254 305
1739718838393 0.06066281938824036 306
1739718838419 0.08602295368999184 307
1739718838444 0.43391212693347375 308
1739718838469 0.2969726434673647 309
1739718838494 0.559562952065099 310
1739718838519 0.08196260391871606 311
1739718838545 0.37533547245234133 312
1739718838570 0.19692913644419807 313
1739718838595 0.5893202172103333 314
1739718838620 0.061156341159475144 315
1739718838645 0.10595821057079864 316
1739718838670 0.9995829789367898 317
1739718838696 0.008606512647779046 318
1739718838721 0.00011469994652642601 319
1739718838747 0.013127854971779148 320
1739718838772 0.03540367283837175 321
1739718838797 0.3538676067211215 322
1739718838822 0.05119683456054865 323
1739718838847 0.46184394269393975 324
1739718838873 0.07357839921993369 325
1739718838898 0.041166776701586055 326
1739718838923 0.012785609721350639 327
1739718838948 0.056901779313980765 328
1739718838973 0.21224270162821807 329
1739718838999 0.17848160853342812 330
1739718839024 0.03291947305805173 331
1739718839049 0.6625985600577315 332
1739718839075 0.0001332515247146778 333
1739718839100 6.392793170223342e-05 334
1739718839126 0.045775504516264436 335
1739718839152 0.3769716922656022 336
1739718839178 0.41605162344693086 337
1739718839203 0.003914429996802171 338
1739718839229 0.0807918980740848 339
1739718839254 0.025074902433417784 340
1739718839279 0.00836645218000013 341
1739718839305 0.09623420788489304 342
1739718839330 0.11592366028556794 343
1739718839356 0.4861707293724688 344
1739718839381 0.08994718687117431 345
1739718839406 0.06128759605924123 346
1739718839432 0.3510036120101814 347
1739718839457 0.03253230794189176 348
1739718839482 0.24868906899315207 349
1739718839508 0.21843169063631007 350
1739718839533 0.2844694196626536 351
1739718839559 0.25704443087990625 352
1739718839585 1.3265365124531429e-05 353
1739718839610 0.029127538022129026 354
1739718839636 0.013968117191531211 355
1739718839662 0.23763898966456706 356
1739718839687 0.528604588350922 357
1739718839713 0.015454260270020502 358
1739718839739 0.127988105152908 359
1739718839764 0.5313784260530154 360
1739718839790 0.031679605691746916 361
1739718839815 0.042393855874533905 362
1739718839841 0.13845286708895413 363
1739718839867 0.13597953424520828 364
1739718839892 0.01840904743942508 365
1739718839917 0.011699327149908989 366
1739718839943 0.5015629129504345 367
1739718839968 0.1435990520233318 368
1739718839993 0.3041921919019375 369
1739718840018 4.413230171055929e-06 370
1739718840044 0.12640410056245258 371
1739718840069 0.5476675567227884 372
1739718840095 0.06155890542305751 373
1739718840120 0.011477767592425435 374
1739718840146 0.006024019846383274 375
1739718840171 0.2264216148043708 376
1739718840196 0.7214403074076897 377
1739718840222 0.11387257888120084 378
1739718840247 0.3511798279413512 379
1739718840273 0.7562622853907106 380
1739718840298 0.05750491502121081 381
1739718840323 0.01715796004744577 382
1739718840349 0.001244578752053206 383
1739718840374 1.0668276353444885 384
1739718840399 0.5944249420420618 385
1739718840424 0.38757825484468716 386
1739718840449 0.2180540752974726 387
1739718840474 0.2532832659449272 388
1739718840499 0.009175240433534631 389
1739718840525 0.10491557439648755 390
1739718840550 0.033424791319689 391
1739718840575 0.29350580957681094 392
1739718840600 0.18098471889631687 393
1739718840625 0.022568131862482303 394
1739718840652 0.008738359623532857 395
1739718840677 0.14342859084686752 396
1739718840703 0.2741194794565852 397
1739718840728 0.004480288205311356 398
1739718840754 0.03131448934276135 399
1739718840779 0.08979484366617643 400
1739718840804 7.374346129838808e-05 401
1739718840829 0.08399820594697827 402
1739718840855 0.03779163254561548 403
1739718840880 0.4916615760968871 404
1739718840905 0.0362071297364586 405
1739718840931 0.20368008922462047 406
1739718840956 0.1443973727424097 407
1739718840982 1.3414553259650763 408
1739718841007 0.7538831230052422 409
1739718841032 0.6230746788412306 410
1739718841058 0.018192243764109776 411
1739718841083 0.9880511309761725 412
1739718841109 0.029791520847057416 413
1739718841134 0.4721945141580592 414
1739718841160 0.32549994780975877 415
1739718841185 0.0797586204688375 416
1739718841211 0.10697607115178058 417
1739718841236 0.129189501236028 418
1739718841262 0.4542755649351807 419
1739718841287 0.9275521715415131 420
1739718841312 0.20061750027393616 421
1739718841337 0.24148130637352527 422
1739718841363 0.029738399555734506 423
1739718841388 0.020223148170838718 424
1739718841413 0.003382511298058707 425
1739718841439 0.061761288382532996 426
1739718841465 0.09299258407121161 427
1739718841490 0.025901049013993455 428
1739718841515 1.4161805582149716 429
1739718841540 0.4386498460033301 430
1739718841566 0.3192979178117264 431
1739718841591 0.21392826003467427 432
1739718841617 0.04565703996138743 433
1739718841642 0.5048106161309781 434
1739718841668 0.09918770162421879 435
1739718841693 0.01713875313327347 436
1739718841718 0.0002866905542759078 437
1739718841744 0.1534005882765522 438
1739718841769 0.0022407839393193294 439
1739718841794 0.05470384522975626 440
1739718841820 0.002751223430695478 441
1739718841846 0.008044355183578449 442
1739718841872 0.3800877147150324 443
1739718841897 0.020389760355289013 444
1739718841921 0.051697603875656986 445
1739718841946 0.07709458068960474 446
1739718841971 0.0040239257711108065 447
1739718841997 0.01684708049405441 448
1739718842022 0.12086858270456617 449
1739718842047 0.01566092101897946 450
1739718842073 0.4037096818240199 451
1739718842097 0.11784939296429707 452
1739718842123 0.037612476454228105 453
1739718842149 8.847204054993251e-05 454
1739718842174 0.049671136437127374 455
1739718842199 0.003504914635656246 456
1739718842224 0.0024179837235994575 457
1739718842249 0.04975598494421661 458
1739718842275 0.002399241382461416 459
1739718842300 0.13045325275178385 460
1739718842325 2.1515935826900943e-05 461
1739718842350 0.46818844022688927 462
1739718842375 0.0644612670121717 463
1739718842400 0.001446179215612736 464
1739718842425 0.06214721522302541 465
1739718842450 0.31641288334306666 466
1739718842475 1.3157219939056362 467
1739718842500 0.29901434619300127 468
1739718842525 0.015793040591507157 469
1739718842550 0.05533536626325541 470
1739718842575 0.08292228428486052 471
1739718842600 0.7336431854560896 472
1739718842626 0.6595736689708858 473
1739718842652 0.000697636019611633 474
1739718842677 0.12377452150519609 475
1739718842703 0.44776106541497507 476
1739718842728 0.006635849218352356 477
1739718842753 1.125528208820629 478
1739718842778 0.3407177366535259 479
1739718842806 0.0018628142439357895 480
1739718842831 0.04374523153190744 481
1739718842856 0.2578392628874303 482
1739718842881 0.16826791585760506 483
1739718842906 0.1486562634119504 484
1739718842931 0.21457215389884074 485
1739718842956 0.052690210913653564 486
1739718842982 0.013415574325306616 487
1739718843008 0.0007051965241727211 488
1739718843033 0.2587798644408169 489
1739718843058 0.754821450629349 490
1739718843083 0.049531449673572425 491
1739718843109 6.91962647363661e-05 492
1739718843134 0.0786851502117893 493
1739718843160 0.0008475798668291212 494
1739718843186 0.4405540440514588 495
1739718843218 0.015234824467200111 496
1739718843243 0.036825634290139235 497
1739718843270 0.3043206272970944 498
1739718843299 0.017908882017639884 499
