1739718771929 0.26474797390772853 0
1739718771961 0.17049267681626085 1
1739718771992 0.02840182734489232 2
1739718772024 0.0927394648445098 3
1739718772055 0.06964959008437444 4
1739718772087 0.0005034690539460887 5
1739718772119 0.2891132628303999 6
1739718772150 0.042764640175762265 7
1739718772182 0.1610134775807096 8
1739718772213 0.32553568728481075 9
1739718772244 0.10405786889116676 10
1739718772275 0.014968816287096265 11
1739718772307 0.17958353047860787 12
1739718772338 0.02544386471285997 13
1739718772369 0.01963131217344209 14
1739718772400 0.060212639376139604 15
1739718772431 0.0008676409262085343 16
1739718772463 0.09074823545919307 17
1739718772494 0.0481563880388408 18
1739718772526 0.09402841875670927 19
1739718772558 0.049720065126643356 20
1739718772590 0.025545688036184993 21
1739718772622 0.01696147982438661 22
1739718772654 0.06960949417935018 23
1739718772686 0.027172128551233243 24
1739718772718 0.021323389436660716 25
1739718772749 0.026205554956974263 26
1739718772781 0.13358550730109398 27
1739718772812 0.06917747838215238 28
1739718772844 0.008294745142196814 29
1739718772876 0.4815575040529394 30
1739718772908 0.05989582471878749 31
1739718772939 0.0025328527576430715 32
1739718772971 0.10950740799494016 33
1739718773003 0.08140335680738825 34
1739718773034 0.04457540859456101 35
1739718773066 0.06029738124104223 36
1739718773097 0.00024088323218434275 37
1739718773129 0.42436171126413275 38
1739718773161 0.3053631280060177 39
1739718773193 0.08557797378914768 40
1739718773224 0.03788332327166372 41
1739718773255 0.046132742185241285 42
1739718773286 0.06238588276838255 43
1739718773317 0.010473605814237442 44
1739718773349 0.025343576781115366 45
1739718773380 0.12310951314938985 46
1739718773411 1.0452887627574061 47
1739718773442 0.03193493684634825 48
1739718773473 0.0005931120620644742 49
1739718773505 0.020806633699161796 50
1739718773536 0.07444752575195586 51
1739718773567 0.021367315850952428 52
1739718773599 0.006829118628667134 53
1739718773630 0.034244290993539706 54
1739718773661 0.02448996217720519 55
1739718773693 0.005492889247868728 56
1739718773724 0.3445468411488984 57
1739718773755 0.04466030000285668 58
1739718773787 0.0007521310197141613 59
1739718773819 0.0577684164193557 60
1739718773851 0.017300013440024728 61
1739718773882 0.0015586997395094036 62
1739718773913 0.0295503453403708 63
1739718773945 0.0006224566825634187 64
1739718773977 0.003204064456968122 65
1739718774009 0.013915548087876038 66
1739718774040 0.1432936782137157 67
1739718774074 1.0635373575813496 68
1739718774106 1.3213547451084848e-06 69
1739718774138 0.001869816163678833 70
1739718774169 0.2244984833803151 71
1739718774201 0.05561927769295993 72
1739718774233 0.036658068848815506 73
1739718774264 0.11918338280322169 74
1739718774296 0.05720687411912271 75
1739718774327 0.5325516483307764 76
1739718774359 0.0010410613672175045 77
1739718774390 0.156624217272382 78
1739718774421 0.0007458497212865285 79
1739718774453 0.15081758814554436 80
1739718774483 0.6539586942851542 81
1739718774515 0.006814006622494095 82
1739718774546 0.08764544046307844 83
1739718774578 0.014343462373627155 84
1739718774609 0.053450987893316974 85
1739718774641 0.00702255772237127 86
1739718774672 0.0726640162740529 87
1739718774703 0.06599152551720451 88
1739718774735 0.11472192865492283 89
1739718774766 0.048517097196453265 90
1739718774798 0.10169822031355313 91
1739718774829 0.05566227127009022 92
1739718774860 0.0034151024292094975 93
1739718774892 0.0034900323926220804 94
1739718774923 0.024287654111977895 95
1739718774954 0.2491875958788244 96
1739718774986 0.0001257790193816879 97
1739718775017 0.13245056734535665 98
1739718775049 0.0009098269530208225 99
1739718775080 0.39462641126396025 100
1739718775112 0.04779890168068395 101
1739718775144 0.03362245424352023 102
1739718775175 0.000288410983013449 103
1739718775206 0.0010900215345985014 104
1739718775239 0.0035323473637837244 105
1739718775270 0.05588140363928353 106
1739718775302 0.003209633103648293 107
1739718775334 0.05648968372486616 108
1739718775366 0.696214956117799 109
1739718775398 0.644267961781015 110
1739718775429 0.46221576439779705 111
1739718775460 0.00012314065727105937 112
1739718775492 0.004077677199762072 113
1739718775523 0.0071336173666045844 114
1739718775555 0.041311581260939007 115
1739718775585 0.09176976883511281 116
1739718775617 0.3996146628119573 117
1739718775649 0.024985058210631596 118
1739718775681 0.13034592384154386 119
1739718775712 0.02929985882547989 120
1739718775744 0.09712044252863214 121
1739718775776 0.0025614912436142992 122
1739718775807 0.029726773883468987 123
1739718775839 0.002882988393901193 124
1739718775870 0.014795662428381559 125
1739718775902 0.0389145455823386 126
1739718775933 0.42150692418031915 127
1739718775965 0.06639684865289362 128
1739718775996 0.07673781872167312 129
1739718776028 0.05526092382508237 130
1739718776059 0.08515212221820778 131
1739718776091 0.11707478406152617 132
1739718776122 0.18158993008748817 133
1739718776154 0.0005140315122482494 134
1739718776186 0.03666735662185821 135
1739718776218 0.02403754828388247 136
1739718776249 0.046361763366573945 137
1739718776281 0.013994344032348853 138
1739718776312 0.2857460757560404 139
1739718776344 0.128635339619391 140
1739718776375 0.4152337442795528 141
1739718776406 0.15741502826773898 142
1739718776438 0.18040497879182157 143
1739718776468 0.042069262371166025 144
1739718776500 0.0019343838314803033 145
1739718776531 0.08638160272520032 146
1739718776562 0.11249465896482262 147
1739718776594 0.05040576439085929 148
1739718776625 0.0002926192426480063 149
1739718776657 0.02076607771753739 150
1739718776688 0.02575656744916426 151
1739718776720 0.06489424743306202 152
1739718776751 0.26487743513768747 153
1739718776783 0.2261566503956381 154
1739718776814 0.005681626087582643 155
1739718776845 0.15601857286182674 156
1739718776876 0.009568159575294596 157
1739718776907 0.032104375543422256 158
1739718776938 0.7493420116569057 159
1739718776969 0.00023533072110530807 160
1739718777000 0.0392159660682797 161
1739718777032 0.03183070599593776 162
1739718777063 0.22077573787564864 163
1739718777094 0.0057191946085398526 164
1739718777126 0.04577251381090607 165
1739718777157 0.2333084759908803 166
1739718777189 0.004731874189731332 167
1739718777220 0.17443227619762783 168
1739718777252 0.11791948351226698 169
1739718777283 0.09618195558230871 170
1739718777314 0.07888770439414468 171
1739718777345 0.11939015952860561 172
1739718777377 0.06506900566475107 173
1739718777408 0.058136113235447984 174
1739718777440 0.03415766930289533 175
1739718777471 0.07745281058028769 176
1739718777502 0.03656647268491875 177
1739718777534 0.033764453224302035 178
1739718777565 0.017312708845036013 179
1739718777597 0.14323771700756466 180
1739718777628 7.513951666693925e-09 181
1739718777660 0.17497718322032896 182
1739718777692 0.06508506728440923 183
1739718777723 0.09658848924337572 184
1739718777755 0.017311643945118013 185
1739718777786 0.00011853453526873969 186
1739718777817 0.0033516375592295942 187
1739718777849 0.23045592962328101 188
1739718777880 0.21018727397610046 189
1739718777912 0.040073868465839796 190
1739718777944 0.25984616187632015 191
1739718777975 0.0005080924488690411 192
1739718778007 0.0030529611145116036 193
1739718778039 0.006007022227800302 194
1739718778070 0.030174594428001928 195
1739718778102 0.07362868820530336 196
1739718778133 0.11907031442232743 197
1739718778165 0.11184080532684229 198
1739718778196 0.05183690300382211 199
1739718778228 0.08394752349236889 200
1739718778260 0.02203218430134429 201
1739718778291 0.6963235684705378 202
1739718778324 0.16128713348773757 203
1739718778356 0.12133204476280894 204
1739718778387 0.1752607585682895 205
1739718778419 0.04632784157334989 206
1739718778451 0.041384498844424876 207
1739718778482 1.2434620067915454 208
1739718778514 0.01227248603830449 209
1739718778546 0.3458731899912709 210
1739718778577 0.015870719191316128 211
1739718778609 0.008607394638192913 212
1739718778641 0.00025384357402184933 213
1739718778673 0.26061647715855873 214
1739718778704 0.0030962610309137133 215
1739718778736 0.027962948481350607 216
1739718778768 0.00989353444794663 217
1739718778799 0.016213665459174492 218
1739718778831 0.2003524207516497 219
1739718778862 0.02918823125039876 220
1739718778893 0.3043238162225979 221
1739718778925 0.032339252696590444 222
1739718778956 0.05968600183268318 223
1739718778987 0.01466142394843985 224
1739718779018 0.007178136066570558 225
1739718779050 0.0636344722059436 226
1739718779082 0.18054679805787693 227
1739718779113 0.044227978638151574 228
1739718779146 0.020362783168086686 229
1739718779177 0.10550803786925667 230
1739718779209 0.03617650370255586 231
1739718779240 0.03352647787579402 232
1739718779272 0.050295993182860266 233
1739718779303 0.01632167070850742 234
1739718779334 0.22483461682998532 235
1739718779366 0.03193907034440227 236
1739718779398 0.09156956701009134 237
1739718779429 0.03602669566053566 238
1739718779460 0.006987171458372409 239
1739718779491 0.254175178760916 240
1739718779523 0.07001917580321389 241
1739718779554 0.003113565717261911 242
1739718779585 0.17478015258618404 243
1739718779617 0.03641159223824947 244
1739718779649 0.02608447081736181 245
1739718779680 0.010460656329237728 246
1739718779712 0.03251498612333553 247
1739718779744 0.005599617559165116 248
1739718779776 0.3370920520664054 249
1739718779807 0.03150395293902759 250
1739718779839 0.0720470707807808 251
1739718779871 0.0016275453089422227 252
1739718779902 0.0071134861650600486 253
1739718779934 0.30340540793089443 254
1739718779965 0.071696657706094 255
1739718779997 0.019532566573026388 256
1739718780029 0.008384396708380863 257
1739718780061 0.006285744855749264 258
1739718780092 0.01431787732260391 259
1739718780124 0.05987168870231708 260
1739718780156 0.05063623124959209 261
1739718780188 0.08570309862953934 262
1739718780219 0.0004145408138376075 263
1739718780251 0.040253361068958646 264
1739718780284 0.030953521583706855 265
1739718780316 0.09040175020265324 266
1739718780348 0.06386076421143068 267
1739718780380 0.003906329437280486 268
1739718780412 0.08228501832254541 269
1739718780444 0.025542737558658334 270
1739718780476 0.023964780158991558 271
1739718780507 0.06099742223623537 272
1739718780538 0.0054209230131962065 273
1739718780570 0.02536786439252145 274
1739718780601 0.0142626676137466 275
1739718780633 0.14638436456454812 276
1739718780665 0.22881769029949986 277
1739718780696 0.44710157434825715 278
1739718780727 0.022101395079147566 279
1739718780759 0.13785495114060156 280
1739718780790 0.10603100985626597 281
1739718780821 0.058824452040254833 282
1739718780853 0.06522669315717602 283
1739718780884 0.014267012326591897 284
1739718780916 0.13075747735600687 285
1739718780948 0.024600856088590414 286
1739718780980 0.12754062720342113 287
1739718781011 0.07184975711461675 288
1739718781043 0.014654972843524877 289
1739718781075 0.021873432328440547 290
1739718781106 0.0003363147000953343 291
1739718781138 0.11911004164181645 292
1739718781170 0.4370703071299515 293
1739718781201 0.0456250391093988 294
1739718781232 0.023764458707825502 295
1739718781264 0.08431307986203937 296
1739718781295 0.009818026589609261 297
1739718781326 0.06350923451787811 298
1739718781357 0.014465168509436818 299
1739718781389 0.025744616159159937 300
1739718781421 0.06249807225164136 301
1739718781452 0.006775223210678836 302
1739718781484 0.16982494490632258 303
1739718781515 0.010554090450423185 304
1739718781546 0.07242872260817242 305
1739718781578 0.05573558897444641 306
1739718781610 0.11488942972006706 307
1739718781641 0.1365508997277925 308
1739718781673 1.4643866998927687e-06 309
1739718781704 0.06654974575915872 310
1739718781736 0.12826231552260484 311
1739718781767 0.25932847243350254 312
1739718781799 0.0003398067987712891 313
1739718781830 0.017653208454322184 314
1739718781862 0.133259939586742 315
1739718781894 0.2507757988645424 316
1739718781926 0.23560520151644443 317
1739718781957 0.14421529316247558 318
1739718781989 0.02040573737903357 319
1739718782021 0.3479968053797174 320
1739718782052 0.0232679748370994 321
1739718782083 0.08274069641949269 322
1739718782115 0.0035238760767017964 323
1739718782146 0.0009775431687123613 324
1739718782178 0.04555875247543686 325
1739718782210 0.06904243163072156 326
1739718782242 0.026405371565347127 327
1739718782273 0.012627677856354349 328
1739718782305 0.006628989968752242 329
1739718782337 0.05424811941002268 330
1739718782369 0.17714171971552956 331
1739718782401 0.0688829548605527 332
1739718782432 0.03951695727490624 333
1739718782464 0.0757088752290032 334
1739718782495 0.04994770831073712 335
1739718782528 0.044894867975207364 336
1739718782559 0.06988968962731106 337
1739718782591 3.870945797487685e-07 338
1739718782622 0.00423757272258961 339
1739718782655 0.0339914886607037 340
1739718782686 0.10373514491510454 341
1739718782718 0.03226478632363033 342
1739718782750 0.016117875617506626 343
1739718782781 0.7144031553366909 344
1739718782812 1.0681128685999468 345
1739718782843 0.040457066910255114 346
1739718782874 0.03779394775496702 347
1739718782906 0.06300510885957422 348
1739718782937 0.0004522041348575003 349
1739718782968 0.023391792547719066 350
1739718783000 0.06719524319693701 351
1739718783031 2.090111354906603e-05 352
1739718783063 0.002949065414314675 353
1739718783101 0.04491523060203092 354
1739718783133 0.04328112508791735 355
1739718783169 0.3481382796669683 356
1739718783202 0.125523726195088 357
1739718783235 0.44445858231109936 358
1739718783267 0.1427155351515186 359
1739718783299 0.0007019247658860444 360
1739718783330 0.010084339856200148 361
1739718783362 0.024133928820504403 362
1739718783394 0.09980305696686506 363
1739718783426 0.07379895947616791 364
1739718783457 0.06491157265826163 365
1739718783489 0.016410505068648416 366
1739718783521 0.019523105580648743 367
1739718783552 0.04857726549879177 368
1739718783583 0.004902804824367769 369
1739718783615 0.31646935156397016 370
1739718783647 0.02686322129536996 371
1739718783679 0.001109762339106182 372
1739718783711 7.967345236500365e-05 373
1739718783742 0.00733202553041696 374
1739718783774 0.3186265810189224 375
1739718783805 0.03803044169269222 376
1739718783836 0.14764732822312143 377
1739718783867 0.07730847597063378 378
1739718783899 0.017884656591607425 379
1739718783930 0.004824094085071883 380
1739718783961 0.03091348001061381 381
1739718783993 0.07097862802867687 382
1739718784024 0.04010560915457699 383
1739718784055 0.015188756646667939 384
1739718784086 0.01697991856846651 385
1739718784118 0.03846145189623537 386
1739718784150 4.399452909597538e-05 387
1739718784181 0.03526301433061002 388
1739718784213 0.10126607043290452 389
1739718784245 0.02013903750586022 390
1739718784277 0.05866637973070856 391
1739718784308 0.0001474825446576093 392
1739718784339 0.03450796487320109 393
1739718784371 0.19146585007453412 394
1739718784402 0.11131203777912431 395
1739718784433 0.004104437454226148 396
1739718784465 0.011447688234972681 397
1739718784497 0.39723455266650765 398
1739718784528 0.08040469216923932 399
1739718784559 0.002614363164945317 400
1739718784591 0.024446926897696588 401
1739718784622 0.09990294899713098 402
1739718784655 0.11343289522572945 403
1739718784687 0.00028383350823722 404
1739718784719 0.02657046931743303 405
1739718784750 0.09448565862612404 406
1739718784782 0.34049187219409577 407
1739718784814 0.01970461821714341 408
1739718784845 0.029161215710297148 409
1739718784877 1.1452634564438567e-05 410
1739718784909 0.0003786303859347855 411
1739718784941 0.12205558843102292 412
1739718784972 0.017013230624961462 413
1739718785004 0.00023985283984646145 414
1739718785035 0.22145741539629527 415
1739718785067 0.32804776661735346 416
1739718785098 0.004659473529144263 417
1739718785130 0.16964727799492377 418
1739718785161 0.0011279227316557023 419
1739718785193 0.20793993380557813 420
1739718785225 0.00011132079687019053 421
1739718785256 0.04946731092512025 422
1739718785288 0.1433565251706072 423
1739718785320 0.0485241901334147 424
1739718785351 0.1587946470534109 425
1739718785382 0.12181718115556665 426
1739718785414 0.030245567950115196 427
1739718785445 0.708532083617827 428
1739718785476 0.006140772160822686 429
1739718785508 0.10738352215740456 430
1739718785539 0.5732078999602221 431
1739718785571 0.10486189770643653 432
1739718785602 0.037691814550970607 433
1739718785634 0.06870957643335437 434
1739718785666 0.0040183810609051105 435
1739718785698 0.09283228697167949 436
1739718785730 0.00217837017997781 437
1739718785762 0.02444041286104427 438
1739718785794 0.014714919326607108 439
1739718785827 0.028313663029223456 440
1739718785860 0.06448584383394411 441
1739718785892 0.0009143096077585394 442
1739718785924 0.13049773619439753 443
1739718785957 0.10059666697693251 444
1739718785989 0.09802195993265261 445
1739718786022 0.5945535612262477 446
1739718786054 0.0028145350995092628 447
1739718786086 0.0019778377293520467 448
1739718786119 0.05054336950900851 449
1739718786152 0.09578354868535209 450
1739718786184 0.11378502446355737 451
1739718786216 0.048282581496592474 452
1739718786248 0.5201042164182301 453
1739718786280 0.0104134692480997 454
1739718786313 0.04070281875493296 455
1739718786345 0.08927495940889862 456
1739718786377 0.016088039925632073 457
1739718786409 0.3607945436432795 458
1739718786441 0.009134259771389992 459
1739718786474 0.0007488392168724442 460
1739718786506 0.004770292964006807 461
1739718786538 0.4584582836079202 462
1739718786569 0.06213280072405556 463
1739718786601 0.12375020132654418 464
1739718786633 0.20019401178818547 465
1739718786664 0.020633815578608657 466
1739718786698 0.006386321594483432 467
1739718786729 0.007680473379360781 468
1739718786761 0.02838463042478077 469
1739718786793 0.0003601065707221272 470
1739718786824 0.00013181826664238115 471
1739718786856 0.04070044614388625 472
1739718786888 0.5230689207264888 473
1739718786920 0.1819211356739467 474
1739718786952 0.011538849095115046 475
1739718786983 0.13771285021659904 476
1739718787014 0.009083618431615547 477
1739718787045 0.010290326564840925 478
1739718787077 0.04953214954719235 479
1739718787108 0.10227568793894648 480
1739718787140 0.019523915340621343 481
1739718787171 0.0038472119954178607 482
1739718787203 0.0013787536098246768 483
1739718787235 0.015774515261831972 484
1739718787265 0.101183765628771 485
1739718787297 0.28260463601626423 486
1739718787329 0.0006233238803032215 487
1739718787360 0.011461636444767399 488
1739718787392 0.044859144796217 489
1739718787424 0.005655504011925326 490
1739718787456 0.004244103050838012 491
1739718787487 0.0013850697027088562 492
1739718787518 0.07547511613732595 493
1739718787549 0.07563121791680805 494
1739718787580 0.12290334236272238 495
1739718787612 0.07814420261470831 496
1739718787644 0.024473385260095917 497
1739718787676 0.29735435392746556 498
1739718787707 1.4531172554506062e-05 499
