1739718065271 88.39917945401962 0
1739718065300 40.12273477425574 1
1739718065327 26.479011792656856 2
1739718065354 14.816501108282736 3
1739718065381 11.222185101626861 4
1739718065407 5.481030907450634 5
1739718065434 7.803624708039483 6
1739718065461 9.48748731946099 7
1739718065489 5.991946614867005 8
1739718065516 3.5220481264942602 9
1739718065543 4.918242093454331 10
1739718065569 2.5270243248459137 11
1739718065597 10.076333605426058 12
1739718065624 3.723943024031055 13
1739718065650 4.32375046804208 14
1739718065677 7.50484616154345 15
1739718065703 5.520644376752652 16
1739718065730 2.090066274614795 17
1739718065758 4.904423380202249 18
1739718065786 4.6169143429471955 19
1739718065814 5.008384784742097 20
1739718065842 5.153418673127386 21
1739718065870 5.7814164466831475 22
1739718065898 4.400774634893386 23
1739718065926 6.208516557302415 24
1739718065954 5.819779432064433 25
1739718065982 4.5000314593160615 26
1739718066009 5.5221747665164855 27
1739718066037 5.5558432960136 28
1739718066067 2.4272833243729983 29
1739718066095 5.78730427118664 30
1739718066123 5.470274793976089 31
