1739714717998 169.71003452362734 0
1739714718005 169.67346642706127 1
1739714718011 169.6369235622205 2
1739714718017 169.60040579302296 3
1739714718022 169.5639129844041 4
1739714718027 169.52744500230853 5
1739714718033 169.49100171368255 6
1739714718038 169.45458298646645 7
1739714718044 169.41818868958694 8
1739714718049 169.3818186929494 9
1739714718055 169.3454728674306 10
1739714718060 169.30915108487108 11
1739714718065 169.2728532180678 12
1739714718070 169.2365791407669 13
1739714718075 169.20032872765643 14
1739714718080 169.16410185435893 15
1739714718085 169.12789839742453 16
1739714718089 169.0917182343236 17
1739714718094 169.05556124343994 18
1739714718099 169.01942730406353 19
1739714718105 168.9833162963838 20
1739714718110 168.9472281014827 21
1739714718115 168.91116260132776 22
1739714718120 168.87511967876534 23
1739714718124 168.839099217514 24
1739714718130 168.8031011021577 25
1739714718135 168.7671252181392 26
1739714718139 168.73117145175365 27
1739714718144 168.6952396901417 28
1739714718149 168.65932982128342 29
1739714718155 168.62344173399163 30
1739714718160 168.58757531790562 31
1739714718165 168.5517304634848 32
1739714718170 168.51590706200244 33
1739714718175 168.48010500553937 34
1739714718181 168.44432418697784 35
1739714718186 168.40856449999555 36
1739714718192 168.37282583905932 37
1739714718197 168.33710809941914 38
1739714718203 168.30141117710212 39
1739714718208 168.26573496890677 40
1739714718214 168.23007937239692 41
1739714718219 168.19444428589583 42
1739714718224 168.1588296084804 43
1739714718229 168.12323523997557 44
1739714718234 168.08766108094838 45
1739714718239 168.0521070327025 46
1739714718243 168.01657299727242 47
1739714718248 167.98105887741792 48
1739714718253 167.9455645766186 49
1739714718258 167.91008999906836 50
1739714718263 167.87463504966973 51
1739714718268 167.83919963402883 52
1739714718273 167.8037836584497 53
1739714718278 167.76838702992904 54
1739714718283 167.733009656151 55
1739714718289 167.69765144548177 56
1739714718294 167.6623123069646 57
1739714718299 167.62699215031435 58
1739714718304 167.5916908859126 59
1739714718309 167.55640842480247 60
1739714718314 167.5211446786834 61
1739714718319 167.48589955990653 62
1739714718324 167.45067298146932 63
1739714718329 167.4154648570109 64
1739714718334 167.38027510080695 65
1739714718339 167.3451036277651 66
1739714718344 167.30995035341974 67
1739714718349 167.27481519392768 68
1739714718354 167.23969806606303 69
1739714718359 167.20459888721265 70
1739714718364 167.16951757537151 71
1739714718369 167.134454049138 72
1739714718374 167.09940822770923 73
1739714718378 167.0643800308767 74
1739714718383 167.02936937902152 75
1739714718387 166.99437619311 76
1739714718392 166.95940039468928 77
1739714718397 166.9244419058828 78
1739714718402 166.8895006493859 79
1739714718406 166.85457654846155 80
1739714718412 166.8196695269359 81
1739714718417 166.7847795091941 82
1739714718422 166.74990642017596 83
1739714718427 166.71505018537175 84
1739714718432 166.68021073081806 85
1739714718440 166.64538798309349 86
1739714718447 166.61058186931473 87
1739714718452 166.5757923171322 88
1739714718458 166.54101925472625 89
1739714718463 166.506262610803 90
1739714718471 166.4715223145903 91
1739714718478 166.43679829583374 92
1739714718484 166.40209048479284 93
1739714718489 166.3673988122371 94
1739714718495 166.33272320944198 95
1739714718500 166.29806360818517 96
1739714718506 166.26341994074278 97
1739714718511 166.22879213988543 98
1739714718517 166.1941801388746 99
1739714718522 166.15958387145892 100
1739714718528 166.12500327187038 101
1739714718533 166.09043827482057 102
1739714718538 166.0558888154972 103
1739714718543 166.02135482956052 104
1739714718549 165.98683625313944 105
1739714718554 165.9523330228282 106
1739714718559 165.91784507568295 107
1739714718564 165.8833723492177 108
1739714718570 165.8489147814015 109
1739714718575 165.81447231065465 110
1739714718580 165.78004487584516 111
1739714718585 165.74563241628564 112
1739714718590 165.71123487172963 113
1739714718595 165.6768521823685 114
1739714718600 165.64248428882794 115
1739714718605 165.60813113216477 116
1739714718611 165.5737926538636 117
1739714718616 165.53946879583364 118
1739714718621 165.50515950040537 119
1739714718627 165.4708647103275 120
1739714718632 165.43658436876368 121
1739714718638 165.4023184192893 122
1739714718644 165.3680668058885 123
1739714718650 165.33382947295098 124
1739714718656 165.29960636526897 125
1739714718661 165.26539742803413 126
1739714718666 165.23120260683456 127
1739714718671 165.1970218476517 128
1739714718676 165.16285509685756 129
1739714718681 165.12870230121146 130
1739714718686 165.09456340785727 131
1739714718691 165.0604383643205 132
1739714718696 165.0263271185054 133
1739714718701 164.99222961869197 134
1739714718705 164.9581458135333 135
1739714718710 164.92407565205258 136
1739714718716 164.8900190836403 137
1739714718721 164.85597605805168 138
1739714718726 164.82194652540358 139
1739714718731 164.78793043617202 140
1739714718736 164.75392774118933 141
1739714718741 164.71993839164142 142
1739714718745 164.6859623390653 143
1739714718750 164.65199953534616 144
1739714718755 164.6180499327149 145
1739714718760 164.58411348374557 146
1739714718764 164.55019014135243 147
1739714718769 164.51627985878778 148
1739714718774 164.48238258963926 149
1739714718779 164.44849828782716 150
1739714718784 164.41462690760216 151
1739714718788 164.3807684035425 152
1739714718793 164.34692273055188 153
1739714718798 164.3130898438568 154
1739714718803 164.279269699004 155
1739714718808 164.24546225185836 156
1739714718814 164.21166745859998 157
1739714718819 164.1778852757225 158
1739714718824 164.14411566003008 159
1739714718830 164.11035856863543 160
1739714718835 164.07661395895732 161
1739714718840 164.04288178871835 162
1739714718844 164.00916201594256 163
1739714718849 163.97545459895323 164
1739714718854 163.9417594963706 165
1739714718860 163.90807666710958 166
1739714718865 163.87440607037763 167
1739714718870 163.8407476656724 168
1739714718875 163.8071014127797 169
1739714718880 163.77346727177118 170
1739714718884 163.73984520300232 171
1739714718889 163.70623516710998 172
1739714718894 163.67263712501082 173
1739714718899 163.63905103789864 174
1739714718904 163.60547686724254 175
1739714718909 163.5719145747849 176
1739714718915 163.5383641225391 177
1739714718921 163.50482547278773 178
1739714718926 163.4712985880804 179
1739714718932 163.4377834312317 180
1739714718937 163.40427996531932 181
1739714718942 163.37078815368204 182
1739714718947 163.33730795991767 183
1739714718952 163.3038393478811 184
1739714718960 163.2703822816826 185
1739714718965 163.23693672568552 186
1739714718970 163.20350264450468 187
1739714718974 163.1700800030044 188
1739714718980 163.13666876629642 189
1739714718986 163.10326889973837 190
1739714718992 163.0698803689318 191
1739714718997 163.03650313972005 192
1739714719002 163.0031371781869 193
1739714719007 162.96978245065446 194
1739714719012 162.93643892368146 195
1739714719017 162.9031065640614 196
1739714719023 162.86978533882095 197
1739714719028 162.83647521521794 198
1739714719033 162.8031761607399 199
1739714719038 162.7698881431022 200
1739714719045 162.7366111302462 201
1739714719053 162.7033450903378 202
1739714719059 162.67008999176556 203
1739714719065 162.63684580313924 204
1739714719071 162.60361249328778 205
1739714719076 162.5703900312581 206
1739714719083 162.53717838631306 207
1739714719088 162.50397752793012 208
1739714719094 162.47078742579944 209
1739714719099 162.43760804982276 210
1739714719104 162.40443937011113 211
1739714719109 162.3712813569841 212
1739714719115 162.33813398096746 213
1739714719120 162.30499721279213 214
1739714719125 162.27187102339255 215
1739714719130 162.23875538390496 216
1739714719134 162.20565026566615 217
1739714719139 162.1725556402116 218
1739714719145 162.1394714792746 219
1739714719151 162.1063977547839 220
1739714719156 162.0733344388631 221
1739714719161 162.04028150382862 222
1739714719166 162.0072389221885 223
1739714719171 161.97420666664087 224
1739714719176 161.9411847100726 225
1739714719181 161.90817302555783 226
1739714719186 161.87517158635657 227
1739714719191 161.84218036591332 228
1739714719201 161.80919933785574 229
1739714719208 161.77622847599307 230
1739714719213 161.7432677543151 231
1739714719219 161.71031714699058 232
1739714719224 161.67737662836595 233
1739714719229 161.64444617296385 234
1739714719234 161.6115257554822 235
1739714719240 161.57861535079243 236
1739714719244 161.54571493393854 237
1739714719249 161.51282448013555 238
1739714719254 161.47994396476844 239
1739714719259 161.44707336339061 240
1739714719264 161.41421265172292 241
1739714719269 161.38136180565223 242
1739714719274 161.34852080123022 243
1739714719279 161.31568961467215 244
1739714719285 161.28286822235572 245
1739714719289 161.2500566008197 246
1739714719294 161.2172547267629 247
1739714719299 161.1844625770428 248
1739714719304 161.15168012867449 249
1739714719308 161.11890735882946 250
1739714719314 161.08614424483434 251
1739714719319 161.05339076416996 252
1739714719324 161.02064689447 253
1739714719330 160.98791261351988 254
1739714719335 160.95518789925572 255
1739714719339 160.92247272976311 256
1739714719344 160.8897670832761 257
1739714719349 160.85707093817598 258
1739714719354 160.82438427299022 259
1739714719359 160.7917070663914 260
1739714719364 160.7590392971963 261
1739714719368 160.72638094436434 262
1739714719373 160.69373198699702 263
1739714719378 160.6610924043367 264
1739714719383 160.6284621757654 265
1739714719388 160.5958412808039 266
1739714719393 160.56322969911076 267
1739714719398 160.53062741048115 268
1739714719403 160.49803439484592 269
1739714719408 160.46545063227052 270
1739714719413 160.43287610295417 271
1739714719418 160.40031078722862 272
1739714719423 160.3677546655573 273
1739714719428 160.3352077185344 274
1739714719433 160.30266992688382 275
1739714719438 160.27014127145813 276
1739714719443 160.23762173323777 277
1739714719448 160.2051112933299 278
1739714719453 160.17260993296776 279
1739714719458 160.1401176335094 280
1739714719463 160.10763437643703 281
1739714719467 160.07516014335582 282
1739714719472 160.04269491599334 283
1739714719477 160.01023867619824 284
1739714719483 159.97779140593977 285
1739714719487 159.94535308730644 286
1739714719492 159.91292370250557 287
1739714719497 159.88050323386216 288
1739714719502 159.84809166381805 289
1739714719507 159.81568897493102 290
1739714719512 159.78329514987405 291
1739714719517 159.7509101714344 292
1739714719522 159.71853402251273 293
1739714719527 159.68616668612225 294
1739714719532 159.653808145388 295
1739714719537 159.6214583835459 296
1739714719542 159.589117383942 297
1739714719547 159.5567851300316 298
1739714719552 159.52446160537858 299
1739714719556 159.49214679365429 300
1739714719561 159.45984067863714 301
1739714719566 159.4275432442116 302
1739714719571 159.39525447436742 303
1739714719576 159.3629743531988 304
1739714719581 159.33070286490383 305
1739714719586 159.2984399937835 306
1739714719591 159.26618572424104 307
1739714719596 159.23394004078108 308
1739714719601 159.20170292800907 309
1739714719606 159.1694743706304 310
1739714719611 159.1372543534497 311
1739714719616 159.10504286137 312
1739714719621 159.0728398793923 313
1739714719626 159.04064539261444 314
1739714719631 159.00845938623064 315
1739714719636 158.97628184553096 316
1739714719641 158.94411275590005 317
1739714719647 158.91195210281703 318
1739714719652 158.87979987185437 319
1739714719657 158.84765604867755 320
1739714719662 158.81552061904398 321
1739714719666 158.7833935688027 322
1739714719671 158.75127488389353 323
1739714719676 158.71916455034636 324
1739714719681 158.68706255428057 325
1739714719686 158.6549688819044 326
1739714719691 158.62288351951406 327
1739714719696 158.59080645349346 328
1739714719701 158.55873767031323 329
1739714719706 158.52667715653033 330
1739714719711 158.49462489878718 331
1739714719716 158.46258088381126 332
1739714719721 158.43054509841429 333
1739714719727 158.39851752949178 334
1739714719732 158.36649816402223 335
1739714719737 158.33448698906673 336
1739714719742 158.30248399176818 337
1739714719747 158.27048915935077 338
1739714719752 158.23850247911938 339
1739714719757 158.20652393845893 340
1739714719761 158.17455352483387 341
1739714719766 158.14259122578758 342
1739714719771 158.11063702894174 343
1739714719777 158.07869092199581 344
1739714719782 158.0467528927264 345
1739714719786 158.0148229289868 346
1739714719791 157.98290101870634 347
1739714719796 157.95098714988984 348
1739714719801 157.9190813106171 349
1739714719806 157.8871834890422 350
1739714719811 157.85529367339325 351
1739714719816 157.8234118519716 352
1739714719821 157.79153801315132 353
1739714719826 157.75967214537886 354
1739714719831 157.72781423717223 355
1739714719836 157.6959642771207 356
1739714719841 157.66412225388436 357
1739714719846 157.6322881561931 358
1739714719850 157.60046197284683 359
1739714719855 157.56864369271432 360
1739714719860 157.53683330473314 361
1739714719865 157.50503079790886 362
1739714719870 157.47323616131476 363
1739714719875 157.44144938409127 364
1739714719880 157.40967045544537 365
1739714719885 157.37789936465023 366
1739714719890 157.34613610104475 367
1739714719895 157.31438065403296 368
1739714719900 157.28263301308368 369
1739714719905 157.2508931677299 370
1739714719909 157.21916110756848 371
1739714719914 157.18743682225943 372
1739714719919 157.1557203015258 373
1739714719924 157.12401153515293 374
1739714719929 157.09231051298815 375
1739714719934 157.0606172249403 376
1739714719939 157.02893166097908 377
1739714719943 156.99725381113504 378
1739714719949 156.96558366549874 379
1739714719954 156.9339212142205 380
1739714719962 156.90226644750987 381
1739714719968 156.8706193556354 382
1739714719974 156.8389799289239 383
1739714719980 156.80734815776023 384
1739714719986 156.77572403258688 385
1739714719991 156.7441075439035 386
1739714719998 156.71249868226644 387
1739714720004 156.68089743828835 388
1739714720010 156.64930380263795 389
1739714720015 156.6177177660393 390
1739714720021 156.58613931927172 391
1739714720026 156.55456845316922 392
1739714720032 156.52300515862 393
1739714720037 156.49144942656645 394
1739714720042 156.4599012480042 395
1739714720047 156.42836061398222 396
1739714720052 156.39682751560224 397
1739714720058 156.36530194401826 398
1739714720063 156.33378389043637 399
1739714720070 156.3022733461143 400
1739714720075 156.27077030236097 401
1739714720081 156.2392747505362 402
1739714720086 156.20778668205043 403
1739714720091 156.176306088364 404
1739714720096 156.14483296098732 405
1739714720101 156.11336729148005 406
1739714720105 156.08190907145095 407
1739714720110 156.05045829255758 408
1739714720115 156.0190149465058 409
1739714720120 155.98757902504943 410
1739714720125 155.95615051999008 411
1739714720131 155.92472942317653 412
1739714720136 155.89331572650474 413
1739714720141 155.8619094219172 414
1739714720146 155.8305105014027 415
1739714720151 155.79911895699607 416
1739714720156 155.76773478077766 417
1739714720161 155.7363579648733 418
1739714720166 155.70498850145373 419
1739714720171 155.6736263827343 420
1739714720176 155.64227160097482 421
1739714720181 155.61092414847903 422
1739714720186 155.57958401759444 423
1739714720191 155.548251200712 424
1739714720196 155.51692569026554 425
1739714720201 155.48560747873196 426
1739714720206 155.4542965586304 427
1739714720211 155.42299292252218 428
1739714720216 155.3916965630106 429
1739714720221 155.3604074727405 430
1739714720226 155.32912564439783 431
1739714720231 155.2978510707097 432
1739714720236 155.26658374444375 433
1739714720241 155.2353236584081 434
1739714720245 155.2040708054509 435
1739714720250 155.17282517846016 436
1739714720255 155.14158677036326 437
1739714720260 155.11035557412703 438
1739714720265 155.07913158275716 439
1739714720270 155.04791478929803 440
1739714720276 155.01670518683233 441
1739714720281 154.98550276848098 442
1739714720285 154.95430752740273 443
1739714720290 154.92311945679396 444
1739714720295 154.8919385498882 445
1739714720300 154.86076479995629 446
1739714720305 154.8295982003056 447
1739714720310 154.79843874428025 448
1739714720315 154.76728642526035 449
1739714720320 154.7361412366623 450
1739714720325 154.7050031719381 451
1739714720330 154.6738722245752 452
1739714720335 154.64274838809644 453
1739714720340 154.6116316560594 454
1739714720345 154.58052202205673 455
1739714720349 154.5494194797153 456
1739714720354 154.51832402269642 457
1739714720359 154.4872356446952 458
1739714720364 154.45615433944073 459
1739714720369 154.42508010069545 460
1739714720374 154.39401292225517 461
1739714720379 154.36295279794874 462
1739714720384 154.3318997216378 463
1739714720389 154.3008536872166 464
1739714720393 154.26981468861172 465
1739714720398 154.23878271978185 466
1739714720403 154.20775777471763 467
1739714720408 154.17673984744127 468
1739714720413 154.14572893200648 469
1739714720418 154.11472502249828 470
1739714720423 154.08372811303244 471
1739714720427 154.05273819775582 472
1739714720433 154.02175527084557 473
1739714720437 153.9907793265094 474
1739714720442 153.95981035898495 475
1739714720447 153.92884836253995 476
1739714720452 153.89789333147178 477
1739714720457 153.86694526010726 478
1739714720464 153.8360041428026 479
1739714720471 153.805069973943 480
1739714720477 153.77414274794256 481
1739714720482 153.74322245924412 482
1739714720488 153.71230910231893 483
1739714720493 153.68140267166646 484
1739714720500 153.65050316181444 485
1739714720506 153.61961056731823 486
1739714720511 153.58872488276106 487
1739714720517 153.55784610275353 488
1739714720522 153.52697422193364 489
1739714720527 153.49610923496635 490
1739714720532 153.4652511365436 491
1739714720537 153.43439992138414 492
1739714720542 153.4035555842331 493
1739714720547 153.37271811986193 494
1739714720552 153.34188752306852 495
1739714720557 153.31106378867636 496
1739714720563 153.28024691153504 497
1739714720568 153.24943688651962 498
1739714720573 153.21863370853063 499
