1739719100392 4.391598938931893 0
1739719100419 6.5357304308372735 1
1739719100445 5.431636450069675 2
1739719100471 2.2110681295320167 3
1739719100498 4.609451492197576 4
1739719100523 6.147917402101097 5
1739719100549 2.11622181379814 6
1739719100576 3.128461123189555 7
1739719100603 4.673722079758085 8
1739719100628 5.114980428488184 9
1739719100655 4.007955411370214 10
1739719100681 6.29022406087663 11
1739719100707 3.9081057378525084 12
1739719100733 3.3069208167561754 13
1739719100758 6.361283374512206 14
1739719100784 4.817794663739814 15
1739719100810 4.699562492845051 16
1739719100835 5.224056241905805 17
1739719100861 2.7600124713823178 18
1739719100887 4.551252541600999 19
1739719100912 4.432149178465021 20
1739719100938 5.489311189976623 21
1739719100964 5.310263611676123 22
1739719100989 6.4500077882856575 23
1739719101016 6.395121596279576 24
1739719101042 4.619653113977136 25
1739719101068 4.004860331547775 26
1739719101094 4.729627927907158 27
1739719101120 4.141979229883099 28
1739719101146 6.060320902566313 29
1739719101172 3.7380490359365917 30
1739719101198 4.466492155005002 31
1739719101224 4.358156498323498 32
1739719101250 5.132580145925129 33
1739719101278 5.764180464291225 34
1739719101304 3.6429646055087694 35
1739719101329 4.601685122891062 36
1739719101355 5.681874795884358 37
1739719101381 2.951276072268966 38
1739719101406 6.2582340292730185 39
1739719101433 3.8784629295858264 40
1739719101459 3.2437942784038993 41
1739719101485 3.634852335642227 42
1739719101511 8.265044588126617 43
1739719101537 2.557003832751057 44
1739719101562 5.091712098860226 45
1739719101590 3.010411451192243 46
1739719101615 5.162452102374575 47
1739719101641 3.4586431883900306 48
1739719101668 5.030894458785925 49
1739719101694 4.14258821076623 50
1739719101720 3.5582378978634446 51
1739719101745 6.7837565162323505 52
1739719101771 4.521531051321789 53
1739719101798 4.942471426092726 54
1739719101824 4.9042310898857036 55
1739719101850 5.714315288611959 56
1739719101876 5.560787614924254 57
1739719101902 7.359197815871934 58
1739719101929 4.17050532633092 59
1739719101958 6.5692034838475415 60
1739719101985 5.279824039889051 61
1739719102011 3.938209536949215 62
1739719102037 2.9570465358888525 63
1739719102063 6.090772208340017 64
1739719102088 4.089796662184872 65
1739719102114 4.874580992290382 66
1739719102139 5.9299535791224836 67
1739719102165 9.672267443746609 68
1739719102191 5.513818791177035 69
1739719102216 4.757789467258084 70
1739719102241 3.7550016885437603 71
1739719102268 4.0078322048129404 72
1739719102293 3.624953816528069 73
1739719102319 10.015706582078671 74
1739719102344 6.11038122494372 75
1739719102370 4.146229233067839 76
1739719102396 6.14456567452846 77
1739719102421 3.5938063147052435 78
1739719102447 5.613013219526478 79
1739719102473 6.302977446053864 80
1739719102499 5.314014496832202 81
1739719102526 3.6858818575290893 82
1739719102551 7.205042283976516 83
1739719102577 1.0221741777474538 84
1739719102603 4.341614282650932 85
1739719102629 5.325294606952335 86
1739719102655 3.758657375214707 87
1739719102682 5.762974721608388 88
1739719102709 5.378663601302824 89
1739719102735 3.4865918480172486 90
1739719102760 5.897600907748302 91
1739719102786 5.315254719859062 92
1739719102813 7.950641168539402 93
1739719102838 5.867547833303984 94
1739719102864 3.0074303654732613 95
1739719102891 4.793308328956863 96
1739719102916 5.6679459840192505 97
1739719102942 3.009980306634066 98
1739719102967 5.01085029946114 99
1739719102993 5.949916681698528 100
1739719103019 5.208744566726827 101
1739719103044 6.466682221887865 102
1739719103070 4.763360668408448 103
1739719103096 2.6214793042873423 104
1739719103122 5.624934826938344 105
1739719103147 5.195389616325925 106
1739719103173 4.616635076874296 107
1739719103199 5.87859462317002 108
1739719103224 5.490175847902169 109
1739719103250 4.551280012827643 110
1739719103276 5.695916186606744 111
1739719103302 5.415461878826671 112
1739719103328 5.552448466468774 113
1739719103353 5.845749807522637 114
1739719103379 3.7670794290281626 115
1739719103405 3.4959379433389453 116
1739719103431 6.436972471123306 117
1739719103456 5.7931002145860875 118
1739719103482 6.397262685028251 119
1739719103508 8.087889743081936 120
1739719103534 4.312241823818231 121
1739719103559 4.155330344555776 122
1739719103585 4.925149416194072 123
1739719103611 6.515202113263972 124
1739719103636 7.872795721031146 125
1739719103662 4.979044248299038 126
1739719103688 4.412470369477829 127
1739719103714 5.2008098234208555 128
1739719103740 5.63040861701522 129
1739719103766 7.830914959650433 130
1739719103792 4.758435980147103 131
1739719103818 2.911299401708387 132
1739719103844 4.103330274922452 133
1739719103870 6.381491569325276 134
1739719103896 5.347942839462298 135
1739719103921 4.19894805662539 136
1739719103947 5.147472615743064 137
1739719103977 7.439706709146372 138
1739719104007 4.299625655502427 139
1739719104033 5.754054142248527 140
1739719104059 4.094876849566222 141
1739719104088 3.9825173111345884 142
1739719104115 5.696377688393431 143
1739719104142 2.5356083161857015 144
1739719104169 4.778796382851653 145
1739719104194 2.6878563855758446 146
1739719104221 6.260338819867136 147
1739719104247 4.04051829979723 148
1739719104273 6.994263875081764 149
1739719104299 4.473716990799849 150
1739719104325 4.388456391303984 151
1739719104350 3.287940826423431 152
1739719104376 4.063748559732351 153
1739719104402 6.440000726930749 154
1739719104427 4.049393390607862 155
1739719104453 3.6853839876559067 156
1739719104479 6.5951766418182185 157
1739719104505 3.9353176462479236 158
1739719104531 3.8200376445941866 159
1739719104557 5.3455272869486485 160
1739719104582 4.44806186260699 161
1739719104608 7.871693072593797 162
1739719104633 3.8225901113795437 163
1739719104659 3.532210680119158 164
1739719104685 5.5153084118267 165
