1739718336275 7.54942405769306e-06 0
1739718336304 0.1282317594384193 1
1739718336332 0.30065126043830964 2
1739718336362 0.07797003514590886 3
1739718336390 0.20367223263511505 4
1739718336419 0.7029018158644456 5
1739718336447 0.0561083066299793 6
1739718336476 0.012044808586138107 7
1739718336504 0.9835543167413224 8
1739718336531 0.002631668179132964 9
1739718336560 0.09685232972918881 10
1739718336587 0.19701369028107565 11
1739718336615 0.007152620808105732 12
1739718336643 0.03148319948578265 13
1739718336671 0.008645712020518018 14
1739718336698 0.7384210078674528 15
1739718336726 0.007702687612638709 16
1739718336755 0.0026639179695204826 17
1739718336782 0.19914512652354702 18
1739718336810 0.00048590690151489413 19
1739718336838 0.09873990133379812 20
1739718336865 0.11868131219238906 21
1739718336917 0.20226777067942814 22
1739718336946 0.0060364976967529 23
1739718336974 1.1371024417131657 24
1739718337002 0.05617720698336819 25
1739718337029 0.39451998923123915 26
1739718337057 0.006731841864491254 27
1739718337084 0.057731454179136665 28
1739718337114 0.09121787760330233 29
1739718337143 0.037664957188706764 30
1739718337172 0.11978866992674234 31
1739718337199 0.04253236638823067 32
1739718337227 5.5085624157269934e-05 33
1739718337256 0.1871160795336235 34
1739718337283 0.004144309324648188 35
1739718337311 0.022963813771635345 36
1739718337338 0.010271941810250023 37
1739718337366 0.015268631712620362 38
1739718337394 0.00927466030137144 39
1739718337421 0.013141131371333358 40
1739718337449 0.015702426290066858 41
1739718337477 2.2024945199486363 42
1739718337507 0.16318932872025393 43
1739718337536 0.036713282966409216 44
1739718337564 0.04557404248744113 45
1739718337593 0.8669254102644667 46
1739718337622 0.006882305053386799 47
1739718337652 0.012237831979576865 48
1739718337683 0.016594302447662888 49
1739718337712 0.0675757669548077 50
1739718337740 0.01987567177928657 51
1739718337769 0.22435706304053923 52
1739718337799 0.0032990019973970965 53
1739718337828 0.015483807158186843 54
1739718337859 0.15989995264751466 55
1739718337887 0.25302883422481864 56
1739718337917 0.0007768005240846521 57
1739718337946 0.018998386908052334 58
1739718337975 4.786457133582742e-05 59
1739718338004 0.1975999654178171 60
1739718338033 0.00862846823241167 61
1739718338062 0.1788002204458837 62
1739718338090 0.0026252019578981117 63
1739718338118 0.0042833599154695375 64
1739718338145 0.7036368866952412 65
1739718338173 0.2932012801286067 66
1739718338202 0.03320402699664203 67
1739718338230 0.11611208411983366 68
1739718338259 0.011488768414876916 69
1739718338286 0.24075918677309088 70
1739718338314 0.08128783204031102 71
1739718338342 0.058540605540794266 72
1739718338369 0.11813059886174089 73
1739718338396 0.11337221973180128 74
1739718338423 0.009840828561471088 75
1739718338451 0.10993478482969495 76
1739718338479 0.004317551608347735 77
1739718338506 0.03695100240078242 78
1739718338534 0.004304687732301921 79
1739718338561 0.02390204553574975 80
1739718338589 0.002912516629246154 81
1739718338616 0.16109252697950943 82
1739718338643 0.006535624756824014 83
1739718338671 0.10496105753281586 84
1739718338699 0.0033348302796302027 85
1739718338727 0.038036498573539974 86
1739718338755 5.487467173344299e-05 87
1739718338782 0.06562040477711537 88
1739718338809 0.13085323724316927 89
1739718338837 0.02882797159055813 90
1739718338865 0.020890844904876305 91
1739718338892 0.009739229302654969 92
1739718338919 9.538523447584302e-05 93
1739718338947 0.10027386678888339 94
1739718338975 0.025056998380240413 95
1739718339003 0.029906971012613304 96
1739718339030 0.011252337757795704 97
1739718339058 0.002306794909051345 98
1739718339086 0.20450223561360392 99
1739718339113 0.14369595171875119 100
1739718339141 0.007160897091238188 101
1739718339169 0.0039394713906109845 102
1739718339197 0.15487496377798432 103
1739718339224 0.11796952458195165 104
1739718339252 0.017085780876350945 105
1739718339279 0.1658726465072374 106
1739718339306 0.20037390382018225 107
1739718339333 0.14724671102464088 108
1739718339361 0.2203139036214941 109
1739718339389 0.0089438311039665 110
1739718339416 0.07199387341708616 111
1739718339445 0.035446525987236674 112
1739718339474 9.021381201823323e-07 113
1739718339501 0.0002745809171955059 114
1739718339529 0.09373088625859899 115
1739718339557 0.2370097790168956 116
1739718339585 0.3620417677319667 117
1739718339614 0.04922193809961591 118
1739718339642 0.06583729077389068 119
1739718339669 0.011425221846412231 120
1739718339697 0.013123598066539005 121
1739718339725 0.15057444789205174 122
1739718339753 0.18203084874419836 123
1739718339780 0.15807324589039645 124
1739718339807 0.03310139219189927 125
1739718339835 0.01644138644604197 126
1739718339862 0.010962134781496002 127
1739718339890 0.16032913441740315 128
1739718339917 0.3421982377586833 129
1739718339945 0.36403453108616535 130
1739718339973 0.003504566786289272 131
1739718340000 0.19581825174742218 132
1739718340028 0.04157342288997949 133
1739718340055 0.08528612701743343 134
1739718340083 0.0882919177783847 135
1739718340111 0.016725352309402586 136
1739718340138 0.46038942403303845 137
1739718340165 0.0011153714107684167 138
1739718340193 0.10153625034939903 139
1739718340221 0.028183221193050712 140
1739718340248 0.002138902566420675 141
1739718340276 0.05176627630909689 142
1739718340304 0.30709405727154443 143
1739718340331 0.15974531133368886 144
1739718340359 0.02213910395776528 145
1739718340386 0.02026383109857721 146
1739718340413 0.6245860960548276 147
1739718340440 0.038409623770848146 148
1739718340468 0.03146441720491757 149
1739718340495 0.13341841849175937 150
1739718340522 0.05454289885280846 151
1739718340549 0.003196377255724354 152
1739718340577 0.14395422078755218 153
1739718340605 0.09886180777890877 154
1739718340632 0.04479352102938586 155
1739718340659 0.08630367211741538 156
1739718340687 0.006913272000108841 157
1739718340715 0.05644806766868303 158
1739718340742 0.10729314271949689 159
1739718340770 0.003816168720615177 160
1739718340797 0.5699493234815629 161
1739718340825 0.19621645280422936 162
1739718340852 0.015180827166876012 163
1739718340880 0.25762682432381756 164
1739718340908 0.0407643698398337 165
1739718340936 0.008874885630279907 166
1739718340963 0.16767000840050258 167
1739718340991 0.16555359265527514 168
1739718341020 0.04768606617448001 169
1739718341048 0.5999540649129084 170
1739718341076 0.009277702404239047 171
1739718341103 0.05559210668836671 172
1739718341130 0.0034749210057440695 173
1739718341157 0.18262924095023925 174
1739718341184 0.2741760376274785 175
1739718341212 0.00887210589147315 176
1739718341239 0.15168721475188432 177
1739718341267 0.013194991731308931 178
1739718341294 0.010330148255173784 179
1739718341321 0.06087494326902431 180
1739718341349 0.19547163795653147 181
1739718341376 0.1735389614646702 182
1739718341404 0.08173955118693556 183
1739718341431 8.138923620932847e-06 184
1739718341458 0.034353971622829355 185
1739718341485 0.01420294905081384 186
1739718341513 0.006663070499514923 187
1739718341540 0.027290596039380756 188
1739718341567 0.043535714465574714 189
1739718341595 0.02016125929838281 190
1739718341622 0.05503188077040263 191
1739718341649 0.11862442769501423 192
1739718341677 0.14248283772455517 193
1739718341705 0.20287066671938556 194
1739718341733 0.021834663769106172 195
1739718341761 0.12058179980943382 196
1739718341789 0.00020158008702976721 197
1739718341817 0.489135512003137 198
1739718341844 0.04846587180879578 199
1739718341871 0.20364344291876094 200
1739718341898 0.18979939475308846 201
1739718341926 0.004431641371590914 202
1739718341953 0.030510336694975868 203
1739718341981 0.020428570991563484 204
1739718342010 0.1338416391028945 205
1739718342038 0.052316256125324624 206
1739718342065 0.0026393182947992842 207
1739718342093 0.05394440525354105 208
1739718342121 0.14781600306050044 209
1739718342149 0.015965797977022265 210
1739718342176 0.004155763717959361 211
1739718342203 0.07740426993782473 212
1739718342230 0.08882883417783818 213
1739718342258 0.03359242320238852 214
1739718342285 0.12257098541423844 215
1739718342312 0.12045343865855432 216
1739718342340 0.17376144061038754 217
1739718342368 0.11217619984944605 218
1739718342396 0.01949218211142384 219
1739718342424 0.4733840655258779 220
1739718342452 0.2423976804805013 221
1739718342480 0.2135415396683688 222
1739718342508 0.019739950443721243 223
1739718342536 0.2396256841808328 224
1739718342566 0.10234116614808918 225
1739718342595 0.1496629254320936 226
1739718342624 0.052312591868524654 227
1739718342653 0.0002964204339725184 228
1739718342682 0.04525433489524808 229
1739718342710 0.08825612335521953 230
1739718342740 0.012628748248942846 231
1739718342770 0.15689659074217555 232
1739718342799 0.032618682788753135 233
1739718342828 0.8308027605126699 234
1739718342856 0.00575758531700295 235
1739718342884 0.0046295928775570575 236
1739718342912 0.004605811205616083 237
1739718342940 0.04736183020820892 238
1739718342968 0.13100272145355296 239
1739718342996 0.0763457697920429 240
1739718343024 0.25595410889115994 241
1739718343052 0.14393758655986572 242
1739718343080 0.18352663894900662 243
1739718343108 0.059499028764873556 244
1739718343136 0.07855016413231833 245
1739718343189 0.0004917902186409742 246
1739718343218 0.024354699899747277 247
1739718343248 0.0004651685740894895 248
1739718343277 0.01086202085831377 249
1739718343306 0.19697406567729853 250
1739718343334 0.05413926058695465 251
1739718343364 0.0016467203445877526 252
1739718343393 0.0034802511440637507 253
1739718343423 0.11191888339663923 254
1739718343451 0.015445523261073337 255
1739718343479 0.08011840089210548 256
1739718343507 0.03542637954758477 257
1739718343534 0.2300910788346668 258
1739718343562 0.041152127767792444 259
1739718343589 0.009844027313864964 260
1739718343617 0.4518286321320815 261
1739718343644 0.11078789748302276 262
1739718343672 0.020622102919978562 263
1739718343701 0.1113653959213647 264
1739718343732 4.075799351154936e-05 265
1739718343761 0.022326157296931368 266
1739718343790 0.3131817441316541 267
1739718343820 0.09396893114292892 268
1739718343850 0.0012619746655399247 269
1739718343879 0.002002923078820196 270
1739718343910 0.017778965411208447 271
1739718343938 0.010197345414407605 272
1739718343967 0.0070593099331256026 273
1739718343995 0.020344137644790736 274
1739718344024 0.06900140933108877 275
1739718344051 0.18439247412391388 276
1739718344078 1.4577469815082076 277
1739718344106 0.002062466597290731 278
1739718344134 0.0014491068914705087 279
1739718344160 0.00971205521827949 280
1739718344187 0.06315523962552255 281
1739718344216 0.06386044651367952 282
1739718344243 0.0053105950861999955 283
1739718344271 0.00014515782621622565 284
1739718344298 0.054473729681632374 285
1739718344326 0.0992293348064464 286
1739718344354 0.4812658877030283 287
1739718344382 0.0021160656483661363 288
1739718344410 0.4690606558202519 289
1739718344437 0.002932609424205541 290
1739718344465 0.09774463976344011 291
1739718344492 0.02674413549458183 292
1739718344519 0.050773284154712085 293
1739718344547 0.2163197581503606 294
1739718344574 0.7528718721094584 295
1739718344602 0.1358170379786424 296
1739718344629 0.03563017756374106 297
1739718344657 0.06896149153371617 298
1739718344685 0.044044068087563754 299
1739718344713 0.13027867203096624 300
1739718344741 0.03258668388087547 301
1739718344770 0.22128756432902366 302
1739718344798 0.039420155245391254 303
1739718344827 0.002104300485083611 304
1739718344855 0.025607225858223295 305
1739718344883 0.002549762102823245 306
1739718344911 0.0041381436718491435 307
1739718344938 0.4135372626391324 308
1739718344966 0.0037755010071270022 309
1739718344994 0.08242060912738237 310
1739718345022 0.004547004851140975 311
1739718345049 0.5365905708737633 312
1739718345077 0.0635837039557177 313
1739718345104 0.16929110672109685 314
1739718345132 0.28404856025639413 315
1739718345160 0.03793208133282024 316
1739718345188 0.006052167625416992 317
1739718345215 0.06996708321518559 318
1739718345243 0.023458685168021402 319
1739718345271 0.2475263719522344 320
1739718345298 0.2610606061682122 321
1739718345325 0.023024903120594697 322
1739718345354 0.04410565599429398 323
1739718345381 0.15033811777316988 324
1739718345409 0.06923990985627747 325
1739718345436 0.0001472827635857592 326
1739718345464 0.30566579935633204 327
1739718345491 0.3725936746774513 328
1739718345518 0.11642500303049139 329
1739718345547 0.007814533928428928 330
1739718345576 0.09175848727190168 331
1739718345604 0.08594474749875437 332
1739718345632 0.00139413644283713 333
1739718345660 0.06649381028229082 334
1739718345689 0.008041950699757988 335
1739718345717 0.0031060662678109247 336
1739718345745 0.33696655234267514 337
1739718345772 0.050597699202145206 338
1739718345799 0.04024802341157795 339
1739718345826 0.07936650920116926 340
1739718345854 0.11862618648800806 341
1739718345881 0.04466680752084774 342
1739718345909 0.18010153142674434 343
1739718345937 0.6214556460674917 344
1739718345968 0.011298658006912946 345
1739718345995 0.03176235014995575 346
1739718346023 0.3275985652057251 347
1739718346051 0.11958977662183502 348
1739718346078 0.00997123668843091 349
1739718346106 0.009560512297489077 350
1739718346135 0.15329831983257586 351
1739718346162 0.2345401178880353 352
1739718346190 0.007042984981797043 353
1739718346220 0.03801543560128275 354
1739718346249 0.0006349224261962101 355
1739718346278 0.0052002341945467595 356
1739718346306 0.12390927765806735 357
1739718346334 0.00025852307525639186 358
1739718346363 0.047550496979971074 359
1739718346390 0.00035742901168824416 360
1739718346417 0.6438991285475718 361
1739718346445 0.010141917569358519 362
1739718346472 0.3485395371319078 363
1739718346499 0.32397971555369803 364
1739718346526 0.08578855729312668 365
1739718346554 0.005242517195738741 366
1739718346581 0.00031089761938243074 367
1739718346608 0.01794306074226899 368
1739718346636 0.14022675037018006 369
1739718346664 0.02382902329231744 370
1739718346692 0.01971014646851792 371
1739718346721 0.0001579556547029645 372
1739718346750 0.24840749362440606 373
1739718346778 0.13935484115742255 374
1739718346807 0.013672695212827657 375
1739718346835 0.05722462781330785 376
1739718346863 0.010744856931836324 377
1739718346892 0.23720704514426275 378
1739718346920 0.019895592755422773 379
1739718346949 0.009867964867142032 380
1739718346977 0.04500526015588953 381
1739718347004 0.06337535497000653 382
1739718347032 0.17540722503322426 383
1739718347061 0.00039530763776250585 384
1739718347088 0.005045467511079346 385
1739718347116 0.05137110887149377 386
1739718347144 0.0005415315006153237 387
1739718347172 0.0337790165949793 388
1739718347206 0.012343435612121057 389
1739718347236 0.002338917644617677 390
1739718347265 0.08217034027444783 391
1739718347294 0.010243243849688582 392
1739718347328 0.01872423800833561 393
1739718347357 0.038650238126672266 394
1739718347386 0.022271601676530233 395
1739718347414 0.016832892758581856 396
1739718347442 0.00044767397403820404 397
1739718347472 0.018012402966754087 398
1739718347501 0.01630471644118291 399
1739718347528 1.876793433785536e-05 400
1739718347556 0.06538381449376442 401
1739718347585 0.00448790417336657 402
1739718347615 0.17329067476203744 403
1739718347664 0.012287506238740042 404
1739718347696 0.023936576597652734 405
1739718347726 0.09270790220735367 406
1739718347755 0.013913723557724796 407
1739718347785 0.09474363805134701 408
1739718347813 0.1399096329261922 409
1739718347841 0.22492920620121745 410
1739718347869 0.06739264216047004 411
1739718347897 0.04985416808568339 412
1739718347926 0.013121838179645413 413
1739718347954 1.0390956463220467 414
1739718347981 0.007903324400146463 415
1739718348009 0.03507160774206563 416
1739718348036 0.31186990678298177 417
1739718348065 0.07498997000340081 418
1739718348094 0.19416623066726305 419
1739718348122 0.1345383172657468 420
1739718348149 0.4133357733238807 421
1739718348177 0.21677066462739475 422
1739718348205 0.0022033710507932593 423
1739718348233 0.2221692445666509 424
1739718348261 0.026438016392409027 425
1739718348289 0.0071560304464845185 426
1739718348317 0.04142547495400821 427
1739718348344 0.07871969398793056 428
1739718348372 0.0003672761053621371 429
1739718348400 6.0128383361520064e-05 430
1739718348427 0.00842494428798971 431
1739718348455 0.003436587936760444 432
1739718348483 0.2951962588367685 433
1739718348510 0.011375264131567068 434
1739718348537 0.4429818194496791 435
1739718348565 0.029422688455831264 436
1739718348592 0.6627034714822224 437
1739718348620 0.00557554542761952 438
1739718348647 0.02970708898514077 439
1739718348676 0.053785678768495854 440
1739718348703 0.05927115496638019 441
1739718348731 0.0010635700632452283 442
1739718348759 0.23267554140929322 443
1739718348786 0.0058286164225921 444
1739718348813 0.004606109688666869 445
1739718348841 0.0013463408394202164 446
1739718348868 0.09726034854586345 447
1739718348896 0.014677131151586136 448
1739718348923 4.043627585993564e-05 449
1739718348950 0.007223328366501554 450
1739718348978 0.11634058397039308 451
1739718349006 0.2255254362023422 452
1739718349033 0.014387333499685658 453
1739718349060 0.001683425394711943 454
1739718349089 0.01739578882363368 455
1739718349116 0.011065479100086524 456
1739718349144 0.016361539081135208 457
1739718349171 0.15529512836492781 458
1739718349199 0.3030984130868461 459
1739718349227 0.01400078416753215 460
1739718349254 0.036823039904042384 461
1739718349282 0.02882026893426317 462
1739718349309 0.022473914991232524 463
1739718349336 0.0530154725919169 464
1739718349363 0.006426433182247939 465
1739718349392 0.799625560319168 466
1739718349419 0.0005564442569313328 467
1739718349446 0.004796481976522515 468
1739718349474 0.2758350869532608 469
1739718349501 0.23930252052334916 470
1739718349528 0.0315048770138003 471
1739718349557 0.14895225574845997 472
1739718349584 0.6296306420783686 473
1739718349612 0.023103789913057997 474
1739718349639 0.009635927225138815 475
1739718349666 0.07499067110229335 476
1739718349695 0.07887723994941864 477
1739718349722 0.08925665059126965 478
1739718349750 0.23064929159530026 479
1739718349779 0.3410239832466772 480
1739718349808 0.11556763224209742 481
1739718349836 0.13570787003746337 482
1739718349864 0.17824551124817326 483
1739718349892 0.018330354282133636 484
1739718349920 0.0806688172454537 485
1739718349947 0.19856319705820963 486
1739718349975 0.032674486021307514 487
1739718350004 0.0026088786203371604 488
1739718350033 0.7879105292973494 489
1739718350061 0.010258673815598186 490
1739718350088 0.22927974643094626 491
1739718350116 0.003773294436894723 492
1739718350144 0.07494144294028778 493
1739718350172 0.039450199866002504 494
1739718350200 0.03950511571508558 495
1739718350229 0.001551991741108722 496
1739718350258 0.10016363850978502 497
1739718350286 0.006301136922059137 498
1739718350317 0.039243391908034435 499
