1739715938522 166.37197370507246 0
1739715938527 159.9307736381317 1
1739715938533 155.76401785857215 2
1739715938537 163.1919295323647 3
1739715938543 159.36158953360527 4
1739715938547 153.18933996555114 5
1739715938552 154.1198211182951 6
1739715938557 150.69476324425747 7
1739715938562 148.33065653407405 8
1739715938567 147.26053843245884 9
1739715938572 133.84196567430087 10
1739715938577 138.54916760525498 11
1739715938581 134.6171989066457 12
1739715938586 130.18475834641168 13
1739715938591 130.93223208233496 14
1739715938595 126.04769679950752 15
1739715938600 131.44671645949387 16
1739715938604 124.643115105502 17
1739715938609 121.50402964991014 18
1739715938614 128.63160851163238 19
1739715938619 119.68376281397958 20
1739715938623 123.42208578597543 21
1739715938628 119.56983719733289 22
1739715938633 119.13889995557561 23
1739715938638 117.80539751825638 24
1739715938642 114.26682307134293 25
1739715938647 107.76390576418231 26
1739715938651 109.15469066496377 27
1739715938656 105.69561025121428 28
1739715938661 101.38705897326736 29
1739715938666 102.51006886828752 30
1739715938671 105.4341903370323 31
1739715938675 103.58647584577496 32
1739715938680 106.09786411176458 33
1739715938684 97.90249537546978 34
1739715938689 95.91409947224095 35
1739715938695 96.73858100477153 36
1739715938699 96.36729774697035 37
1739715938703 93.81364110196716 38
1739715938709 94.33392237622243 39
1739715938714 92.14301226568443 40
1739715938718 87.4436716084779 41
1739715938724 90.51298245266045 42
1739715938729 85.45080542177898 43
1739715938733 85.30145904977397 44
1739715938738 83.23207380193708 45
1739715938743 85.82789070357344 46
1739715938748 77.19693903435827 47
1739715938753 76.11605031909801 48
1739715938758 80.5051588175295 49
1739715938763 78.55449766761107 50
1739715938767 75.97208086357755 51
1739715938772 70.24577534793669 52
1739715938777 72.38877759059287 53
1739715938781 74.62858065611728 54
1739715938786 72.51019713265615 55
1739715938800 68.34429314886049 56
1739715938805 70.9019359784756 57
1739715938809 67.61824621387245 58
1739715938814 69.31295349435668 59
1739715938818 66.0207280272121 60
1739715938823 65.06846316724705 61
1739715938828 64.70109161626303 62
1739715938833 62.9727318367702 63
1739715938838 61.606725649746394 64
1739715938843 62.11389033453685 65
1739715938848 60.55407078706344 66
1739715938853 57.38148057248266 67
1739715938858 59.019021592552406 68
1739715938863 56.21708839636264 69
1739715938867 55.96086082288985 70
1739715938872 57.90285212604433 71
1739715938876 55.31765638959422 72
1739715938881 54.83621596832395 73
1739715938885 53.099480584165455 74
1739715938891 52.5468543159986 75
1739715938895 55.22601773147876 76
1739715938900 51.047099052390045 77
1739715938905 52.81051964127394 78
1739715938909 48.59142354636464 79
1739715938914 49.718862171447824 80
1739715938919 50.34103480213689 81
1739715938923 50.380345649283974 82
1739715938928 46.31382560459538 83
1739715938933 43.8015726019766 84
1739715938937 46.946693942808395 85
1739715938942 46.33862664951897 86
1739715938947 46.74232964201949 87
1739715938952 43.9491282348945 88
1739715938957 43.36724164357458 89
1739715938961 42.75435921983185 90
1739715938966 41.25054805838956 91
1739715938971 40.88554600128407 92
1739715938975 40.99899908178732 93
1739715938980 37.90770834630073 94
1739715938985 40.98677742711927 95
1739715938989 40.204343599638634 96
1739715938994 39.35591600992054 97
1739715938999 38.62430873796095 98
1739715939003 37.18743790050204 99
1739715939008 36.28254199329806 100
1739715939013 36.33004221639261 101
1739715939017 34.07313186036886 102
1739715939021 36.592050882477935 103
1739715939026 34.05491084789929 104
1739715939030 34.70927220093845 105
1739715939035 32.77487006743254 106
1739715939039 34.48363943491187 107
1739715939044 33.64774618422944 108
1739715939048 31.348773913082166 109
1739715939052 32.06092967509408 110
1739715939057 31.830757100136452 111
1739715939061 32.10703614063308 112
1739715939066 30.614138899712582 113
1739715939070 29.270020618270713 114
1739715939075 29.30940083228308 115
1739715939080 29.28441870417813 116
1739715939085 29.200285828845676 117
1739715939090 30.093165362433712 118
1739715939094 27.766363223627145 119
1739715939099 26.962504412300383 120
1739715939104 27.304363395735617 121
1739715939109 28.021599634752345 122
1739715939113 24.80557035231148 123
1739715939118 26.003516803165475 124
1739715939123 25.189373592172373 125
1739715939127 26.23239153235894 126
1739715939132 25.995874556148745 127
1739715939137 25.386137677320868 128
1739715939141 23.592731413415283 129
1739715939146 23.6359674881247 130
1739715939150 23.49982093461645 131
1739715939154 22.90542166463108 132
1739715939159 23.100447539532855 133
1739715939163 23.47692278924092 134
1739715939168 22.892135756293317 135
1739715939173 22.117766235133224 136
1739715939177 21.621248570725076 137
1739715939181 21.259328609295153 138
1739715939186 20.76381216515752 139
1739715939191 20.419239259181975 140
1739715939195 20.248114691236193 141
1739715939200 19.1121484724163 142
1739715939205 20.500854153138242 143
1739715939210 19.10229541242919 144
1739715939214 19.62279335036835 145
1739715939219 18.540019487659322 146
1739715939223 19.44089990105005 147
1739715939228 16.1551501582651 148
1739715939233 18.329682498570474 149
1739715939238 18.294013040120063 150
1739715939243 16.927451538926054 151
1739715939247 18.478639890578833 152
1739715939252 17.054560633886222 153
1739715939257 16.350576871424323 154
1739715939262 15.513535327896873 155
1739715939266 16.284766582561314 156
1739715939271 15.875338875352066 157
1739715939275 16.19252413654572 158
1739715939280 15.843648392759551 159
1739715939285 15.667805137364551 160
1739715939289 15.205643404347548 161
1739715939294 15.170727732150715 162
1739715939298 15.04072546331831 163
1739715939302 14.677179441956588 164
1739715939307 14.07466043132166 165
1739715939311 13.467914924287117 166
1739715939316 14.273878442844502 167
1739715939321 13.640954260182792 168
1739715939325 13.934767828704278 169
1739715939329 13.850955912012006 170
1739715939334 13.232534569459295 171
1739715939339 12.682867929232106 172
1739715939344 12.398774584093587 173
1739715939348 12.4965762005274 174
1739715939353 12.919818602843748 175
1739715939358 11.886677655364085 176
1739715939363 12.824151391026957 177
1739715939367 12.466805177363861 178
1739715939372 12.49804695933125 179
1739715939376 11.432850164478754 180
1739715939381 10.841586130070072 181
1739715939385 11.623458162802327 182
1739715939390 11.637349077892551 183
1739715939395 11.10625849393511 184
1739715939399 11.136174250655912 185
1739715939404 11.690172716856049 186
1739715939409 10.14051881498496 187
1739715939413 9.852128650146826 188
1739715939418 10.200723801202054 189
1739715939423 9.8183773933979 190
1739715939428 9.312003829509104 191
1739715939436 9.670537022443948 192
1739715939448 9.896285702872882 193
1739715939454 9.078050044543462 194
1739715939459 9.293589563066881 195
1739715939463 9.430219667534773 196
1739715939468 9.08902706180444 197
1739715939472 10.150781144757996 198
1739715939476 8.328940360375283 199
1739715939481 8.251410242951094 200
1739715939485 8.000825369735757 201
1739715939490 9.427916235967112 202
1739715939495 8.389071908403544 203
1739715939499 7.710296896970837 204
1739715939503 8.206757358276136 205
1739715939508 7.943870763374433 206
1739715939513 8.088454904043267 207
1739715939517 7.905019415362881 208
1739715939522 7.751179656610621 209
1739715939527 7.125145818402772 210
1739715939532 7.537375394452761 211
1739715939537 6.947332923989643 212
1739715939541 7.583456630322192 213
1739715939546 7.1838982518507475 214
1739715939550 7.073942381474734 215
1739715939555 6.906889331277041 216
1739715939560 7.598212764005912 217
1739715939564 6.9165955548630125 218
1739715939569 7.266935094353334 219
1739715939573 6.2972188840133825 220
1739715939578 6.986546262514505 221
1739715939583 6.428355022153586 222
1739715939587 6.474708979730194 223
1739715939592 6.501314222636267 224
1739715939597 6.058075259892903 225
1739715939602 5.7578992026280265 226
1739715939606 6.484286983655689 227
1739715939611 6.353414083657887 228
1739715939615 5.750860648171396 229
1739715939620 5.434150053375547 230
1739715939624 5.77094188871458 231
1739715939628 5.933459756645473 232
1739715939634 5.551126468156959 233
1739715939639 5.471346604304876 234
1739715939643 5.7001954589032025 235
1739715939648 5.266130476863862 236
1739715939652 4.726657290619464 237
1739715939657 4.871045617156409 238
1739715939662 4.736176752672292 239
1739715939667 4.3085242556822 240
1739715939671 4.71254161379715 241
1739715939675 4.966529375129932 242
1739715939680 4.877772297208653 243
1739715939684 4.759518767972938 244
1739715939689 3.9735217675620977 245
1739715939694 4.3358599900723815 246
1739715939698 4.217036786373124 247
1739715939703 4.632468000450731 248
1739715939708 4.521894264730727 249
1739715939712 4.0016261676662905 250
1739715939717 4.1821213667749495 251
1739715939725 4.512619505118935 252
1739715939730 4.588520627700651 253
1739715939735 4.206262187154574 254
1739715939741 4.400074342858271 255
1739715939746 4.0273228242033925 256
1739715939751 3.948555362248189 257
1739715939755 3.9652620008494073 258
1739715939760 4.192583517983131 259
1739715939765 3.932926526758726 260
1739715939770 3.4922683566460564 261
1739715939774 3.7250405922620944 262
1739715939779 3.5449178810388027 263
1739715939784 3.3936576504567215 264
1739715939788 3.442426315875747 265
1739715939793 3.376058942421941 266
1739715939798 3.4506148527513667 267
1739715939812 3.5505229996975247 268
1739715939817 3.5003951399657574 269
1739715939821 3.329131725346822 270
1739715939826 3.5291780255112544 271
1739715939831 3.389670404308897 272
1739715939836 3.3495172729268226 273
1739715939841 2.7955892203535293 274
1739715939846 3.3529110186790283 275
1739715939851 2.8941940045988024 276
1739715939856 3.4103345089035186 277
1739715939860 3.1538217651311022 278
1739715939865 2.862509708828029 279
1739715939870 3.1061520900470723 280
1739715939875 2.6844468949561016 281
1739715939879 2.927802929064204 282
1739715939884 3.4243704718376806 283
1739715939888 2.50769069174117 284
1739715939893 2.6150082386371145 285
1739715939898 2.774127368550466 286
1739715939902 2.788512979795136 287
1739715939907 2.2362508003563666 288
1739715939912 2.5518053630536146 289
1739715939917 2.6478863659437453 290
1739715939921 2.336863029014688 291
1739715939926 2.3517671725136378 292
1739715939930 2.3609737708640295 293
1739715939935 2.4408505990763283 294
1739715939939 2.075535909916011 295
1739715939944 2.113114715558402 296
1739715939949 2.5273333503335658 297
1739715939953 2.197290503080294 298
1739715939958 2.482943413391882 299
1739715939963 1.9710474891922802 300
1739715939967 2.593654268441991 301
1739715939971 1.9314403459426197 302
1739715939976 2.201957183194422 303
1739715939981 1.9086003294726586 304
1739715939985 2.2983484047975558 305
1739715939990 1.8426658128548004 306
1739715939995 1.9913116243139908 307
1739715939999 2.2692501887994965 308
1739715940004 1.8138546583738575 309
1739715940009 1.774354466754268 310
1739715940013 2.0155458525399905 311
1739715940018 1.6630251500824969 312
1739715940022 1.7029151135992606 313
1739715940027 1.8560331763292262 314
1739715940032 1.934073880805989 315
1739715940036 1.7891241909980855 316
1739715940041 1.697736674839756 317
1739715940046 1.6899251773513178 318
1739715940050 1.6859467311556349 319
1739715940055 1.5032933711607068 320
1739715940060 1.5691761026345177 321
1739715940064 1.8659368948509332 322
1739715940069 1.7370189194103878 323
1739715940074 1.5598251356282211 324
1739715940078 1.9621951811685532 325
1739715940083 1.5665367405880715 326
1739715940088 1.5686755705487883 327
1739715940092 1.770320123741985 328
1739715940097 1.8062665560619025 329
1739715940101 1.6909805914751 330
1739715940106 1.4742506678966267 331
1739715940111 1.5348630134263725 332
1739715940115 1.5151429320236698 333
1739715940120 1.7191248356410471 334
1739715940125 1.4909512727749084 335
1739715940129 1.489526021410138 336
1739715940134 1.3034963384127263 337
1739715940139 1.5511375750641698 338
1739715940143 1.529044776790951 339
1739715940148 1.3196551874454925 340
1739715940153 1.4098447528010147 341
1739715940157 1.2723009918255102 342
1739715940162 1.1825856260561751 343
1739715940167 1.1953360965365685 344
1739715940171 1.2186244519070022 345
1739715940176 1.3950721500776326 346
1739715940181 1.2781982217009629 347
1739715940185 0.9867091157297344 348
1739715940190 1.3305584772282648 349
1739715940194 1.4395789888054167 350
1739715940199 1.3044673572725447 351
1739715940203 1.1913567221691053 352
1739715940207 1.2238219790374325 353
1739715940212 1.0973567489669247 354
1739715940217 1.245083340506361 355
1739715940221 1.1932200122227907 356
1739715940225 1.3429575891964087 357
1739715940230 0.975494570721938 358
1739715940234 1.050705614807182 359
1739715940239 1.2861141972095358 360
1739715940243 1.1576768316666066 361
1739715940248 1.1976529898971728 362
1739715940253 1.1365595956624226 363
1739715940257 1.0344531536794823 364
1739715940262 1.1851853196412978 365
1739715940267 1.097816374338271 366
1739715940271 0.7013977244745447 367
1739715940276 0.9013121925736863 368
1739715940281 1.012547733401507 369
1739715940286 1.1391381258798534 370
1739715940290 1.0151185668625258 371
1739715940295 0.9639288657663256 372
1739715940299 1.0110394200195507 373
1739715940304 0.8010192651468924 374
1739715940308 0.8982574268839282 375
1739715940313 0.9925687505284833 376
1739715940317 1.0112040136048956 377
1739715940322 0.9785539327731066 378
1739715940326 0.9384722201247149 379
1739715940331 1.0098878846526866 380
1739715940336 0.8835118780338449 381
1739715940340 0.90720485149052 382
1739715940345 0.8670199899942695 383
1739715940349 1.0399719474901337 384
1739715940353 0.8157208180870343 385
1739715940358 0.7747597225781974 386
1739715940363 0.9519117251192043 387
1739715940367 0.852791975256849 388
1739715940372 0.7415533525314263 389
1739715940377 0.8112583995371427 390
1739715940381 0.7726949658053834 391
1739715940385 0.8448640174428867 392
1739715940389 0.7365528912135544 393
1739715940394 0.7722323642737906 394
1739715940398 0.6123833242466418 395
1739715940403 0.7241470281589855 396
1739715940407 0.8014571311378298 397
1739715940412 0.6994100646412799 398
1739715940416 0.8258100429400584 399
1739715940421 0.6014197572451551 400
1739715940426 0.6392906834432702 401
1739715940430 0.677354182666312 402
1739715940435 0.73122286385089 403
1739715940439 0.7326241922268434 404
1739715940444 0.73831378188589 405
1739715940449 0.7377736969893952 406
1739715940454 0.5815189023635916 407
1739715940458 0.8242649768013485 408
1739715940463 0.6888233446786021 409
1739715940468 0.46629119672136093 410
1739715940472 0.7627889625738166 411
1739715940477 0.5879536339253221 412
1739715940481 0.5355297532645374 413
1739715940486 0.5449221715878698 414
1739715940490 0.770947711762476 415
1739715940495 0.5491931332093085 416
1739715940500 0.516107228319043 417
1739715940504 0.6354644488186946 418
1739715940509 0.6069516193307558 419
1739715940514 0.6157523499445055 420
1739715940518 0.5637436252319251 421
1739715940523 0.4559131749766715 422
1739715940528 0.610528841726177 423
1739715940532 0.721497942070277 424
1739715940537 0.5751437763828123 425
1739715940542 0.39020127564210016 426
1739715940547 0.5226847517131721 427
1739715940553 0.734736780249087 428
1739715940558 0.5130183691063099 429
1739715940563 0.5150975529404372 430
1739715940567 0.5359931856546778 431
1739715940572 0.5266712886252752 432
1739715940576 0.7892677504221421 433
1739715940581 0.38402155226291235 434
1739715940586 0.4541960305794503 435
1739715940590 0.5206616388692344 436
1739715940595 0.5173449028750923 437
1739715940600 0.45550037046842606 438
1739715940604 0.6078497876527704 439
1739715940610 0.5779890699719498 440
1739715940615 0.5166876979905952 441
1739715940619 0.516916799534403 442
1739715940624 0.534438515404617 443
1739715940628 0.4002001057909677 444
1739715940633 0.4252635867868108 445
1739715940637 0.4016253982672067 446
1739715940642 0.43420217035714115 447
1739715940646 0.42754355597885824 448
1739715940651 0.5816124139586224 449
1739715940656 0.39325613767549006 450
1739715940662 0.5519080758435884 451
1739715940667 0.6052442621172877 452
1739715940672 0.4349626189594712 453
1739715940676 0.38660746436595067 454
1739715940681 0.4582441269510252 455
1739715940685 0.32040685959137405 456
1739715940689 0.4608384954063896 457
1739715940694 0.47680989716806627 458
1739715940699 0.4232491114261633 459
1739715940703 0.39223202624123193 460
1739715940708 0.47235513031324294 461
1739715940712 0.3286606940088321 462
1739715940717 0.36304105996846386 463
1739715940721 0.4322756839084675 464
1739715940726 0.37231368284721417 465
1739715940730 0.3693428226165158 466
1739715940735 0.4094226514927481 467
1739715940739 0.40020214771984486 468
1739715940744 0.4679135499165743 469
1739715940749 0.6655461349045128 470
1739715940753 0.48089323787528415 471
1739715940757 0.36711952113380875 472
1739715940762 0.3128240225476052 473
1739715940766 0.3905848101671931 474
1739715940771 0.5181694106836722 475
1739715940775 0.38802818175108944 476
1739715940780 0.417386539681202 477
1739715940784 0.4216633706879192 478
1739715940789 0.42516348999074854 479
1739715940794 0.43823609155997295 480
1739715940798 0.36977699568478545 481
1739715940803 0.31017813520512305 482
1739715940807 0.32893236108214435 483
1739715940822 0.31080876774969113 484
1739715940826 0.45503288816153703 485
1739715940831 0.333560547910769 486
1739715940835 0.3930380137812871 487
1739715940840 0.40845736158946777 488
1739715940844 0.34556534206812956 489
1739715940849 0.321105469321056 490
1739715940853 0.3593658959110573 491
1739715940858 0.32037494414577306 492
1739715940863 0.25129592122515243 493
1739715940868 0.3420926475470076 494
1739715940872 0.3690446775520451 495
1739715940877 0.3930625453115039 496
1739715940882 0.3798214535385556 497
1739715940886 0.25770342429911236 498
1739715940891 0.37615705985663717 499
