1739714852550 163.9170443658992 0
1739714852554 163.5919558582191 1
1739714852558 163.2675160358338 2
1739714852562 162.9437235991217 3
1739714852566 162.62057725107928 4
1739714852571 162.29807569731597 5
1739714852575 161.97621764604855 6
1739714852580 161.65500180809613 7
1739714852584 161.33442689687467 8
1739714852588 161.01449162839177 9
1739714852592 160.69519472124134 10
1739714852596 160.37653489659837 11
1739714852600 160.05851087821372 12
1739714852605 159.74112139240876 13
1739714852609 159.42436516807035 14
1739714852612 159.10824093664525 15
1739714852616 158.79274743213537 16
1739714852620 158.47788339109223 17
1739714852624 158.16364755261196 18
1739714852628 157.85003865833 19
1739714852632 157.53705545241598 20
1739714852636 157.22469668156856 21
1739714852640 156.91296109501036 22
1739714852643 156.6018474444827 23
1739714852647 156.2913544842406 24
1739714852651 155.9814809710476 25
1739714852655 155.67222566417055 26
1739714852659 155.36358732537485 27
1739714852664 155.05556471891893 28
1739714852668 154.74815661154952 29
1739714852672 154.44136177249644 30
1739714852676 154.13517897346762 31
1739714852680 153.82960698864403 32
1739714852684 153.5246445946746 33
1739714852688 153.2202905706713 34
1739714852692 152.91654369820404 35
1739714852696 152.6134027612957 36
1739714852701 152.31086654641726 37
1739714852705 152.00893384248255 38
1739714852710 151.7076034408437 39
1739714852714 151.40687413528568 40
1739714852718 151.10674472202183 41
1739714852722 150.80721399968857 42
1739714852726 150.50828076934073 43
1739714852730 150.20994383444636 44
1739714852734 149.91220200088216 45
1739714852740 149.61505407692832 46
1739714852744 149.3184988732638 47
1739714852748 149.02253520296122 48
1739714852753 148.72716188148235 49
1739714852757 148.43237772667297 50
1739714852761 148.1381815587582 51
1739714852765 147.84457220033744 52
1739714852769 147.55154847637985 53
1739714852773 147.2591092142193 54
1739714852777 146.96725324354972 55
1739714852780 146.67597939642013 56
1739714852785 146.38528650723 57
1739714852788 146.09517341272448 58
1739714852793 145.80563895198958 59
1739714852797 145.51668196644738 60
1739714852801 145.22830129985138 61
1739714852805 144.9404957982817 62
1739714852809 144.65326431014034 63
1739714852813 144.36660568614658 64
1739714852817 144.08051877933218 65
1739714852821 143.79500244503663 66
1739714852825 143.51005554090253 67
1739714852829 143.22567692687105 68
1739714852833 142.94186546517696 69
1739714852837 142.65862002034427 70
1739714852842 142.37593945918138 71
1739714852846 142.09382265077662 72
1739714852850 141.81226846649324 73
1739714852854 141.53127577996554 74
1739714852858 141.25084346709338 75
1739714852862 140.97097040603816 76
1739714852866 140.69165547721812 77
1739714852870 140.41289756330357 78
1739714852874 140.13469554921252 79
1739714852878 139.85704832210607 80
1739714852882 139.57995477138383 81
1739714852887 139.30341378867934 82
1739714852891 139.02742426785568 83
1739714852895 138.7519851050007 84
1739714852899 138.47709519842283 85
1739714852903 138.2027534486463 86
1739714852908 137.9289587584067 87
1739714852913 137.6557100326467 88
1739714852918 137.38300617851124 89
1739714852924 137.11084610534334 90
1739714852929 136.83922872467946 91
1739714852933 136.56815295024523 92
1739714852937 136.29761769795078 93
1739714852941 136.0276218858865 94
1739714852945 135.75816443431856 95
1739714852949 135.48924426568445 96
1739714852953 135.22086030458865 97
1739714852957 134.95301147779816 98
1739714852961 134.6856967142382 99
1739714852965 134.41891494498776 100
1739714852969 134.15266510327524 101
1739714852973 133.88694612447418 102
1739714852978 133.62175694609874 103
1739714852983 133.35709650779955 104
1739714852987 133.09296375135926 105
1739714852990 132.8293576206882 106
1739714852994 132.5662770618202 107
1739714852998 132.30372102290812 108
1739714853003 132.04168845421967 109
1739714853006 131.78017830813303 110
1739714853011 131.51918953913275 111
1739714853015 131.25872110380524 112
1739714853019 130.99877196083466 113
1739714853023 130.73934107099865 114
1739714853027 130.480427397164 115
1739714853031 130.22202990428264 116
1739714853035 129.96414755938704 117
1739714853040 129.70677933158646 118
1739714853044 129.4499241920623 119
1739714853048 129.19358111406416 120
1739714853052 128.93774907290563 121
1739714853056 128.68242704596 122
1739714853060 128.42761401265616 123
1739714853064 128.17330895447444 124
1739714853068 127.91951085494243 125
1739714853073 127.66621869963085 126
1739714853077 127.41343147614937 127
1739714853081 127.16114817414253 128
1739714853085 126.9093677852856 129
1739714853089 126.65808930328042 130
1739714853093 126.40731172385141 131
1739714853097 126.15703404474135 132
1739714853101 125.90725526570729 133
1739714853105 125.65797438851668 134
1739714853109 125.40919041694296 135
1739714853113 125.1609023567618 136
1739714853117 124.91310921574683 137
1739714853121 124.66581000366577 138
1739714853124 124.41900373227622 139
1739714853128 124.17268941532178 140
1739714853132 123.92686606852797 141
1739714853136 123.6815327095981 142
1739714853140 123.43668835820954 143
1739714853144 123.19233203600943 144
1739714853148 122.94846276661089 145
1739714853151 122.70507957558894 146
1739714853156 122.46218149047654 147
1739714853159 122.21976754076064 148
1739714853163 121.97783675787831 149
1739714853168 121.73638817521258 150
1739714853172 121.49542082808875 151
1739714853176 121.25493375377025 152
1739714853179 121.01492599145482 153
1739714853184 120.7753965822706 154
1739714853188 120.53634456927222 155
1739714853192 120.29776899743679 156
1739714853196 120.05966891366023 157
1739714853200 119.82204336675314 158
1739714853205 119.5848914074371 159
1739714853208 119.3482120883407 160
1739714853212 119.1120044639958 161
1739714853216 118.87626759083356 162
1739714853220 118.6410005271806 163
1739714853224 118.4062023332552 164
1739714853228 118.17187207116358 165
1739714853232 117.93800880489583 166
1739714853236 117.70461160032238 167
1739714853240 117.47167952518993 168
1739714853244 117.23921164911789 169
1739714853248 117.00720704359439 170
1739714853253 116.77566478197268 171
1739714853256 116.5445839394672 172
1739714853260 116.3139635931499 173
1739714853264 116.08380282194646 174
1739714853268 115.85410070663258 175
1739714853272 115.62485632983017 176
1739714853276 115.39606877600362 177
1739714853280 115.16773713145616 178
1739714853283 114.93986048432606 179
1739714853287 114.71243792458291 180
1739714853291 114.485468544024 181
1739714853295 114.25895143627051 182
1739714853299 114.03288569676393 183
1739714853303 113.80727042276229 184
1739714853307 113.58210471333653 185
1739714853311 113.35738766936684 186
1739714853315 113.13311839353905 187
1739714853319 112.9092959903408 188
1739714853322 112.68591956605803 189
1739714853326 112.46298822877145 190
1739714853330 112.24050108835266 191
1739714853334 112.01845725646074 192
1739714853338 111.79685584653849 193
1739714853343 111.57569597380896 194
1739714853346 111.3549767552717 195
1739714853351 111.13469730969929 196
1739714853356 110.91485675763373 197
1739714853361 110.69545422138279 198
1739714853366 110.47648882501656 199
1739714853370 110.25795969436376 200
1739714853374 110.03986595700829 201
1739714853379 109.82220674228564 202
1739714853386 109.60498118127933 203
1739714853392 109.3881884068174 204
1739714853396 109.17182755346892 205
1739714853401 108.95589775754033 206
1739714853405 108.74039815707215 207
1739714853410 108.52532789183529 208
1739714853415 108.31068610332763 209
1739714853419 108.0964719347705 210
1739714853423 107.88268453110527 211
1739714853427 107.66932303898975 212
1739714853432 107.45638660679487 213
1739714853436 107.24387438460103 214
1739714853440 107.03178552419485 215
1739714853444 106.82011917906559 216
1739714853448 106.60887450440175 217
1739714853452 106.39805065708767 218
1739714853456 106.18764679569999 219
1739714853460 105.97766208050436 220
1739714853464 105.76809567345195 221
1739714853469 105.55894673817612 222
1739714853473 105.35021443998895 223
1739714853477 105.14189794587783 224
1739714853482 104.93399642450214 225
1739714853486 104.72650904618986 226
1739714853491 104.5194349829342 227
1739714853495 104.31277340839021 228
1739714853499 104.10652349787142 229
1739714853503 103.90068442834654 230
1739714853508 103.69525537843603 231
1739714853512 103.4902355284089 232
1739714853516 103.28562406017925 233
1739714853520 103.08142015730299 234
1739714853524 102.87762300497454 235
1739714853528 102.67423179002353 236
1739714853531 102.47124570091148 237
1739714853536 102.26866392772844 238
1739714853540 102.06648566218986 239
1739714853544 101.86471009763318 240
1739714853548 101.66333642901452 241
1739714853552 101.46236385290555 242
1739714853556 101.26179156749016 243
1739714853560 101.06161877256122 244
1739714853564 100.86184466951721 245
1739714853567 100.6624684613592 246
1739714853572 100.4634893526874 247
1739714853576 100.26490654969811 248
1739714853582 100.06671926018039 249
1739714853586 99.86892669351285 250
1739714853590 99.6715280606604 251
1739714853595 99.47452257417127 252
1739714853600 99.2779094481735 253
1739714853605 99.08168789837202 254
1739714853610 98.88585714204523 255
1739714853614 98.69041639804206 256
1739714853618 98.4953648867786 257
1739714853622 98.30070183023508 258
1739714853626 98.10642645195259 259
1739714853631 97.91253797703006 260
1739714853635 97.719035632121 261
1739714853639 97.52591864543045 262
1739714853644 97.33318624671179 263
1739714853648 97.14083766726361 264
1739714853652 96.94887213992668 265
1739714853657 96.75728889908072 266
1739714853661 96.56608718064136 267
1739714853665 96.37526622205709 268
1739714853670 96.18482526230602 269
1739714853673 95.99476354189291 270
1739714853678 95.8050803028461 271
1739714853682 95.61577478871435 272
1739714853686 95.42684624456383 273
1739714853690 95.23829391697507 274
1739714853694 95.05011705403984 275
1739714853698 94.8623149053582 276
1739714853703 94.67488672203531 277
1739714853707 94.4878317566786 278
1739714853712 94.30114926339449 279
1739714853717 94.11483849778563 280
1739714853721 93.92889871694767 281
1739714853726 93.74332917946634 282
1739714853731 93.55812914541443 283
1739714853735 93.37329787634883 284
1739714853739 93.18883463530746 285
1739714853744 93.0047386868063 286
1739714853749 92.82100929683652 287
1739714853758 92.63764573286132 288
1739714853763 92.45464726381309 289
1739714853768 92.27201316009044 290
1739714853773 92.0897426935552 291
1739714853777 91.90783513752946 292
1739714853781 91.72628976679268 293
1739714853785 91.54510585757869 294
1739714853789 91.36428268757281 295
1739714853793 91.1838195359089 296
1739714853798 91.00371568316646 297
1739714853802 90.82397041136765 298
1739714853806 90.64458300397446 299
1739714853810 90.4655527458857 300
1739714853814 90.28687892343433 301
1739714853818 90.10856082438423 302
1739714853822 89.93059773792764 303
1739714853826 89.75298895468204 304
1739714853830 89.57573376668745 305
1739714853835 89.39883146740341 306
1739714853839 89.22228135170629 307
1739714853843 89.04608271588624 308
1739714853847 88.8702348576445 309
1739714853851 88.69473707609046 310
1739714853856 88.5195886717389 311
1739714853860 88.34478894650704 312
1739714853864 88.17033720371185 313
1739714853867 87.99623274806711 314
1739714853872 87.8224748856807 315
1739714853876 87.64906292405172 316
1739714853880 87.47599617206762 317
1739714853884 87.30327394000166 318
1739714853888 87.13089553950971 319
1739714853892 86.95886028362791 320
1739714853896 86.78716748676956 321
1739714853900 86.61581646472244 322
1739714853904 86.44480653464613 323
1739714853908 86.27413701506913 324
1739714853912 86.10380722588613 325
1739714853915 85.93381648835532 326
1739714853919 85.7641641250955 327
1739714853923 85.59484946008352 328
1739714853927 85.42587181865142 329
1739714853931 85.25723052748369 330
1739714853935 85.0889249146147 331
1739714853939 84.92095430942572 332
1739714853943 84.75331804264246 333
1739714853947 84.58601544633221 334
1739714853951 84.4190458539012 335
1739714853954 84.25240860009184 336
1739714853959 84.08610302098013 337
1739714853963 83.9201284539729 338
1739714853968 83.75448423780506 339
1739714853972 83.58916971253713 340
1739714853976 83.42418421955237 341
1739714853980 83.2595271015542 342
1739714853985 83.09519770256357 343
1739714853989 82.93119536791619 344
1739714853993 82.76751944426005 345
1739714853998 82.60416927955261 346
1739714854001 82.44114422305825 347
1739714854006 82.27844362534567 348
1739714854010 82.11606683828519 349
1739714854015 81.95401321504615 350
1739714854019 81.79228211009426 351
1739714854023 81.63087287918911 352
1739714854028 81.46978487938144 353
1739714854032 81.30901746901054 354
1739714854037 81.14857000770178 355
1739714854041 80.98844185636382 356
1739714854046 80.8286323771863 357
1739714854052 80.66914093363691 358
1739714854057 80.50996689045921 359
1739714854062 80.35110961366966 360
1739714854067 80.19256847055539 361
1739714854071 80.03434282967144 362
1739714854076 79.87643206083833 363
1739714854080 79.71883553513938 364
1739714854085 79.56155262491828 365
1739714854088 79.4045827037765 366
1739714854093 79.2479251465708 367
1739714854097 79.0915793294106 368
1739714854101 78.93554462965561 369
1739714854105 78.77982042591319 370
1739714854109 78.62440609803586 371
1739714854114 78.46930102711887 372
1739714854118 78.31450459549762 373
1739714854122 78.16001618674514 374
1739714854126 78.00583518566967 375
1739714854130 77.85196097831219 376
1739714854134 77.69839295194382 377
1739714854138 77.5451304950634 378
1739714854144 77.39217299739518 379
1739714854148 77.23951984988604 380
1739714854152 77.08717044470329 381
1739714854157 76.93512417523208 382
1739714854161 76.78338043607302 383
1739714854165 76.63193862303964 384
1739714854169 76.48079813315614 385
1739714854173 76.32995836465466 386
1739714854177 76.17941871697312 387
1739714854181 76.02917859075262 388
1739714854185 75.87923738783519 389
1739714854189 75.72959451126107 390
1739714854193 75.58024936526671 391
1739714854198 75.43120135528204 392
1739714854202 75.28244988792812 393
1739714854206 75.13399437101492 394
1739714854211 74.9858342135387 395
1739714854215 74.8379688256798 396
1739714854221 74.69039761880012 397
1739714854225 74.54312000544084 398
1739714854230 74.39613539932002 399
1739714854234 74.2494432153302 400
1739714854238 74.10304286953608 401
1739714854242 73.9569337791721 402
1739714854247 73.81111536264022 403
1739714854251 73.66558703950737 404
1739714854255 73.52034823050325 405
1739714854259 73.37539835751801 406
1739714854263 73.23073684359973 407
1739714854268 73.08636311295238 408
1739714854272 72.94227659093322 409
1739714854276 72.79847670405063 410
1739714854280 72.65496287996177 411
1739714854284 72.5117345474702 412
1739714854289 72.36879113652368 413
1739714854294 72.22613207821183 414
1739714854298 72.08375680476375 415
1739714854302 71.94166474954588 416
1739714854305 71.79985534705953 417
1739714854309 71.65832803293878 418
1739714854313 71.51708224394811 419
1739714854317 71.37611741798013 420
1739714854321 71.23543299405321 421
1739714854325 71.09502841230946 422
1739714854329 70.95490311401227 423
1739714854334 70.81505654154407 424
1739714854338 70.67548813840422 425
1739714854342 70.53619734920656 426
1739714854346 70.3971836196773 427
1739714854350 70.25844639665286 428
1739714854354 70.11998512807739 429
1739714854358 69.98179926300072 430
1739714854363 69.84388825157615 431
1739714854367 69.70625154505817 432
1739714854371 69.56888859580019 433
1739714854375 69.43179885725245 434
1739714854379 69.29498178395977 435
1739714854383 69.15843683155931 436
1739714854393 69.02216345677842 437
1739714854397 68.8861611174324 438
1739714854401 68.75042927242235 439
1739714854406 68.614967381733 440
1739714854410 68.47977490643049 441
1739714854414 68.34485130866022 442
1739714854418 68.21019605164469 443
1739714854423 68.07580859968125 444
1739714854427 67.94168841814007 445
1739714854431 67.8078349734619 446
1739714854436 67.67424773315595 447
1739714854440 67.54092616579766 448
1739714854443 67.40786974102672 449
1739714854447 67.27507792954476 450
1739714854451 67.14255020311333 451
1739714854455 67.01028603455171 452
1739714854459 66.87828489773479 453
1739714854463 66.74654626759094 454
1739714854467 66.61506962009996 455
1739714854471 66.4838544322909 456
1739714854476 66.35290018223992 457
1739714854480 66.2222063490683 458
1739714854484 66.09177241294019 459
1739714854489 65.96159785506069 460
1739714854494 65.83168215767355 461
1739714854537 65.7020248040593 462
1739714854542 65.57262527853295 463
1739714854547 65.44348306644213 464
1739714854552 65.31459765416479 465
1739714854556 65.18596852910731 466
1739714854561 65.05759517970236 467
1739714854565 64.92947709540684 468
1739714854570 64.80161376669977 469
1739714854574 64.67400468508033 470
1739714854579 64.54664934306578 471
1739714854583 64.41954723418938 472
1739714854587 64.29269785299833 473
1739714854592 64.16610069505187 474
1739714854596 64.03975525691902 475
1739714854601 63.91366103617678 476
1739714854605 63.78781753140794 477
1739714854609 63.66222424219913 478
1739714854613 63.53688066913879 479
1739714854618 63.41178631381519 480
1739714854623 63.28694067881433 481
1739714854627 63.162343267718036 482
1739714854631 63.037993585101894 483
1739714854635 62.913891136533294 484
1739714854640 62.79003542856938 485
1739714854644 62.66642596875514 486
1739714854649 62.54306226562136 487
1739714854652 62.41994382868264 488
1739714854657 62.29707016843546 489
1739714854661 62.17444079635618 490
1739714854665 62.05205522489911 491
1739714854669 61.92991296749445 492
1739714854673 61.80801353854642 493
1739714854678 61.686356453431266 494
1739714854682 61.564941228495336 495
1739714854686 61.44376738105307 496
1739714854690 61.32283442938514 497
1739714854695 61.20214189273641 498
1739714854700 61.08168929131408 499
