1739717954874 70.9893507563369 0
1739717954906 34.81601175254174 1
1739717954939 20.637102160601124 2
1739717954971 7.397732511487475 3
1739717955003 5.754787205775258 4
1739717955035 3.2389944486308364 5
1739717955067 0.08887499312793201 6
1739717955100 0.39003599139807726 7
1739717955131 0.23058570028389436 8
1739717955163 0.0701977142965562 9
1739717955196 0.14966623526237297 10
1739717955228 0.0036259079101068257 11
1739717955261 0.18469343700177604 12
1739717955293 0.06739363027244151 13
1739717955325 0.013554949966147674 14
1739717955357 0.0510175363412772 15
1739717955389 0.0016212475477892071 16
1739717955421 0.09124306037034197 17
1739717955453 7.552252168421227e-06 18
1739717955485 0.03672327100882941 19
1739717955517 0.040169710175116016 20
1739717955549 0.002726261339806766 21
1739717955582 0.014578048975856954 22
1739717955614 0.03217553077195778 23
1739717955646 0.013467803797277604 24
1739717955679 0.0027646355983510546 25
1739717955711 0.00834082939678192 26
1739717955743 0.19416163527532715 27
1739717955776 0.14518046385109798 28
1739717955809 0.03094483269910419 29
1739717955840 0.035932997263790685 30
1739717955872 0.008889233483267396 31
1739717955905 0.011447831414210652 32
1739717955938 0.06900539940141402 33
1739717955971 0.0015560493606879492 34
1739717956003 0.015240973835721776 35
1739717956035 0.08999544783887826 36
1739717956067 0.05542731913967724 37
1739717956100 0.014606686475625451 38
1739717956132 0.016307897875711876 39
1739717956165 0.008626832498815533 40
1739717956197 0.007668698113286605 41
1739717956229 0.08062378899240825 42
1739717956261 0.0631590269353031 43
1739717956293 0.20730692364397746 44
1739717956325 0.05206398592417824 45
1739717956357 0.1660801812178885 46
1739717956390 0.022665919611369156 47
1739717956422 0.06143512481235417 48
1739717956454 0.5051986522217665 49
1739717956486 0.022949694325535615 50
1739717956518 0.03253962520676937 51
1739717956551 0.011156180974772086 52
1739717956583 0.0027644080283167963 53
1739717956615 0.029544684128555043 54
1739717956647 0.0041011297188813765 55
1739717956679 0.0012742631155356846 56
1739717956711 0.03829607556888305 57
1739717956743 0.028787635692473675 58
1739717956776 0.16801024313224452 59
1739717956808 0.26188653252918015 60
1739717956841 0.03037468055699336 61
1739717956873 0.00038739805470437336 62
1739717956905 0.007597658281550651 63
1739717956938 0.021661194709218533 64
1739717956971 0.006956576958787112 65
1739717957003 0.005706916253976624 66
1739717957035 0.00019310862844113463 67
1739717957068 0.0732819661208993 68
1739717957100 0.003824631468785879 69
1739717957132 0.017362689069486615 70
1739717957165 0.6094232426012898 71
1739717957197 0.0001430736374995848 72
1739717957231 0.07860469608601502 73
1739717957264 0.1835610595275 74
1739717957295 0.07932413252404999 75
1739717957328 0.10090329237555899 76
1739717957360 1.7227385488731644e-05 77
1739717957393 0.09571806837324856 78
1739717957425 0.09960363604511606 79
1739717957457 0.6031938283330449 80
1739717957490 0.2654181469521345 81
1739717957522 0.03463061251766686 82
1739717957554 0.00979143962239872 83
1739717957586 5.738183598426411e-06 84
1739717957618 0.09397372912034357 85
1739717957650 0.020951505726717553 86
1739717957683 0.0010929711538634405 87
1739717957715 0.014951173986639183 88
1739717957748 3.127222434229619e-05 89
1739717957781 0.1359464389855294 90
1739717957813 0.0038801644231277665 91
1739717957845 0.12211311206892328 92
1739717957876 0.017793544826797365 93
1739717957909 0.6970244012148182 94
1739717957942 0.8221722922291269 95
1739717957974 0.018130577634114648 96
1739717958007 0.0223964406007243 97
1739717958039 0.005398030194346631 98
1739717958072 0.08415333256805106 99
1739717958104 0.01994772200377378 100
1739717958135 0.3516118155448254 101
1739717958167 0.14984570903633573 102
1739717958199 0.39533190674726126 103
1739717958231 0.047597648610774625 104
1739717958262 0.026670081117886157 105
1739717958294 0.03814037041223601 106
1739717958326 0.0932243803523741 107
1739717958358 0.00261155487798783 108
1739717958390 0.0006295606932594835 109
1739717958422 0.02573245322518135 110
1739717958453 0.027552984438931942 111
1739717958486 0.6286359002656414 112
1739717958518 0.0013514296103498307 113
1739717958550 0.03385523281564934 114
1739717958582 0.017628686871920454 115
1739717958614 0.06431319340417782 116
1739717958646 0.09493668592014758 117
1739717958678 0.0224729665980441 118
1739717958711 0.07159945667462378 119
1739717958743 0.34430500071845666 120
1739717958775 0.0023991224203068783 121
1739717958807 0.03428873379332341 122
1739717958839 0.10050600119672919 123
1739717958871 0.036241795378030676 124
1739717958903 0.04064879106259017 125
1739717958935 0.01431169416643469 126
1739717958967 0.021045819083237504 127
1739717958999 0.03204328437007332 128
1739717959031 0.08382951732131298 129
1739717959064 0.012616081381377285 130
1739717959096 0.19462574016985001 131
1739717959128 0.08670286379685044 132
1739717959160 0.05714191536378092 133
1739717959192 0.006127979025230776 134
1739717959225 0.019238618368167655 135
1739717959257 0.05190630435089246 136
1739717959289 0.18396007252638746 137
1739717959321 0.05718670568408951 138
1739717959353 3.1102253681670046e-05 139
1739717959385 0.09458904478840713 140
1739717959417 0.13899899239927674 141
1739717959448 0.07220037833243778 142
1739717959480 0.004029143591043857 143
1739717959512 0.013141629558434311 144
1739717959544 0.11024320883803754 145
1739717959576 0.033106182756224595 146
1739717959608 0.011569462415448713 147
1739717959639 0.23412228073992172 148
1739717959670 0.1503824904223443 149
1739717959702 0.14071217969633967 150
1739717959734 0.01439139406812837 151
1739717959766 0.01288032475999457 152
1739717959798 0.3998634143687271 153
1739717959830 0.17431124665747932 154
1739717959862 0.0030224534484182574 155
1739717959894 0.0008084186205193784 156
1739717959926 0.010225734739077823 157
1739717959958 0.4227933382105871 158
1739717959990 0.43040812458427485 159
1739717960022 0.00107406449803419 160
1739717960055 0.12542685556876648 161
1739717960088 0.2271812645115865 162
1739717960120 0.05901016798749697 163
1739717960153 0.002481011025612861 164
1739717960185 0.0009528822242807635 165
1739717960218 0.040003854285974715 166
1739717960249 0.0013437181051359419 167
1739717960281 0.024980523513340163 168
1739717960314 0.1237340858159496 169
1739717960346 0.24797742121550656 170
1739717960378 0.07989581185948838 171
1739717960410 0.012635889226661522 172
1739717960444 4.9401335539074265e-05 173
1739717960476 0.2417631961370975 174
1739717960509 0.03667965814422098 175
1739717960540 0.05524842014747633 176
1739717960572 0.034419826505204545 177
1739717960604 0.0041483655250551124 178
1739717960636 0.4479162878998015 179
1739717960667 0.06241911615110885 180
1739717960699 0.47301716314922393 181
1739717960731 0.07297205724805986 182
1739717960763 0.031020356919847194 183
1739717960795 0.00013859165286299788 184
1739717960829 0.14050266944094808 185
1739717960862 0.08184094668147503 186
1739717960895 0.005126938381786245 187
1739717960928 0.0850805111706877 188
1739717960961 0.029652861986041272 189
1739717960994 0.040029146592602746 190
1739717961027 0.034356379836684256 191
1739717961061 0.010598260751830617 192
1739717961094 0.15037775884676324 193
1739717961127 0.006973930178892977 194
1739717961161 0.04806367873877518 195
1739717961194 0.02020409695454236 196
1739717961228 0.027652795632736364 197
1739717961261 0.0001991095750197878 198
1739717961294 1.126654801731951 199
1739717961328 0.0005229620774424722 200
1739717961361 0.015417088393037475 201
1739717961395 0.00433734570727335 202
1739717961427 0.00019805393936050495 203
1739717961460 0.003294818266777127 204
1739717961493 0.0005408653456988898 205
1739717961526 0.28745286606521775 206
1739717961559 0.002354475636543791 207
1739717961592 0.02504550998283216 208
1739717961625 0.05162120830155684 209
1739717961657 0.003933434261823103 210
1739717961689 0.3249156585901609 211
1739717961721 0.00037212157173543216 212
1739717961753 0.012554100679785095 213
1739717961785 0.17769034330860772 214
1739717961818 0.06585220840639786 215
1739717961850 0.00037122959843356273 216
1739717961881 0.016741807374080556 217
1739717961913 0.05264619152127034 218
1739717961945 0.020029933581013154 219
1739717961977 0.027958353990252052 220
1739717962008 0.15527257308156797 221
1739717962041 0.0986038728268995 222
1739717962073 0.580503875468736 223
1739717962106 0.1773099565547089 224
1739717962138 0.0006200810124213077 225
1739717962170 0.09089684056752123 226
1739717962203 0.0020798483871412084 227
1739717962235 0.10951909499087822 228
1739717962267 0.0269862143355029 229
1739717962299 0.013329949387927432 230
1739717962331 0.0006852312822740606 231
1739717962363 0.030634346359893486 232
1739717962396 0.09509256256378046 233
1739717962428 0.004646694360228459 234
1739717962461 0.01816802966892833 235
1739717962493 0.5690967426131448 236
1739717962524 0.298495532569869 237
1739717962557 0.05811560183203946 238
1739717962589 0.26580727539333265 239
1739717962621 0.02447645049535143 240
1739717962653 0.01902572232381728 241
1739717962685 0.012574486915280118 242
1739717962717 0.349072085205464 243
1739717962749 0.05754929519904492 244
1739717962781 0.11625957470617924 245
1739717962813 0.08101934591044327 246
1739717962845 0.046726330893403584 247
1739717962877 0.012640903424406569 248
1739717962909 0.0236376212841081 249
1739717962942 0.05557121010004101 250
1739717962974 0.019311199980328285 251
1739717963006 0.3571605577779055 252
1739717963038 0.000536782391503155 253
1739717963070 0.012226105223728526 254
1739717963102 0.03189632901551412 255
1739717963134 0.01571755211867103 256
1739717963166 0.02055508607064584 257
1739717963198 2.0194542606560896e-05 258
1739717963231 0.00014845125631936785 259
1739717963263 0.02602401758968394 260
1739717963294 0.3314625557221724 261
1739717963326 0.13376212914816318 262
1739717963359 0.17768549945446163 263
1739717963391 0.015420374746794726 264
1739717963422 0.02058184693327723 265
1739717963455 0.014198827066227227 266
1739717963487 0.009024288849430554 267
1739717963519 0.02104397345985996 268
1739717963552 0.16121177142261173 269
1739717963583 0.0037438645785063743 270
1739717963615 0.061368452436499354 271
1739717963648 0.20123410616388984 272
1739717963680 0.023977285247694324 273
1739717963712 0.11460938640552318 274
1739717963744 0.12829883818944682 275
1739717963776 0.03692769471383787 276
1739717963807 0.006081000457797982 277
1739717963840 0.0006880539974318369 278
1739717963872 0.10097174746693284 279
1739717963905 0.030003359209234026 280
1739717963937 0.001928848392359059 281
1739717963969 7.76238565802448e-05 282
1739717964002 0.0026290309827156403 283
1739717964034 0.10727564420678087 284
1739717964066 0.04394277247475185 285
1739717964098 0.0030272158406504965 286
1739717964130 0.0015364667210168706 287
1739717964162 0.012193763606478333 288
1739717964194 0.008279085735043263 289
1739717964226 0.02428467207374332 290
1739717964258 2.4043614907212505 291
1739717964290 0.019657627050594813 292
1739717964322 0.0035789794407668006 293
1739717964354 0.0019969672278867655 294
1739717964387 0.052179081039052236 295
1739717964419 0.5707799538977297 296
1739717964451 0.00742469507419275 297
1739717964483 0.05286171062763348 298
1739717964515 0.03609799844564609 299
1739717964547 0.03809409026945029 300
1739717964579 0.02888364376024022 301
1739717964611 0.10661299785589289 302
1739717964644 0.17578662878569684 303
1739717964676 0.13575132925122893 304
1739717964708 0.23227258452368643 305
1739717964739 0.0008956107013497582 306
1739717964772 0.0037517318087241162 307
1739717964804 0.12454005278426329 308
1739717964835 0.07494594701684809 309
1739717964867 0.006537775515327878 310
1739717964899 0.007966358243512162 311
1739717964931 0.3693762449435567 312
1739717964963 0.06788331787251765 313
1739717964995 0.21526598784325712 314
1739717965026 0.0769824408171935 315
1739717965059 0.10063738591895534 316
1739717965091 0.06478453599748016 317
1739717965122 0.023577928205141332 318
1739717965155 0.17371654762298455 319
1739717965187 0.0029539282393464044 320
1739717965219 0.2519841651907766 321
1739717965252 0.005306690606781231 322
1739717965284 0.2909277289045803 323
1739717965316 0.00035842439653247063 324
1739717965348 0.21195856166087942 325
1739717965380 0.02320959088314499 326
1739717965413 0.0012406215450333903 327
1739717965444 0.868515779649567 328
1739717965476 0.07538959316635073 329
1739717965508 0.014719372938405901 330
1739717965540 0.009087141628377982 331
1739717965573 0.02267880714920489 332
1739717965604 0.0065009270009858695 333
1739717965636 0.0009474605919075222 334
1739717965669 0.09119730570885803 335
1739717965701 0.030477212618330023 336
1739717965734 0.022468374268837913 337
1739717965766 0.05439309900174587 338
1739717965799 0.03395754917555707 339
1739717965830 0.038365272650685074 340
1739717965862 0.03081973471528189 341
1739717965894 0.011788051378768294 342
1739717965926 0.03352588253333334 343
1739717965958 0.003979870632586382 344
1739717965990 0.057508605688357035 345
1739717966022 0.01150464018880215 346
1739717966054 0.0019518950565156402 347
1739717966086 0.01778947043942551 348
1739717966117 0.0027491419682580203 349
1739717966149 0.0743261253731633 350
1739717966182 0.001426488959134758 351
1739717966214 0.42263012377480175 352
1739717966246 0.028696928775709663 353
1739717966278 0.03854010106019534 354
1739717966310 0.0014478965381399553 355
1739717966342 0.40055903364425055 356
1739717966374 0.06074912843745127 357
1739717966406 0.35839316609392485 358
1739717966438 0.13373528857184833 359
1739717966470 0.10921989907575756 360
1739717966502 3.784810350760553e-05 361
1739717966533 0.02573175725421757 362
1739717966566 0.025248388251001504 363
1739717966598 0.008918352633765118 364
1739717966629 0.011953531492506112 365
1739717966660 0.0019149458662550867 366
1739717966693 0.025712051490104894 367
1739717966725 0.024039420898212333 368
1739717966756 0.082212253640477 369
1739717966788 0.324358401495447 370
1739717966820 0.001014145400869019 371
1739717966852 0.0009907795294092996 372
1739717966883 0.010386444361566717 373
1739717966915 0.0053353316354855535 374
1739717966947 0.054089032179532745 375
1739717966979 1.2856264239449481e-05 376
1739717967011 0.10219229830155585 377
1739717967043 0.0011443974618630226 378
1739717967075 0.00809778436095241 379
1739717967106 0.01866835812687543 380
1739717967138 0.15743860737578177 381
1739717967170 0.009451820472513424 382
1739717967202 0.023657714488136958 383
1739717967234 0.05041546721526176 384
1739717967266 0.04468837164928129 385
1739717967298 0.2705804326927472 386
1739717967329 0.008601979411831122 387
1739717967362 0.03380247367083088 388
1739717967394 0.043203934420173215 389
1739717967425 0.02073420786095016 390
1739717967457 0.02656316362474543 391
1739717967489 0.07446446340817313 392
1739717967521 0.010880536229804325 393
1739717967553 0.02407087292470928 394
1739717967585 0.08825926536911048 395
1739717967617 0.01472555313323861 396
1739717967648 0.010609169372108618 397
1739717967680 0.07939830935003019 398
1739717967712 0.21135942934253413 399
1739717967744 4.7639277887811485e-05 400
1739717967776 0.054891912305668596 401
1739717967808 0.0006184971353051642 402
1739717967840 0.021792937286621374 403
1739717967872 0.0018380450191239955 404
1739717967904 0.11739234806084349 405
1739717967936 0.05120138117360622 406
1739717967969 0.08765738530648354 407
1739717968001 0.05183811609836753 408
1739717968033 0.022286837111884877 409
1739717968065 0.21042127456540566 410
1739717968097 0.10692157459588762 411
1739717968129 0.017964868276385687 412
1739717968161 0.013025019712699155 413
1739717968193 0.012700881161794395 414
1739717968226 0.010073487530986245 415
1739717968257 0.06263913184166292 416
1739717968289 0.06976968797539118 417
1739717968321 0.00679811278991896 418
1739717968353 0.0513783261721078 419
1739717968385 0.2099622262328566 420
1739717968416 0.028606312887504183 421
1739717968448 0.0029616873649740963 422
1739717968481 0.24415241254928582 423
1739717968514 0.019571025980576473 424
1739717968546 8.74304382258712e-06 425
1739717968578 0.024853456908522552 426
1739717968611 0.1978200326478492 427
1739717968643 0.2387935967825375 428
1739717968675 0.005198161282529654 429
1739717968707 0.00022480945625560206 430
1739717968738 0.0361715805774996 431
1739717968771 0.0411129791312591 432
1739717968803 1.029416661834396e-05 433
1739717968835 0.17198875783813697 434
1739717968867 0.11723007285003377 435
1739717968899 0.08533222269859941 436
1739717968931 0.040965783027300286 437
1739717968963 0.1142917031863841 438
1739717968995 0.0306174634205689 439
1739717969027 0.0013662761469877753 440
1739717969059 0.0529377279238406 441
1739717969091 0.05788587286803469 442
1739717969123 0.03146966831743523 443
1739717969155 0.0011943749608385578 444
1739717969187 0.07128875205835836 445
1739717969219 0.00033361276826517023 446
1739717969251 0.08650236989527105 447
1739717969283 0.18372270608189104 448
1739717969315 0.00043118216244860557 449
1739717969347 0.002916742865982948 450
1739717969379 0.002951435432609595 451
1739717969411 0.00901373265687068 452
1739717969443 0.07307459171300043 453
1739717969475 0.04141314988613099 454
1739717969507 0.008915925832594169 455
1739717969538 0.010150621870801894 456
1739717969570 0.025456887364977077 457
1739717969603 0.06577556130745127 458
1739717969635 0.00735856537123052 459
1739717969667 0.036616631307234596 460
1739717969699 0.07359232165717168 461
1739717969731 0.0667896133719447 462
1739717969763 2.3026611685395664 463
1739717969794 0.017240224877884715 464
1739717969826 0.015026782378618141 465
1739717969858 0.016868932304873723 466
1739717969890 0.011967866427853914 467
1739717969922 0.0033307432835857137 468
1739717969954 0.004518362462325806 469
1739717969986 0.08726011891215815 470
1739717970019 0.005460535989162433 471
1739717970051 0.051455529282827525 472
1739717970087 0.19651119756366672 473
1739717970120 0.02390160738493268 474
1739717970151 0.030880596658887635 475
1739717970183 0.03746875890196592 476
1739717970215 1.0645512722911201 477
1739717970247 0.01072653912669697 478
1739717970278 0.0010428030675020945 479
1739717970310 0.012815187656436931 480
1739717970342 0.4983135985051274 481
1739717970373 0.002234940024388691 482
1739717970405 0.08225228708542713 483
1739717970437 0.0004891068143755682 484
1739717970469 0.0013370911587889385 485
1739717970501 0.011393303482506334 486
1739717970533 0.02192427472198831 487
1739717970565 0.05083521874482221 488
1739717970597 0.018671019629776145 489
1739717970630 7.4239234404919335e-06 490
1739717970662 0.002465583132831474 491
1739717970693 0.13220540768047873 492
1739717970726 0.05401599918629512 493
1739717970758 0.11580750341778996 494
1739717970790 0.09824010595491103 495
1739717970822 0.01876767271122398 496
1739717970854 0.02942837449800796 497
1739717970886 0.19343599568589526 498
1739717970918 0.007448684371485509 499
