1739718424470 60.720971909505 0
1739718424503 1763.4130497466365 1
1739718424535 2059.1580010760435 2
1739718424568 0.05042023808758266 3
1739718424600 0.5134272023947068 4
1739718424633 16816.58757687532 5
1739718424666 290.2526765809517 6
1739718424699 3069311481.7955832 7
1739718424732 221962912.59174138 8
1739718424764 8014970349.681809 9
1739718424797 38544500.080204725 10
1739718424830 5639933.586587582 11
1739718424862 2533.8752886046595 12
1739718424895 500454.19747494283 13
1739718424929 1712.5213283439075 14
1739718424962 251767453.12516814 15
1739718424994 51966799981435.12 16
1739718425026 21300409442227.61 17
1739718425058 2160002033198381.0 18
1739718425091 616667662302.8502 19
1739718425123 50746015463.19593 20
1739718425155 6649631040.032508 21
1739718425188 1224697271.3895679 22
1739718425220 1223222863.800094 23
1739718425252 10464255.814479886 24
1739718425284 1728758658584.2756 25
1739718425317 4105551377.288609 26
1739718425350 8.588477432510509e+16 27
1739718425383 67159571959.62997 28
1739718425416 34282509897314.29 29
1739718425449 54504786850.074524 30
1739718425481 325.39982583683354 31
1739718425512 223792.32695525276 32
1739718425545 29057.13938507212 33
1739718425578 2.831534275061373 34
1739718425610 6.706762069317448 35
1739718425643 612907075.7833062 36
1739718425675 33494391.811229292 37
1739718425708 266.9784410506088 38
1739718425741 192.70065049265074 39
1739718425773 37.74950216730083 40
1739718425806 0.009415718928191395 41
1739718425840 310.2701717234697 42
1739718425872 0.049417087693954066 43
1739718425905 676.5520731344693 44
1739718425939 1.447155518395287 45
1739718425972 67.78571526870215 46
1739718426005 230.13030987559856 47
1739718426038 8.541760473768713 48
1739718426071 73250385.9314057 49
1739718426103 218207.31297578398 50
1739718426136 633334628.7213478 51
1739718426169 6518.380801826395 52
1739718426202 2553776.3663555626 53
1739718426241 1.2765793723920105 54
1739718426275 299.9397100869693 55
1739718426310 81.84410464673965 56
1739718426345 1346518.9448198897 57
1739718426378 13580.661686518326 58
1739718426412 24.01142388389694 59
1739718426447 94313.121352549 60
1739718426481 26329791.244963128 61
1739718426514 60772.23953245721 62
1739718426548 401.8787369541434 63
1739718426581 5714332.271606288 64
1739718426615 24.10190034488041 65
1739718426648 458.37030968848336 66
1739718426681 12524.03501716893 67
1739718426714 11.162604152640661 68
1739718426746 379332.3473521933 69
1739718426779 0.03663473742610331 70
1739718426812 42.03342634361232 71
1739718426844 701.7860712949266 72
1739718426876 2.1370918686392995 73
1739718426909 52883.39420970428 74
1739718426941 0.001181876435025611 75
1739718426974 2172.2490822428067 76
1739718427007 77527.06413298876 77
1739718427039 34.60609259446179 78
1739718427071 0.00013621661325973164 79
1739718427103 131.4114984120775 80
1739718427136 0.38181235607690556 81
1739718427168 66.1119182030114 82
1739718427201 1742216080.7439826 83
1739718427233 34002876894179.55 84
1739718427267 535876043.30116594 85
1739718427299 78990465.80085629 86
1739718427331 770007404644.233 87
1739718427364 25859.835538446798 88
1739718427397 104.21670009179523 89
1739718427429 18.597841411734933 90
1739718427462 13.083983536089885 91
1739718427495 27066.200322238547 92
1739718427527 102979515374631.44 93
1739718427560 216917115407.9495 94
1739718427592 193025959067093.6 95
1739718427624 4937793668.505502 96
1739718427657 68444104105251.54 97
1739718427689 9.808676381956877e+17 98
1739718427722 3.5220582824102788e+16 99
1739718427754 5184703631572.608 100
1739718427788 1266045117578.6467 101
1739718427821 31836460708.735043 102
1739718427854 16666185.291849578 103
1739718427886 1455.2580838127255 104
1739718427919 8605.793345107755 105
1739718427952 191405.66767085376 106
1739718427984 3.8030840772159245 107
1739718428016 8508.35940864479 108
1739718428049 34340.101529222215 109
1739718428081 7.291599462306601 110
1739718428114 0.7894921054391202 111
1739718428148 0.8478605397361482 112
1739718428181 1897.067333815766 113
1739718428215 31742126.545722794 114
1739718428247 256070.71296634455 115
1739718428280 364908.03278139903 116
1739718428313 12883006.933109323 117
1739718428345 1.2108731106974573 118
1739718428378 266.08224062058446 119
1739718428410 0.48368548564376956 120
1739718428442 3126.9949551428112 121
1739718428475 0.053295560642967296 122
1739718428507 27959207.875554677 123
1739718428539 33756267.23642122 124
1739718428572 2365220.4878675784 125
1739718428604 232761234717.98444 126
1739718428637 4526.787600683837 127
1739718428669 2934339.2248650976 128
1739718428702 33475735.077942885 129
1739718428734 0.8938566092402045 130
1739718428767 9.811376940325124 131
1739718428799 33245.28918138308 132
1739718428831 2.637998308532528 133
1739718428863 582049.640152663 134
1739718428896 41.701990546293345 135
1739718428928 0.003674256552339514 136
1739718428961 4780827.755174565 137
1739718428994 3488961326939830.5 138
1739718429027 372118418.97153306 139
1739718429059 23118792934.90687 140
1739718429092 35618964946.51075 141
1739718429124 26839935.082361948 142
1739718429157 82287913.74750358 143
1739718429189 49388939699.131836 144
1739718429221 699506.1756230141 145
1739718429254 933.9615981106267 146
1739718429287 82.62611232030703 147
1739718429319 207011776.15942028 148
1739718429351 19898.264722228814 149
1739718429384 28.324103655521764 150
1739718429417 1272688.6136577749 151
1739718429449 488.7143566788413 152
1739718429482 0.2143242577734376 153
1739718429515 209.73271022248457 154
1739718429547 1.2398135399691663 155
1739718429580 72.4168412500445 156
1739718429613 60821.572779551876 157
1739718429646 36.120959316079414 158
1739718429679 13401663796.070925 159
1739718429711 805041624416224.0 160
1739718429743 926119169654.9846 161
1739718429776 4996066451130.966 162
1739718429808 4.0491638453117224e+16 163
1739718429839 24805297509680.266 164
1739718429872 7446407635439.033 165
1739718429905 1391487.8649419362 166
1739718429938 6153193588909.185 167
1739718429970 483002984.23152626 168
1739718430003 29359496159557.414 169
1739718430035 9089651004.00807 170
1739718430067 1832453924245.066 171
1739718430099 2.101216938052035e+19 172
1739718430132 2.0505528369474925e+29 173
1739718430164 1.2991754961479989e+25 174
1739718430197 3.7642179473894006e+25 175
1739718430229 8.887537442937658e+28 176
1739718430261 3.776341575080188e+22 177
1739718430294 2.6510000635034747e+23 178
1739718430326 2.0042778743267257e+22 179
1739718430359 1.9557634595309348e+18 180
1739718430391 1.3085401857052638e+17 181
1739718430423 1.2577933154776248e+19 182
1739718430456 5.459298180546292e+19 183
1739718430488 1.3843215762970816e+20 184
1739718430520 1.3437631710672815e+24 185
1739718430552 7.571132826229628e+23 186
1739718430584 4.3705005081317057e+27 187
1739718430616 6.259871772575199e+27 188
1739718430648 1.140932342961246e+29 189
1739718430680 1.6565379884694874e+22 190
1739718430713 1.3039340445811814e+17 191
1739718430745 6.505792131287644e+18 192
1739718430778 5.43166460096893e+18 193
1739718430809 3.80806981203113e+19 194
1739718430841 1.4464225644455514e+18 195
1739718430873 2.272439250913852e+19 196
1739718430906 2.7751542792917398e+20 197
1739718430938 1.2393939291053207e+18 198
1739718430970 1.555008741340124e+18 199
1739718431002 3691156248157864.5 200
1739718431034 69171544787.99129 201
1739718431066 67008745.1346337 202
1739718431099 561233.4271952189 203
1739718431131 1053566.2783352432 204
1739718431162 10975.159057854422 205
1739718431195 4515.655349426635 206
1739718431228 3.8673925836409446 207
1739718431259 0.4530995661873313 208
1739718431292 0.2358915530016795 209
1739718431324 58.65000858190252 210
1739718431356 1842.796376733833 211
1739718431389 8027.296686891576 212
1739718431421 0.06172631898929383 213
1739718431454 42.7102699820663 214
1739718431487 2066.949245434354 215
1739718431519 69.04159415863495 216
1739718431551 4.0931371579324365 217
1739718431584 12.85368107571507 218
1739718431616 11.331600561150612 219
1739718431648 0.012450079271046008 220
1739718431681 45258.89672864012 221
1739718431713 192.9198424484915 222
1739718431745 24971586.56180836 223
1739718431778 29304467.996407535 224
1739718431811 53982287.108026415 225
1739718431844 1705448.8393820242 226
1739718431877 1373738087.8803256 227
1739718431910 5278436.820301875 228
1739718431942 601412910.7600659 229
1739718431974 15152.21925909597 230
1739718432007 5087.3104664073435 231
1739718432039 99.61968855505108 232
1739718432071 42.907138080227696 233
1739718432104 3137593.5938424687 234
1739718432135 16004.244596516959 235
1739718432167 257422083.52438256 236
1739718432199 4.099296275892856 237
1739718432232 8.375783340504526 238
1739718432264 5.510572771975222 239
1739718432296 0.0014388516934560815 240
1739718432329 2.7525059105665473 241
1739718432361 1910350.6593924416 242
1739718432394 19934.312970762225 243
1739718432426 4278.337811483916 244
1739718432458 59.4748959979425 245
1739718432490 0.0007320400483313091 246
1739718432523 0.7189442379576851 247
1739718432555 0.006434278667426558 248
1739718432587 2290.865169111776 249
1739718432619 158.815640820919 250
1739718432651 1.5954563230101555 251
1739718432684 0.6722462551429412 252
1739718432716 1223.0112786241355 253
1739718432748 9952695.409994375 254
1739718432782 659.7714830315005 255
1739718432815 311.27987366071363 256
1739718432848 14.741925533319126 257
1739718432881 415743.146722628 258
1739718432913 1630.5935278623992 259
1739718432946 0.27426557759714415 260
1739718432978 30424550.49130256 261
1739718433010 13732.163535984873 262
1739718433043 1115114655.2661786 263
1739718433075 4390144.667977752 264
1739718433107 7765098.661187129 265
1739718433140 3374840.6611256413 266
1739718433173 6.413327465191501e+16 267
1739718433205 6.928733822709965e+16 268
1739718433237 1.1998885492172664e+20 269
1739718433270 3012425573821652.5 270
1739718433303 1.2810187643433387e+26 271
1739718433336 1.1333776929491794e+21 272
1739718433368 3.5285676351223877e+24 273
1739718433401 1.293925435329369e+27 274
1739718433434 1.2168660413511287e+28 275
1739718433466 2.1810289790865752e+19 276
1739718433498 6.537094950912734e+22 277
1739718433531 6.967849710262143e+20 278
1739718433563 7.591541196250212e+22 279
1739718433596 1.1321774387720528e+17 280
1739718433629 3057180977428.59 281
1739718433661 38415957903.5525 282
1739718433693 384382084097.2915 283
1739718433725 12353693821.708267 284
1739718433758 74680066.91651447 285
1739718433791 2097280.0184849687 286
1739718433823 21.574590909392036 287
1739718433856 26.07252156171724 288
1739718433889 7.567580924259523 289
1739718433922 2.5972389612388547 290
1739718433954 6585238.778471706 291
1739718433988 4.4421205333932186 292
1739718434020 2.728820327470148 293
1739718434052 4.270778814795085 294
1739718434084 269.2465287391686 295
1739718434117 0.04503873197629105 296
1739718434149 0.28180213083266753 297
1739718434181 1678435.8919603596 298
1739718434214 10537200.572246874 299
1739718434247 254849.12451771335 300
1739718434279 1920789.5065121038 301
1739718434312 88075260.71680006 302
1739718434345 60137237.27998561 303
1739718434378 2411.8854606524833 304
1739718434411 0.9973685504645033 305
1739718434444 8.987110854079695 306
1739718434476 0.07645122275388222 307
1739718434508 307.66769813846076 308
1739718434540 69062160.8031038 309
1739718434572 43629.76996905311 310
1739718434605 9868.90319285808 311
1739718434637 44.08767687893543 312
1739718434669 6274.005396624141 313
1739718434701 0.764122550355962 314
1739718434734 3156143771.936518 315
1739718434766 4994450.187706847 316
1739718434798 400.834422450617 317
1739718434831 6.548075083744595 318
1739718434862 63032.50781396749 319
1739718434895 64656.18153833236 320
1739718434928 154.45595716870633 321
1739718434961 7318288014.172128 322
1739718434995 389838046166.46814 323
1739718435029 13853094460.391537 324
1739718435062 691140.4648934361 325
1739718435095 41.94798612843607 326
1739718435127 1978549.922308523 327
1739718435159 2198.401310714367 328
1739718435192 0.03901635527608634 329
1739718435224 419214490.5522759 330
1739718435258 26915156618035.414 331
1739718435290 6.6521327479382296e+16 332
1739718435322 13886576201741.686 333
1739718435354 355160250.2058342 334
1739718435386 42860198094.65359 335
1739718435418 725467603369.4958 336
1739718435451 52115644693.56414 337
1739718435483 62504109319.30959 338
1739718435515 7840888615184.103 339
1739718435548 339910914363.61725 340
1739718435580 6.2126851350418104e+19 341
1739718435612 2.6606446556632623e+20 342
1739718435644 3.1073436947693175e+22 343
1739718435676 1.5699869657294758e+18 344
1739718435707 4.049117930256042e+21 345
1739718435741 9986295132754474.0 346
1739718435774 72235977943462.06 347
1739718435806 1683745829957614.8 348
1739718435838 517343488759224.94 349
1739718435871 991143913345.1885 350
1739718435903 31087771.075186454 351
1739718435935 33098.84644756023 352
1739718435968 10.429761964328195 353
1739718436000 6427.246137319476 354
1739718436032 3334425620.8510137 355
1739718436066 18310435325.334232 356
1739718436098 415409417732.0454 357
1739718436130 2482932361604.141 358
1739718436163 3765265773811.48 359
1739718436195 36476729996752.63 360
1739718436227 309292882.5601225 361
1739718436260 13743550.834248029 362
1739718436292 7130576642.332906 363
1739718436324 78791948.61967416 364
1739718436357 851829644.1211789 365
1739718436389 60673.537407359385 366
1739718436421 14.851559323695227 367
1739718436454 3598.747509528812 368
1739718436486 1782.3568450775283 369
1739718436518 93817562.38090795 370
1739718436550 2292216.5222097547 371
1739718436582 15138.734414074754 372
1739718436614 0.2555764131533311 373
1739718436646 39.585412441177574 374
1739718436679 4.30941250843141 375
1739718436711 217.53436903773462 376
1739718436743 0.0035044163525604732 377
1739718436776 43119.26618063594 378
1739718436808 1.3966339920922994e+17 379
1739718436840 5484432889641.398 380
1739718436873 105713926722.93063 381
1739718436906 4172772514.461654 382
1739718436938 4929949894.73488 383
1739718436971 42077.712152184635 384
1739718437003 0.7501958751928587 385
1739718437036 2.6020247605277116 386
1739718437069 39.909841365608735 387
1739718437101 57.05714375214788 388
1739718437135 324520064.95515007 389
1739718437167 16359092.450635176 390
1739718437199 1433.4735819761688 391
1739718437231 28.055857173540907 392
1739718437264 2.006580667419603 393
1739718437296 3862994.184082655 394
1739718437328 1531073.136859203 395
1739718437360 2617.0091046240764 396
1739718437392 1073975101182.1863 397
1739718437425 41029.90896412616 398
1739718437457 2249.765264175496 399
1739718437489 0.18167482855996855 400
1739718437521 0.06216426422168737 401
1739718437554 40402.999326104014 402
1739718437586 2830.7211797319633 403
1739718437617 34.66867276418165 404
1739718437650 26.71545238601345 405
1739718437681 24.38751946401623 406
1739718437713 915.5743813997462 407
1739718437745 25906.65927857165 408
1739718437777 1.4967311035094797 409
1739718437810 4.430467381184842e-05 410
1739718437842 25.7187858255359 411
1739718437874 2299.3522340409286 412
1739718437907 3424930.3290212746 413
1739718437939 2.410617527968305 414
1739718437971 11.628583727055895 415
1739718438004 0.04937729684779526 416
1739718438036 1.6309577116027298 417
1739718438068 0.12308164488698689 418
1739718438101 344.65127667304387 419
1739718438133 635015776.9522198 420
1739718438165 67739118.5672971 421
1739718438197 317257734.36073244 422
1739718438235 2384.1743033741245 423
1739718438267 87.50840430008891 424
1739718438300 11214.742260375522 425
1739718438332 1047.8982630313076 426
1739718438364 25647.008202870675 427
1739718438397 378313.93681259564 428
1739718438429 1799507.2706715004 429
1739718438462 30930.831671076758 430
1739718438494 3.389687569809098 431
1739718438526 27952662570.741135 432
1739718438558 2560673819.192588 433
1739718438591 86361100.34062383 434
1739718438623 527.2682650450773 435
1739718438656 2.421855337158203 436
1739718438689 588206.8768405161 437
1739718438721 3042.583107869018 438
1739718438753 21472970454904.76 439
1739718438786 64897701019547.56 440
1739718438818 999646094.4929688 441
1739718438851 240718799.15375066 442
1739718438884 836.3380609098401 443
1739718438916 2.2667059460644676 444
1739718438949 16641.486961246355 445
1739718438981 545.9029395027753 446
1739718439013 1847556.861566813 447
1739718439046 3128785174.677071 448
1739718439078 468968857.43051153 449
1739718439111 15049916123.626554 450
1739718439143 166771768594476.4 451
1739718439177 947178359.1324959 452
1739718439210 812737901190575.4 453
1739718439242 8535526813.355987 454
1739718439275 1516133924681.9805 455
1739718439308 11448453995337.643 456
1739718439340 194633297534.74222 457
1739718439373 56697892.48360584 458
1739718439406 5085941.1559200445 459
1739718439438 4477.558037574625 460
1739718439471 43577499760.56058 461
1739718439503 88979516071.24883 462
1739718439536 760069.5535453965 463
1739718439568 3606.154642755356 464
1739718439601 5.304811343393778 465
1739718439633 4884.340300082651 466
1739718439665 468.55134043865314 467
1739718439697 14.18449925215408 468
1739718439729 464.9386338245032 469
1739718439761 3.6663550012092863 470
1739718439794 41.307513545991824 471
1739718439826 201540224703519.72 472
1739718439859 4286177960.876134 473
1739718439891 1.7666094909004006 474
1739718439923 2.845688408290231e+18 475
1739718439956 40363179610.47115 476
1739718439988 17438469997.94172 477
1739718440021 740143914.7112325 478
1739718440053 83523806368.60126 479
1739718440085 25102128834.56692 480
1739718440117 342313556255.7025 481
1739718440150 2863434267.3531556 482
1739718440183 1452102493.5164073 483
1739718440215 103367394440.77031 484
1739718440248 2.229503870845267e+19 485
1739718440280 6.722193750677392e+20 486
1739718440313 3.893113550444517e+20 487
1739718440345 1.265688073209633e+16 488
1739718440378 6.55394370764276e+17 489
1739718440411 9801480577453.352 490
1739718440443 5001022348056691.0 491
1739718440476 1048503349.6346835 492
1739718440508 2228982.442492432 493
1739718440541 796754.5121141656 494
1739718440573 2.9924568993108838 495
1739718440606 2.3087122071543593 496
1739718440638 18810.198584363457 497
1739718440669 136.03006113067002 498
1739718440702 25.192008054976995 499
