1739714607663 169.3217676079807 0
1739714607667 165.94732354862202 1
1739714607672 162.6701878591249 2
1739714607676 159.4581710764421 3
1739714607680 156.30997278608012 4
1739714607685 153.22431873423386 5
1739714607689 150.19996029409572 6
1739714607694 147.235673943364 7
1739714607698 144.33026075270257 8
1739714607702 141.48254588490894 9
1739714607706 138.69137810455535 10
1739714607710 135.9556292978714 11
1739714607714 133.2741940026436 12
1739714607718 130.64598894791197 13
1739714607722 128.06995260324967 14
1739714607726 125.54504473741571 15
1739714607730 123.07024598617733 16
1739714607734 120.64455742910178 17
1739714607739 118.26700017512356 18
1739714607743 115.9366149566961 19
1739714607747 113.6524617323433 20
1739714607751 111.41361929742847 21
1739714607756 109.21918490296439 22
1739714607760 107.06827388229127 23
1739714607764 104.96001928545358 24
1739714607768 102.89357152111069 25
1739714607772 100.8680980058202 26
1739714607776 98.88278282053633 27
1739714607780 96.93682637416944 28
1739714607784 95.02944507405644 29
1739714607792 93.15987100319454 30
1739714607796 91.32735160409563 31
1739714607800 89.53114936911997 32
1739714607804 87.77054153715258 33
1739714607808 86.04481979648784 34
1739714607812 84.35328999379153 35
1739714607816 82.69527184901187 36
1739714607820 81.0700986761142 37
1739714607824 79.47711710951735 38
1739714607829 77.9156868361111 39
1739714607833 76.38518033273827 40
1739714607838 74.88498260902666 41
1739714607842 73.41449095545885 42
1739714607846 71.97311469657028 43
1739714607850 70.56027494916896 44
1739714607854 69.17540438547113 45
1739714607858 67.8179470010515 46
1739714607862 66.48735788750702 47
1739714607867 65.18310300973663 48
1739714607871 63.90465898774074 49
1739714607875 62.651512882847086 50
1739714607879 61.42316198827068 51
1739714607883 60.21911362391846 52
1739714607887 59.038884935350595 53
1739714607891 57.88200269681263 54
1739714607895 56.7480031182541 55
1739714607899 55.636431656251844 56
1739714607903 54.546842828756866 57
1739714607907 53.47880003358648 58
1739714607911 52.43187537058434 59
1739714607915 51.4056494673729 60
1739714607920 50.399711308624674 61
1739714607924 49.41365806877973 62
1739714607928 48.44709494813885 63
1739714607932 47.499635012263084 64
1739714607936 46.570899034611976 65
1739714607940 45.66051534235396 66
1739714607944 44.768119665284125 67
1739714607948 43.89335498778588 68
1739714607952 43.03587140377397 69
1739714607956 42.19532597455839 70
1739714607960 41.3713825895691 71
1739714607964 40.56371182988343 72
1739714607968 39.771990834499114 73
1739714607972 38.995903169296646 74
1739714607976 38.2351386986365 75
1739714607980 37.489393459537425 76
1739714607984 36.758369538383334 77
1739714607988 36.0417749501074 78
1739714607992 35.339323519802804 79
1739714607996 34.650734766711196 80
1739714608000 33.975733790540254 81
1739714608004 33.314051160063215 82
1739714608008 32.665422803954094 83
1739714608012 32.02958990381325 84
1739714608016 31.406298789338766 85
1739714608020 30.795300835600397 86
1739714608024 30.196352362373382 87
1739714608028 29.609214535490345 88
1739714608032 29.033653270170635 89
1739714608036 28.46943913628695 90
1739714608041 27.916347265530153 91
1739714608045 27.374157260433883 92
1739714608049 26.842653105221423 93
1739714608053 26.321623078437963 94
1739714608057 25.810859667332313 95
1739714608061 25.31015948395256 96
1739714608065 24.81932318292138 97
1739714608069 24.338155380856847 98
1739714608072 23.866464577405747 99
1739714608076 23.404063077856804 100
1739714608080 22.950766917301976 101
1739714608084 22.506395786314812 102
1739714608088 22.070772958114986 103
1739714608092 21.64372521718934 104
1739714608096 21.22508278934016 105
1739714608100 20.81467927313182 106
1739714608104 20.41235157270757 107
1739714608108 20.017939831949224 108
1739714608112 19.631287369952616 109
1739714608116 19.252240617792125 110
1739714608120 18.88064905654877 111
1739714608124 18.516365156576203 112
1739714608128 18.15924431797992 113
1739714608132 17.80914481228514 114
1739714608136 17.465927725269623 115
1739714608140 17.12945690093799 116
1739714608144 16.79959888661475 117
1739714608148 16.476222879133303 118
1739714608152 16.159200672099296 119
1739714608156 15.848406604206518 120
1739714608160 15.543717508584354 121
1739714608165 15.245012663155995 122
1739714608169 14.952173741987384 123
1739714608174 14.665084767606766 124
1739714608178 14.383632064275488 125
1739714608182 14.107704212191193 126
1739714608187 13.837192002604322 127
1739714608191 13.571988393830052 128
1739714608195 13.311988468137473 129
1739714608199 13.057089389498508 130
1739714608203 12.807190362179396 131
1739714608207 12.562192590157894 132
1739714608211 12.32199923734953 133
1739714608215 12.086515388626985 134
1739714608219 11.855648011616362 135
1739714608224 11.62930591925521 136
1739714608228 11.40739973309679 137
1739714608232 11.189841847345685 138
1739714608236 10.976274698326739 139
1739714608240 10.767163281303256 140
1739714608244 10.56214745224981 141
1739714608248 10.361146356866055 142
1739714608252 10.164080743910077 143
1739714608255 9.970872933334924 144
1739714608259 9.781179143363921 145
1739714608263 9.595465474596997 146
1739714608268 9.413385521766012 147
1739714608272 9.234867589038467 148
1739714608276 9.059841401525947 149
1739714608279 8.888238077051005 150
1739714608284 8.719725595728592 151
1739714608288 8.554771960073033 152
1739714608292 8.393042474217687 153
1739714608296 8.234473560401273 154
1739714608301 8.07900290044711 155
1739714608305 7.926569410744429 156
1739714608309 7.776851083954411 157
1739714608313 7.630318448280831 158
1739714608317 7.4866467608123415 159
1739714608321 7.345779640013961 160
1739714608326 7.207661820953925 161
1739714608330 7.071979723753055 162
1739714608334 6.939203816633238 163
1739714608338 6.809017771844984 164
1739714608342 6.681370577173001 165
1739714608346 6.5562122303517825 166
1739714608350 6.433493719016383 167
1739714608354 6.312908745434155 168
1739714608358 6.19493131836479 169
1739714608362 6.079252319626329 170
1739714608366 5.965826506986609 171
1739714608370 5.854609533596654 172
1739714608374 5.745557930220225 173
1739714608378 5.638371539040506 174
1739714608382 5.5335281496996025 175
1739714608386 5.4307247093951485 176
1739714608390 5.329921091342 177
1739714608395 5.2310779626009 178
1739714608399 5.1339007729767685 179
1739714608402 5.038868048681124 180
1739714608406 4.945682323129616 181
1739714608410 4.85430728671937 182
1739714608414 4.764707347946477 183
1739714608418 4.67684761915993 184
1739714608422 4.590437878548734 185
1739714608427 4.505960895456297 186
1739714608431 4.423123451514743 187
1739714608435 4.341893339652017 188
1739714608439 4.2622389895111565 189
1739714608442 4.183874471737459 190
1739714608447 4.107283563501979 191
1739714608451 4.032177314367849 192
1739714608456 3.9585265787847845 193
1739714608461 3.8863027872030287 194
1739714608465 3.8154779346501964 195
1739714608469 3.745769046937904 196
1739714608474 3.677664355126154 197
1739714608478 3.6108777815857898 198
1739714608482 3.545383471408845 199
1739714608486 3.4811560804464823 200
1739714608490 3.4179159333210296 201
1739714608495 3.356152363514517 202
1739714608499 3.2955825669663072 203
1739714608503 3.2361831445568336 204
1739714608507 3.1779311592530664 205
1739714608511 3.1208041269469486 206
1739714608514 3.0645242936784047 207
1739714608519 3.0095854797063923 208
1739714608523 2.955706720250282 209
1739714608527 2.9028672559763784 210
1739714608531 2.8510467373289954 211
1739714608536 2.799969964142358 212
1739714608540 2.750131830302881 213
1739714608544 2.7012539005281897 214
1739714608548 2.6533173856517447 215
1739714608552 2.6063038672611407 216
1739714608556 2.5601952903487963 217
1739714608560 2.5147176044880926 218
1739714608564 2.4703701008249017 219
1739714608568 2.4268754135415107 220
1739714608571 2.3842168714238925 221
1739714608575 2.3423781320671915 222
1739714608579 2.301087145413895 223
1739714608584 2.2608441640468975 224
1739714608588 2.2213738002778136 225
1739714608592 2.1826609636844765 226
1739714608595 2.1446908613624833 227
1739714608599 2.1074489920284822 228
1739714608603 2.0706638852345742 229
1739714608608 2.034840020375747 230
1739714608612 1.9997025120320193 231
1739714608616 1.9652379692961714 232
1739714608620 1.9314332651399573 233
1739714608624 1.8982755311845159 234
1739714608628 1.8654936991102575 235
1739714608632 1.8335962250834374 236
1739714608636 1.802308553048774 237
1739714608640 1.771618799454435 238
1739714608644 1.7415153148020963 239
1739714608648 1.711728501489756 240
1739714608652 1.6827674060979307 241
1739714608656 1.6543589274857982 242
1739714608660 1.6264923072597055 243
1739714608663 1.5991569988311982 244
1739714608667 1.5723426632195003 245
1739714608671 1.5457797442807455 246
1739714608675 1.519981053628297 247
1739714608679 1.4946734620647926 248
1739714608683 1.4698474210248977 249
1739714608687 1.4454935698248998 250
1739714608691 1.4213435687344715 251
1739714608696 1.3979106316342529 252
1739714608700 1.374922832811618 253
1739714608704 1.3523715268266672 254
1739714608708 1.3302482382769425 255
1739714608712 1.3085446584273601 256
1739714608715 1.2869922319996459 257
1739714608720 1.266107702586098 258
1739714608723 1.2456188629919795 259
1739714608727 1.2255180389659286 260
1739714608731 1.2057977071020538 261
1739714608735 1.1864504918502103 262
1739714608739 1.167207582422435 263
1739714608743 1.148588984927642 264
1739714608747 1.130322175427098 265
1739714608751 1.112400341241862 266
1739714608755 1.094816803519641 267
1739714608759 1.0775650145822668 268
1739714608763 1.0603758805452108 269
1739714608766 1.0437724171795693 270
1739714608771 1.027481760609267 271
1739714608775 1.0114978625244317 272
1739714608779 0.9958147933496599 273
1739714608783 0.9801644576114824 274
1739714608787 0.965069660496043 275
1739714608791 0.9502585337894343 276
1739714608800 0.9357255998621593 277
1739714608804 0.9214654885652271 278
1739714608808 0.9074729350989917 279
1739714608812 0.8934794207635043 280
1739714608816 0.8800105676065197 281
1739714608820 0.8667940299900297 282
1739714608824 0.8538249441163187 283
1739714608827 0.8410985415576643 284
1739714608831 0.8286101473650159 285
1739714608835 0.8157706466673663 286
1739714608839 0.803754911876793 287
1739714608843 0.7919635296770664 288
1739714608847 0.7803921823126092 289
1739714608851 0.7690366366785938 290
1739714608855 0.7578927426394512 291
1739714608859 0.7466935248056024 292
1739714608863 0.73596468840946 293
1739714608871 0.7254354810233551 294
1739714608876 0.7151020680305908 295
1739714608880 0.7046409005447272 296
1739714608884 0.6946941500662126 297
1739714608889 0.6846705340173077 298
1739714608893 0.6750932586707594 299
1739714608897 0.6656935445667883 300
1739714608901 0.656467986902072 301
1739714608905 0.647413247576741 302
1739714608909 0.6382645095946186 303
1739714608914 0.6295454339767158 304
1739714608917 0.6206713580587603 305
1739714608922 0.6122775643736021 306
1739714608926 0.6040387013323593 307
1739714608931 0.5959518046745484 308
1739714608935 0.5877534050986888 309
1739714608939 0.5799654736068314 310
1739714608943 0.5723209162454888 311
1739714608948 0.5648169934322756 312
1739714608951 0.5574510192413736 313
1739714608956 0.5502203603311974 314
1739714608960 0.5425459871803403 315
1739714608963 0.5355879757457651 316
1739714608967 0.5287575418926284 317
1739714608971 0.5220522523548129 318
1739714608976 0.515469721546945 319
1739714608980 0.5087476458999157 320
1739714608984 0.5024073006863198 321
1739714608988 0.49618279431969875 322
1739714608992 0.4900719216779812 323
1739714608996 0.48375822737848717 324
1739714609000 0.4778741333744146 325
1739714609004 0.4718379837533901 326
1739714609008 0.4661697746975952 327
1739714609013 0.4606046727562859 328
1739714609017 0.4551407189761636 329
1739714609021 0.4497759928018098 330
1739714609025 0.4445086113011314 331
1739714609029 0.43907537479919334 332
1739714609033 0.4340008428815862 333
1739714609038 0.4287050445579699 334
1739714609042 0.42381838141111633 335
1739714609046 0.41902005264683284 336
1739714609050 0.4143083854167213 337
1739714609054 0.4094210355514195 338
1739714609058 0.404881402517637 339
1739714609062 0.4004235704595775 340
1739714609067 0.3960459926509939 341
1739714609071 0.3917471526863851 342
1739714609075 0.3869534738410498 343
1739714609078 0.38281704666898136 344
1739714609082 0.37875485965663147 345
1739714609086 0.37476551082145354 346
1739714609090 0.3708476257287663 347
1739714609094 0.3669998569281518 348
1739714609098 0.36296015154492683 349
1739714609102 0.35925226492859375 350
1739714609105 0.3556105738965606 351
1739714609109 0.35172192304672084 352
1739714609113 0.34821468879276085 353
1739714609118 0.34476989599129826 354
1739714609122 0.34112615160286824 355
1739714609126 0.3378062767361482 356
1739714609131 0.33454535840860977 357
1739714609135 0.33134228914300823 358
1739714609139 0.3281959832422013 359
1739714609143 0.3248445386259411 360
1739714609147 0.321501989095432 361
1739714609151 0.3185288912908181 362
1739714609156 0.3156083040852541 363
1739714609160 0.31273924309497725 364
1739714609164 0.3099207433474354 365
1739714609168 0.30689137361168495 366
1739714609172 0.30417471575575733 367
1739714609177 0.3015058051986797 368
1739714609181 0.29888374931722367 369
1739714609185 0.29599619234581115 370
1739714609189 0.29347097508984965 371
1739714609193 0.2907299228689372 372
1739714609197 0.2882957615966469 373
1739714609201 0.28590413361619976 374
1739714609205 0.2835542453970898 375
1739714609209 0.28124531910687883 376
1739714609213 0.2787158443319363 377
1739714609217 0.27649011696509185 378
1739714609221 0.2739930018495705 379
1739714609225 0.27184957714242913 380
1739714609229 0.2697433330998884 381
1739714609232 0.2676735782487126 382
1739714609236 0.2653792158254886 383
1739714609240 0.26338392708892555 384
1739714609244 0.26142310512429906 385
1739714609248 0.2594961101292827 386
1739714609252 0.2572920608961605 387
1739714609256 0.25543652292493685 388
1739714609259 0.253352834687727 389
1739714609263 0.25156397168088257 390
1739714609267 0.2498058117058278 391
1739714609271 0.2480777858885421 392
1739714609275 0.24637933671774462 393
1739714609279 0.24470991779678705 394
1739714609283 0.24280654558495238 395
1739714609287 0.24088813777665338 396
1739714609291 0.23931178341798137 397
1739714609295 0.23776226713433934 398
1739714609298 0.2362390932389132 399
1739714609303 0.23448134075545918 400
1739714609307 0.23301289250637078 401
1739714609311 0.23156933089401266 402
1739714609314 0.23015019716107754 403
1739714609318 0.2287550417773626 404
1739714609323 0.22707267070071524 405
1739714609327 0.2254697956726324 406
1739714609331 0.22415300822001166 407
1739714609335 0.22285838058642143 408
1739714609340 0.22158550485549414 409
1739714609344 0.22033398138367694 410
1739714609348 0.21910341861149488 411
1739714609352 0.21763094515329331 412
1739714609356 0.2164447331621331 413
1739714609360 0.2149686522225507 414
1739714609363 0.21382728299871528 415
1739714609367 0.21270491844503062 416
1739714609372 0.21134077913506946 417
1739714609376 0.21025886095158763 418
1739714609380 0.20919489817509815 419
1739714609385 0.20814856190883663 420
1739714609389 0.20711952999882774 421
1739714609393 0.20610748687537658 422
1739714609397 0.20454072242386687 423
1739714609401 0.20357085925512983 424
1739714609404 0.20261696840033117 425
1739714609408 0.2016787574567932 426
1739714609413 0.20075594009095013 427
1739714609417 0.1998482358916869 428
1739714609420 0.19869288901211987 429
1739714609424 0.19781815459436317 430
1739714609428 0.19695769653455902 431
1739714609432 0.1958008443277591 432
1739714609436 0.19497378606625054 433
1739714609440 0.1941601610712521 434
1739714609444 0.1930976967233176 435
1739714609448 0.19231373453504336 436
1739714609452 0.19154246123588706 437
1739714609456 0.19078364616954677 438
1739714609460 0.19003706352808983 439
1739714609465 0.1887318842720376 440
1739714609468 0.18801818530024397 441
1739714609472 0.1873159640842303 442
1739714609476 0.1866250112361478 443
1739714609480 0.1859451218657926 444
1739714609484 0.18527609546370608 445
1739714609487 0.1843553577178143 446
1739714609492 0.18371102383340168 447
1739714609496 0.18307694774928357 448
1739714609501 0.18214305070153583 449
1739714609505 0.18153453174507939 450
1739714609509 0.18093564650068242 451
1739714609513 0.18008426627931354 452
1739714609517 0.1795076447996283 453
1739714609521 0.1789401188731089 454
1739714609525 0.17838152371878171 455
1739714609529 0.17783169816164598 456
1739714609533 0.17729048453501023 457
1739714609538 0.17618467745331018 458
1739714609542 0.17566938668927404 459
1739714609546 0.17516214709917396 460
1739714609550 0.17466281243828083 461
1739714609554 0.17417123974365148 462
1739714609558 0.17368728924146032 463
1739714609562 0.17294705508521152 464
1739714609565 0.1724815404637498 465
1739714609569 0.17202321658604772 466
1739714609574 0.1712612819745178 467
1739714609578 0.17082257322521857 468
1739714609581 0.1701290260051707 469
1739714609585 0.16970715614553042 470
1739714609589 0.16929175251380693 471
1739714609594 0.16888269780449844 472
1739714609597 0.16847987743606838 473
1739714609601 0.16808317946957738 474
1739714609605 0.1674286193618539 475
1739714609609 0.1667377909102834 476
1739714609613 0.16636795412837108 477
1739714609617 0.16600370748524476 478
1739714609622 0.16564494955340583 479
1739714609625 0.1652915813270079 480
1739714609630 0.16468010189131538 481
1739714609634 0.16434080833031486 482
1739714609639 0.1640065917927146 483
1739714609643 0.163677360699339 484
1739714609648 0.1630415688412904 485
1739714609651 0.16272768881788882 486
1739714609656 0.16215564199556765 487
1739714609660 0.16185450559322992 488
1739714609664 0.1615578201024507 489
1739714609668 0.161265504616966 490
1739714609672 0.1609774802579344 491
1739714609675 0.16069367010656657 492
1739714609679 0.16014901215934882 493
1739714609684 0.1595667280184854 494
1739714609688 0.15930431948864063 495
1739714609692 0.15904572427647118 496
1739714609696 0.15879087284209026 497
1739714609700 0.15827690345779435 498
1739714609704 0.15803289738229212 499
