1739715931502 164.09054105320303 0
1739715931509 167.3282521418047 1
1739715931515 157.54041819754661 2
1739715931520 157.41142210012723 3
1739715931526 156.16056982546414 4
1739715931532 155.07908070424827 5
1739715931537 150.09364568414324 6
1739715931543 148.81131285359407 7
1739715931548 148.57146769476603 8
1739715931554 147.8835928205437 9
1739715931559 144.01454706132137 10
1739715931565 140.7504464353179 11
1739715931571 137.13519918272294 12
1739715931576 135.81622154441686 13
1739715931583 134.58761128388832 14
1739715931589 133.01259932117975 15
1739715931594 131.02225855504057 16
1739715931600 128.5051466242735 17
1739715931606 127.46082203356063 18
1739715931611 125.16583627598037 19
1739715931617 125.1538646114994 20
1739715931622 122.88187202634035 21
1739715931628 120.39582581559488 22
1739715931633 115.96744957793614 23
1739715931639 115.9479514275564 24
1739715931645 116.08593225641768 25
1739715931650 111.59586418929077 26
1739715931656 112.2058818090673 27
1739715931661 109.39164905565077 28
1739715931667 108.58296287574721 29
1739715931673 106.69092075092588 30
1739715931680 105.12877578184467 31
1739715931686 106.0926182703545 32
1739715931692 102.59235910466988 33
1739715931698 98.8757816430098 34
1739715931706 97.33200573341395 35
1739715931712 96.15077945278604 36
1739715931718 97.43496686786033 37
1739715931724 93.59107178689585 38
1739715931730 93.0565017229167 39
1739715931735 93.32302400431522 40
1739715931740 90.48400561221625 41
1739715931746 90.43628864675227 42
1739715931751 88.62668949553519 43
1739715931761 85.89179600309926 44
1739715931767 85.02706621457045 45
1739715931773 84.22422041692349 46
1739715931778 83.73714976087959 47
1739715931784 80.73039074321274 48
1739715931789 79.89188827183554 49
1739715931795 80.93842164230554 50
1739715931801 77.36064465406355 51
1739715931807 77.8233575976209 52
1739715931813 75.59375280028537 53
1739715931819 73.86448384963211 54
1739715931824 74.17416422250874 55
1739715931831 70.67171633571499 56
1739715931836 71.91030168993707 57
1739715931842 69.58144298438043 58
1739715931847 69.8571783473724 59
1739715931853 67.84184037582766 60
1739715931858 67.06634222365425 61
1739715931864 65.88592478011594 62
1739715931870 67.05322806479964 63
1739715931875 65.6270176623082 64
1739715931881 62.081631281121616 65
1739715931886 59.890206693659245 66
1739715931891 61.94084264922355 67
1739715931897 59.25373000982821 68
1739715931903 59.27069087451949 69
1739715931908 58.27681946760622 70
1739715931914 57.784614278800746 71
1739715931919 58.582061893603075 72
1739715931925 56.025657493622155 73
1739715931930 58.67198205736223 74
1739715931936 55.64345587277427 75
1739715931942 55.0974403010095 76
1739715931947 53.209464591087986 77
1739715931952 54.518840422803066 78
1739715931957 51.26986464772268 79
1739715931963 51.18568354892613 80
1739715931969 51.30923548550636 81
1739715931974 49.37768591205545 82
1739715931979 49.575303575472915 83
1739715931985 47.83190090219973 84
1739715931991 47.93819800452093 85
1739715931996 46.61314976972547 86
1739715932002 46.9620564369719 87
1739715932007 45.99311291633371 88
1739715932013 43.25517596130941 89
1739715932019 44.08769987338499 90
1739715932024 43.71903790861593 91
1739715932030 43.338369124722306 92
1739715932035 43.600393962122965 93
1739715932041 41.11517528508386 94
1739715932047 42.286503708666984 95
1739715932052 41.361172997752995 96
1739715932057 39.641740084783265 97
1739715932063 39.42608300165589 98
1739715932069 37.769456387765466 99
1739715932074 38.529041440808065 100
1739715932080 38.025595359119734 101
1739715932087 37.823562470546534 102
1739715932095 37.51872422977608 103
1739715932101 36.44280266147723 104
1739715932107 35.891215842022326 105
1739715932113 34.964055232195975 106
1739715932119 34.748264704786585 107
1739715932125 33.70282749617447 108
1739715932131 33.967136343946045 109
1739715932137 32.529025492324 110
1739715932143 33.16473501902384 111
1739715932148 30.956012775738262 112
1739715932154 32.05351301256627 113
1739715932160 31.124340358119003 114
1739715932165 31.058561232072456 115
1739715932171 30.58899818297527 116
1739715932177 30.438606282111525 117
1739715932183 30.696904980297354 118
1739715932188 28.919337752393137 119
1739715932194 28.852092455983072 120
1739715932199 26.892258250579506 121
1739715932205 28.282876754912216 122
1739715932211 27.885935036563033 123
1739715932217 26.83053454255408 124
1739715932223 27.22739086680291 125
1739715932229 26.206337980932382 126
1739715932246 25.779308822824227 127
1739715932259 25.667243012528505 128
1739715932280 26.175503366370894 129
1739715932290 24.574311760863292 130
1739715932297 23.971550848173514 131
1739715932304 23.574290614715075 132
1739715932310 24.288325950585723 133
1739715932316 24.28142590510313 134
1739715932322 22.945027835257378 135
1739715932328 23.258963936572787 136
1739715932334 22.54060515767667 137
1739715932339 22.308491014074043 138
1739715932345 22.716642979427863 139
1739715932351 21.72615698639183 140
1739715932357 20.41297396159984 141
1739715932362 20.04361799010461 142
1739715932368 21.424735491239872 143
1739715932373 20.517443703917 144
1739715932379 19.769666460075534 145
1739715932385 19.918824965545728 146
1739715932391 19.07031013198952 147
1739715932396 19.07019408919431 148
1739715932402 18.811188505917585 149
1739715932407 18.78308826159563 150
1739715932413 18.125292767741854 151
1739715932418 18.326937345428924 152
1739715932423 18.011611890341836 153
1739715932429 17.775358485109965 154
1739715932434 16.88271543114246 155
1739715932440 17.137903879373084 156
1739715932445 16.240971722911038 157
1739715932450 16.36516017213839 158
1739715932455 16.115059004765907 159
1739715932461 15.948474532859546 160
1739715932468 15.459885805326525 161
1739715932477 15.05202536541148 162
1739715932483 15.611248019593466 163
1739715932489 15.433996604876665 164
1739715932495 15.07551921270514 165
1739715932503 14.979112193651853 166
1739715932509 14.886251981480438 167
1739715932515 14.240887292495932 168
1739715932521 14.081758032700055 169
1739715932528 13.737814587414617 170
1739715932535 13.569421587620178 171
1739715932541 13.119077268008793 172
1739715932547 13.42107631779662 173
1739715932554 12.995326250993768 174
1739715932560 12.876153913476879 175
1739715932566 12.167293750547321 176
1739715932573 12.673288958723647 177
1739715932579 12.38418556381489 178
1739715932586 12.079860710496087 179
1739715932592 12.213954555570583 180
1739715932598 11.705315340981043 181
1739715932604 11.67401300183825 182
1739715932610 11.616685482717628 183
1739715932616 11.477241083183857 184
1739715932621 11.249180972191711 185
1739715932627 11.531682723856637 186
1739715932633 10.269788858806361 187
1739715932639 10.650759452995757 188
1739715932645 10.168894426203007 189
1739715932651 10.586960742567625 190
1739715932656 10.564667944156788 191
1739715932662 9.83318351754857 192
1739715932667 10.092943057025739 193
1739715932673 10.364804174476006 194
1739715932680 9.805555354896248 195
1739715932686 9.662329039463788 196
1739715932692 8.757828744206968 197
1739715932698 9.427945550908397 198
1739715932708 9.263070221832571 199
1739715932715 8.375483840568336 200
1739715932721 9.289570909547074 201
1739715932727 8.614020258628438 202
1739715932732 8.871804871351623 203
1739715932738 8.571174232208744 204
1739715932744 8.749635533333205 205
1739715932749 8.598229594363032 206
1739715932755 8.570454315010032 207
1739715932766 8.37740765355011 208
1739715932772 8.16585390371451 209
1739715932778 7.471716659717614 210
1739715932783 7.846203922640064 211
1739715932789 7.49519382757917 212
1739715932794 7.378229707437256 213
1739715932800 7.791138301904661 214
1739715932805 7.21987449392215 215
1739715932811 7.283551485148338 216
1739715932819 7.323091810149404 217
1739715932825 7.151842783625793 218
1739715932831 6.46129659990638 219
1739715932837 6.577931781726436 220
1739715932843 6.522820041411556 221
1739715932851 6.125997441066399 222
1739715932857 6.68508350094608 223
1739715932863 6.294763959221687 224
1739715932869 5.965821643796112 225
1739715932875 6.384461424719489 226
1739715932881 5.805250736828966 227
1739715932888 6.318915887665535 228
1739715932894 6.329331788284935 229
1739715932899 5.953985240713232 230
1739715932905 5.726968589002571 231
1739715932911 5.704425109010945 232
1739715932917 5.785895445470412 233
1739715932922 5.440159984777083 234
1739715932928 5.51424435766796 235
1739715932934 5.551759060109077 236
1739715932939 5.1197483626675675 237
1739715932944 5.097336942126659 238
1739715932950 4.812701458620529 239
1739715932956 4.966538651068096 240
1739715932961 4.732441157490337 241
1739715932967 4.607559956923932 242
1739715932973 4.908273274004246 243
1739715932979 4.944804073665159 244
1739715932985 4.4665401380893295 245
1739715932991 4.876420252303767 246
1739715932996 4.687537112249099 247
1739715933002 4.4088471938293825 248
1739715933008 4.138705850100857 249
1739715933014 4.031190325534466 250
1739715933020 4.477211398039469 251
1739715933026 4.3661592453720655 252
1739715933031 4.085398858596841 253
1739715933037 4.142924777446959 254
1739715933043 4.445627466891345 255
1739715933048 3.965219414010184 256
1739715933054 4.022208020647965 257
1739715933059 4.260878521179771 258
1739715933065 3.937962441278456 259
1739715933071 3.9135139687853213 260
1739715933076 3.9516456871400076 261
1739715933082 3.740331443752703 262
1739715933088 3.5117580877971704 263
1739715933093 3.8353949711695883 264
1739715933100 3.4908152681379896 265
1739715933107 3.489654346878999 266
1739715933114 3.6180191047817947 267
1739715933120 3.3375499526352934 268
1739715933125 3.4515835619686364 269
1739715933131 3.216740873352663 270
1739715933137 3.438448820952406 271
1739715933143 3.3147010877207923 272
1739715933149 3.086108263325842 273
1739715933154 3.0929065395540936 274
1739715933160 3.2845080596974428 275
1739715933166 3.273132385599488 276
1739715933172 2.9048694575221994 277
1739715933177 3.0689698701770074 278
1739715933183 2.871733659732049 279
1739715933189 2.7039857899599333 280
1739715933194 2.7617804343644257 281
1739715933200 2.625302576083681 282
1739715933205 2.7370678930487444 283
1739715933211 2.7723995934375822 284
1739715933217 2.664280841543571 285
1739715933222 2.536702120427662 286
1739715933228 2.439891481479651 287
1739715933234 2.61240816936711 288
1739715933239 2.4433170929215633 289
1739715933245 2.310281767732829 290
1739715933250 2.3713041005087248 291
1739715933256 2.641800751529943 292
1739715933261 2.5260968779335577 293
1739715933267 2.287007761947227 294
1739715933272 2.3240240727088533 295
1739715933278 2.2542594973161796 296
1739715933285 2.114859305914945 297
1739715933290 2.0694238384284422 298
1739715933296 2.2588786994812176 299
1739715933302 2.1074817129262833 300
1739715933308 2.5750639405095 301
1739715933313 1.9659526648616061 302
1739715933319 2.075713387192779 303
1739715933325 2.2190290541367315 304
1739715933330 1.9781844304723006 305
1739715933336 1.9783416382369639 306
1739715933341 1.8927627712396689 307
1739715933346 1.8993928466853747 308
1739715933352 1.8380565169489995 309
1739715933357 1.6602551986820995 310
1739715933363 1.767802731702203 311
1739715933368 2.01876789221537 312
1739715933374 1.857036922559387 313
1739715933380 1.7767700422180674 314
1739715933385 1.5840384859193954 315
1739715933392 1.809641729833904 316
1739715933397 1.6256080593667976 317
1739715933403 1.6305554241714062 318
1739715933408 1.5436822140881836 319
1739715933414 1.6791206034789696 320
1739715933419 1.6256089405657097 321
1739715933425 1.6135627323049466 322
1739715933431 1.4234406026988387 323
1739715933436 1.6964691890881232 324
1739715933441 1.4616244202745967 325
1739715933447 1.5048727204002592 326
1739715933452 1.6100875088243847 327
1739715933458 1.5028278920474636 328
1739715933464 1.596300309151923 329
1739715933469 1.3852982100191658 330
1739715933475 1.3297776893969464 331
1739715933481 1.499018611869778 332
1739715933487 1.3175423932708816 333
1739715933493 1.3458150839555711 334
1739715933499 1.2820639901880457 335
1739715933505 1.434370549743074 336
1739715933510 1.2494622396411723 337
1739715933516 1.1338159173619777 338
1739715933522 1.3700227764683603 339
1739715933528 1.2856048491226666 340
1739715933533 1.273920493691975 341
1739715933539 1.040041708604632 342
1739715933544 1.1859219619059675 343
1739715933550 1.2682191071285167 344
1739715933557 1.0928065317664355 345
1739715933563 1.272601263651769 346
1739715933570 1.0703141094379987 347
1739715933577 1.0926616833032166 348
1739715933583 1.1963427068580514 349
1739715933589 1.1447410111857252 350
1739715933595 1.1694419318878 351
1739715933602 1.17104571155432 352
1739715933608 0.8701764260440248 353
1739715933614 1.0256097932655879 354
1739715933620 0.9838205605262276 355
1739715933626 1.2194068362149213 356
1739715933632 1.0564646103047963 357
1739715933639 0.9450019221330475 358
1739715933646 0.9733337770339611 359
1739715933652 1.0175741245868632 360
1739715933658 1.018173843686437 361
1739715933664 0.9715277317581198 362
1739715933670 1.0244749550913956 363
1739715933676 1.0322756988307282 364
1739715933683 0.9351489346737055 365
1739715933690 0.8151343513746778 366
1739715933696 0.9944756313938348 367
1739715933702 0.7880558664990558 368
1739715933708 0.7834945064893037 369
1739715933714 0.7725942010043851 370
1739715933720 0.754392462909978 371
1739715933726 0.7101300302574225 372
1739715933732 0.8279455297549458 373
1739715933739 0.8313442849625831 374
1739715933745 0.6908268045290855 375
1739715933751 0.7559483033494603 376
1739715933757 0.7073800110260838 377
1739715933763 0.7186133716540534 378
1739715933771 0.7325106407084148 379
1739715933777 0.6687611664689805 380
1739715933783 0.6865820563477422 381
1739715933789 0.8209476986811223 382
1739715933795 0.8436047875223507 383
1739715933801 0.7136167537473852 384
1739715933807 0.6180840232534404 385
1739715933812 0.6723938443443476 386
1739715933818 0.6992096291608437 387
1739715933824 0.6706430133885669 388
1739715933829 0.6933580764898416 389
1739715933838 0.6507389681866858 390
1739715933846 0.5921985819670512 391
1739715933853 0.7223439602730346 392
1739715933859 0.6222617977227217 393
1739715933865 0.7772503374307734 394
1739715933872 0.7228436676035995 395
1739715933878 0.7428359060368785 396
1739715933885 0.5630229927269648 397
1739715933891 0.4776571132928233 398
1739715933898 0.4402124114119263 399
1739715933904 0.6645959201693014 400
1739715933910 0.5864827144374047 401
1739715933916 0.5856575601407906 402
1739715933922 0.5588720726241159 403
1739715933927 0.48119560090035024 404
1739715933933 0.542348604791515 405
1739715933939 0.5769907441726889 406
1739715933945 0.6467928807722982 407
1739715933950 0.587591138361667 408
1739715933956 0.5806473960330925 409
1739715933962 0.5251089368237433 410
1739715933968 0.5586419422147086 411
1739715933973 0.5433818546456228 412
1739715933979 0.38401648437447244 413
1739715933985 0.5330818305797862 414
1739715933991 0.5720614413707903 415
1739715933996 0.4728612220244287 416
1739715934002 0.4901400562363347 417
1739715934008 0.3686619053982982 418
1739715934014 0.425554499967867 419
1739715934020 0.369804683425048 420
1739715934025 0.509182911582695 421
1739715934032 0.4642179313520756 422
1739715934038 0.3880450513069884 423
1739715934043 0.4324630346789587 424
1739715934049 0.4417396254470878 425
1739715934054 0.4543991717236188 426
1739715934060 0.3186598765846431 427
1739715934066 0.35103080894298894 428
1739715934072 0.4925282578382758 429
1739715934077 0.40272295612976433 430
1739715934083 0.3683363991474482 431
1739715934089 0.3520988246472499 432
1739715934095 0.34764494780747784 433
1739715934101 0.34461107234122884 434
1739715934106 0.40355922158687 435
1739715934112 0.41097269040794693 436
1739715934117 0.4193613598159949 437
1739715934123 0.40081459461382335 438
1739715934129 0.40989734003855166 439
1739715934135 0.41639383956819764 440
1739715934140 0.39974449639825615 441
1739715934146 0.35377073073487036 442
1739715934154 0.3914185957706401 443
1739715934160 0.38862699186834854 444
1739715934166 0.29976446908353366 445
1739715934172 0.3948706827322343 446
1739715934177 0.3580878715171251 447
1739715934183 0.36482422023172495 448
1739715934189 0.34191210032221603 449
1739715934195 0.3753172827489701 450
1739715934202 0.27242259034343375 451
1739715934210 0.2917702120010544 452
1739715934216 0.3257627414295373 453
1739715934222 0.33597778586461685 454
1739715934228 0.3080532576834324 455
1739715934234 0.3114499446992404 456
1739715934239 0.28680412029154384 457
1739715934244 0.25096749125639883 458
1739715934250 0.3771132434916935 459
1739715934256 0.32449967444427186 460
1739715934261 0.3077485312407987 461
1739715934267 0.2163932342868901 462
1739715934273 0.2211292051636722 463
1739715934279 0.24253920737704981 464
1739715934285 0.28412844282868194 465
1739715934290 0.26547963890561815 466
1739715934296 0.2814086625261351 467
1739715934302 0.24536152809659337 468
1739715934308 0.2987947304514891 469
1739715934313 0.21730027214250858 470
1739715934319 0.23322779307092265 471
1739715934324 0.2275611848773592 472
1739715934330 0.29681758962236904 473
1739715934335 0.25853891096358067 474
1739715934341 0.26879404007984037 475
1739715934346 0.22742893665865055 476
1739715934353 0.21589062209841178 477
1739715934358 0.23993162621550668 478
1739715934364 0.2643676334784559 479
1739715934370 0.259221306862403 480
1739715934375 0.21498158077642748 481
1739715934381 0.33259476940899957 482
1739715934387 0.24172590563231824 483
1739715934392 0.2901391681946485 484
1739715934398 0.2569369940598708 485
1739715934403 0.2347579393002534 486
1739715934409 0.2671102654698343 487
1739715934414 0.21330565665920462 488
1739715934419 0.14637699263023543 489
1739715934424 0.21517167269929854 490
1739715934430 0.22341492842960767 491
1739715934435 0.20922337384426015 492
1739715934440 0.2768583460825453 493
1739715934446 0.1943012240955772 494
1739715934451 0.24865107826351532 495
1739715934457 0.2134320291089171 496
1739715934462 0.27792639353141996 497
1739715934467 0.23207264016685536 498
1739715934473 0.22672375229330083 499
