1739715265469 173.5888088287343 0
1739715265475 173.56413913877378 1
1739715265481 173.53207295630287 2
1739715265486 173.49779282038722 3
1739715265491 173.4628535430686 4
1739715265495 173.42772157125228 5
1739715265499 173.3925368382598 6
1739715265504 173.3573413230314 7
1739715265509 173.3221476181826 8
1739715265513 173.2869595004361 9
1739715265518 173.2517781017487 10
1739715265522 173.2166037606485 11
1739715265526 173.1814365776353 12
1739715265530 173.1462765818008 13
1739715265535 173.11112378081444 14
1739715265540 173.07597817591926 15
1739715265544 173.04083976643062 16
1739715265549 173.0057085510858 17
1739715265553 172.97058452844888 18
1739715265558 172.9354676970323 19
1739715265562 172.90035805533304 20
1739715265566 172.86525560184393 21
1739715265570 172.83016033505666 22
1739715265575 172.79507225346276 23
1739715265579 172.75999135555404 24
1739715265583 172.72491763982265 25
1739715265587 172.68985110476092 26
1739715265591 172.65479174886167 27
1739715265595 172.619739570618 28
1739715265599 172.58469456852325 29
1739715265603 172.5496567410713 30
1739715265607 172.5146260867561 31
1739715265611 172.4796026040721 32
1739715265615 172.44458629151418 33
1739715265619 172.40957714757735 34
1739715265623 172.37457517075697 35
1739715265627 172.33958035954893 36
1739715265631 172.30459271244925 37
1739715265635 172.26961222795435 38
1739715265640 172.23463890456105 39
1739715265644 172.19967274076646 40
1739715265648 172.16471373506795 41
1739715265653 172.12976188596332 42
1739715265657 172.09481719195068 43
1739715265661 172.05987965152846 44
1739715265666 172.02494926319542 45
1739715265671 171.99002602545067 46
1739715265677 171.95510993679366 47
1739715265682 171.92020099572412 48
1739715265686 171.88529920074222 49
1739715265690 171.85040455034832 50
1739715265694 171.81551704304323 51
1739715265699 171.7806366773281 52
1739715265703 171.74576345170425 53
1739715265708 171.71089736467354 54
1739715265712 171.67603841473806 55
1739715265716 171.64118660040023 56
1739715265721 171.60634192016275 57
1739715265726 171.5715043725289 58
1739715265731 171.5366739560019 59
1739715265736 171.50185066908566 60
1739715265741 171.46703451028426 61
1739715265745 171.43222547810205 62
1739715265749 171.3974235710439 63
1739715265754 171.36262878761485 64
1739715265759 171.3278411263203 65
1739715265764 171.29306058566604 66
1739715265768 171.25828716415813 67
1739715265773 171.22352086030307 68
1739715265780 171.1887616726075 69
1739715265785 171.1540095995786 70
1739715265789 171.11926463972378 71
1739715265795 171.0845267915507 72
1739715265800 171.04979605356755 73
1739715265805 171.01507242428266 74
1739715265809 170.98035590220476 75
1739715265814 170.94564648584304 76
1739715265819 170.9109441737068 77
1739715265823 170.8762489643058 78
1739715265828 170.84156085615015 79
1739715265833 170.80687984775017 80
1739715265840 170.77220593761663 81
1739715265845 170.73753912426062 82
1739715265850 170.7028794061935 83
1739715265855 170.6682267819269 84
1739715265859 170.63358124997305 85
1739715265896 170.59894280884419 86
1739715265914 170.5643114570531 87
1739715265931 170.52968719311272 88
1739715265935 170.49507001553658 89
1739715265940 170.46045992283825 90
1739715265946 170.42585691353182 91
1739715265951 170.39126098613164 92
1739715265956 170.3566721391524 93
1739715265960 170.32209037110917 94
1739715265966 170.28751568051717 95
1739715265970 170.25294806589218 96
1739715265975 170.21838752575022 97
1739715265979 170.18383405860757 98
1739715265984 170.14928766298095 99
1739715265988 170.11474833738725 100
1739715265992 170.08021608034392 101
1739715265997 170.0456908903686 102
1739715266001 170.01117276597924 103
1739715266005 169.97666170569408 104
1739715266009 169.94215770803189 105
1739715266013 169.90766077151156 106
1739715266017 169.87317089465245 107
1739715266022 169.83868807597412 108
1739715266026 169.80421231399652 109
1739715266031 169.76974360724003 110
1739715266036 169.73528195422514 111
1739715266040 169.70119105721346 112
1739715266044 169.66721621284938 113
1739715266048 169.63328100918673 114
1739715266052 169.59936252162652 115
1739715266057 169.56545387177584 116
1739715266060 169.53155299510675 117
1739715266065 169.4976592712521 118
1739715266070 169.4637725130935 119
1739715266076 169.42989266348735 120
1739715266093 169.39601970428305 121
1739715266123 169.36215362902786 122
1739715266129 169.32829443477866 123
1739715266135 169.29444211964568 124
1739715266140 169.26059668205508 125
1739715266145 169.2267581205282 126
1739715266150 169.19292643361504 127
1739715266155 169.15910161987458 128
1739715266159 169.12528367786857 129
1739715266163 169.0914726061598 130
1739715266168 169.05766840331185 131
1739715266172 169.02387106788836 132
1739715266176 168.99008059845357 133
1739715266180 168.9562969935719 134
1739715266185 168.92252025180818 135
1739715266190 168.88875037172744 136
1739715266194 168.85498735189523 137
1739715266199 168.82123119087714 138
1739715266204 168.78748188723932 139
1739715266208 168.75373943954818 140
1739715266212 168.72000384637036 141
1739715266216 168.68627510627292 142
1739715266221 168.65255321782314 143
1739715266225 168.61883817958872 144
1739715266229 168.5851299901376 145
1739715266234 168.55142864803807 146
1739715266238 168.51773415185878 147
1739715266242 168.48404650016855 148
1739715266245 168.4503656915367 149
1739715266250 168.41669172453282 150
1739715266254 168.38302459772672 151
1739715266258 168.34936430968853 152
1739715266262 168.31571085898892 153
1739715266266 168.28206424419858 154
1739715266274 168.2484244638887 155
1739715266279 168.21479151663075 156
1739715266283 168.1811654009965 157
1739715266287 168.14754611555804 158
1739715266292 168.1139336588878 159
1739715266296 168.08032802955842 160
1739715266300 168.04672922614304 161
1739715266304 168.013137247215 162
1739715266308 167.9795520913479 163
1739715266312 167.94597375711587 164
1739715266316 167.91240224309306 165
1739715266320 167.8788375478542 166
1739715266324 167.8452796699742 167
1739715266328 167.81172860802835 168
1739715266332 167.77818436059212 169
1739715266337 167.7446469262415 170
1739715266341 167.71111630355261 171
1739715266345 167.67759249110208 172
1739715266349 167.6440754874666 173
1739715266353 167.61056529122345 174
1739715266358 167.57706190095007 175
1739715266364 167.54356531522413 176
1739715266369 167.51007553262383 177
1739715266373 167.47659255172758 178
1739715266378 167.44311637111406 179
1739715266382 167.40964698936236 180
1739715266387 167.3761844050518 181
1739715266391 167.34272861676197 182
1739715266395 167.309279623073 183
1739715266399 167.27583742256516 184
1739715266403 167.242402013819 185
1739715266407 167.20897339541546 186
1739715266412 167.17555156593582 187
1739715266416 167.14213652396165 188
1739715266420 167.10872826807474 189
1739715266424 167.07532679685735 190
1739715266428 167.04193210889196 191
1739715266432 167.00854420276139 192
1739715266437 166.97516307704876 193
1739715266441 166.94178873033744 194
1739715266446 166.90842116121132 195
1739715266450 166.8750603682544 196
1739715266454 166.84170635005106 197
1739715266458 166.808359105186 198
1739715266462 166.7750186322442 199
1739715266467 166.74168492981107 200
1739715266471 166.70835799647222 201
1739715266475 166.67503783081352 202
1739715266479 166.64172443142127 203
1739715266484 166.6084177968821 204
1739715266488 166.57511792578282 205
1739715266492 166.54182481671066 206
1739715266497 166.50853846825322 207
1739715266501 166.47525887899823 208
1739715266505 166.44198604753382 209
1739715266509 166.40871997244852 210
1739715266514 166.37546065233107 211
1739715266518 166.3422080857705 212
1739715266522 166.3089622713562 213
1739715266526 166.275723207678 214
1739715266532 166.24249089332574 215
1739715266536 166.20926532688986 216
1739715266540 166.176046506961 217
1739715266545 166.14283443213003 218
1739715266549 166.1096291009883 219
1739715266553 166.07643051212733 220
1739715266559 166.04323866413904 221
1739715266563 166.0100535556156 222
1739715266568 165.97687518514954 223
1739715266572 165.94370355133367 224
1739715266576 165.91053865276118 225
1739715266581 165.87738048802544 226
1739715266585 165.84422905572023 227
1739715266590 165.81108435443963 228
1739715266594 165.77794638277803 229
1739715266598 165.74481513933006 230
1739715266603 165.71169062269078 231
1739715266607 165.67857283145548 232
1739715266612 165.6454617642198 233
1739715266616 165.6123574195796 234
1739715266620 165.57925979613125 235
1739715266624 165.54616889247126 236
1739715266628 165.51308470719638 237
1739715266633 165.48000723890394 238
1739715266637 165.44693648619136 239
1739715266642 165.41387244765644 240
1739715266646 165.3808151218973 241
1739715266650 165.34776450751235 242
1739715266655 165.3147206031003 243
1739715266659 165.2816834072602 244
1739715266664 165.24865291859143 245
1739715266669 165.21562913569358 246
1739715266677 165.18261205716666 247
1739715266682 165.14960168161093 248
1739715266687 165.11659800762703 249
1739715266691 165.08360103381577 250
1739715266696 165.0506107587784 251
1739715266700 165.01762718111647 252
1739715266705 164.9846502994317 253
1739715266709 164.95168011232636 254
1739715266713 164.91871661840275 255
1739715266716 164.8857598162638 256
1739715266720 164.85280970451237 257
1739715266725 164.81986628175193 258
1739715266730 164.78692954658618 259
1739715266734 164.75399949761908 260
1739715266738 164.72107613345494 261
1739715266743 164.6881594526983 262
1739715266747 164.65524945395413 263
1739715266751 164.62234613582766 264
1739715266756 164.5894494969244 265
1739715266761 164.55655953585023 266
1739715266765 164.52367625121124 267
1739715266769 164.49079964161388 268
1739715266773 164.45792970566492 269
1739715266777 164.42506644197152 270
1739715266781 164.39220984914098 271
1739715266786 164.359359925781 272
1739715266791 164.32651667049953 273
1739715266796 164.29368008190494 274
1739715266801 164.2608501586058 275
1739715266805 164.22802689921105 276
1739715266809 164.19521030232988 277
1739715266813 164.16240036657186 278
1739715266817 164.12959709054687 279
1739715266821 164.09680047286494 280
1739715266826 164.06401051213666 281
1739715266830 164.03122720697266 282
1739715266834 163.99845055598408 283
1739715266838 163.96568055778235 284
1739715266845 163.932917210979 285
1739715266850 163.9001605141862 286
1739715266854 163.8674104660161 287
1739715266858 163.8346670650814 288
1739715266862 163.80193030999493 289
1739715266866 163.76920019936995 290
1739715266870 163.73647673182 291
1739715266875 163.7037599059589 292
1739715266879 163.67104972040073 293
1739715266884 163.63834617376 294
1739715266888 163.60564926465142 295
1739715266892 163.5729589916901 296
1739715266898 163.54027535349127 297
1739715266902 163.50759834867074 298
1739715266907 163.4749279758444 299
1739715266911 163.44226423362858 300
1739715266916 163.4096071206398 301
1739715266920 163.37695663549502 302
1739715266924 163.3443127768113 303
1739715266928 163.31167554320635 304
1739715266933 163.2790449332978 305
1739715266937 163.24642094570382 306
1739715266942 163.21380357904283 307
1739715266946 163.18119283193354 308
1739715266950 163.148588702995 309
1739715266954 163.11599119084653 310
1739715266959 163.08340029410775 311
1739715266963 163.05081601139858 312
1739715266968 163.01823834133933 313
1739715266972 162.98566728255048 314
1739715266977 162.95310283365293 315
1739715266981 162.92054499326784 316
1739715266986 162.88799376001663 317
1739715266990 162.85544913252116 318
1739715266995 162.82291110940344 319
1739715266999 162.79037968928583 320
1739715267004 162.757854870791 321
1739715267008 162.725336652542 322
1739715267012 162.69282503316205 323
1739715267017 162.66032001127482 324
1739715267021 162.62782158550414 325
1739715267026 162.59532975447428 326
1739715267030 162.56284451680963 327
1739715267034 162.53036587113516 328
1739715267038 162.49789381607582 329
1739715267043 162.46542835025713 330
1739715267047 162.43296947230476 331
1739715267051 162.40051718084473 332
1739715267056 162.36807147450344 333
1739715267060 162.33563235190744 334
1739715267065 162.30319981168364 335
1739715267070 162.27077385245937 336
1739715267074 162.23835447286214 337
1739715267078 162.20594167151972 338
1739715267082 162.17353544706032 339
1739715267086 162.14113579811234 340
1739715267091 162.1087427233046 341
1739715267095 162.0763562212661 342
1739715267099 162.0439762906262 343
1739715267103 162.01160293001456 344
1739715267108 161.97923613806114 345
1739715267112 161.94687591339618 346
1739715267117 161.9145222546503 347
1739715267121 161.88217516045432 348
1739715267125 161.8498346294394 349
1739715267129 161.8175006602371 350
1739715267133 161.78517325147908 351
1739715267137 161.75285240179747 352
1739715267141 161.72053810982462 353
1739715267146 161.6882303741932 354
1739715267150 161.65592919353625 355
1739715267154 161.62363456648703 356
1739715267159 161.59134649167902 357
1739715267163 161.55906496774625 358
1739715267167 161.5267899933228 359
1739715267171 161.49452156704325 360
1739715267175 161.4622596875423 361
1739715267179 161.43000435345513 362
1739715267183 161.39775556341704 363
1739715267188 161.36551331606375 364
1739715267192 161.33327761003125 365
1739715267196 161.30104844395584 366
1739715267200 161.26882581647413 367
1739715267204 161.236609726223 368
1739715267208 161.20440017183967 369
1739715267212 161.17219715196154 370
1739715267216 161.14000066522652 371
1739715267221 161.10781071027267 372
1739715267225 161.07562728573834 373
1739715267229 161.04345039026228 374
1739715267233 161.01128002248348 375
1739715267238 160.97911618104126 376
1739715267242 160.94695886457512 377
1739715267246 160.91480807172505 378
1739715267250 160.88266380113123 379
1739715267254 160.85052605143412 380
1739715267258 160.81839482127458 381
1739715267262 160.78627010929364 382
1739715267266 160.75415191413273 383
1739715267270 160.72204023443354 384
1739715267274 160.68993506883805 385
1739715267278 160.65783641598858 386
1739715267282 160.6257442745277 387
1739715267286 160.59365864309837 388
1739715267290 160.56157952034368 389
1739715267294 160.52950690490718 390
1739715267298 160.4974407954326 391
1739715267302 160.4653811905641 392
1739715267306 160.43332808894607 393
1739715267310 160.40128148922318 394
1739715267315 160.3692413900404 395
1739715267319 160.33720779004298 396
1739715267323 160.30518068787654 397
1739715267327 160.273160082187 398
1739715267331 160.2411459716205 399
1739715267336 160.20913835482347 400
1739715267340 160.17713723044278 401
1739715267345 160.14514259712544 402
1739715267349 160.11315445351883 403
1739715267354 160.0811727982707 404
1739715267358 160.04919763002886 405
1739715267363 160.0172289474417 406
1739715267367 159.98526674915774 407
1739715267371 159.95331103382588 408
1739715267375 159.9213618000952 409
1739715267380 159.8894190466153 410
1739715267384 159.85748277203575 411
1739715267388 159.82555297500673 412
1739715267393 159.79362965417855 413
1739715267397 159.76171280820185 414
1739715267402 159.7298024357276 415
1739715267406 159.697898535407 416
1739715267410 159.66600110589164 417
1739715267415 159.63411014583332 418
1739715267420 159.60222565388418 419
1739715267425 159.57034762869665 420
1739715267429 159.53847606892344 421
1739715267433 159.50661097321762 422
1739715267437 159.47475234023247 423
1739715267441 159.44290016862163 424
1739715267446 159.41105445703892 425
1739715267450 159.37921520413872 426
1739715267454 159.3473824085754 427
1739715267458 159.3155560690038 428
1739715267462 159.28373618407903 429
1739715267466 159.25192275245647 430
1739715267470 159.22011577279181 431
1739715267475 159.18831524374104 432
1739715267480 159.15652116396043 433
1739715267484 159.1247335321066 434
1739715267488 159.0929523468364 435
1739715267492 159.06117760680695 436
1739715267497 159.0294093106758 437
1739715267502 158.99764745710064 438
1739715267507 158.96589204473958 439
1739715267511 158.93414307225092 440
1739715267515 158.90240053829336 441
1739715267519 158.87066444152578 442
1739715267523 158.8389347806075 443
1739715267529 158.807211554198 444
1739715267535 158.77549476095712 445
1739715267540 158.74378439954492 446
1739715267545 158.71208046862193 447
1739715267550 158.6803829668488 448
1739715267555 158.64869189288652 449
1739715267560 158.61700724539645 450
1739715267565 158.58532902304012 451
1739715267569 158.55365722447945 452
1739715267574 158.52199184837664 453
1739715267578 158.4903328933942 454
1739715267582 158.4586803581948 455
1739715267586 158.42703424144162 456
1739715267590 158.39539454179794 457
1739715267594 158.36376125792745 458
1739715267599 158.33213438849415 459
1739715267604 158.30051393216218 460
1739715267608 158.2688998875962 461
1739715267613 158.23729225346094 462
1739715267617 158.2056910284216 463
1739715267621 158.17409621114354 464
1739715267626 158.14250780029252 465
1739715267630 158.1109257945345 466
1739715267634 158.07935019253583 467
1739715267639 158.04778099296308 468
1739715267644 158.01621819448317 469
1739715267650 157.98466179576317 470
1739715267655 157.95311179547073 471
1739715267660 157.92156819227347 472
1739715267664 157.89003098483957 473
1739715267669 157.85850017183725 474
1739715267675 157.82697575193527 475
1739715267681 157.79545772380249 476
1739715267685 157.76394608610818 477
1739715267691 157.7324408375219 478
1739715267698 157.7009419767134 479
1739715267704 157.6694495023528 480
1739715267709 157.63796341311055 481
1739715267713 157.60648370765733 482
1739715267718 157.57501038466407 483
1739715267722 157.54354344280213 484
1739715267726 157.512082880743 485
1739715267731 157.48062869715864 486
1739715267737 157.44918089072112 487
1739715267741 157.41773946010295 488
1739715267746 157.3863044039768 489
1739715267751 157.35487572101573 490
1739715267755 157.32345340989312 491
1739715267760 157.2920374692825 492
1739715267765 157.26062789785786 493
1739715267769 157.22922469429335 494
1739715267774 157.19782785726343 495
1739715267778 157.16643738544292 496
1739715267782 157.1350532775069 497
1739715267787 157.10367553213075 498
1739715267792 157.07230414799005 499
