1739716035576 144.00481912834687 0
1739716035583 127.44657916857594 1
1739716035589 111.50425186517404 2
1739716035595 95.16759284626643 3
1739716035600 80.65552131975751 4
1739716035606 73.15536009715002 5
1739716035610 61.09402930905639 6
1739716035615 56.53176799361884 7
1739716035620 49.38068465027691 8
1739716035624 42.70057840638199 9
1739716035629 38.356972643524585 10
1739716035634 35.05782577608024 11
1739716035639 29.439738680946753 12
1739716035644 27.346311637130675 13
1739716035649 25.459594273384365 14
1739716035656 22.545761720071713 15
1739716035662 20.393580994932055 16
1739716035667 18.552580193591567 17
1739716035672 17.337964365382653 18
1739716035677 15.710866802242686 19
1739716035683 15.077597338354412 20
1739716035689 14.14209571059568 21
1739716035694 12.398934355969805 22
1739716035700 11.82820741787973 23
1739716035705 11.334687547983757 24
1739716035710 10.69858235989278 25
1739716035715 9.763794874414808 26
1739716035720 9.322584143144976 27
1739716035726 8.742929003576549 28
1739716035730 8.311772213767851 29
1739716035735 8.017572996168497 30
1739716035740 7.551268100609586 31
1739716035745 7.434255315929862 32
1739716035750 7.269791298829657 33
1739716035755 7.232646717040887 34
1739716035760 6.926774313199953 35
1739716035765 6.361128703488112 36
1739716035770 6.262595483918561 37
1739716035776 6.235111912042915 38
1739716035781 6.39205800048791 39
1739716035786 6.026560438687289 40
1739716035791 6.1682435597472125 41
1739716035796 5.82145346806579 42
1739716035800 5.562427174376424 43
1739716035805 5.582915964979849 44
1739716035811 5.506022035383596 45
1739716035816 5.276995494288654 46
1739716035821 6.0744512100953765 47
1739716035826 5.071551491944062 48
1739716035830 5.367881085537488 49
1739716035835 5.057081065663366 50
1739716035840 5.322651012703039 51
1739716035846 5.176846764349079 52
1739716035851 5.076050712377871 53
1739716035856 5.413019627561303 54
1739716035861 5.145508573465 55
1739716035865 4.8868957078327835 56
1739716035870 4.662324352510769 57
1739716035874 4.886441410929234 58
1739716035879 5.069595261071223 59
1739716035884 4.826335963857756 60
1739716035889 4.9457710346813215 61
1739716035893 5.034524133039687 62
1739716035899 4.9661518813191705 63
1739716035904 5.118015186189789 64
1739716035909 5.010914585249689 65
1739716035914 4.614426129463551 66
1739716035918 4.878292841673924 67
1739716035923 4.511761256291767 68
1739716035928 4.597245699519774 69
1739716035933 5.222056723871836 70
1739716035938 4.704090386887471 71
1739716035942 4.885193129470891 72
1739716035947 4.831600376571426 73
1739716035951 5.2391929123336265 74
1739716035956 5.129817444990072 75
1739716035961 4.836655699266298 76
1739716035966 4.826892489167929 77
1739716035971 5.079009998651426 78
1739716035976 4.702768449033145 79
1739716035980 4.632942445598306 80
1739716035985 4.913699619786368 81
1739716035990 5.040500142450583 82
1739716035995 5.068105705497314 83
1739716036000 5.174207883270332 84
1739716036005 4.835811619978661 85
1739716036010 4.535208389218919 86
1739716036015 4.6469816452359 87
1739716036020 4.629612862964324 88
1739716036025 4.954195751355929 89
1739716036029 4.713584367389553 90
1739716036034 5.006033838770556 91
1739716036039 4.8458733310752615 92
1739716036044 4.704562149302228 93
1739716036049 4.737465526370837 94
1739716036054 4.7061367087326955 95
1739716036059 4.509055027821392 96
1739716036064 4.8246915258284515 97
1739716036070 4.711134979215389 98
1739716036075 4.991419442470416 99
1739716036080 4.59011307891952 100
1739716036085 4.659381195650536 101
1739716036090 4.795845433847835 102
1739716036095 5.102182742694578 103
1739716036099 4.512931941215179 104
1739716036105 4.305861215418035 105
1739716036109 4.825357488578314 106
1739716036114 5.137311276008268 107
1739716036120 4.80791164577887 108
1739716036125 4.961445345632341 109
1739716036130 4.579397104057996 110
1739716036135 4.698250087114376 111
1739716036140 4.851081285131093 112
1739716036145 4.911609034862607 113
1739716036150 4.80492001002276 114
