1739719476925 0.049229605360819474 0
1739719476951 1.0189072363194276 1
1739719476977 0.31263545704453505 2
1739719477004 0.00011249858576977952 3
1739719477030 0.039531863338029966 4
1739719477056 0.04710854206760881 5
1739719477082 0.053513520547298875 6
1739719477108 0.5125902945110835 7
1739719477133 0.003683179731758165 8
1739719477158 0.0133332943523531 9
1739719477183 0.013853139471716337 10
1739719477208 0.6727499670405513 11
1739719477234 0.022615492167523597 12
1739719477259 0.0045165675212928795 13
1739719477284 0.0006429381592026997 14
1739719477309 0.06270720966481301 15
1739719477333 0.048208918710647114 16
1739719477358 0.10557392237820146 17
1739719477384 0.015249853328718158 18
1739719477408 0.029853530074145658 19
1739719477433 0.0010059015863044122 20
1739719477458 0.2141057447523594 21
1739719477483 0.020988676928320023 22
1739719477508 0.003281466538906993 23
1739719477532 0.6094132621238109 24
1739719477557 0.0008531418969250545 25
1739719477583 0.051789175577669065 26
1739719477608 0.3955065847260558 27
1739719477633 0.00828995376002777 28
1739719477658 0.16335602203773902 29
1739719477683 0.3588610197596211 30
1739719477708 0.00023772280566158565 31
1739719477733 0.3063867945939032 32
1739719477758 0.03066081157293093 33
1739719477784 0.009549660875080987 34
1739719477808 0.06483641216919699 35
1739719477833 0.4460599432489108 36
1739719477858 0.2147044479131333 37
1739719477882 0.04934904151369053 38
1739719477907 0.41354081284159444 39
1739719477933 0.15137003860323017 40
1739719477961 0.017940724039607208 41
1739719477996 0.13968746722487718 42
1739719478023 0.9425262523886477 43
1739719478049 0.0577591249695704 44
1739719478074 0.0364185871146642 45
1739719478100 0.4412569145611783 46
1739719478126 0.06001127541014328 47
1739719478153 0.08082866123575848 48
1739719478179 0.09708856520118543 49
1739719478204 0.9997140256777801 50
1739719478230 0.08139936544994547 51
1739719478256 0.5513223900854612 52
1739719478282 0.1626907295809675 53
1739719478308 0.3137412827052216 54
1739719478334 0.007271718812570068 55
1739719478360 0.19299918160137455 56
1739719478389 0.23522825928947114 57
1739719478418 0.32966474615019253 58
1739719478447 0.4452491649705693 59
1739719478493 0.0006119496558738522 60
1739719478525 1.5433058724185489e-06 61
1739719478554 0.015890211825563143 62
1739719478583 0.17303089632402324 63
1739719478611 0.015611459245514806 64
1739719478640 0.0051999224056891915 65
1739719478668 0.44002358977783407 66
1739719478696 2.3077911229741268e-06 67
1739719478725 1.2649490355675421 68
1739719478754 0.012688504266511462 69
1739719478783 0.23850160266576395 70
1739719478811 0.34485267697506056 71
1739719478839 1.24755621753982e-06 72
1739719478867 0.010806967463232486 73
1739719478894 0.04751482512219695 74
1739719478920 0.002871603076356228 75
1739719478947 0.26645940780780936 76
1739719478973 0.003447421187013733 77
1739719478998 0.28279751152302146 78
1739719479024 0.38409894861330235 79
1739719479051 0.013493769837264705 80
1739719479077 0.07807528390505573 81
1739719479102 0.26958863607592043 82
1739719479128 0.03348949823103935 83
1739719479154 0.13241029996261724 84
1739719479179 0.47437262516143036 85
1739719479204 0.014554050755772607 86
1739719479229 0.0424238381730916 87
1739719479255 0.028965369795931832 88
1739719479280 0.19717306830456657 89
1739719479305 0.012189830632780499 90
1739719479331 0.7858372548084517 91
1739719479355 0.38905330464973137 92
1739719479381 0.1693610095756351 93
1739719479406 0.000676135598377397 94
1739719479431 0.13363739617480777 95
1739719479457 0.27775605574095713 96
1739719479482 0.9871641973318624 97
1739719479507 0.11016312334325656 98
1739719479532 0.0004811876133013996 99
1739719479558 0.10364829307567247 100
1739719479583 0.03969215645504568 101
1739719479609 0.13176849879344169 102
1739719479637 0.25449300289912336 103
1739719479664 0.17083818159910089 104
1739719479692 0.10133014493973252 105
1739719479720 0.2355801851252235 106
1739719479750 0.3033946977025162 107
1739719479779 0.3452098067967816 108
1739719479807 0.18938752311288773 109
1739719479834 0.016702270477562578 110
1739719479863 0.015493935051243992 111
1739719479890 0.014862625101114219 112
1739719479917 0.1370403869401625 113
1739719479943 0.20735806324188033 114
1739719479969 0.09294281047722051 115
1739719479995 1.0020718599243283 116
1739719480021 0.05602599175147969 117
1739719480047 0.07646258954632684 118
1739719480072 0.6301658067149863 119
1739719480097 0.2015774924624454 120
1739719480122 0.20557800845752067 121
1739719480146 0.3463393716698737 122
1739719480171 0.027122109599474524 123
1739719480196 0.8138516262121998 124
1739719480221 0.012642853306837188 125
1739719480248 0.8163258052311491 126
1739719480276 1.0455299112482805 127
1739719480304 0.14541183514920142 128
1739719480332 0.0062617339432122065 129
1739719480360 0.24008707346161975 130
1739719480389 0.08425559451312022 131
1739719480416 0.08074655002711725 132
1739719480444 0.0005829567091063138 133
1739719480471 0.057979969540989 134
1739719480498 3.9650033642297997e-07 135
1739719480526 0.048755434143633404 136
1739719480555 0.314918755213306 137
1739719480583 2.1061644006794084e-06 138
1739719480609 0.05835420230011301 139
1739719480635 0.44145684428160886 140
1739719480662 0.7116811436625833 141
1739719480688 0.023908444190242645 142
1739719480714 1.021921911024723 143
1739719480740 1.0847047572029556 144
1739719480767 0.002723149501184385 145
1739719480793 0.017412351695960178 146
1739719480819 0.007807482406864163 147
1739719480845 0.2010993136096718 148
1739719480870 0.5703058112168914 149
1739719480896 0.01534090045141452 150
1739719480923 0.003492785452104364 151
1739719480950 0.02907494539683256 152
1739719480975 0.10166574401323651 153
1739719481001 0.01572028472582206 154
1739719481026 0.28174835671374177 155
1739719481052 0.4581086503459805 156
1739719481078 0.5369530427479405 157
1739719481103 0.12698401476989252 158
1739719481128 0.00402471026743554 159
1739719481155 0.0035393315886856156 160
1739719481180 0.01780809272000414 161
1739719481205 0.036951965790082725 162
1739719481230 0.1633980951200851 163
1739719481255 0.03793077910396052 164
1739719481280 0.015362345042002606 165
1739719481305 0.013034711903323847 166
1739719481329 0.010254550731712076 167
1739719481354 0.0524196093954732 168
1739719481379 0.10154126632363733 169
1739719481404 0.023447914809380615 170
1739719481429 0.03449117343041302 171
1739719481454 0.1970318799649961 172
1739719481479 0.011520382694334638 173
1739719481504 0.036642381156152294 174
1739719481529 0.01588284081919798 175
1739719481554 0.0006444905168826047 176
1739719481579 0.0018071665163475353 177
1739719481604 0.043617259868853925 178
1739719481629 0.5593807550420961 179
1739719481654 0.002175094288384712 180
1739719481679 0.7751560959214892 181
1739719481704 0.006627634232805279 182
1739719481729 0.2709127633451659 183
1739719481754 0.02580474582373566 184
1739719481779 0.016277957213212076 185
1739719481804 0.44965537393939536 186
1739719481830 0.022408961889908728 187
1739719481856 1.0300446648997257 188
1739719481881 0.000958931244396315 189
1739719481905 0.013398422992553899 190
1739719481930 0.009416034009173799 191
1739719481955 0.9942040543912524 192
1739719481980 0.6265836874217072 193
1739719482004 0.5961900697128705 194
1739719482030 0.008615384836391361 195
1739719482054 0.01604488446449639 196
1739719482080 0.26004899409722804 197
1739719482105 0.16709930482715837 198
1739719482130 0.06514473125609553 199
1739719482155 0.0020795475283386495 200
1739719482181 0.043149604778002226 201
1739719482206 0.17077566104592137 202
1739719482231 0.7431378994549485 203
1739719482256 0.029727920030753464 204
1739719482281 0.45281004710617667 205
1739719482306 0.02362397763173002 206
1739719482331 0.5130082980787652 207
1739719482356 0.737062188562197 208
1739719482382 0.37516265718945435 209
1739719482407 0.025122375913908968 210
1739719482432 0.1318864643137054 211
1739719482457 0.004100054037786658 212
1739719482482 0.011964355533843217 213
1739719482507 0.22828090464175546 214
1739719482532 0.28995450541896123 215
1739719482558 0.3340453486060703 216
1739719482583 1.2412834438701663 217
1739719482608 0.013300912006999488 218
1739719482633 0.09026233346609512 219
1739719482658 0.20165290434340882 220
1739719482683 0.006413617362909792 221
1739719482708 0.010128777700485448 222
1739719482733 0.03144592317432436 223
1739719482758 0.3075157873818591 224
1739719482783 0.2394281136796272 225
1739719482808 0.0960126062753683 226
1739719482833 0.8520430284697454 227
1739719482857 0.9816790699977286 228
1739719482882 0.14542291497053114 229
1739719482908 0.1958016882143378 230
1739719482934 0.0011912719076602927 231
1739719482960 0.10856882841254266 232
1739719482986 0.028860920353999953 233
1739719483011 0.11079751343675394 234
1739719483036 0.00017003559665627278 235
1739719483061 0.23447883973110734 236
1739719483087 0.19267547867919096 237
1739719483113 0.1385866207714362 238
1739719483138 0.07313470017963448 239
1739719483163 0.46448233267028083 240
1739719483189 0.021837621746913383 241
1739719483214 0.0005334192182222879 242
1739719483238 0.6743556850456488 243
1739719483264 0.0038684601734623263 244
1739719483290 0.002844623141841509 245
1739719483316 0.006609556709153211 246
1739719483341 0.0006544363967439662 247
1739719483366 0.028773027079039448 248
1739719483391 0.5144116177277793 249
1739719483416 0.16733426401257434 250
1739719483441 0.09643626548663092 251
1739719483466 0.013996006885451702 252
1739719483491 0.10014021592993724 253
1739719483516 0.17808444668634982 254
1739719483540 0.027249397026215243 255
1739719483565 0.5128507530752112 256
1739719483590 0.1506365633810579 257
1739719483615 0.060091673187223374 258
1739719483640 0.021899125557478773 259
1739719483665 0.1513228425302293 260
1739719483690 0.8895347312141051 261
1739719483715 0.0027419880397338632 262
1739719483741 0.0018356935703560343 263
1739719483766 0.09652665457512555 264
1739719483791 0.06704044987912804 265
1739719483816 0.0673338862668512 266
1739719483841 0.01426246459886857 267
1739719483866 0.08317753283485606 268
1739719483891 1.3990376148549903 269
1739719483915 0.00333704410845974 270
1739719483941 0.6105576120492309 271
1739719483966 8.293447634201479e-06 272
1739719483991 0.05681353859354981 273
1739719484017 0.003692487460836158 274
1739719484043 0.030877179244686755 275
1739719484069 0.03549680448668863 276
1739719484095 0.00011808166778485711 277
1739719484121 0.6168127569803249 278
1739719484147 0.35547810569167915 279
1739719484172 0.06753342664841744 280
1739719484197 1.8053126572954472 281
1739719484222 0.13092090498111086 282
1739719484248 0.7258050502814053 283
1739719484273 0.09420973615599722 284
1739719484298 0.15506587217369563 285
1739719484323 0.23122091498639014 286
1739719484348 0.19118626978898914 287
1739719484373 0.00013224476064144618 288
1739719484398 0.2165467146453966 289
1739719484423 0.000893455199245072 290
1739719484448 0.19748599018158383 291
1739719484473 0.6237525462815507 292
1739719484498 0.1578593149467889 293
1739719484523 0.3670001998330038 294
1739719484548 1.475334370302887e-06 295
1739719484573 0.013298654877451424 296
1739719484597 0.00910979400574538 297
1739719484622 0.1999799118752345 298
1739719484647 0.09264365417030619 299
1739719484671 0.00721232271403161 300
1739719484696 6.981499105591272e-05 301
1739719484721 0.02425299094351163 302
1739719484745 0.04941298217834281 303
1739719484771 0.028571032266487245 304
1739719484796 1.5918848764848672 305
1739719484821 0.030562746308022658 306
1739719484845 0.36688327141808086 307
1739719484871 0.00864087553485413 308
1739719484896 2.6408498588779328e-05 309
1739719484922 0.10773221384126011 310
1739719484947 0.060261602610303326 311
1739719484972 0.015129947154625518 312
1739719484998 0.08483102892377344 313
1739719485023 0.017976726728507364 314
1739719485048 0.20758708943878545 315
1739719485073 0.16822310196652546 316
1739719485098 0.025810787986643047 317
1739719485123 0.16408634615431283 318
1739719485148 0.18348596423733146 319
1739719485173 0.06986577538238702 320
1739719485199 0.033387376292885865 321
1739719485226 1.1231855758375833 322
1739719485252 0.015682092667339362 323
1739719485278 0.012700074117975895 324
1739719485303 0.04405789468784904 325
1739719485329 0.03236770776430739 326
1739719485356 0.19626097022675623 327
1739719485382 0.22463536800105724 328
1739719485409 0.305007290402883 329
1739719485435 0.013492238076821508 330
1739719485461 0.2008424360730839 331
1739719485486 0.12690258929454892 332
1739719485511 0.0019256976611168356 333
1739719485536 0.02264198036065066 334
1739719485562 0.01994211385692112 335
1739719485587 0.00044739215504702916 336
1739719485612 0.08337643623103357 337
1739719485637 0.06778035214177876 338
1739719485662 0.0024872844502252336 339
1739719485687 0.008618439028356238 340
1739719485711 0.6727737731582224 341
1739719485736 0.0021441286297737686 342
1739719485762 0.7483961373811716 343
1739719485787 0.12791700196939718 344
1739719485812 0.0816828560080537 345
1739719485837 1.3707384562710587 346
1739719485862 0.8500152691373879 347
1739719485887 0.00947245246727166 348
1739719485913 0.008712147938969803 349
1739719485939 0.05890341512878977 350
1739719485964 0.006654132932271704 351
1739719485989 8.07205151682238e-05 352
1739719486014 1.2707818303283032 353
1739719486040 0.07938302051320152 354
1739719486065 0.723743941093196 355
1739719486090 0.18884971505127598 356
1739719486116 0.06545677418059923 357
1739719486141 0.12103674898876278 358
1739719486166 0.024608876134352874 359
1739719486191 0.4919538324404878 360
1739719486217 0.010489347567089743 361
1739719486242 0.04768345487534091 362
1739719486267 0.22023655867829614 363
1739719486292 0.00015846627918139524 364
1739719486318 0.07185734789392635 365
1739719486343 0.2654744090075564 366
1739719486368 0.02805663790733004 367
1739719486393 0.019313027324896443 368
1739719486418 0.3307471702779921 369
1739719486443 0.00021389928717096155 370
1739719486468 0.09991686516026983 371
1739719486493 0.6845995986825806 372
1739719486518 8.90368110441687e-06 373
1739719486543 0.2434771308448478 374
1739719486569 0.7269616486364325 375
1739719486603 0.1411935714614278 376
1739719486630 0.14006769112245576 377
1739719486657 0.2672915816037114 378
1739719486682 0.40615538969989107 379
1739719486707 0.012389442388345743 380
1739719486732 0.3047832281148176 381
1739719486758 0.0058795988564653715 382
1739719486783 0.05037400918527278 383
1739719486808 0.05793722325936272 384
1739719486833 0.20163121819519045 385
1739719486859 0.08841845830906722 386
1739719486884 0.04130956974352186 387
1739719486909 0.0040385708700467 388
1739719486935 0.06641558178556978 389
1739719486960 0.44453590060315057 390
1739719486985 0.5054104565460096 391
1739719487011 0.011575451011285653 392
1739719487037 0.6201184117835348 393
1739719487063 0.005664628818776091 394
1739719487090 0.002089239571030836 395
1739719487116 0.8523595492999197 396
1739719487140 0.021224090225518497 397
1739719487165 0.004590846230354888 398
1739719487190 0.002057050455122728 399
1739719487224 0.030886079161294665 400
1739719487262 0.30374829486439475 401
1739719487305 0.8743248540534416 402
1739719487333 0.006865065652050289 403
1739719487360 1.9201313747949469 404
1739719487386 0.010960942845686201 405
1739719487411 0.30239445680508154 406
1739719487436 0.11469160040869425 407
1739719487461 0.03414395985331553 408
1739719487486 0.0029436688912366444 409
1739719487513 0.09624844388858156 410
1739719487538 0.06309881555372608 411
1739719487564 0.09557007796376288 412
1739719487590 0.29084285576819885 413
1739719487615 0.39143883427093756 414
1739719487641 0.0578451756231132 415
1739719487666 0.3380116982487335 416
1739719487691 0.21460775527931666 417
1739719487716 0.11425112074680761 418
1739719487741 0.015154806458286329 419
1739719487767 0.1173978457736305 420
1739719487792 0.4022224100303953 421
1739719487817 0.482806435932749 422
1739719487842 0.13740904528192466 423
1739719487867 0.005251201946820155 424
1739719487892 0.045794981709206636 425
1739719487917 0.056568153134220506 426
1739719487942 0.8654107548313565 427
1739719487967 0.2349111545549674 428
1739719487993 0.18148583330785767 429
1739719488018 0.028363810916526996 430
1739719488044 0.00803200955754897 431
1739719488069 0.012268785691329555 432
1739719488094 0.9616349876815038 433
1739719488118 0.19654953484256935 434
1739719488143 0.019512896539215226 435
1739719488169 0.007966584138029338 436
1739719488194 0.4344377134946713 437
1739719488219 1.364756448544719 438
1739719488244 0.010318237985634205 439
1739719488269 0.017431191866635314 440
1739719488294 0.0021734431470964025 441
1739719488320 0.3888421502819233 442
1739719488344 0.024236354687879314 443
1739719488369 0.10700444768114631 444
1739719488394 0.03296650186145181 445
1739719488419 0.01201254131680037 446
1739719488444 0.29213186938955665 447
1739719488469 0.0025046419025513676 448
1739719488495 0.1045050587517673 449
1739719488520 0.037409768000275394 450
1739719488545 0.0006433091124273772 451
1739719488570 0.0013240469412233462 452
1739719488595 0.03623088471888757 453
1739719488620 0.2986582038549392 454
1739719488645 0.012868733464571059 455
1739719488670 0.06079823158408764 456
1739719488695 2.000382656864943 457
1739719488720 0.00805530826840316 458
1739719488745 0.0007583221399329579 459
1739719488770 1.0133557057234515 460
1739719488795 0.29842843290478793 461
1739719488820 0.21612944386938357 462
1739719488845 0.038905486607796 463
1739719488870 0.7317316056519915 464
1739719488894 0.03356835084277413 465
1739719488919 0.02545579117613495 466
1739719488944 0.03049737978954248 467
1739719488969 0.014562867287112148 468
1739719488994 0.007903378525244519 469
1739719489019 0.0042086090463374195 470
1739719489044 0.6587964310012999 471
1739719489069 0.03558281237085969 472
1739719489094 0.09692480938066152 473
1739719489119 0.8120021660988902 474
1739719489143 0.024479122872912446 475
1739719489168 0.0011870518351154785 476
1739719489193 0.9218274553789751 477
1739719489218 0.00035845341430556696 478
1739719489243 0.01944448441658736 479
1739719489269 0.03287614646401912 480
1739719489295 0.11666592345983948 481
1739719489320 0.0713338031422372 482
1739719489345 0.179290686192317 483
1739719489370 0.008040428303572123 484
1739719489395 0.009631536518430293 485
1739719489420 0.03268943524921916 486
1739719489445 0.030691279524028496 487
1739719489471 0.0006643562370367581 488
1739719489496 0.506615137136896 489
1739719489521 0.9240760151980398 490
1739719489546 0.19871586535380098 491
1739719489571 0.04209665914342883 492
1739719489596 0.46219445828681266 493
1739719489622 0.18860189886986115 494
1739719489647 0.01409892714644664 495
1739719489672 0.06745771087870132 496
1739719489698 0.6274813007477618 497
1739719489723 0.751115425448082 498
1739719489748 0.04443910140810567 499
