1739719427445 0.9411631938580931 0
1739719427476 0.435023754999327 1
1739719427507 0.2277856619209916 2
1739719427539 3.614801127818283 3
1739719427570 0.028194907431151363 4
1739719427601 0.03372588745051693 5
1739719427633 582.4337624700872 6
1739719427664 0.006885534139234172 7
1739719427696 228.80121537184277 8
1739719427727 0.22978816321766957 9
1739719427759 5.160617383207015 10
1739719427790 0.01500949387694967 11
1739719427821 1.9955145497713396 12
1739719427853 1.3397465430173423 13
1739719427885 15.910494466220655 14
1739719427916 4.190981671714996 15
1739719427947 0.25303353348034946 16
1739719427978 3232.616064126217 17
1739719428009 5.275163511794305 18
1739719428041 61067.06011133157 19
1739719428072 38106.259669811254 20
1739719428103 0.13408771395321703 21
1739719428134 0.6542572922677861 22
1739719428166 6.140865572104063 23
1739719428198 2.0505318506169403 24
1739719428229 36.36211415908467 25
1739719428260 0.8756323407836332 26
1739719428292 12.71415300742872 27
1739719428323 11.356236282470016 28
1739719428355 0.9553186045984835 29
1739719428386 11.181224623183681 30
1739719428417 1934.4525598429104 31
1739719428447 50.54057681638986 32
1739719428479 41.74713858981555 33
1739719428511 0.3050504567617424 34
1739719428543 9.103108868724833 35
1739719428574 16.993605926234792 36
1739719428606 28.895058005902303 37
1739719428638 24.62247138259319 38
1739719428670 3.535636579511812 39
1739719428702 213.1247327539183 40
1739719428733 2.5771664049695193 41
1739719428764 26.477743418099323 42
1739719428795 0.00010177635764518958 43
1739719428826 33.70758009959238 44
1739719428857 2.6420533846704366 45
1739719428888 1437416.7555556006 46
1739719428922 4.621970417876476 47
1739719428956 0.035427170136260164 48
1739719428991 0.645839155371432 49
1739719429025 4.316019778742474 50
1739719429059 9.94037109890645 51
1739719429093 49.14847778224843 52
1739719429126 0.3361883523415804 53
1739719429158 0.24044977750315094 54
1739719429190 0.3311268714605968 55
1739719429221 0.6776456079110476 56
1739719429252 0.11888695174592792 57
1739719429283 40116.45785321886 58
1739719429315 4.403206750869441 59
1739719429346 0.03949234043544741 60
1739719429378 0.00697588836055554 61
1739719429409 0.9695403333391763 62
1739719429441 0.005290415739450404 63
1739719429473 0.4787908039945575 64
1739719429506 0.6076738370719467 65
1739719429537 0.26288752676613836 66
1739719429568 0.5216608361097268 67
1739719429600 18.915197466951753 68
1739719429631 1901.5964684386768 69
1739719429661 1.100592543040506 70
1739719429693 15.901157172712729 71
1739719429724 0.5466903368368446 72
1739719429756 2.837409439018236 73
1739719429787 0.25096193461490207 74
1739719429819 0.003656251246277975 75
1739719429850 280.7392005591175 76
1739719429881 3.479460023911455 77
1739719429912 12.907593780324662 78
1739719429942 389.84715692780225 79
1739719429973 16.91544805205925 80
1739719430005 6.976284049469492e-05 81
1739719430036 0.4199011237881989 82
1739719430067 0.15994945888122905 83
1739719430098 3.4381329153596782 84
1739719430129 0.28956639848241733 85
1739719430161 1181.8911380851712 86
1739719430192 439.9537169956929 87
1739719430223 0.003279410299797609 88
1739719430254 0.010571505419724682 89
1739719430286 1.6551759470801732 90
1739719430317 0.04418748180520846 91
1739719430349 0.08263238132017421 92
1739719430380 1.98078785390652 93
1739719430411 0.6293685399986257 94
1739719430443 0.16355776703255387 95
1739719430473 0.4116341629255703 96
1739719430504 0.030418307741378207 97
1739719430535 1746.4292837615153 98
1739719430566 0.29988033378637713 99
1739719430597 367.03700049616174 100
1739719430629 1.7477010553675636 101
1739719430660 4.418781070689818 102
1739719430691 0.06027762580028081 103
1739719430722 65.71442609681772 104
1739719430753 0.16744723982793247 105
1739719430784 0.6411356649643385 106
1739719430815 4.906161520497321 107
1739719430847 41973.71693682528 108
1739719430881 0.12754168963614906 109
1739719430916 1.8594202719851702 110
1739719430948 0.001895379089886403 111
1739719430982 258560.5789609789 112
1739719431016 19696.34625537419 113
1739719431053 101438.94610868132 114
1739719431088 0.4069823402752156 115
1739719431122 9.957697888954176 116
1739719431157 16366.279391238413 117
1739719431191 0.6206238621705031 118
1739719431225 2.9019713594303664 119
1739719431258 0.8299593488473708 120
1739719431303 3.886936386929889e-05 121
1739719431336 0.6372548195977371 122
1739719431369 0.0016770954702039168 123
1739719431401 0.05595555503978688 124
1739719431433 0.07177925791788481 125
1739719431465 17.098140024467348 126
1739719431496 0.26737123526490697 127
1739719431527 0.00873747257822312 128
1739719431558 8.944472313915412 129
1739719431590 13.440147384215319 130
1739719431622 23.865840603664026 131
1739719431653 0.2571071780134128 132
1739719431686 0.04006472873009512 133
1739719431717 0.5638189357355141 134
1739719431749 157.50005836917745 135
1739719431779 0.04848284874414065 136
1739719431811 0.7536376588886857 137
1739719431842 0.9672813019094026 138
1739719431873 1199283.0176406524 139
1739719431904 0.01761409558091947 140
1739719431936 0.28048740016282453 141
1739719431969 0.021943047923962494 142
1739719432002 0.6530341882446926 143
1739719432034 0.16950449072604 144
1739719432066 15.11766673404755 145
1739719432098 0.39917393343668534 146
1739719432130 1.1264830449631893 147
1739719432162 0.10441965450172827 148
1739719432194 0.2280768271348184 149
1739719432227 14.535674156479159 150
1739719432258 6.745468092826009 151
1739719432289 6019203.383657916 152
1739719432320 21772452.587873213 153
1739719432351 115.65165912696797 154
1739719432381 110.02007838410123 155
1739719432414 3.443920935353727 156
1739719432446 16.789621822190643 157
1739719432477 174.79302499278305 158
1739719432509 0.18852752129230915 159
1739719432540 0.012989533949418632 160
1739719432571 0.04408513078283305 161
1739719432602 18.015979014382665 162
1739719432633 0.455370966243795 163
1739719432665 0.08068292971859134 164
1739719432696 0.397772704267801 165
1739719432728 0.25170747135675725 166
1739719432759 1.0913796515759655 167
1739719432790 0.039389573525486846 168
1739719432821 93.24851778923738 169
1739719432853 0.05022216905766107 170
1739719432884 10.647058994495383 171
1739719432925 46.345316023821624 172
1739719432959 2.8683852022574756 173
1739719432991 28.14368509868352 174
1739719433024 235830.38341118456 175
1739719433055 6741.393272924772 176
1739719433087 2.158503923170704 177
1739719433118 0.12645206075806398 178
1739719433150 56.62978502191362 179
1739719433183 2.288705246969637 180
1739719433215 0.7178218085621622 181
1739719433246 9696.320313427055 182
1739719433277 19.903019607128 183
1739719433308 2.183057153670194 184
1739719433339 2.0143148540920564 185
1739719433370 17.478105005966647 186
1739719433400 0.10242452038341679 187
1739719433432 0.017731894715161556 188
1739719433463 0.01406189084966459 189
1739719433494 236.66175063603671 190
1739719433525 602.2033810454076 191
1739719433556 502.5655115300959 192
1739719433587 15.713456207640727 193
1739719433618 18576.674300026472 194
1739719433649 0.00339427311516695 195
1739719433681 1.051777139238512 196
1739719433712 0.12910178379653275 197
1739719433743 38.788838019402554 198
1739719433774 66.90961202998058 199
1739719433805 0.34704213590562133 200
1739719433836 0.13922821918900627 201
1739719433867 7.204650678613115 202
1739719433899 0.1733781407930631 203
1739719433930 14.566920841745553 204
1739719433961 356.90145150432323 205
1739719433992 49.751778319074475 206
1739719434023 0.5876283641373405 207
1739719434054 0.407163274809868 208
1739719434085 0.19507055876214147 209
1739719434116 0.02890862812605715 210
1739719434148 0.015411321803690169 211
1739719434179 1.5416661364092041 212
1739719434210 18.537038603934207 213
1739719434242 0.20141848812639357 214
1739719434273 0.10717472390715284 215
1739719434304 2021217.2853028008 216
1739719434335 1.8387223629961589 217
1739719434366 44.292594947353756 218
1739719434397 940508231.7633909 219
1739719434428 20724668038.355015 220
1739719434459 11475627.905731797 221
1739719434491 2992.2020307248827 222
1739719434523 0.06001256156339444 223
1739719434555 16.476509266112704 224
1739719434586 0.23132582251696093 225
1739719434618 0.2409447095579604 226
1739719434649 18.735623116277132 227
1739719434680 66.45482189701248 228
1739719434711 264.2554997143187 229
1739719434743 295502.63146838837 230
1739719434774 9.161400442914232 231
1739719434805 0.0075365433244245555 232
1739719434837 0.0264793480205374 233
1739719434868 0.5692334541458862 234
1739719434899 0.08650885694225886 235
1739719434931 0.0649458547061612 236
1739719434962 0.09370653149683882 237
1739719434993 4.410691172652141 238
1739719435025 0.9751626321619643 239
1739719435056 1619.830372599441 240
1739719435087 445124.43920838524 241
1739719435118 0.02777377154612853 242
1739719435150 1.0446653503991334 243
1739719435181 0.09380781982861042 244
1739719435212 0.053567051585945644 245
1739719435243 4.667867928047276 246
1739719435275 4.302599494671539 247
1739719435306 1.0765336570510295 248
1739719435338 427.3782805774825 249
1739719435369 8.439700503197566 250
1739719435400 5.419721833577693 251
1739719435432 0.06437983669222583 252
1739719435464 2.5124512942840598 253
1739719435495 3.303462109029825 254
1739719435527 0.25093359380571945 255
1739719435558 54963.822896041485 256
1739719435589 0.4183807952689677 257
1739719435620 0.1831701397547888 258
1739719435652 1.1334315102116665 259
1739719435683 1.9752041644123564 260
1739719435714 5.121190396572719 261
1739719435746 2.8419952324759943 262
1739719435777 2.4250677830893057 263
1739719435808 0.20933561958495137 264
1739719435839 0.012136556393304866 265
1739719435871 0.23804554893197435 266
1739719435902 3.6105615401082396 267
1739719435934 0.5555127177775802 268
1739719435965 6.0959480970910445 269
1739719435997 1.9962161777598812 270
1739719436028 0.06153292577721186 271
1739719436060 0.18176035831073042 272
1739719436091 2.72239874416841 273
1739719436122 4.048448598361963 274
1739719436154 0.41264220076419456 275
1739719436185 59746.8306893999 276
1739719436216 3803.003879984379 277
1739719436247 8.072213251072968 278
1739719436279 0.5825726683442654 279
1739719436310 4.895360140535192 280
1739719436341 0.15612038709113799 281
1739719436372 1.4562464080577988 282
1739719436403 0.23142906361337187 283
1739719436434 1.0058039309915159 284
1739719436466 3433.8667848401005 285
1739719436498 0.06124026438216643 286
1739719436530 6.556014924034759 287
1739719436561 12.677309431996372 288
1739719436593 0.14520391374108385 289
1739719436624 5.952647415622348 290
1739719436657 0.06465283887692655 291
1739719436689 32.15080274196961 292
1739719436720 0.03609800142300544 293
1739719436751 0.0062569821134188875 294
1739719436782 3.6449475021693893 295
1739719436814 39.74127456856259 296
1739719436844 0.31793378496051405 297
1739719436876 1.0838831572405005 298
1739719436906 31.062021363997033 299
1739719436938 0.02472345268412366 300
1739719436969 0.006461175888854536 301
1739719437000 1.9839866654241995 302
1739719437032 0.01922622018189365 303
1739719437063 0.1666626028930144 304
1739719437094 20.48440017835586 305
1739719437125 223.05231253142512 306
1739719437157 34.315216858446234 307
1739719437188 3.2748386003325733 308
1739719437219 0.00023397986741908653 309
1739719437250 2.076077897448228 310
1739719437282 10.520837497416874 311
1739719437313 0.12544704872175425 312
1739719437344 9.375040119295868 313
1739719437376 0.008118032816913043 314
1739719437407 0.6320409422753129 315
1739719437438 24227.627679586156 316
1739719437470 32499386.87547236 317
1739719437501 20.794911278936855 318
1739719437532 0.058634802656901505 319
1739719437564 0.12206270154707113 320
1739719437594 0.09322924259624221 321
1739719437626 0.242459097985293 322
1739719437657 0.00017892853934572216 323
1739719437689 49.98499171959125 324
1739719437720 2.1301237920509677 325
1739719437752 19.227328692915123 326
1739719437785 0.19321648663184432 327
1739719437817 4.038435442960663e-05 328
1739719437849 46.98067966388964 329
1739719437882 3.8791789903807876 330
1739719437914 0.11208356995917809 331
1739719437947 2.1817998122458953 332
1739719437980 1.4127085776018071 333
1739719438012 27.748722402624207 334
1739719438045 0.16089329557646984 335
1739719438078 29.537045926366552 336
1739719438110 5.373742843587647 337
1739719438143 0.6296852134986405 338
1739719438175 335.21393043710066 339
1739719438208 0.27873853116760317 340
1739719438241 66.0200103070853 341
1739719438273 0.036096659066913166 342
1739719438306 78.10144324143542 343
1739719438339 1.764160440748633 344
1739719438372 83.8050802819351 345
1739719438404 24.3088983706534 346
1739719438437 162.57082540521387 347
1739719438470 180534.4287605147 348
1739719438502 175121976.6001284 349
1739719438535 14669155.958216684 350
1739719438568 171.2185049279552 351
1739719438601 0.4108446320619986 352
1739719438634 67.74472645659604 353
1739719438668 3.2187123668365536 354
1739719438701 1.3159465294621568 355
1739719438734 800.1404479001138 356
1739719438768 467.98258816741713 357
1739719438800 97.66904815206172 358
1739719438833 0.016129034294944222 359
1739719438866 0.006868732804848562 360
1739719438899 0.035115866746588786 361
1739719438931 0.012337875017533608 362
1739719438964 10.392675149580514 363
1739719438996 9.495587815980227e-05 364
1739719439029 0.13641735584817175 365
1739719439062 1.1701311715339044 366
1739719439094 18.401817945659854 367
1739719439127 9.754068163667366 368
1739719439159 0.29219781434397396 369
1739719439192 376.3257925988308 370
1739719439223 38.579332945468956 371
1739719439255 0.2821215366757519 372
1739719439286 7.590216597384042 373
1739719439318 0.13118151861580116 374
1739719439349 2.1427239180839672 375
1739719439381 0.4463272338039458 376
1739719439412 0.018316056958009495 377
1739719439443 0.7736907573323614 378
1739719439475 142.09785757186788 379
1739719439506 4.237920861926279 380
1739719439537 0.5643764781035139 381
1739719439568 0.09299005400302456 382
1739719439600 0.7082549900069024 383
1739719439631 1.1329670061147263 384
1739719439662 0.19695557710692604 385
1739719439694 294253.8605905073 386
1739719439725 0.006029154714270056 387
1739719439756 89.52426251415658 388
1739719439788 19.539873553245066 389
1739719439819 0.012945200935741225 390
1739719439850 0.015507797584432395 391
1739719439881 11.823469920842069 392
1739719439912 0.5399273989500687 393
1739719439943 0.01160515357911968 394
1739719439975 0.16349485242857692 395
1739719440006 739.2524796199817 396
1739719440038 150.8172054393779 397
1739719440071 14.472513912025534 398
1739719440103 3.595758605850113 399
1739719440134 0.000404022376899495 400
1739719440165 45.165944365243895 401
1739719440197 0.35797102940647463 402
1739719440228 82.49085133066255 403
1739719440259 0.5395050552885189 404
1739719440290 163.92350203847016 405
1739719440322 0.016977159778290795 406
1739719440353 0.5130776954576113 407
1739719440384 0.02121334281740004 408
1739719440416 21.17037646638442 409
1739719440447 0.18969188964698705 410
1739719440478 955.7757863824629 411
1739719440509 6.880701930288852 412
1739719440541 3.379381273306469 413
1739719440572 0.49341599985872087 414
1739719440604 0.04304052421121574 415
1739719440635 0.13552870321931615 416
1739719440668 2.06395602153199 417
1739719440699 0.10024626511487952 418
1739719440731 4.355207671199534 419
1739719440762 0.2180848038206121 420
1739719440794 0.11418779092186754 421
1739719440825 1.9954560394723433 422
1739719440856 0.5895962887666227 423
1739719440890 245.78139787207556 424
1739719440921 0.4447304511510955 425
1739719440952 1.9095569826156935 426
1739719440983 2.529382642002448e-05 427
1739719441014 0.10387291751869163 428
1739719441045 0.11797108623358575 429
1739719441076 1.3949362772217382 430
1739719441107 0.0424139274144429 431
1739719441138 0.45293707897121616 432
1739719441170 0.5775080087523781 433
1739719441201 0.26424474138124876 434
1739719441232 0.5223349280986126 435
1739719441264 0.0020664854990287756 436
1739719441295 0.2681241994976386 437
1739719441326 331.815285275487 438
1739719441358 1.8232390444820334 439
1739719441389 4.3554670875106 440
1739719441421 0.002667415431773522 441
1739719441452 0.27482638526849146 442
1739719441483 3.995449767400914 443
1739719441514 1.1671984961972446 444
1739719441545 0.0172676644242408 445
1739719441576 11733.568869016735 446
1739719441608 8.982227143725236 447
1739719441639 4.046487118846645 448
1739719441672 0.022449023032095426 449
1739719441703 0.6144245660083331 450
1739719441735 0.019075892786362382 451
1739719441766 1087.1117554673074 452
1739719441798 1.7626965367995258 453
1739719441829 0.32759015107317624 454
1739719441860 85806.73838054658 455
1739719441891 884.3199069519738 456
1739719441923 0.010113699169426095 457
1739719441954 0.061200071111395866 458
1739719441985 0.12686425062890136 459
1739719442017 72.99298337873265 460
1739719442048 5.515918066356336 461
1739719442079 173.8958249809763 462
1739719442111 0.2340503310126504 463
1739719442142 0.33215321734672426 464
1739719442173 405.380711322504 465
1739719442204 14.699064926785177 466
1739719442236 0.07682638845682262 467
1739719442267 0.014932749280290186 468
1739719442298 134159.25928468767 469
1739719442330 2834.3591718088437 470
1739719442361 1219.8714563776562 471
1739719442392 17.09698535349605 472
1739719442424 0.16647917892431044 473
1739719442455 0.3196904383615943 474
1739719442486 0.10456554146602874 475
1739719442518 0.2914952063469359 476
1739719442549 1.493270820955482 477
1739719442581 0.00010058988306719113 478
1739719442613 1.4430944549981521 479
1739719442644 0.6167355010255948 480
1739719442677 0.41222370870043457 481
1739719442709 0.030626690765661182 482
1739719442740 0.0559227583418743 483
1739719442771 0.12694627278475504 484
1739719442803 187.10561162677357 485
1739719442834 572.210305276328 486
1739719442865 5.219825287832561 487
1739719442897 1.887941083912789 488
1739719442928 25.881140256890095 489
1739719442959 0.0333198977616202 490
1739719442990 0.1517727656893577 491
1739719443022 0.0038598016430219104 492
1739719443053 48081.773136007265 493
1739719443084 1.1048645215399924 494
1739719443116 0.14389905987132423 495
1739719443146 4.501158077466874 496
1739719443177 0.016425756834626323 497
1739719443209 4707.580801695499 498
1739719443240 5.822182448643867 499
