1739718322091 0.0073487018269480535 0
1739718322154 0.025049184278555316 1
1739718322189 0.036271835612175965 2
1739718322217 0.13320620132567418 3
1739718322245 0.2784168268395416 4
1739718322274 0.17046601931651564 5
1739718322302 0.1353621806102202 6
1739718322329 0.11211348467622673 7
1739718322357 0.01051802495607649 8
1739718322385 0.004018554638005682 9
1739718322412 0.18837986851286465 10
1739718322441 0.9566726974123019 11
1739718322471 0.005701501353117523 12
1739718322502 0.006195858749147567 13
1739718322532 0.16537164543238134 14
1739718322562 0.005620411146532505 15
1739718322595 0.3885042621144964 16
1739718322626 0.00012859170387339748 17
1739718322656 0.0001243163270982338 18
1739718322685 4.165027213230122e-05 19
1739718322713 0.14914418516343392 20
1739718322741 0.19298356415940812 21
1739718322768 0.0007829830459855295 22
1739718322796 0.005404282179731221 23
1739718322824 0.2878821689974417 24
1739718322851 0.05350645884256554 25
1739718322879 0.20472711186348627 26
1739718322907 0.3367035235437597 27
1739718322935 0.1336306499212379 28
1739718322962 0.0069871838119637 29
1739718322990 0.0015883643151757638 30
1739718323018 0.3467428846942324 31
1739718323046 0.41310199604043796 32
1739718323073 0.1910882576282786 33
1739718323101 0.06287078116203125 34
1739718323129 0.004734184391321507 35
1739718323157 0.02529855178720887 36
1739718323186 0.0002756168959580869 37
1739718323216 8.112276541187974 38
1739718323245 0.0011114467433532014 39
1739718323275 0.027136134520473663 40
1739718323305 0.29016151676903995 41
1739718323334 0.297174916985054 42
1739718323362 0.029218753774443565 43
1739718323391 0.0093426730778781 44
1739718323420 0.0832517689987991 45
1739718323450 0.035520471783941146 46
1739718323480 0.040805329074972176 47
1739718323509 0.24620237502013018 48
1739718323538 0.1074629544976412 49
1739718323567 0.04225909577912472 50
1739718323596 0.006616463341976915 51
1739718323625 0.11142153307807363 52
1739718323653 0.005971230565659877 53
1739718323680 2.9196755023197967e-05 54
1739718323708 0.21552921495687485 55
1739718323765 0.047044666659281295 56
1739718323794 0.2699024196882575 57
1739718323822 0.06688294415403297 58
1739718323850 6.469721577847914e-05 59
1739718323877 0.03157404918973493 60
1739718323904 0.023320597092465287 61
1739718323932 0.12217721486234881 62
1739718323960 0.26324009274873544 63
1739718323987 0.18094691993751083 64
1739718324017 0.0006804164888507176 65
1739718324047 0.043888656667445805 66
1739718324076 0.04450456966118677 67
1739718324106 0.00010880087490079412 68
1739718324135 0.27785467214821624 69
1739718324164 0.06289628896842853 70
1739718324193 1.4310906115419393 71
1739718324223 0.2278533706417769 72
1739718324252 0.009019380519762234 73
1739718324280 0.1646339372776116 74
1739718324308 0.0050526439925362345 75
1739718324336 0.06800818376636417 76
1739718324364 0.017954062059811277 77
1739718324391 0.0013598210154970698 78
1739718324421 0.018638302357504116 79
1739718324450 0.04502156496972571 80
1739718324478 0.11315432089926383 81
1739718324505 0.12438187297270521 82
1739718324533 0.008237005064240474 83
1739718324562 0.5562519663646353 84
1739718324590 0.831314888327322 85
1739718324618 0.2949794153453031 86
1739718324646 0.024056492198710845 87
1739718324673 0.15848474538176555 88
1739718324701 0.46889420015699423 89
1739718324729 0.005818885596049691 90
1739718324756 0.09133342293699122 91
1739718324786 0.08184340283579446 92
1739718324815 0.04884555483763516 93
1739718324845 0.27544611227812615 94
1739718324874 0.02098846568172481 95
1739718324903 0.0007971137950179465 96
1739718324933 0.025468847212153284 97
1739718324963 0.02782249817830099 98
1739718324993 0.04100078951871125 99
1739718325024 0.03439641600959274 100
1739718325054 0.17234086762212833 101
1739718325083 0.09614734514513401 102
1739718325111 0.12117752297430916 103
1739718325139 0.00958797699771868 104
1739718325167 0.3707631551772729 105
1739718325195 0.09204443223993217 106
1739718325226 0.0026272825742209775 107
1739718325256 0.007385680873192583 108
1739718325287 0.007772017281518824 109
1739718325318 0.19645158916927058 110
1739718325354 0.06536779017539261 111
1739718325383 0.036329684544624284 112
1739718325412 0.08221037906035777 113
1739718325441 0.04297968760353098 114
1739718325471 0.026023670922646076 115
1739718325500 0.0003422747102670328 116
1739718325529 0.0010667062463232163 117
1739718325558 0.624717723777858 118
1739718325587 0.09903295117008247 119
1739718325617 0.07302392566109883 120
1739718325647 0.028373826646660157 121
1739718325675 0.028500956353128666 122
1739718325703 1.3328733938435522 123
1739718325731 0.1300772048149753 124
1739718325760 0.0011737701334843635 125
1739718325787 0.0609522924800897 126
1739718325814 0.14508265979352072 127
1739718325841 0.0018025734865957774 128
1739718325870 0.46330261387106264 129
1739718325899 0.1830324269423436 130
1739718325927 0.0677152368355014 131
1739718325955 0.06770266206049086 132
1739718325983 0.02946388683822217 133
1739718326010 0.04399388045802482 134
1739718326037 0.10208018150077544 135
1739718326064 0.005142324294592568 136
1739718326091 0.22996354862552568 137
1739718326118 0.03270778539669235 138
1739718326146 0.0006837464773647869 139
1739718326177 0.009544590099405198 140
1739718326206 0.09209851108791844 141
1739718326236 0.011291828844202064 142
1739718326265 0.057181581366276324 143
1739718326294 0.05526918604886038 144
1739718326323 0.00011353809189324368 145
1739718326352 0.17810894664749666 146
1739718326382 0.3568274950342134 147
1739718326411 0.0015749090010378757 148
1739718326441 0.18648902709757606 149
1739718326469 0.84742342712178 150
1739718326496 0.10030314314125563 151
1739718326524 0.04904001119427946 152
1739718326551 0.04786495462361139 153
1739718326579 0.08699311118290678 154
1739718326606 0.018613492022551657 155
1739718326634 0.0050875283998088865 156
1739718326661 0.06387222540538834 157
1739718326690 0.5394370386165256 158
1739718326719 0.05804666400194246 159
1739718326748 0.14456813443008967 160
1739718326778 0.08261327934563771 161
1739718326808 0.016905898319497122 162
1739718326837 0.053571454326712 163
1739718326866 0.46855184407177275 164
1739718326899 0.12527843835569263 165
1739718326929 0.051447051511435075 166
1739718326958 0.017279552579150696 167
1739718326988 0.08972899942878941 168
1739718327018 0.013949838201702307 169
1739718327047 0.20232404770107384 170
1739718327076 0.017952559585196093 171
1739718327105 0.05746465600589354 172
1739718327134 0.0394778379000956 173
1739718327162 0.3480389702230099 174
1739718327190 0.03864877045064261 175
1739718327220 0.08215832727113373 176
1739718327248 0.1050873429368886 177
1739718327276 0.10141850722746046 178
1739718327304 2.971959888498097e-07 179
1739718327351 0.016975740550930433 180
1739718327381 0.005421726226730966 181
1739718327411 0.011296218870056031 182
1739718327439 0.09782770935146891 183
1739718327468 0.0052153791196494015 184
1739718327496 0.16989394154190318 185
1739718327524 0.31852172441519755 186
1739718327551 0.28101882875656053 187
1739718327580 0.9024745127724824 188
1739718327608 0.275139400123795 189
1739718327636 0.06777351778538289 190
1739718327664 0.1458914990291448 191
1739718327692 0.004990581546509351 192
1739718327721 0.10001146481270806 193
1739718327749 0.2294925325836651 194
1739718327780 0.001091270691762974 195
1739718327809 0.007138346351565643 196
1739718327837 0.08054976070645356 197
1739718327865 0.06174095003544721 198
1739718327894 0.005554652905764595 199
1739718327922 1.3452688014634266 200
1739718327950 0.17246706820095248 201
1739718327977 0.27305035538355604 202
1739718328005 0.012599359790581466 203
1739718328032 0.17304991856758445 204
1739718328060 0.13061855723646687 205
1739718328088 0.019305269639428666 206
1739718328115 0.023072239121530023 207
1739718328143 0.14461379615576359 208
1739718328170 0.19968114787962007 209
1739718328198 0.2382275524258233 210
1739718328226 0.30482100796522804 211
1739718328254 0.06102977817837693 212
1739718328281 0.02744616073239747 213
1739718328308 0.061392254552830365 214
1739718328335 0.28622057380891414 215
1739718328363 0.024373051933061992 216
1739718328391 0.13128226876114965 217
1739718328419 0.047042651028003486 218
1739718328447 0.01080006474688645 219
1739718328475 0.03319224519990188 220
1739718328502 0.05854663784610008 221
1739718328530 0.021204819137107124 222
1739718328557 0.10371106309055982 223
1739718328586 0.001868250955390248 224
1739718328614 7.698839908876067e-05 225
1739718328641 7.506007384436051e-06 226
1739718328670 0.007359146431612914 227
1739718328699 0.030415819604767726 228
1739718328728 0.24971022600219314 229
1739718328756 0.03715682916416694 230
1739718328783 0.08015265484618868 231
1739718328811 0.03060838019059977 232
1739718328838 0.004515967357480842 233
1739718328865 0.0003726365200028985 234
1739718328893 0.017794947703736165 235
1739718328921 0.0003185336926942494 236
1739718328952 0.0029963960564080563 237
1739718328981 0.04047096347759708 238
1739718329010 0.023004734021820086 239
1739718329038 0.018564273464482015 240
1739718329069 0.012644314385018562 241
1739718329097 0.20334649492507495 242
1739718329125 0.009335846435603513 243
1739718329152 0.6440577502134402 244
1739718329180 0.45938825175643216 245
1739718329208 0.18571147488679957 246
1739718329235 0.0025011122284965075 247
1739718329262 0.068767632857617 248
1739718329290 0.10486242445709186 249
1739718329318 0.04874285700952797 250
1739718329344 0.37009868539684343 251
1739718329372 0.0012687033398634587 252
1739718329400 0.009927456558937387 253
1739718329427 0.5805122091690516 254
1739718329454 0.02977423952004794 255
1739718329483 0.030739810106146286 256
1739718329511 0.6107515585591956 257
1739718329538 0.08196394285683602 258
1739718329566 0.0010435941734985006 259
1739718329593 0.4012602615815417 260
1739718329620 0.09578809060069741 261
1739718329647 0.361577567402308 262
1739718329675 0.0006459057936376448 263
1739718329703 0.018477500531282002 264
1739718329730 0.03805599944341367 265
1739718329757 0.014272409171221098 266
1739718329785 0.08141222064966694 267
1739718329813 0.12202684344904281 268
1739718329841 0.001568337072296137 269
1739718329869 0.31607828922447556 270
1739718329897 0.007876185975238663 271
1739718329925 0.010356109045943562 272
1739718329952 0.32495694939897213 273
1739718329979 0.006067516145037362 274
1739718330010 0.053633332150102984 275
1739718330039 0.08795324405744363 276
1739718330068 0.013736106499574022 277
1739718330097 0.23870137642859665 278
1739718330126 0.04150331946769872 279
1739718330155 0.0009259464955832766 280
1739718330183 0.43230026749518774 281
1739718330210 0.1411330825763084 282
1739718330237 0.03671762003688984 283
1739718330265 0.004461655606855842 284
1739718330292 0.12316031084295226 285
1739718330319 0.7414368845602838 286
1739718330347 0.22944181941649652 287
1739718330374 0.09783654227253759 288
1739718330401 0.0041990734545285634 289
1739718330429 0.09791245025737522 290
1739718330457 0.5665172385447172 291
1739718330484 0.0040200388234068385 292
1739718330512 0.007487860334464514 293
1739718330539 0.02944027590257077 294
1739718330567 0.1323000050515756 295
1739718330595 0.14580930257351293 296
1739718330622 0.053196895016170954 297
1739718330649 1.7004560132495796 298
1739718330677 0.12183250552443638 299
1739718330716 0.13828578633837357 300
1739718330743 0.05575731405683411 301
1739718330774 0.4873169822435916 302
1739718330804 0.058368134346104474 303
1739718330832 0.005902373954578507 304
1739718330860 0.03690075207439981 305
1739718330889 0.0009516447391172125 306
1739718330918 0.03793084029983171 307
1739718330947 0.06260587349359938 308
1739718330976 0.11357386883202017 309
1739718331005 0.2673498443263858 310
1739718331033 0.33210460165602845 311
1739718331061 0.07665247301831375 312
1739718331091 0.1264940864206261 313
1739718331119 0.0843639469716465 314
1739718331147 0.14026866205526112 315
1739718331176 0.009437552070222212 316
1739718331204 0.034420961257819634 317
1739718331232 0.05740120227598879 318
1739718331259 0.01106014394679692 319
1739718331287 0.04101058549734053 320
1739718331315 0.2769697796893365 321
1739718331343 0.27634176206225 322
1739718331372 0.14237974869408992 323
1739718331401 0.005188143147907138 324
1739718331428 0.053671829254155236 325
1739718331455 0.008834478107868804 326
1739718331483 0.01188253186536223 327
1739718331510 0.06028695433174349 328
1739718331538 0.004474436225582973 329
1739718331565 0.07495292180763685 330
1739718331593 0.0017903308036418106 331
1739718331621 0.3007296973756148 332
1739718331648 0.035232168264672105 333
1739718331676 0.1314146140395669 334
1739718331704 0.16148093310010345 335
1739718331732 0.17110171998741217 336
1739718331759 0.0037060902529897754 337
1739718331787 0.03500761484435977 338
1739718331814 0.13501963737302444 339
1739718331841 0.04836847232509128 340
1739718331869 0.02996645554915476 341
1739718331896 0.7975931963297195 342
1739718331924 0.09002890340799463 343
1739718331951 0.10548189977464313 344
1739718331979 0.11478021943570295 345
1739718332007 0.0539616065910734 346
1739718332034 0.29566694559888884 347
1739718332062 0.14338258879698837 348
1739718332089 0.028755705174672973 349
1739718332117 0.34940092141823575 350
1739718332145 0.0022241455818588158 351
1739718332172 2.058247568432417 352
1739718332201 0.20054358348715864 353
1739718332228 0.017949504239126578 354
1739718332256 0.07396233804530382 355
1739718332283 0.052183947261731 356
1739718332312 0.08413829770985266 357
1739718332340 0.00257104230186681 358
1739718332368 0.03468549146313324 359
1739718332395 2.9335603572780727e-06 360
1739718332424 0.22194290442727344 361
1739718332451 0.15247663697470273 362
1739718332479 0.09120942652026413 363
1739718332506 0.13795745142594182 364
1739718332534 0.06624526373375632 365
1739718332561 0.03188007825374723 366
1739718332588 0.30419110987454917 367
1739718332616 0.11456601603984747 368
1739718332643 0.21384291949966913 369
1739718332671 0.43812478657148046 370
1739718332699 1.1391732386171394 371
1739718332726 0.14655390424175962 372
1739718332754 0.0652916919327331 373
1739718332781 0.008038238868958504 374
1739718332809 0.012635730898181492 375
1739718332836 0.0007522270234267925 376
1739718332864 0.014700718240948842 377
1739718332892 0.20996605133771362 378
1739718332920 0.12530158558707818 379
1739718332947 0.3459288543608748 380
1739718332975 0.11169128242796943 381
1739718333002 0.027971485482562747 382
1739718333029 0.035328472613746255 383
1739718333056 0.16545319007111128 384
1739718333083 0.03983356369367408 385
1739718333110 0.01958594509229145 386
1739718333137 0.06090276038679271 387
1739718333165 0.014408935853897 388
1739718333193 0.7329021835406406 389
1739718333221 0.16231058626862577 390
1739718333250 0.008967306845316022 391
1739718333278 0.00504104110089228 392
1739718333306 0.009474665874652993 393
1739718333334 0.008740481862833422 394
1739718333362 0.21222127357302512 395
1739718333390 0.00014929187964943363 396
1739718333417 0.18432890467824858 397
1739718333445 0.009463819915440475 398
1739718333472 0.2865896012255351 399
1739718333499 0.07334330917271144 400
1739718333527 0.15708746874337715 401
1739718333554 0.0703338557841306 402
1739718333582 0.5196182885341196 403
1739718333609 0.08178057191176714 404
1739718333637 0.3132220196263923 405
1739718333664 0.012521689739010971 406
1739718333691 0.5395983215456457 407
1739718333719 0.010842358315080878 408
1739718333747 0.25504983096654765 409
1739718333774 0.4096850413329036 410
1739718333801 0.0001317685211159382 411
1739718333829 0.00033298465231176367 412
1739718333856 0.005678932812784057 413
1739718333884 0.325262407926897 414
1739718333911 0.01970870427520009 415
1739718333939 0.04626157966365301 416
1739718333967 0.06004114905436069 417
1739718333994 1.1155115336573411 418
1739718334021 4.836148497419443e-05 419
1739718334049 0.04339799961699562 420
1739718334075 0.5193712589445543 421
1739718334102 0.052636916357813805 422
1739718334130 0.2759698332524761 423
1739718334157 0.017226170910792024 424
1739718334184 5.561270015508954e-05 425
1739718334211 0.0769175295382946 426
1739718334239 0.015877403172812842 427
1739718334266 0.5744420058497091 428
1739718334293 0.005554461730410117 429
1739718334320 0.046306891326836006 430
1739718334347 0.07031626466131176 431
1739718334375 0.2714192581632279 432
1739718334402 0.16133121415035862 433
1739718334429 0.012723628676359093 434
1739718334456 0.013772908167844386 435
1739718334484 0.03914699908574005 436
1739718334511 0.21931865810722012 437
1739718334538 0.49178505767165187 438
1739718334565 0.10587452752789825 439
1739718334593 0.07122289038381786 440
1739718334620 0.03142101343093084 441
1739718334647 0.023813517951785376 442
1739718334674 0.001400113051064563 443
1739718334701 0.022278764739882207 444
1739718334729 0.006192012415445678 445
1739718334756 0.021013285894545257 446
1739718334783 0.00010951247995726256 447
1739718334810 0.0288337170312066 448
1739718334838 0.17799621923135664 449
1739718334865 0.01955122311167108 450
1739718334892 0.5486721813474444 451
1739718334920 0.0005926255859895599 452
1739718334948 0.09653598328403513 453
1739718334975 0.0012739016245896754 454
1739718335002 0.021488272186505567 455
1739718335030 0.016007700424380912 456
1739718335058 0.08463010976762156 457
1739718335085 0.06901590431342977 458
1739718335113 0.010060179324284968 459
1739718335141 0.3773527201176822 460
1739718335169 0.2173258656660597 461
1739718335196 0.008783329565680172 462
1739718335223 0.05256829526932223 463
1739718335251 0.01937555597681668 464
1739718335278 0.054419393192429326 465
1739718335305 0.06870402442269545 466
1739718335334 0.0017766703516846423 467
1739718335362 0.14775095221076665 468
1739718335389 0.006020988814319482 469
1739718335417 0.175481720952141 470
1739718335444 0.6264525791630067 471
1739718335471 0.0012757661025961718 472
1739718335499 0.04698251772640667 473
1739718335526 0.23964550581489108 474
1739718335553 0.020680328691216596 475
1739718335580 0.11767966902386946 476
1739718335608 0.13545088732951915 477
1739718335636 0.02371612272783932 478
1739718335663 0.034879659794581706 479
1739718335691 0.02607808952200771 480
1739718335719 0.10533721664863588 481
1739718335746 0.036664453782045275 482
1739718335775 0.16387290822232278 483
1739718335803 0.024429314624798453 484
1739718335831 0.0031522949597637363 485
1739718335860 0.049827171565390155 486
1739718335889 0.025550602702264953 487
1739718335917 0.0723079909064135 488
1739718335945 0.0009639801831438482 489
1739718335973 0.06518882307000302 490
1739718336001 0.01507172257000696 491
1739718336029 0.035467688697214304 492
1739718336058 0.05568799803331092 493
1739718336085 0.14074141552267838 494
1739718336114 0.040953361562359056 495
1739718336142 0.11926348310381726 496
1739718336170 0.025076658897087094 497
1739718336198 0.24275214029074899 498
1739718336226 0.14238487288424256 499
