1739715885661 142.01631180423598 0
1739715885667 123.05177782939073 1
1739715885672 106.43518702948857 2
1739715885677 88.63141880475914 3
1739715885682 74.90673412047771 4
1739715885687 64.76375776405595 5
1739715885691 57.770407677143446 6
1739715885695 49.42273559061423 7
1739715885700 43.323953486430234 8
1739715885705 36.43025409461903 9
1739715885709 32.10846764043244 10
1739715885714 26.35112131389104 11
1739715885719 23.942077544333806 12
1739715885725 21.281696578308157 13
1739715885730 16.597745772418257 14
1739715885735 15.431054878033615 15
1739715885740 13.178804216852477 16
1739715885744 11.816313836115835 17
1739715885749 9.518148735128987 18
1739715885754 9.116471034318526 19
1739715885759 7.831202986416202 20
1739715885764 5.8040460077527944 21
1739715885768 5.267712827203029 22
1739715885774 4.3867865150005905 23
1739715885778 4.082949183422578 24
1739715885783 3.4710705244536686 25
1739715885788 3.294429838831582 26
1739715885793 2.754715820010273 27
1739715885797 2.6227919169320977 28
1739715885802 2.3195348845246753 29
1739715885807 1.709978144007586 30
1739715885811 1.6761273957522582 31
1739715885816 1.4339273545247095 32
1739715885822 1.3489975974284107 33
1739715885827 1.1946539200009052 34
1739715885833 1.1731820024407447 35
1739715885839 0.8292689921737064 36
1739715885844 1.0260893555864947 37
1739715885850 0.8529672010360355 38
1739715885855 0.6656578964900931 39
1739715885862 0.8209257447761323 40
1739715885867 0.7204121666170601 41
1739715885871 0.5834729199012708 42
1739715885876 0.5119547908479744 43
1739715885881 0.45944789028280825 44
1739715885886 0.44913141159662356 45
1739715885891 0.509706746512695 46
1739715885895 0.3486950652299596 47
1739715885900 0.31411309447541325 48
1739715885905 0.36546476351878215 49
1739715885909 0.2709656226332893 50
1739715885914 0.306002692496063 51
1739715885919 0.3262927689687513 52
1739715885923 0.3434989477907452 53
1739715885928 0.4067615896237835 54
1739715885932 0.2666504726122781 55
1739715885937 0.3528036681087124 56
1739715885941 0.2588741063582197 57
1739715885946 0.24462011181852567 58
1739715885951 0.3665982879174339 59
1739715885956 0.15221371672416933 60
1739715885960 0.18288723384496947 61
1739715885965 0.18741713730605042 62
1739715885970 0.21761076356026618 63
1739715885975 0.2407890119971189 64
1739715885979 0.22680485478562828 65
1739715885984 0.1730317507195792 66
1739715885988 0.2163622496625519 67
1739715885993 0.20567966740502208 68
1739715885998 0.2682604120448965 69
1739715886002 0.2380215962983771 70
1739715886006 0.16145601111100838 71
1739715886011 0.14120864419530482 72
1739715886015 0.16354740440694696 73
1739715886019 0.145412670486612 74
1739715886024 0.1792032474546109 75
1739715886028 0.16890468644604956 76
1739715886032 0.17765714467901114 77
1739715886037 0.2687258185701294 78
1739715886042 0.22314977185480978 79
1739715886046 0.18547120837693312 80
1739715886051 0.26359951122777453 81
1739715886055 0.20930627049544653 82
1739715886059 0.18920885417741148 83
1739715886064 0.22256829732677869 84
1739715886069 0.26099190762965246 85
1739715886073 0.23040798641356766 86
1739715886078 0.22497203013974723 87
1739715886083 0.14421992781083623 88
1739715886088 0.21710384888550227 89
1739715886093 0.14998586438738878 90
1739715886098 0.2053217111040976 91
1739715886103 0.24484716123294525 92
1739715886109 0.21539796928309102 93
1739715886113 0.1468402055835886 94
1739715886118 0.21545288113482525 95
1739715886122 0.18587174861643785 96
1739715886127 0.24070641959151032 97
1739715886132 0.181172965754559 98
1739715886136 0.18256822832312963 99
1739715886141 0.20319306095119713 100
1739715886145 0.1543242826467546 101
1739715886150 0.1711625214726602 102
1739715886154 0.28014352653651964 103
1739715886159 0.20830272834076521 104
1739715886163 0.20922506030688517 105
1739715886167 0.1783005975921675 106
1739715886172 0.2130509983230485 107
1739715886176 0.12816998134146382 108
1739715886181 0.20023145910500717 109
1739715886185 0.17942486299855276 110
1739715886190 0.18876252105030725 111
1739715886194 0.16837237978994982 112
1739715886199 0.20452202410911724 113
1739715886204 0.21127176230299594 114
1739715886209 0.2133945541142003 115
1739715886215 0.16730299921872926 116
