1739716159923 41.18280790583079 0
1739716159931 9.958913180414331 1
1739716159937 2.286627234561181 2
1739716159944 0.7298534217309735 3
1739716159950 0.2585411755632007 4
1739716159956 0.10314063873712476 5
1739716159963 0.11121220431810876 6
1739716159969 0.08930004141136746 7
1739716159974 0.10777980844784256 8
1739716159980 0.18982407122181882 9
1739716159985 0.06479306343154331 10
1739716159991 0.1058962764437129 11
1739716159996 0.08544886015722954 12
1739716160001 0.09844987295206638 13
1739716160007 0.06505368195114516 14
1739716160012 0.07687303965255203 15
1739716160018 0.07339378744197823 16
1739716160024 0.044345279714096957 17
1739716160029 0.09070584182473364 18
1739716160036 0.10062392174619732 19
1739716160042 0.11759252719483648 20
1739716160049 0.10316902385756299 21
1739716160055 0.0618731087957001 22
1739716160061 0.057046110762428985 23
1739716160067 0.06753464830958623 24
1739716160073 0.10729052507492003 25
1739716160078 0.19281896754442543 26
1739716160083 0.08621619704330051 27
1739716160089 0.0711001321899776 28
1739716160094 0.12278080901807747 29
1739716160100 0.08425756047923787 30
1739716160106 0.09904760353061916 31
1739716160112 0.07085441623784124 32
1739716160118 0.13752554714058646 33
1739716160124 0.07724436105147482 34
1739716160129 0.09832647814191386 35
1739716160135 0.1532722676082901 36
1739716160141 0.09841990156022766 37
1739716160147 0.0701748550422021 38
1739716160152 0.09140677498212449 39
1739716160157 0.07277818142027172 40
1739716160163 0.08830466866482324 41
1739716160169 0.07812298001275107 42
1739716160174 0.12418448722401967 43
1739716160180 0.06955297016550212 44
1739716160185 0.10770946351738332 45
1739716160193 0.08863230468788341 46
1739716160199 0.06960198220982215 47
1739716160204 0.079264973398648 48
1739716160210 0.10649277631494981 49
1739716160216 0.07043874131801975 50
1739716160221 0.13943269340859504 51
1739716160227 0.06216609801256675 52
1739716160233 0.06161600269600522 53
1739716160239 0.1121470120509688 54
1739716160244 0.05314285947094041 55
1739716160250 0.08580640512543644 56
1739716160255 0.09260158659195414 57
1739716160260 0.07257383110545797 58
1739716160265 0.07746123070070375 59
1739716160270 0.16137202545543908 60
1739716160276 0.13905388727871584 61
1739716160281 0.1126081578387491 62
1739716160286 0.07943155460226532 63
1739716160291 0.11696775459144076 64
1739716160296 0.06633013353754759 65
1739716160302 0.07604489915589373 66
1739716160307 0.07214417128372916 67
1739716160312 0.04301267095043018 68
1739716160317 0.04986855713311404 69
1739716160323 0.08358680104527696 70
1739716160328 0.08357033828336749 71
1739716160333 0.06207604588921728 72
1739716160338 0.08839556029853686 73
1739716160345 0.06613455076889209 74
1739716160352 0.15533748138387396 75
1739716160357 0.10644973282244141 76
1739716160364 0.13204685761856289 77
1739716160370 0.11473401572182335 78
1739716160377 0.08601516332773769 79
1739716160384 0.05936477847303976 80
1739716160391 0.07612468487036086 81
1739716160398 0.07765956771892492 82
1739716160405 0.07310677981603166 83
1739716160412 0.07929189697163277 84
1739716160418 0.07692524945992331 85
1739716160424 0.08658348111910107 86
1739716160430 0.08030316976898477 87
1739716160436 0.09231462626449546 88
1739716160442 0.10501996424492659 89
1739716160448 0.06033293033779251 90
1739716160454 0.0867771407376439 91
1739716160460 0.05959920491943718 92
1739716160466 0.07950238191095951 93
1739716160473 0.11498187734833688 94
1739716160479 0.07331630517926502 95
1739716160485 0.07201146728279603 96
1739716160492 0.10811054740695421 97
1739716160497 0.12792648581894228 98
1739716160503 0.12292761484928859 99
1739716160509 0.09646863392558096 100
1739716160515 0.0609258678960362 101
1739716160521 0.07150193310349456 102
1739716160527 0.13773025367313685 103
1739716160533 0.07943327857226935 104
1739716160538 0.09315519856474758 105
1739716160544 0.07207767209482388 106
1739716160551 0.08397515157358468 107
1739716160557 0.05531778342612181 108
1739716160563 0.06634125313912585 109
1739716160570 0.05027240146484124 110
1739716160576 0.08281570195202517 111
1739716160583 0.0649829409960253 112
1739716160590 0.0686009425847488 113
1739716160598 0.06937386264016038 114
1739716160605 0.11206711423328726 115
1739716160612 0.10033898497643545 116
1739716160618 0.10423092455482723 117
1739716160625 0.10843343916390044 118
1739716160632 0.05951884553862553 119
1739716160638 0.09010159350041151 120
1739716160646 0.09433858081828383 121
1739716160653 0.055067640268447446 122
1739716160659 0.05584595380379557 123
1739716160665 0.055239684416461814 124
1739716160671 0.08755827614257129 125
1739716160677 0.11614884635561419 126
1739716160684 0.07198065760901494 127
1739716160689 0.10344306294319916 128
1739716160697 0.08067456481063835 129
1739716160704 0.09304190691950807 130
1739716160710 0.07326222549706186 131
1739716160717 0.11248177716960796 132
1739716160725 0.12551443899007983 133
1739716160732 0.08487086038412223 134
1739716160739 0.09956896561295799 135
1739716160746 0.07904448263582518 136
1739716160755 0.05262641572407708 137
1739716160762 0.11186237155086434 138
1739716160770 0.0767201987375026 139
1739716160776 0.09478072523659527 140
1739716160781 0.10400868638182312 141
1739716160787 0.13071460330907442 142
1739716160792 0.08000836729614541 143
1739716160798 0.07357948818433754 144
1739716160804 0.09207445195339269 145
1739716160810 0.07370381967005168 146
1739716160816 0.11014912037059292 147
1739716160822 0.09961786922494524 148
1739716160827 0.04900969641438545 149
1739716160832 0.08536659413540575 150
1739716160838 0.0972126693807878 151
1739716160843 0.11390391515179289 152
1739716160849 0.14610317192902422 153
1739716160854 0.08295274653406728 154
1739716160859 0.06056320978889754 155
1739716160865 0.09960982276599373 156
1739716160870 0.1772529427646306 157
1739716160876 0.08847056002980282 158
1739716160881 0.10375308369597155 159
1739716160886 0.06332847277242705 160
1739716160892 0.10487602498759208 161
1739716160898 0.10336546804015005 162
1739716160903 0.0804173178430156 163
1739716160909 0.08823478613178098 164
1739716160914 0.1819023677006515 165
1739716160920 0.05712514241902464 166
1739716160925 0.12152923445481698 167
1739716160930 0.06943850806311923 168
1739716160936 0.12405292165365082 169
1739716160941 0.0843759097246496 170
1739716160947 0.07301587560316909 171
1739716160952 0.051775423530077094 172
1739716160957 0.059326065250694685 173
1739716160963 0.08538759453316871 174
1739716160972 0.0671442051856062 175
1739716160980 0.10161027981207782 176
1739716160988 0.10024840397476673 177
1739716160995 0.06662506952036928 178
1739716161003 0.1049272549603954 179
1739716161010 0.12154460737216867 180
1739716161018 0.09606859816795178 181
1739716161025 0.11078884718813523 182
1739716161033 0.07233827108938523 183
1739716161040 0.08317159438817062 184
1739716161048 0.06741247371798077 185
1739716161055 0.09548159613761072 186
1739716161062 0.08224792193180627 187
1739716161069 0.08441064749223116 188
1739716161076 0.11607068968073256 189
1739716161083 0.055929432721428404 190
1739716161090 0.09765627780633729 191
1739716161100 0.09633447957172465 192
1739716161108 0.06632033740646116 193
1739716161118 0.05066896024271912 194
1739716161126 0.111614371739708 195
1739716161134 0.04217885678737832 196
1739716161142 0.1034492244346821 197
1739716161149 0.13600099966735463 198
1739716161157 0.12143822685246856 199
1739716161164 0.12089941968383128 200
1739716161171 0.10056192575219693 201
1739716161178 0.10506195122147757 202
1739716161185 0.058921907830484385 203
1739716161192 0.16760086628156592 204
1739716161199 0.03747632634867463 205
1739716161207 0.05265718727515201 206
1739716161214 0.05065056657960341 207
1739716161221 0.09255331822870462 208
1739716161229 0.09923804129402373 209
1739716161236 0.11706679185004655 210
1739716161243 0.13928882099213277 211
1739716161249 0.06563109988074775 212
1739716161256 0.06300805560187275 213
1739716161263 0.07422507501103794 214
1739716161270 0.11792115985043487 215
1739716161277 0.08137853284663116 216
1739716161285 0.09146119533958706 217
1739716161292 0.0982080993978169 218
1739716161299 0.13082009960178298 219
1739716161307 0.08554247042955458 220
1739716161314 0.05410025913921558 221
1739716161321 0.10263267745713234 222
1739716161329 0.06838588957924796 223
1739716161336 0.17420208641266852 224
1739716161344 0.12627116239490635 225
1739716161351 0.09347884388635401 226
1739716161358 0.15097835991130784 227
1739716161365 0.10345347820489029 228
1739716161372 0.08097223870362258 229
1739716161379 0.072181625802774 230
1739716161387 0.09982385686155996 231
1739716161394 0.09251077101556786 232
1739716161401 0.10644645586718493 233
1739716161408 0.0654780751658418 234
1739716161415 0.07539273500891017 235
1739716161421 0.11611924199775711 236
1739716161429 0.054705900211591794 237
1739716161435 0.09816274844305735 238
1739716161441 0.1165783590098844 239
1739716161447 0.07598877793443663 240
1739716161453 0.07163527342068476 241
1739716161459 0.05922658386284075 242
1739716161464 0.12810133793000883 243
1739716161469 0.13466084899697628 244
1739716161474 0.07030417212213744 245
1739716161480 0.09289882001384284 246
1739716161485 0.08517801514601595 247
1739716161491 0.07851150818526116 248
1739716161496 0.07676480463799452 249
1739716161502 0.055266386773046884 250
1739716161508 0.08758930180847135 251
1739716161514 0.11780142487200618 252
1739716161519 0.07362014273629353 253
1739716161525 0.1004732407615753 254
1739716161530 0.060723844113582316 255
1739716161536 0.0737463023898485 256
1739716161542 0.16312362263762328 257
1739716161547 0.06040920510196433 258
1739716161553 0.0661465544617036 259
1739716161558 0.11018444290046067 260
1739716161563 0.0513121640482078 261
1739716161568 0.07419533285075329 262
1739716161573 0.04661078327764812 263
1739716161579 0.11027181233446721 264
1739716161584 0.08714255923532008 265
1739716161590 0.1349465829232977 266
1739716161596 0.09916242892439409 267
1739716161601 0.10358588878082842 268
1739716161607 0.07964042183868232 269
1739716161612 0.06374691575984 270
1739716161618 0.080112470565385 271
1739716161623 0.10420133367494577 272
1739716161628 0.08176003554997542 273
1739716161634 0.07877821567412631 274
1739716161639 0.12738159005239086 275
1739716161645 0.11043325695464624 276
1739716161651 0.06186163656168497 277
1739716161656 0.1320407429872923 278
1739716161661 0.10067498295203615 279
1739716161666 0.08638992438018472 280
1739716161672 0.07132284346870595 281
1739716161677 0.07683559776942599 282
1739716161682 0.07470242766510603 283
1739716161687 0.04042723126505772 284
1739716161693 0.09790108967340366 285
1739716161698 0.0422095130323467 286
1739716161704 0.11627841732851682 287
1739716161709 0.12530043115472442 288
1739716161715 0.09606468455896634 289
1739716161721 0.08463405007818371 290
1739716161726 0.06945032456325242 291
1739716161732 0.10785725699520517 292
1739716161737 0.11081321316918519 293
1739716161742 0.06153009364026373 294
1739716161748 0.07531532808201429 295
1739716161754 0.04984710615072298 296
1739716161762 0.0922951679907096 297
1739716161767 0.09836397382990682 298
1739716161772 0.0759621878554715 299
1739716161778 0.07286061962154788 300
1739716161783 0.0852320752492164 301
1739716161788 0.11330771239170712 302
1739716161794 0.04068555061792163 303
1739716161800 0.07740856506391394 304
1739716161807 0.05817497794932865 305
1739716161814 0.1255875815423384 306
1739716161821 0.07984408387459743 307
1739716161828 0.04160889180248561 308
1739716161836 0.07698545906534358 309
1739716161843 0.08955093737432894 310
1739716161850 0.06594596428770914 311
1739716161857 0.06860650208202917 312
1739716161864 0.17244043963741593 313
1739716161872 0.09576411906423248 314
1739716161879 0.09634757213539362 315
1739716161886 0.10006909295619155 316
1739716161894 0.066573299077651 317
1739716161901 0.13526816422331295 318
1739716161908 0.07999340573249544 319
1739716161914 0.09460958083488615 320
1739716161921 0.05931456889408837 321
1739716161927 0.055950845349261175 322
1739716161934 0.0828137172680445 323
1739716161941 0.0717022469920589 324
1739716161947 0.07282811487514301 325
1739716161953 0.10387308752432627 326
1739716161959 0.10055818810249474 327
1739716161965 0.14221970851908078 328
1739716161972 0.09414401391976199 329
1739716161978 0.12283518979847477 330
1739716161985 0.06084418156810014 331
1739716161992 0.12049490899651537 332
1739716161998 0.09799831302024656 333
1739716162004 0.08168705756429778 334
1739716162011 0.12411145756975359 335
1739716162020 0.0671236654002988 336
1739716162028 0.08784463344972827 337
1739716162035 0.10112740904893824 338
1739716162042 0.06155089644587501 339
1739716162048 0.07512298809940098 340
1739716162056 0.06558458807983296 341
1739716162063 0.08633455018911185 342
1739716162071 0.09861125734327074 343
1739716162077 0.11138706068056427 344
1739716162083 0.06541818727361454 345
1739716162089 0.08973862043068755 346
1739716162096 0.08847376527128986 347
1739716162102 0.08821125498272785 348
1739716162107 0.1112958153776186 349
1739716162113 0.17220247848494658 350
1739716162119 0.0691097743746682 351
1739716162125 0.06633189045422803 352
1739716162131 0.05841558185699363 353
1739716162136 0.15594243679132486 354
1739716162142 0.10836659503262695 355
1739716162147 0.07812229808073484 356
1739716162152 0.0717024352220161 357
1739716162158 0.07256252566695003 358
1739716162163 0.08547936601739901 359
1739716162168 0.08820407784729699 360
1739716162174 0.11154104177526394 361
1739716162180 0.060468840207176335 362
1739716162185 0.18108027548559175 363
1739716162191 0.07147690089493765 364
1739716162198 0.08984878368322749 365
1739716162203 0.08009765954829404 366
1739716162209 0.08947863950215237 367
1739716162215 0.08860685740960075 368
1739716162221 0.10417435965776858 369
1739716162227 0.05996634113266699 370
1739716162233 0.08808687665950224 371
1739716162239 0.11532881633871232 372
1739716162245 0.07997333464523967 373
1739716162250 0.0974523630135272 374
1739716162255 0.07691173776968384 375
1739716162261 0.08527103080039704 376
1739716162266 0.07973348011053286 377
1739716162271 0.13753215536307442 378
1739716162277 0.0815707511829056 379
1739716162282 0.07392289702308229 380
1739716162287 0.06068381468644403 381
1739716162293 0.09401218020123228 382
1739716162298 0.07923276675584849 383
1739716162303 0.15888312070305474 384
1739716162308 0.10090374674447578 385
1739716162314 0.054623555555810104 386
1739716162320 0.0634195524930192 387
1739716162325 0.0869919775402292 388
1739716162330 0.14194277960218377 389
1739716162336 0.08383583478096167 390
1739716162342 0.10115621847277619 391
1739716162348 0.07715061467752035 392
1739716162353 0.05974579599646175 393
1739716162358 0.08019797595283616 394
1739716162363 0.11383869919104876 395
1739716162368 0.07946892162795435 396
1739716162374 0.07648441836060382 397
1739716162379 0.06287162323353276 398
1739716162384 0.09223842720286063 399
1739716162389 0.09441274339556839 400
1739716162395 0.08126100005299577 401
1739716162400 0.10547119627758718 402
1739716162405 0.07894659577915722 403
1739716162410 0.14270471764830128 404
1739716162415 0.11239959409586174 405
1739716162421 0.08344498652664431 406
1739716162426 0.06354580824254621 407
1739716162431 0.09633376585959386 408
1739716162436 0.059689519930053704 409
1739716162441 0.062482518204705594 410
1739716162447 0.04435145068698864 411
1739716162453 0.10231471115258811 412
1739716162458 0.09588838787501787 413
1739716162463 0.09721000876630369 414
1739716162469 0.09149512685561703 415
1739716162474 0.08875601968625003 416
1739716162479 0.15838289967848232 417
1739716162485 0.08644290413088766 418
1739716162490 0.07407807418305606 419
1739716162495 0.05375626396816333 420
1739716162500 0.09469955558747939 421
1739716162506 0.08990512324942564 422
1739716162512 0.1149660395270293 423
1739716162517 0.03994650067372665 424
1739716162523 0.08628784612749123 425
1739716162528 0.068982113419363 426
1739716162534 0.08584059883117487 427
1739716162539 0.08535125229256678 428
1739716162545 0.10850643867084378 429
1739716162550 0.10395077653718997 430
1739716162556 0.1075671469254359 431
1739716162561 0.1037761515935362 432
1739716162566 0.07089309396528178 433
1739716162572 0.10754177400512345 434
1739716162577 0.058582798893311014 435
1739716162582 0.12492894649534915 436
1739716162587 0.0781666604900071 437
1739716162593 0.08982912500986387 438
1739716162598 0.0627218214380039 439
1739716162604 0.13916802235665313 440
1739716162609 0.11972928253589758 441
1739716162614 0.08546161456894677 442
1739716162620 0.11015704091684411 443
1739716162625 0.08089999951677433 444
1739716162630 0.14434696200321206 445
1739716162636 0.09713374788943735 446
1739716162642 0.13258882534648767 447
1739716162647 0.07053156904844216 448
1739716162652 0.11688869507626651 449
1739716162658 0.062423505106549856 450
1739716162663 0.09198177954650023 451
1739716162669 0.13006193369856894 452
1739716162675 0.11576366687484732 453
1739716162680 0.132168979035733 454
1739716162686 0.0895467515635784 455
1739716162691 0.07544261312095497 456
1739716162697 0.06836648194307815 457
1739716162702 0.10723621776265121 458
1739716162707 0.08749778062128867 459
1739716162713 0.09199630834856362 460
1739716162718 0.10786431090508086 461
1739716162724 0.08381186265488168 462
1739716162729 0.07796126513301636 463
1739716162734 0.08948679419011007 464
1739716162739 0.15144115674686812 465
1739716162745 0.044979187310722514 466
1739716162750 0.19833131181862218 467
1739716162756 0.07599503948145452 468
1739716162764 0.09897710541018089 469
1739716162769 0.05252787681955412 470
1739716162775 0.09903891531084842 471
1739716162781 0.09801515387146821 472
1739716162786 0.09616829876919387 473
1739716162792 0.09858965734491425 474
1739716162797 0.09642848456975059 475
1739716162803 0.10197941703680923 476
1739716162808 0.13383977661704016 477
1739716162813 0.0979586355986319 478
1739716162819 0.14669576216957844 479
1739716162824 0.12293877941686214 480
1739716162829 0.10693284557864485 481
1739716162835 0.15908705068539356 482
1739716162840 0.06073643105319011 483
1739716162845 0.0656978724200635 484
1739716162850 0.10496112222656616 485
1739716162856 0.06451042356869303 486
1739716162861 0.13806254193482523 487
1739716162866 0.10770782438456392 488
1739716162871 0.10039950873956735 489
1739716162876 0.19063684914184065 490
1739716162882 0.11969890636127155 491
1739716162887 0.06529376011211326 492
1739716162893 0.09166650349406559 493
1739716162898 0.11080760461772307 494
1739716162903 0.0826573550612155 495
1739716162908 0.08762882903255105 496
1739716162914 0.06708926936683217 497
1739716162919 0.07529024666562958 498
1739716162925 0.08601154941549102 499
