1739714782564 163.80432663577528 0
1739714782569 163.7716246863744 1
1739714782573 163.73892935731803 2
1739714782577 163.70624064723552 3
1739714782581 163.67355855475648 4
1739714782585 163.6408830785109 5
1739714782589 163.608214217129 6
1739714782592 163.57555196924133 7
1739714782596 163.54289633347872 8
1739714782600 163.51024730847223 9
1739714782604 163.47760489285332 10
1739714782608 163.4449690852538 11
1739714782612 163.41233988430554 12
1739714782615 163.37971728864093 13
1739714782620 163.34710129689253 14
1739714782624 163.3144919076933 15
1739714782627 163.2818891196764 16
1739714782631 163.2492929314753 17
1739714782635 163.21670334172393 18
1739714782639 163.1841203490562 19
1739714782643 163.15154395210655 20
1739714782647 163.11897414950974 21
1739714782651 163.08641093990062 22
1739714782655 163.05385432191457 23
1739714782658 163.02130429418702 24
1739714782662 162.98876085535397 25
1739714782666 162.95622400405153 26
1739714782669 162.9236937389161 27
1739714782673 162.89117005858446 28
1739714782677 162.85865296169365 29
1739714782681 162.82614244688105 30
1739714782685 162.79363851278424 31
1739714782689 162.76114115804114 32
1739714782692 162.72865038128998 33
1739714782696 162.6961661811693 34
1739714782700 162.66368855631788 35
1739714782704 162.6312175053748 36
1739714782708 162.59875302697955 37
1739714782712 162.56629511977175 38
1739714782716 162.53384378239136 39
1739714782719 162.5013990134787 40
1739714782723 162.46896081167444 41
1739714782727 162.43652917561928 42
1739714782731 162.40410410395452 43
1739714782735 162.37168559532154 44
1739714782739 162.3392736483621 45
1739714782743 162.3068682617183 46
1739714782747 162.27446943403245 47
1739714782750 162.24207716394713 48
1739714782754 162.20969145010537 49
1739714782758 162.17731229115032 50
1739714782762 162.1449396857255 51
1739714782766 162.11257363247472 52
1739714782772 162.08021413004212 53
1739714782776 162.04786117707206 54
1739714782780 162.0155147722092 55
1739714782785 161.9831749140986 56
1739714782789 161.9508416013855 57
1739714782793 161.91851483271543 58
1739714782798 161.88619460673434 59
1739714782801 161.85388092208822 60
1739714782805 161.82157377742374 61
1739714782808 161.7892731713874 62
1739714782813 161.75697910262647 63
1739714782816 161.72469156978812 64
1739714782820 161.69241057151999 65
1739714782824 161.66013610647002 66
1739714782828 161.62786817328637 67
1739714782832 161.5956067706176 68
1739714782836 161.56335189711243 69
1739714782839 161.53110355142 70
1739714782843 161.49886173218965 71
1739714782847 161.46662643807102 72
1739714782851 161.43439766771408 73
1739714782855 161.40217541976912 74
1739714782859 161.36995969288668 75
1739714782863 161.3377504857175 76
1739714782868 161.3055477969128 77
1739714782872 161.27335162512395 78
1739714782876 161.24116196900263 79
1739714782881 161.20897882720092 80
1739714782885 161.17680219837106 81
1739714782890 161.1446320811656 82
1739714782894 161.1124684742375 83
1739714782898 161.0803113762398 84
1739714782902 161.04816078582607 85
1739714782906 161.01601670164996 86
1739714782910 160.98387912236558 87
1739714782914 160.95174804662727 88
1739714782918 160.91962347308962 89
1739714782923 160.88750540040746 90
1739714782927 160.85539382723613 91
1739714782931 160.823288752231 92
1739714782935 160.79119017404795 93
1739714782939 160.75909809134302 94
1739714782943 160.72701250277254 95
1739714782947 160.69493340699316 96
1739714782952 160.6628608026619 97
1739714782956 160.63079468843597 98
1739714782960 160.59873506297282 99
1739714782964 160.5666819249303 100
1739714782968 160.53463527296657 101
1739714782972 160.50259510573997 102
1739714782976 160.47056142190917 103
1739714782980 160.4385342201332 104
1739714782984 160.40651349907134 105
1739714782988 160.3744992573831 106
1739714782993 160.34249149372826 107
1739714782997 160.31049020676707 108
1739714783000 160.2784953951599 109
1739714783004 160.24650705756744 110
1739714783008 160.21452519265074 111
1739714783012 160.1825497990711 112
1739714783016 160.15058087549002 113
1739714783020 160.11861842056945 114
1739714783024 160.08666243297154 115
1739714783028 160.05471291135868 116
1739714783032 160.0227698543937 117
1739714783036 159.99083326073952 118
1739714783040 159.95890312905954 119
1739714783044 159.92697945801734 120
1739714783048 159.8950622462768 121
1739714783051 159.86315149250214 122
1739714783055 159.83124719535775 123
1739714783059 159.79934935350843 124
1739714783063 159.7674579656193 125
1739714783067 159.7355730303556 126
1739714783072 159.703694546383 127
1739714783076 159.67182251236736 128
1739714783081 159.63995692697495 129
1739714783085 159.60809778887221 130
1739714783090 159.57624509672593 131
1739714783094 159.5443988492032 132
1739714783098 159.51255904497137 133
1739714783102 159.48072568269802 134
1739714783106 159.44889876105114 135
1739714783111 159.4170782786989 136
1739714783115 159.38526423430983 137
1739714783119 159.35345662655274 138
1739714783123 159.3216554540967 139
1739714783127 159.28986071561104 140
1739714783132 159.2580724097655 141
1739714783135 159.2262905352299 142
1739714783139 159.1945150906746 143
1739714783143 159.16274607476998 144
1739714783147 159.1309834861869 145
1739714783150 159.0992273235965 146
1739714783155 159.06747758567008 147
1739714783159 159.0357342710794 148
1739714783163 159.00399737849628 149
1739714783167 158.97226690659306 150
1739714783172 158.94054285404226 151
1739714783176 158.90882521951661 152
1739714783181 158.87711400168925 153
1739714783185 158.84540919923361 154
1739714783189 158.8137108108233 155
1739714783192 158.78201883513236 156
1739714783196 158.75033327083491 157
1739714783201 158.71865411660556 158
1739714783205 158.6869813711191 159
1739714783222 158.65531503305064 160
1739714783236 158.62365510107554 161
1739714783243 158.59200157386957 162
1739714783248 158.56035445010855 163
1739714783253 158.52871372846886 164
1739714783257 158.49707940762693 165
1739714783261 158.4654514862596 166
1739714783267 158.43382996304402 167
1739714783271 158.40221483665752 168
1739714783276 158.37060610577782 169
1739714783280 158.3390037690828 170
1739714783285 158.30740782525083 171
1739714783289 158.27581827296032 172
1739714783293 158.24423511089017 173
1739714783297 158.21265833771943 174
1739714783301 158.18108795212748 175
1739714783306 158.14952395279403 176
1739714783310 158.11796633839904 177
1739714783314 158.0864151076227 178
1739714783318 158.05487025914556 179
1739714783322 158.02333179164845 180
1739714783326 157.99179970381243 181
1739714783330 157.9602739943189 182
1739714783334 157.9287546618495 183
1739714783338 157.89724170508623 184
1739714783342 157.86573512271127 185
1739714783346 157.83423491340722 186
1739714783350 157.80274107585672 187
1739714783354 157.771253608743 188
1739714783358 157.7397725107494 189
1739714783362 157.70829778055955 190
1739714783366 157.67682941685737 191
1739714783370 157.6453674183271 192
1739714783374 157.6139117836533 193
1739714783378 157.58246251152067 194
1739714783382 157.55101960061438 195
1739714783386 157.51958304961968 196
1739714783391 157.48815285722227 197
1739714783395 157.4567290221081 198
1739714783399 157.42531154296333 199
1739714783403 157.39390041847446 200
1739714783407 157.36249564732827 201
1739714783412 157.33109722821186 202
1739714783416 157.2997051598125 203
1739714783420 157.2683194408179 204
1739714783424 157.23694006991582 205
1739714783428 157.20556704579462 206
1739714783432 157.17420036714267 207
1739714783436 157.14284003264876 208
1739714783440 157.11148604100194 209
1739714783445 157.0801383908915 210
1739714783449 157.04879708100705 211
1739714783453 157.0174621100385 212
1739714783457 156.986133476676 213
1739714783461 156.95481117961003 214
1739714783467 156.92349521753133 215
1739714783471 156.89218558913083 216
1739714783475 156.86088229309993 217
1739714783482 156.82958532813015 218
1739714783490 156.7982946929134 219
1739714783495 156.7670103861418 220
1739714783501 156.73573240650782 221
1739714783506 156.7044607527041 222
1739714783510 156.67319542342366 223
1739714783515 156.6419364173598 224
1739714783521 156.61068373320606 225
1739714783526 156.57943736965626 226
1739714783530 156.54819732540452 227
1739714783536 156.5169635991453 228
1739714783541 156.48573618957317 229
1739714783545 156.45451509538324 230
1739714783550 156.42330031527064 231
1739714783554 156.39209184793089 232
1739714783558 156.36088969205986 233
1739714783563 156.32969384635365 234
1739714783567 156.2985043095086 235
1739714783571 156.2673210802213 236
1739714783577 156.23614415718882 237
1739714783583 156.20497353910827 238
1739714783588 156.17380922467714 239
1739714783593 156.14265121259325 240
1739714783597 156.11149950155468 241
1739714783602 156.08035409025968 242
1739714783606 156.0492149774069 243
1739714783611 156.0180821616953 244
1739714783616 155.98695564182395 245
1739714783620 155.95583541649236 246
1739714783625 155.92472148440032 247
1739714783629 155.8936138442478 248
1739714783633 155.86251249473506 249
1739714783637 155.83141743456275 250
1739714783641 155.80032866243172 251
1739714783645 155.76924617704304 252
1739714783649 155.7381699770982 253
1739714783653 155.70710006129886 254
1739714783658 155.67603642834703 255
1739714783662 155.644979076945 256
1739714783666 155.61392800579517 257
1739714783670 155.5828832136005 258
1739714783674 155.55184469906405 259
1739714783678 155.52081246088918 260
1739714783682 155.4897864977795 261
1739714783686 155.458766808439 262
1739714783690 155.42775339157194 263
1739714783694 155.39674624588275 264
1739714783698 155.36574537007618 265
1739714783702 155.33475076285737 266
1739714783706 155.30376242293158 267
1739714783710 155.27278034900445 268
1739714783714 155.24180453978184 269
1739714783718 155.21083499396994 270
1739714783723 155.17987171027522 271
1739714783727 155.14891468740436 272
1739714783731 155.1179639240644 273
1739714783735 155.08701941896263 274
1739714783739 155.05608117080655 275
1739714783744 155.02514917830405 276
1739714783748 154.9942234401632 277
1739714783752 154.9633039550925 278
1739714783756 154.93239072180054 279
1739714783760 154.90148373899623 280
1739714783764 154.8705830053889 281
1739714783772 154.83968851968805 282
1739714783778 154.80880028060344 283
1739714783783 154.7779182868451 284
1739714783787 154.7470425371234 285
1739714783791 154.716173030149 286
1739714783795 154.68530976463273 287
1739714783800 154.6544527392858 288
1739714783805 154.62360195281968 289
1739714783809 154.59275740394608 290
1739714783814 154.56191909137704 291
1739714783818 154.53108701382476 292
1739714783822 154.5002611700019 293
1739714783826 154.46944155862124 294
1739714783830 154.43862817839593 295
1739714783835 154.40782102803936 296
1739714783839 154.37702010626518 297
1739714783843 154.34622541178737 298
1739714783848 154.31543694332012 299
1739714783853 154.28465469957797 300
1739714783857 154.25387867927566 301
1739714783862 154.2231088811283 302
1739714783867 154.1923453038512 303
1739714783871 154.16158794615993 304
1739714783876 154.1308368067704 305
1739714783880 154.10009188439884 306
1739714783884 154.06935317776157 307
1739714783889 154.03862068557535 308
1739714783894 154.00789440655723 309
1739714783898 153.97717433942444 310
1739714783903 153.94646048289448 311
1739714783907 153.9157528356852 312
1739714783911 153.88505139651474 313
1739714783915 153.85435616410143 314
1739714783919 153.8236671371639 315
1739714783923 153.79298431442115 316
1739714783928 153.7623076945923 317
1739714783932 153.7316372763968 318
1739714783936 153.70097305855452 319
1739714783940 153.67031503978544 320
1739714783944 153.63966321880977 321
1739714783948 153.60901759434822 322
1739714783952 153.57837816512153 323
1739714783956 153.54774492985095 324
1739714783960 153.51711788725777 325
1739714783964 153.48649703606372 326
1739714783968 153.45588237499078 327
1739714783972 153.42527390276112 328
1739714783976 153.39467161809728 329
1739714783980 153.364075519722 330
1739714783984 153.33348560635838 331
1739714783988 153.30290187672978 332
1739714783992 153.27232432955972 333
1739714783996 153.2417529635721 334
1739714784000 153.21118777749115 335
1739714784004 153.18062877004115 336
1739714784008 153.15007593994693 337
1739714784012 153.11952928593342 338
1739714784016 153.08898880672587 339
1739714784020 153.0584545010498 340
1739714784024 153.02792636763104 341
1739714784028 152.99740440519565 342
1739714784032 152.96688861246994 343
1739714784036 152.9363789881806 344
1739714784040 152.90587553105445 345
1739714784044 152.87537823981867 346
1739714784048 152.84488711320074 347
1739714784052 152.8144021499284 348
1739714784056 152.7839233487296 349
1739714784061 152.75345070833262 350
1739714784066 152.72298422746596 351
1739714784070 152.6925239048585 352
1739714784075 152.66206973923923 353
1739714784079 152.6316217293376 354
1739714784083 152.60117987388318 355
1739714784087 152.57074417160592 356
1739714784091 152.54031462123595 357
1739714784095 152.50989122150375 358
1739714784098 152.4794739711401 359
1739714784102 152.4490628688759 360
1739714784107 152.4186579134425 361
1739714784112 152.38825910357136 362
1739714784116 152.35786643799437 363
1739714784120 152.32747991544358 364
1739714784125 152.29709953465135 365
1739714784129 152.26672529435032 366
1739714784134 152.23635719327348 367
1739714784139 152.20599523015386 368
1739714784143 152.17563940372497 369
1739714784147 152.14528971272063 370
1739714784151 152.11494615587472 371
1739714784155 152.08460873192152 372
1739714784159 152.0542774395956 373
1739714784164 152.02395227763176 374
1739714784168 151.9936332447651 375
1739714784172 151.963320339731 376
1739714784176 151.93301356126508 377
1739714784179 151.90271290810318 378
1739714784183 151.8724183789815 379
1739714784187 151.84212997263657 380
1739714784191 151.81184768780497 381
1739714784195 151.7815715232238 382
1739714784200 151.75130147763022 383
1739714784204 151.72103754976186 384
1739714784208 151.69077973835644 385
1739714784212 151.6605280421521 386
1739714784216 151.63028245988716 387
1739714784220 151.6000429903002 388
1739714784224 151.56980963213013 389
1739714784228 151.53958238411622 390
1739714784231 151.50936124499768 391
1739714784235 151.4791462135144 392
1739714784239 151.44893728840626 393
1739714784243 151.41873446841353 394
1739714784248 151.3885377522767 395
1739714784252 151.35834713873658 396
1739714784256 151.3281626265342 397
1739714784259 151.29798421441097 398
1739714784264 151.26781190110836 399
1739714784268 151.2376456853683 400
1739714784272 151.20748556593293 401
1739714784276 151.17733154154462 402
1739714784280 151.14718361094606 403
1739714784284 151.1170417728803 404
1739714784288 151.08690602609042 405
1739714784292 151.05677636931995 406
1739714784296 151.02665280131265 407
1739714784300 150.99653532081257 408
1739714784304 150.966423926564 409
1739714784309 150.93631861731149 410
1739714784312 150.9062193917999 411
1739714784316 150.87612624877434 412
1739714784320 150.84603918698014 413
1739714784324 150.815958205163 414
1739714784329 150.7858833020688 415
1739714784333 150.75581447644373 416
1739714784336 150.72575172703432 417
1739714784340 150.6956950525872 418
1739714784344 150.66564445184937 419
1739714784348 150.63559992356818 420
1739714784352 150.60556146649105 421
1739714784356 150.5755290793658 422
1739714784360 150.54550276094056 423
1739714784364 150.5154825099637 424
1739714784369 150.48546832518372 425
1739714784373 150.45546020534954 426
1739714784377 150.42545814921036 427
1739714784381 150.39546215551547 428
1739714784385 150.3654722230147 429
1739714784388 150.33548835045792 430
1739714784394 150.3055105365953 431
1739714784399 150.27553878017747 432
1739714784405 150.24557307995505 433
1739714784410 150.2156134346792 434
1739714784414 150.18565984310112 435
1739714784418 150.15571230397234 436
1739714784423 150.12577081604476 437
1739714784429 150.09583537807046 438
1739714784434 150.06590598880183 439
1739714784439 150.0359826469915 440
1739714784443 150.0060653513923 441
1739714784447 149.9761541007575 442
1739714784451 149.94624889384048 443
1739714784455 149.91634972939494 444
1739714784460 149.88645660617487 445
1739714784464 149.85656952293454 446
1739714784468 149.8266884784284 447
1739714784472 149.79681347141127 448
1739714784476 149.7669445006382 449
1739714784481 149.7370815648644 450
1739714784485 149.70722466284562 451
1739714784489 149.67737379333758 452
1739714784494 149.64752895509648 453
1739714784498 149.61769014687854 454
1739714784502 149.5878573674406 455
1739714784507 149.55803061553948 456
1739714784511 149.52820988993233 457
1739714784515 149.49839518937668 458
1739714784518 149.46858651263014 459
1739714784522 149.43878385845082 460
1739714784527 149.4089872255969 461
1739714784531 149.37919661282686 462
1739714784535 149.3494120188995 463
1739714784540 149.31963344257392 464
1739714784544 149.2898608826094 465
1739714784548 149.26009433776545 466
1739714784552 149.23033380680207 467
1739714784556 149.2005792884792 468
1739714784560 149.17083078155736 469
1739714784564 149.14108828479712 470
1739714784568 149.11135179695944 471
1739714784572 149.08162131680544 472
1739714784576 149.0518968430966 473
1739714784580 149.0221783745946 474
1739714784584 148.99246591006144 475
1739714784588 148.96275944825936 476
1739714784592 148.93305898795083 477
1739714784597 148.90336452789873 478
1739714784601 148.87367606686595 479
1739714784606 148.8439936036159 480
1739714784611 148.81431713691208 481
1739714784615 148.78464666551838 482
1739714784619 148.75498218819888 483
1739714784624 148.7253237037179 484
1739714784628 148.69567121084015 485
1739714784632 148.6660247083304 486
1739714784636 148.636384194954 487
1739714784640 148.60674966947616 488
1739714784644 148.57712113066273 489
1739714784648 148.54749857727967 490
1739714784652 148.517882008093 491
1739714784657 148.48827142186943 492
1739714784660 148.45866681737562 493
1739714784664 148.42906819337855 494
1739714784668 148.39947554864557 495
1739714784672 148.36988888194418 496
1739714784675 148.34030819204216 497
1739714784679 148.31073347770766 498
1739714784683 148.28116473770893 499
