1739717302291 0.2102918751984812 0
1739717302319 0.07675671981640599 1
1739717302353 0.46535538478164945 2
1739717302379 0.0002629730835851455 3
1739717302405 0.02407783580778779 4
1739717302430 0.00020208836441642695 5
1739717302460 1.2746085419109997e-05 6
1739717302487 0.009668775641408564 7
1739717302519 0.021975828954231044 8
1739717302546 0.00979505455917122 9
1739717302574 0.09832548565293203 10
1739717302605 0.006590499347340457 11
1739717302633 0.049892873671441164 12
1739717302662 0.0006178510658107457 13
1739717302691 0.10056741531161956 14
1739717302722 0.020958432725549127 15
1739717302750 0.2750248397655022 16
1739717302778 0.26631681533293394 17
1739717302807 0.012509276123566246 18
1739717302837 0.23163778664692045 19
1739717302870 0.00492033441594206 20
1739717302900 0.018242686398023684 21
1739717302928 0.005004237814049321 22
1739717302956 0.056130309348857634 23
1739717302985 0.0011362785185016374 24
1739717303013 0.07040506314671373 25
1739717303039 0.45688364430683065 26
1739717303066 0.0026796069938974094 27
1739717303091 0.36004269360026936 28
1739717303118 0.023031353141075385 29
1739717303144 0.05170766646333625 30
1739717303171 0.17862931249754688 31
1739717303198 0.28023054118246676 32
1739717303225 0.5614526862603284 33
1739717303252 0.02469398749924586 34
1739717303278 0.02809594700675239 35
1739717303305 0.10307738816867741 36
1739717303332 0.17251029628256462 37
1739717303359 0.0253024357012148 38
1739717303386 0.0005796751664168434 39
1739717303413 0.17445769128455454 40
1739717303441 0.10565592902300512 41
1739717303468 6.701932888157934e-08 42
1739717303495 0.21617695885569568 43
1739717303522 0.630963126511123 44
1739717303548 0.029868824206074777 45
1739717303576 0.027234913319199514 46
1739717303603 0.0030035572726926593 47
1739717303630 0.0006451316123449507 48
1739717303655 0.04424927236759413 49
1739717303684 0.00012767220368137334 50
1739717303714 0.049550219870938904 51
1739717303741 0.17200507614381047 52
1739717303768 0.01760795441854195 53
1739717303795 0.1170456821150773 54
1739717303821 0.0701396537806587 55
1739717303847 0.0060118497350835996 56
1739717303873 0.07090262199001533 57
1739717303899 0.0771602206797145 58
1739717303926 0.005998731120607766 59
1739717303951 0.08394041095390742 60
1739717303977 0.3013214108271559 61
1739717304003 0.019822888061521188 62
1739717304029 0.12148443445134645 63
1739717304054 0.03317486863988843 64
1739717304080 0.001326001661657944 65
1739717304106 0.012510629419233796 66
1739717304133 0.20166098750809464 67
1739717304161 5.337003074467234e-06 68
1739717304189 0.06252226739033175 69
1739717304218 0.023404114998422564 70
1739717304245 0.0003555074583837989 71
1739717304273 0.37901919140976353 72
1739717304303 0.6150846004005314 73
1739717304331 0.0905551066486427 74
1739717304360 0.012276664176890245 75
1739717304388 0.0018469600753088621 76
1739717304416 0.05744347776861137 77
1739717304442 0.042301106763067926 78
1739717304470 0.10003650755842673 79
1739717304497 0.03254529335576393 80
1739717304523 0.12951648490253267 81
1739717304550 0.11671940245315252 82
1739717304577 0.03622624321179449 83
1739717304605 0.10626719409885516 84
1739717304634 0.07205187034536265 85
1739717304662 0.0905370075579175 86
1739717304691 7.687861939500125e-08 87
1739717304719 0.023360865288739596 88
1739717304746 0.05393461239920639 89
1739717304772 0.3867472686788633 90
1739717304799 0.07006921145436162 91
1739717304827 0.004488959115773784 92
1739717304853 0.26477741597973037 93
1739717304879 0.013261287781739857 94
1739717304905 1.0586556484558813 95
1739717304932 0.025309746100212808 96
1739717304958 0.2944787697552172 97
1739717304984 0.02599836734985024 98
1739717305010 0.07068108112933819 99
1739717305037 0.00032761117290116165 100
1739717305064 0.009058390794328937 101
1739717305090 0.048500623715635474 102
1739717305116 0.00010941328044967702 103
1739717305142 0.11868968401417215 104
1739717305168 0.08916831871261255 105
1739717305195 0.015353208053891275 106
1739717305221 0.3007629001332297 107
1739717305248 0.11225231385021049 108
1739717305274 0.047415585540394434 109
1739717305300 0.01766438167003802 110
1739717305327 0.39814616690769544 111
1739717305353 0.13287060539956042 112
1739717305379 0.11488239802788114 113
1739717305405 0.019351591352013562 114
1739717305433 0.6120795592816384 115
1739717305462 0.05211163561856495 116
1739717305491 0.5518378177015962 117
1739717305521 0.0031343920733960134 118
1739717305550 0.00038714931077529215 119
1739717305580 0.0036664413449456583 120
1739717305609 4.057229342362845e-06 121
1739717305637 0.010596976299478238 122
1739717305666 0.07922864665823329 123
1739717305696 0.04787861755337613 124
1739717305726 0.016509260945334003 125
1739717305755 0.11601656313813447 126
1739717305783 0.0987661987895994 127
1739717305810 0.021601702824629688 128
1739717305836 0.011132462282947411 129
1739717305862 0.009557691025446877 130
1739717305889 0.20623408989377284 131
1739717305917 0.003852581025590554 132
1739717305944 0.20928022679700622 133
1739717305972 0.00127227166126254 134
1739717306002 0.00034681219368110837 135
1739717306031 0.11181473459560679 136
1739717306058 0.09146513547065789 137
1739717306084 6.474104129379232e-05 138
1739717306110 0.0004257969225526403 139
1739717306137 0.17512387217944775 140
1739717306164 0.0646278804516144 141
1739717306191 0.044941899436146314 142
1739717306218 0.1906644263473314 143
1739717306245 0.009121945237598484 144
1739717306271 7.32966433279032e-06 145
1739717306297 0.2676145273600345 146
1739717306323 0.006036278812709795 147
1739717306350 0.13185683710150564 148
1739717306377 0.29846431743793467 149
1739717306403 0.09893919994647218 150
1739717306430 1.3764963712261824 151
1739717306458 0.14204455646709788 152
1739717306491 0.01667670768417367 153
1739717306523 0.26019283102856094 154
1739717306555 0.031043827437888406 155
1739717306586 0.15577478042599832 156
1739717306617 0.009933432799170333 157
1739717306649 0.17647388560198554 158
1739717306680 0.20389232102440646 159
1739717306709 0.0006325437300891798 160
1739717306739 0.08532368105425275 161
1739717306769 0.12653221173264914 162
1739717306798 0.015128283946562371 163
1739717306826 0.04542034341487564 164
1739717306853 0.11198365222186618 165
1739717306879 0.05888719613223784 166
1739717306905 0.0021616042534041233 167
1739717306931 0.18068867651188825 168
1739717306958 0.0017565132066847896 169
1739717306984 0.05416132884478825 170
1739717307010 0.09097823144463969 171
1739717307037 0.01186450190559878 172
1739717307063 0.1643856359087659 173
1739717307089 0.0012685915607889109 174
1739717307115 0.1125324185363718 175
1739717307142 0.05521747632256955 176
1739717307170 0.023520656024186102 177
1739717307201 0.003362750567657833 178
1739717307232 0.0003417915847278766 179
1739717307263 0.05366722814384631 180
1739717307294 0.01666208401456974 181
1739717307326 0.07497257926003736 182
1739717307357 0.3147745608928103 183
1739717307387 0.009055467402416214 184
1739717307417 0.020406129811252078 185
1739717307448 0.011228880700640818 186
1739717307479 0.16107581801043627 187
1739717307510 0.05151387393325361 188
1739717307541 0.012748628270693538 189
1739717307569 0.04530523130318731 190
1739717307596 0.08402950661866711 191
1739717307622 0.0185316925041529 192
1739717307649 0.005742048017643226 193
1739717307675 0.04072357161103275 194
1739717307702 0.0018274744397942778 195
1739717307729 0.5621835634775267 196
1739717307755 0.006642346167801973 197
1739717307782 0.43385608012930327 198
1739717307811 0.17781620924598854 199
1739717307842 0.24254809481454173 200
1739717307873 0.16335951187479306 201
1739717307901 0.700109004057011 202
1739717307929 0.07801419903323985 203
1739717307955 0.05506114662745023 204
1739717307982 0.0060384218647777065 205
1739717308008 0.02430013521405447 206
1739717308035 0.12650225471236418 207
1739717308063 0.00448648365324424 208
1739717308093 0.2977486066420797 209
1739717308125 0.0747926626833586 210
1739717308156 0.03853482129813485 211
1739717308187 0.0030447056714318676 212
1739717308218 0.14812323994412344 213
1739717308249 0.10687952194476756 214
1739717308281 0.13932257556232214 215
1739717308312 0.03907702361838301 216
1739717308344 0.03135535140035704 217
1739717308375 0.22303507473608025 218
1739717308405 1.0203331867923893 219
1739717308437 0.0010319303084740596 220
1739717308468 0.01209887482114099 221
1739717308497 0.007844321989528042 222
1739717308525 0.12842810278575392 223
1739717308552 0.001981520578895774 224
1739717308585 0.00012254566319035655 225
1739717308613 0.0006286863655607447 226
1739717308640 0.216794848012883 227
1739717308669 0.2128980857164391 228
1739717308700 0.14983295457988155 229
1739717308727 0.03591826551927442 230
1739717308755 0.15880604015382502 231
1739717308781 0.08239103499451558 232
1739717308809 0.06972188882961677 233
1739717308837 0.04760162712189847 234
1739717308864 0.014556769637738543 235
1739717308890 0.023501915998812555 236
1739717308916 0.06332445495171389 237
1739717308945 0.020135499573837933 238
1739717308975 0.0936297862592849 239
1739717309004 0.0655206149118815 240
1739717309036 0.11257893511861451 241
1739717309068 0.37810715290234226 242
1739717309101 0.05241188145522555 243
1739717309131 0.0076400430990233355 244
1739717309158 0.007371960385690633 245
1739717309185 0.02283098894029926 246
1739717309212 0.10015575743826852 247
1739717309239 0.07422659994932111 248
1739717309266 0.045829332060860324 249
1739717309292 0.03662636608874351 250
1739717309318 0.06297902083021317 251
1739717309345 0.1332267372687588 252
1739717309372 0.03577686416373166 253
1739717309400 0.8242271044942324 254
1739717309430 0.0030257178978983054 255
1739717309459 0.36361678200981806 256
1739717309487 0.09374399541442485 257
1739717309514 0.1895215094879445 258
1739717309542 0.05449229740326358 259
1739717309570 0.5025185316596481 260
1739717309597 0.02605574530728992 261
1739717309624 0.3940369431588735 262
1739717309651 0.027375841111711062 263
1739717309678 0.00472260786173866 264
1739717309705 0.0020269564023667084 265
1739717309737 0.03142303626762086 266
1739717309767 0.13017368842898544 267
1739717309795 0.03016043371126745 268
1739717309822 0.11278463672245508 269
1739717309851 0.0037022332041359318 270
1739717309879 0.10316043106785974 271
1739717309907 0.10996338460462264 272
1739717309936 0.01671788372856501 273
1739717309967 0.19175673673936047 274
1739717309997 0.010056435396112015 275
1739717310028 2.1962163011901372e-05 276
1739717310058 0.14061212594984623 277
1739717310087 0.010548983184505771 278
1739717310115 0.10931191976142937 279
1739717310145 0.14872658815845927 280
1739717310174 0.0006414933383794702 281
1739717310202 0.010335042024485786 282
1739717310230 0.0002473919614499778 283
1739717310257 0.03897169144788761 284
1739717310283 0.12141428144279326 285
1739717310310 0.020844686239712428 286
1739717310337 0.41651507736870774 287
1739717310364 0.05480166548050657 288
1739717310391 0.17132680052646362 289
1739717310418 0.08274923362570737 290
1739717310444 0.0033175376010755597 291
1739717310471 0.003919038905808563 292
1739717310499 0.10011029377391771 293
1739717310528 0.15127609788961943 294
1739717310556 0.06395886520103716 295
1739717310585 0.08794279825683585 296
1739717310616 0.008820313081864808 297
1739717310644 0.19592586324393493 298
1739717310671 0.0007239936732758977 299
1739717310698 0.0020887658129060895 300
1739717310728 0.2632534721138276 301
1739717310755 0.004274232017266018 302
1739717310782 0.34326222028805037 303
1739717310810 0.11584705307152807 304
1739717310837 0.02180728163966835 305
1739717310863 0.05414102868714355 306
1739717310891 0.06454325048248888 307
1739717310918 0.4179151363592382 308
1739717310946 0.012285859043313148 309
1739717310974 1.0565841481255145 310
1739717311003 0.025885604662152072 311
1739717311030 0.06654368840012863 312
1739717311058 0.06792940091927685 313
1739717311086 0.07862588697604102 314
1739717311113 0.052531137345456856 315
1739717311139 0.12131758472317918 316
1739717311166 0.03192712950139157 317
1739717311193 0.0858772031167305 318
1739717311220 0.05101217832065903 319
1739717311247 0.10221848484186685 320
1739717311274 0.03923492542207885 321
1739717311302 1.313741208843618 322
1739717311329 0.0685039193300838 323
1739717311357 0.011287906718181518 324
1739717311384 0.08118047040006329 325
1739717311411 0.3134840610931682 326
1739717311437 0.049175625938814 327
1739717311463 0.35540533380020284 328
1739717311491 0.1469106460371831 329
1739717311519 0.10338449436658259 330
1739717311545 0.18648646162924046 331
1739717311572 1.027098347074823 332
1739717311599 0.008798540985461413 333
1739717311626 0.04595275290136502 334
1739717311652 0.0083846670287565 335
1739717311679 0.12291940046053376 336
1739717311706 0.2272776687003112 337
1739717311733 0.035126963427623746 338
1739717311759 0.056737541982606575 339
1739717311786 0.1206767157827758 340
1739717311813 0.08745388652229 341
1739717311840 0.0023365886528407894 342
1739717311867 0.21621523933351117 343
1739717311894 0.08703791366796944 344
1739717311921 0.04640765475785757 345
1739717311948 0.01003199011914877 346
1739717311975 0.6681102715895505 347
1739717312002 0.015197711657539758 348
1739717312029 0.05324678870077834 349
1739717312056 0.0003754509956739622 350
1739717312083 0.08592223879907351 351
1739717312110 0.3011710269389128 352
1739717312138 0.32077016465835395 353
1739717312165 0.0016251336308228438 354
1739717312191 0.003556491569165122 355
1739717312219 0.5470596469724757 356
1739717312245 0.007624659277722097 357
1739717312273 0.0002979522674971938 358
1739717312300 0.05548327994394627 359
1739717312327 0.06054105236070841 360
1739717312355 0.0002968302291142618 361
1739717312381 0.05355308539886532 362
1739717312409 0.17306051729760621 363
1739717312436 0.10634698753392442 364
1739717312463 0.2545066204427231 365
1739717312490 0.0521422027896665 366
1739717312517 0.19961216042307986 367
1739717312544 0.016025782393511604 368
1739717312571 0.12170662323507188 369
1739717312598 5.5337097833941774e-06 370
1739717312625 0.013523159542550138 371
1739717312652 0.1933468161730943 372
1739717312679 0.06375915670648463 373
1739717312705 4.128997555637335e-05 374
1739717312732 0.41647742355833584 375
1739717312759 0.023802251645115756 376
1739717312786 0.0018488059741669236 377
1739717312812 0.8924953552056701 378
1739717312840 0.18618659296484927 379
1739717312867 0.34397907981283177 380
1739717312894 0.058289419819138204 381
1739717312921 0.012059267269138014 382
1739717312947 0.06503679365716684 383
1739717312974 0.004510837069540344 384
1739717313002 1.1867659062769405 385
1739717313028 0.01767190074702001 386
1739717313055 0.002750503798733048 387
1739717313081 0.5100026945550199 388
1739717313108 0.09486341522338965 389
1739717313134 0.0751294494345879 390
1739717313161 0.38675425660437035 391
1739717313187 0.003686989185211033 392
1739717313214 0.014428669235938453 393
1739717313241 0.45849757084945586 394
1739717313268 0.03493576931505112 395
1739717313295 0.008616960564578877 396
1739717313322 0.011904708565698571 397
1739717313349 0.21246113688983917 398
1739717313376 0.10744789478133322 399
1739717313403 0.1420780351135871 400
1739717313430 0.013623521459534025 401
1739717313457 0.1107207376934424 402
1739717313484 0.47628758151903394 403
1739717313511 0.9256182420729546 404
1739717313537 0.32902672778980907 405
1739717313564 0.04702096569368816 406
1739717313591 0.08823306150717339 407
1739717313618 0.04504378193199224 408
1739717313645 0.06359916973494195 409
1739717313672 0.055378424073509916 410
1739717313698 0.12208084896533104 411
1739717313725 0.005253977561634919 412
1739717313752 0.04687646221700695 413
1739717313779 0.0039011624152473097 414
1739717313806 0.04625387723902416 415
1739717313832 0.09408077763958607 416
1739717313859 0.05042662401149863 417
1739717313886 0.17921667507897285 418
1739717313913 0.10940879777363142 419
1739717313940 0.0036386989752662576 420
1739717313966 0.027250115790676828 421
1739717313993 0.00021193844561872007 422
1739717314020 0.03214738124501071 423
1739717314047 0.35157063421451185 424
1739717314074 0.05720651103466487 425
1739717314101 0.037633320595844 426
1739717314127 0.43363276488893987 427
1739717314154 0.0665336143952984 428
1739717314181 0.027963892807292445 429
1739717314208 0.015515691339052248 430
1739717314235 0.5475996911751183 431
1739717314262 0.00479907617288634 432
1739717314289 0.0069068986740915715 433
1739717314316 0.022820844141329955 434
1739717314343 0.023218739070702953 435
1739717314370 0.5229555035838763 436
1739717314396 2.1124616426422987e-05 437
1739717314424 0.012700067403344362 438
1739717314451 0.0012825413616578418 439
1739717314478 0.022338279667831418 440
1739717314506 0.18554931693929289 441
1739717314533 0.03069660487487972 442
1739717314560 0.012207229446753612 443
1739717314587 0.14960469248081876 444
1739717314615 0.10130582629727737 445
1739717314643 0.05118413137989166 446
1739717314670 0.07112901320496334 447
1739717314697 0.043568299856455085 448
1739717314724 0.09448537967419629 449
1739717314750 0.06064662087384416 450
1739717314777 0.004046738386585375 451
1739717314804 0.09670956737180031 452
1739717314831 0.04513450313456771 453
1739717314858 0.0021752133425692512 454
1739717314884 0.012524718263893488 455
1739717314911 0.1484290840306069 456
1739717314938 0.33989603079830966 457
1739717314966 0.0650580817302356 458
1739717314992 0.06861987973422536 459
1739717315020 0.20279192943507623 460
1739717315047 0.005801994803664427 461
1739717315074 0.32191937348765903 462
1739717315101 0.0012066496900217868 463
1739717315128 0.0013108992739828964 464
1739717315155 0.08491103745424078 465
1739717315182 0.0018055207730233685 466
1739717315209 0.10891753560522059 467
1739717315237 0.002447072412417608 468
1739717315264 0.037050042591038744 469
1739717315292 0.29284707717007713 470
1739717315319 0.16929410948724521 471
1739717315346 2.3271145880803545 472
1739717315373 0.017491685193094804 473
1739717315399 0.055527781494304033 474
1739717315426 0.10235829520755271 475
1739717315453 0.005537939009697099 476
1739717315481 0.026363172614003918 477
1739717315508 4.5324570979585114e-05 478
1739717315535 3.984606108641803e-05 479
1739717315562 0.0015746041161681635 480
1739717315590 0.12737745696377917 481
1739717315618 0.00796106451955786 482
1739717315644 0.026481465448332856 483
1739717315671 0.025968213856306516 484
1739717315698 0.2796672128354435 485
1739717315725 0.0002724550631391199 486
1739717315752 0.13273220345048192 487
1739717315780 0.013155398144791846 488
1739717315807 0.9632947411737113 489
1739717315834 0.0013889566320325034 490
1739717315860 0.002699530213889433 491
1739717315887 0.0005640115574423487 492
1739717315914 0.5107473348554581 493
1739717315941 0.002051623331150022 494
1739717315967 0.1024863561858419 495
1739717315995 0.7220146350034008 496
1739717316022 0.002324536811936263 497
1739717316049 0.023821204622790176 498
1739717316076 0.0505584155583053 499
