1739715331557 170.71891394032585 0
1739715331564 170.37365885466602 1
1739715331571 169.98999807989583 2
1739715331578 169.59805043908312 3
1739715331583 169.20669203021959 4
1739715331590 168.81840510384842 5
1739715331596 168.433763489539 6
1739715331603 168.0527804733707 7
1739715331608 167.67531260891866 8
1739715331614 167.30118006439682 9
1739715331620 166.93020195278797 10
1739715331626 166.5622062077106 11
1739715331631 166.1970318749844 12
1739715331636 165.83452917811226 13
1739715331642 165.4745589617933 14
1739715331648 165.11699199138724 15
1739715331655 164.76170824858042 16
1739715331662 164.408596262415 17
1739715331668 164.05755248472772 18
1739715331674 163.70848071020774 19
1739715331680 163.36129153881905 20
1739715331685 163.01590187776404 21
1739715331693 162.67223448015463 22
1739715331699 162.33021751770062 23
1739715331705 161.9897841849059 24
1739715331710 161.65087233244174 25
1739715331716 161.3134241275397 26
1739715331722 160.9773857394037 27
1739715331728 160.6427070477916 28
1739715331733 160.30934137305124 29
1739715331738 159.97724522602516 30
1739715331744 159.64637807635464 31
1739715331750 159.3167021378228 32
1739715331757 158.98818216947754 33
1739715331764 158.66078529136814 34
1739715331770 158.3344808138163 35
1739715331776 158.00924007922168 36
1739715331781 157.68503631547605 37
1739715331788 157.36184450013002 38
1739715331794 157.03964123451755 39
1739715331800 156.71840462710466 40
1739715331805 156.39811418538076 41
1739715331810 156.07875071566363 42
1739715331815 155.76029623023365 43
1739715331821 155.4427338612581 44
1739715331827 155.12604778100382 45
1739715331832 154.81022312787698 46
1739715331838 154.49524593785821 47
1739715331844 154.1811030809389 48
1739715331850 153.8677822021878 49
1739715331857 153.55527166710954 50
1739715331862 153.24356051097777 51
1739715331869 152.9326383918519 52
1739715331875 152.6224955470059 53
1739715331880 152.3131227525192 54
1739715331886 152.00451128579675 55
1739715331891 151.69665289080413 56
1739715331897 151.38953974581742 57
1739715331902 151.0831644335047 58
1739715331908 150.7775199131669 59
1739715331913 150.47259949498084 60
1739715331918 150.1683968160974 61
1739715331923 149.86490581845905 62
1739715331928 149.56212072821043 63
1739715331933 149.26003603658725 64
1739715331938 148.9586464821729 65
1739715331943 148.65794703442526 66
1739715331948 148.3579328783793 67
1739715331953 148.05859940044073 68
1739715331958 147.75994217519082 69
1739715331964 147.46195695312838 70
1739715331969 147.1646396492814 71
1739715331975 146.8679863326244 72
1739715331980 146.57199321624358 73
1739715331986 146.2766566481944 74
1739715331991 145.98197310300293 75
1739715331996 145.68793917376266 76
1739715332002 145.3945515647848 77
1739715332007 145.1018070847612 78
1739715332012 144.80970264040374 79
1739715332018 144.5182352305245 80
1739715332022 144.22740194052645 81
1739715332027 143.9371999372733 82
1739715332033 143.6476264643132 83
1739715332038 143.3586788374289 84
1739715332044 143.07035444049242 85
1739715332049 142.7826507216015 86
1739715332054 142.49556518947813 87
1739715332060 142.20909541010982 88
1739715332065 141.92323900361734 89
1739715332070 141.63799364133152 90
1739715332076 141.353357043065 91
1739715332081 141.0693269745651 92
1739715332087 140.78590124513434 93
1739715332092 140.5030777054076 94
1739715332097 140.22085424527393 95
1739715332103 139.93922879193366 96
1739715332108 139.65819930808058 97
1739715332113 139.3777637902009 98
1739715332118 139.09792026698057 99
1739715332123 138.8186667978133 100
1739715332130 138.5400014714026 101
1739715332135 138.26192240445087 102
1739715332140 137.98442774042977 103
1739715332145 137.70751564842644 104
1739715332151 137.4311843220594 105
1739715332156 137.15543197846102 106
1739715332161 136.88025685731995 107
1739715332167 136.60565721998117 108
1739715332173 136.33163134859885 109
1739715332179 136.05817754533848 110
1739715332185 135.785294131625 111
1739715332190 135.51297944743425 112
1739715332196 135.24123185062433 113
1739715332202 134.9700497163041 114
1739715332207 134.69943143623698 115
1739715332212 134.42937541827712 116
1739715332217 134.15988008583628 117
1739715332222 133.89094387737882 118
1739715332228 133.6225652459437 119
1739715332233 133.354742658691 120
1739715332238 133.08747459647213 121
1739715332243 132.82075955342134 122
1739715332248 132.5545960365681 123
1739715332254 132.2889825654684 124
1739715332259 132.02391767185384 125
1739715332264 131.7593998992979 126
1739715332270 131.49542780289747 127
1739715332275 131.2319999489696 128
1739715332281 130.96911491476186 129
1739715332287 130.706771288176 130
1739715332292 130.44496766750356 131
1739715332298 130.18370266117327 132
1739715332304 129.92297488750927 133
1739715332309 129.66278297449938 134
1739715332314 129.40312555957323 135
1739715332319 129.14400128938937 136
1739715332324 128.88540881963078 137
1739715332330 128.6273468148088 138
1739715332335 128.3698139480743 139
1739715332340 128.11280890103654 140
1739715332345 127.85633036358833 141
1739715332350 127.6003770337379 142
1739715332355 127.34494761744709 143
1739715332361 127.09004082847487 144
1739715332366 126.83565538822668 145
1739715332372 126.58179002560894 146
1739715332378 126.32844347688834 147
1739715332383 126.07561448555609 148
1739715332389 125.82330180219631 149
1739715332394 125.57150418435906 150
1739715332400 125.32022039643697 151
1739715332405 125.06944920954622 152
1739715332410 124.81918940141081 153
1739715332415 124.56943975625039 154
1739715332420 124.32019906467171 155
1739715332425 124.07146612356304 156
1739715332431 123.82323973599154 157
1739715332436 123.5755187111039 158
1739715332441 123.32830186402954 159
1739715332446 123.08158801578656 160
1739715332451 122.83537599319021 161
1739715332456 122.58966462876398 162
1739715332461 122.3444527606529 163
1739715332466 122.09973923253922 164
1739715332475 121.85552289356028 165
1739715332481 121.61180259822832 166
1739715332486 121.36857720635273 167
1739715332492 121.12584558296363 168
1739715332497 120.88360659823802 169
1739715332502 120.64185912742718 170
1739715332507 120.40060205078618 171
1739715332512 120.15983425350488 172
1739715332517 119.91955462564073 173
1739715332522 119.67976206205299 174
1739715332527 119.44045546233846 175
1739715332532 119.20163373076898 176
1739715332537 118.96329577622997 177
1739715332542 118.72544051216059 178
1739715332548 118.48806685649522 179
1739715332553 118.25117373160619 180
1739715332559 118.01476006424764 181
1739715332564 117.77882478550097 182
1739715332570 117.5433668307211 183
1739715332576 117.30838513948406 184
1739715332582 117.07387865553562 185
1739715332587 116.83984632674121 186
1739715332592 116.60628710503654 187
1739715332598 116.37319994637953 188
1739715332603 116.1405838107032 189
1739715332608 115.90843766186937 190
1739715332613 115.6767604676235 191
1739715332618 115.44555119955035 192
1739715332623 115.21480883303046 193
1739715332629 114.98453234719781 194
1739715332634 114.75472072489781 195
1739715332639 114.52537295264672 196
1739715332644 114.29648802059133 197
1739715332649 114.06806492246984 198
1739715332654 113.84010265557325 199
1739715332659 113.61260022070758 200
1739715332664 113.38555662215695 201
1739715332669 113.15897086764708 202
1739715332674 112.93284196830979 203
1739715332680 112.70716893864792 204
1739715332685 112.48195079650125 205
1739715332690 112.25718656301262 206
1739715332695 112.032875262595 207
1739715332701 111.80901592289912 208
1739715332706 111.58560757478172 209
1739715332711 111.36264925227425 210
1739715332716 111.14013999255228 211
1739715332721 110.91807883590549 212
1739715332727 110.69646482570805 213
1739715332732 110.47529700838975 214
1739715332738 110.25457443340751 215
1739715332743 110.03429615321743 216
1739715332748 109.8144612232474 217
1739715332753 109.59506870187009 218
1739715332764 109.37611765037659 219
1739715332770 109.15760713295039 220
1739715332776 108.93953621664177 221
1739715332782 108.72190397134287 222
1739715332787 108.50470946976299 223
1739715332792 108.28795178740435 224
1739715332798 108.0716300025384 225
1739715332803 107.8557431961824 226
1739715332809 107.64029045207646 227
1739715332814 107.425270856661 228
1739715332819 107.21068349905462 229
1739715332825 106.99652747103224 230
1739715332830 106.78280186700371 231
1739715332836 106.56950578399272 232
1739715332841 106.35663832161624 233
1739715332848 106.14419858206391 234
1739715332854 105.93218567007838 235
1739715332859 105.72059869293527 236
1739715332865 105.5094367604242 237
1739715332871 105.29869898482946 238
1739715332877 105.08838448091154 239
1739715332883 104.87849236588852 240
1739715332888 104.66902175941824 241
1739715332894 104.45997178358024 242
1739715332900 104.25134156285844 243
1739715332905 104.04313022412383 244
1739715332910 103.83533689661762 245
1739715332916 103.62796071193448 246
1739715332921 103.42100080400623 247
1739715332927 103.21445630908556 248
1739715332932 103.00832636573037 249
1739715332937 102.80261011478797 250
1739715332943 102.59730669937974 251
1739715332948 102.39241526488614 252
1739715332953 102.18793495893154 253
1739715332958 101.98386493136977 254
1739715332964 101.78020433426975 255
1739715332970 101.57695232190099 256
1739715332976 101.37410805071978 257
1739715332982 101.17167067935559 258
1739715332988 100.96963936859706 259
1739715332994 100.76801328137913 260
1739715332999 100.56679158276945 261
1739715333005 100.36597343995582 262
1739715333011 100.16555802223311 263
1739715333017 99.96554450099093 264
1739715333024 99.76593204970105 265
1739715333030 99.56671984390536 266
1739715333037 99.36790706120375 267
1739715333043 99.16949288124229 268
1739715333049 98.97147648570174 269
1739715333056 98.77385705828564 270
1739715333063 98.5766337847095 271
1739715333070 98.3798058526892 272
1739715333077 98.18337245193023 273
1739715333083 97.98733277411678 274
1739715333089 97.791686012901 275
1739715333095 97.5964313638926 276
1739715333100 97.40156802464821 277
1739715333105 97.20709519466145 278
1739715333111 97.01301207535255 279
1739715333116 96.81931787005854 280
1739715333122 96.6260117840234 281
1739715333129 96.43309302438831 282
1739715333134 96.24056080018221 283
1739715333140 96.04841432231223 284
1739715333145 95.85665280355454 285
1739715333151 95.66527545854505 286
1739715333156 95.47428150377046 287
1739715333162 95.28367015755916 288
1739715333167 95.09344064007276 289
1739715333172 94.90359217329696 290
1739715333178 94.71412398103324 291
1739715333183 94.52503528889045 292
1739715333189 94.33632532427615 293
1739715333195 94.14799331638868 294
1739715333200 93.96003849620887 295
1739715333205 93.7724600964919 296
1739715333211 93.58525735175948 297
1739715333216 93.39842949829215 298
1739715333221 93.21197577412113 299
1739715333227 93.0258954190211 300
1739715333232 92.84018767450242 301
1739715333238 92.65485178380372 302
1739715333243 92.46988699188448 303
1739715333248 92.28529254541785 304
1739715333253 92.1010676927834 305
1739715333259 91.91721168406005 306
1739715333265 91.73372377101896 307
1739715333270 91.55060320711672 308
1739715333276 91.36784924748842 309
1739715333281 91.18546114894085 310
1739715333287 91.00343816994587 311
1739715333292 90.82177957063372 312
1739715333298 90.64048461278662 313
1739715333303 90.45955255983209 314
1739715333308 90.27898267683668 315
1739715333313 90.09877423049963 316
1739715333318 89.91892648914664 317
1739715333324 89.73943872272365 318
1739715333329 89.5603102027907 319
1739715333334 89.38154020251591 320
1739715333339 89.20312799666948 321
1739715333344 89.02507286161783 322
1739715333350 88.84737407531767 323
1739715333355 88.67003091731023 324
1739715333360 88.49304266871556 325
1739715333365 88.31640861222675 326
1739715333371 88.14012803210441 327
1739715333376 87.96420021417121 328
1739715333382 87.78862444580608 329
1739715333387 87.61340001593904 330
1739715333393 87.43852621504574 331
1739715333398 87.26400233514207 332
1739715333403 87.08982766977888 333
1739715333408 86.91600151403682 334
1739715333413 86.74252316452109 335
1739715333418 86.56939191935639 336
1739715333423 86.39660707818176 337
1739715333429 86.22416794214553 338
1739715333434 86.05207381390046 339
1739715333439 85.88032399759872 340
1739715333444 85.70891779888693 341
1739715333449 85.5378545249015 342
1739715333454 85.36713348426366 343
1739715333460 85.1967539870748 344
1739715333465 85.02671534491165 345
1739715333471 84.85701687082178 346
1739715333479 84.68765787931875 347
1739715333484 84.51863768637779 348
1739715333489 84.34995560943099 349
1739715333495 84.18161096736294 350
1739715333500 84.0136030805062 351
1739715333505 83.84593127063688 352
1739715333510 83.67859486097038 353
1739715333516 83.51159317615665 354
1739715333522 83.3449255422764 355
1739715333527 83.17859128683635 356
1739715333532 83.01258973876524 357
1739715333537 82.84692022840956 358
1739715333542 82.68158208752932 359
1739715333547 82.51657464929389 360
1739715333552 82.35189724827802 361
1739715333558 82.18754922045753 362
1739715333563 82.02352990320551 363
1739715333568 81.85983863528816 364
1739715333574 81.69647475686074 365
1739715333579 81.53343760946373 366
1739715333585 81.37072653601889 367
1739715333590 81.20834088082532 368
1739715333596 81.04627998955553 369
1739715333602 80.88454320925176 370
1739715333607 80.72312988832203 371
1739715333612 80.56203937653636 372
1739715333617 80.40127102502308 373
1739715333622 80.24082418626503 374
1739715333628 80.08069821409589 375
1739715333633 79.92089246369652 376
1739715333639 79.7614062915913 377
1739715333645 79.60223905564429 378
1739715333650 79.443390115056 379
1739715333655 79.28485883035958 380
1739715333661 79.12664456341719 381
1739715333666 78.96874667741668 382
1739715333672 78.8111645368679 383
1739715333678 78.65389750759934 384
1739715333684 78.49694495675452 385
1739715333690 78.3403062527887 386
1739715333696 78.18398076546536 387
1739715333702 78.0279678658528 388
1739715333707 77.87226692632086 389
1739715333713 77.7168773205374 390
1739715333718 77.56179842346506 391
1739715333724 77.407029611358 392
1739715333729 77.25257026175849 393
1739715333734 77.09841975349363 394
1739715333739 76.94457746667214 395
1739715333744 76.79104278268126 396
1739715333749 76.63781508418317 397
1739715333754 76.4848937551121 398
1739715333759 76.33227818067107 399
1739715333765 76.1799677473287 400
1739715333770 76.02796184281597 401
1739715333776 75.8762598561233 402
1739715333781 75.72486117749723 403
1739715333786 75.57376519843744 404
1739715333791 75.42297131169366 405
1739715333797 75.27247891126251 406
1739715333802 75.1222873923846 407
1739715333808 74.9723961515414 408
1739715333813 74.82280458645226 409
1739715333819 74.67351209607146 410
1739715333825 74.52451808058498 411
1739715333831 74.37582194140792 412
1739715333836 74.22742308118127 413
1739715333842 74.07932090376902 414
1739715333848 73.93151481425532 415
1739715333853 73.78400421894143 416
1739715333858 73.636788525343 417
1739715333863 73.48986714218705 418
1739715333868 73.34323947940912 419
1739715333873 73.19690494815048 420
1739715333878 73.05086296075527 421
1739715333883 72.90511293076759 422
1739715333888 72.75965427292881 423
1739715333893 72.61448640317467 424
1739715333899 72.46960873863263 425
1739715333904 72.32502069761883 426
1739715333909 72.18072169963558 427
1739715333914 72.03671116536866 428
1739715333919 71.89298851668417 429
1739715333926 71.7495531766263 430
1739715333932 71.6064045694144 431
1739715333937 71.46354212044008 432
1739715333943 71.32096525626481 433
1739715333949 71.17867340461726 434
1739715333957 71.0366659943904 435
1739715333963 70.89494245563897 436
1739715333969 70.75350221957686 437
1739715333975 70.61234471857438 438
1739715333981 70.47146938615577 439
1739715333988 70.33087565699643 440
1739715333996 70.1905629669205 441
1739715334003 70.05053075289814 442
1739715334008 69.91077845304287 443
1739715334014 69.77130550660927 444
1739715334020 69.63211135399015 445
1739715334027 69.4931954367141 446
1739715334032 69.35455719744311 447
1739715334038 69.2161960799696 448
1739715334043 69.07811152921445 449
1739715334048 68.94030299122409 450
1739715334053 68.80276991316813 451
1739715334059 68.6655117433369 452
1739715334065 68.52852793113892 453
1739715334070 68.39181792709836 454
1739715334075 68.25538118285279 455
1739715334081 68.1192171511505 456
1739715334088 67.9833252858481 457
1739715334094 67.84770504190818 458
1739715334100 67.71235587539682 459
1739715334106 67.57727724348108 460
1739715334112 67.4424686044268 461
1739715334117 67.3079294175959 462
1739715334122 67.17365914344443 463
1739715334127 67.0396572435195 464
1739715334133 66.90592318045772 465
1739715334138 66.7724564179821 466
1739715334144 66.6392564209002 467
1739715334149 66.50632265510139 468
1739715334155 66.37365458755485 469
1739715334161 66.24125168630705 470
1739715334166 66.10911342047932 471
1739715334171 65.97723926026572 472
1739715334176 65.84562867693072 473
1739715334182 65.71428114280664 474
1739715334187 65.58319613129164 475
1739715334193 65.4523731168473 476
1739715334198 65.3218115749963 477
1739715334204 65.19151098232028 478
1739715334210 65.06147081645734 479
1739715334216 64.9316905561 480
1739715334222 64.80216968099282 481
1739715334228 64.67290767193016 482
1739715334233 64.54390401075405 483
1739715334239 64.41515818035168 484
1739715334244 64.28666966465349 485
1739715334249 64.15843794863078 486
1739715334254 64.03046251829346 487
1739715334259 63.902742860687965 488
1739715334264 63.775278463894956 489
1739715334269 63.64806881702714 490
1739715334274 63.52111341022713 491
1739715334280 63.39441173466511 492
1739715334286 63.267963282536954 493
1739715334293 63.141767547061754 494
1739715334300 63.01582402247972 495
1739715334306 62.89013220405023 496
1739715334312 62.764691588049416 497
1739715334317 62.63950167176816 498
1739715334324 62.51456195350987 499
