1739716255913 165.10798812810367 0
1739716255917 166.51761294834046 1
1739716255922 163.70086849573843 2
1739716255927 162.60278640073304 3
1739716255932 159.3647258251401 4
1739716255936 153.96490757722648 5
1739716255941 155.02579876301925 6
1739716255946 149.30719496818588 7
1739716255951 147.4605967372865 8
1739716255956 141.62543435475723 9
1739716255961 139.33134678821116 10
1739716255965 140.02750873545446 11
1739716255970 141.51411136168687 12
1739716255974 134.57331271126478 13
1739716255979 135.8696131344854 14
1739716255984 129.5989725224042 15
1739716255988 128.25937509376283 16
1739716255993 130.37123002635 17
1739716255998 126.78114880095588 18
1739716256003 122.10627603211643 19
1739716256007 122.97246677655129 20
1739716256012 123.40236067879549 21
1739716256017 121.23033413843258 22
1739716256022 121.00299363461433 23
1739716256026 116.12687235429067 24
1739716256036 115.07786854503199 25
1739716256044 115.66360004846214 26
1739716256048 110.26528834754467 27
1739716256053 111.25113265736218 28
1739716256057 108.84401852563407 29
1739716256061 108.35188935037225 30
1739716256066 105.21205206171919 31
1739716256070 103.85849435862902 32
1739716256075 103.7363167148413 33
1739716256082 99.5486469673864 34
1739716256088 100.3703006457728 35
1739716256093 96.85571466486147 36
1739716256100 94.85953555292835 37
1739716256106 95.04416707377038 38
1739716256116 91.69490643268651 39
1739716256127 91.52453228126225 40
1739716256133 89.65699154134506 41
1739716256138 88.82867900326738 42
1739716256143 90.78262736595933 43
1739716256150 84.63174804549189 44
1739716256155 86.23723029837288 45
1739716256160 84.1336742691759 46
1739716256165 83.2064688594851 47
1739716256170 82.52905370391062 48
1739716256174 80.08590637826445 49
1739716256179 78.80981197765568 50
1739716256184 77.80879138199327 51
1739716256189 75.07362388424231 52
1739716256195 73.78823453985929 53
1739716256199 73.60673089344047 54
1739716256205 77.46714855487912 55
1739716256211 70.74828502263101 56
1739716256216 70.21179132488167 57
1739716256220 68.63108630602113 58
1739716256226 68.65785665109948 59
1739716256231 68.54700456331639 60
1739716256235 67.52022126322592 61
1739716256240 66.96236153015442 62
1739716256245 65.88273900094877 63
1739716256250 65.50502475088243 64
1739716256255 61.31141282022142 65
1739716256259 61.834605701316825 66
1739716256264 60.99146650094905 67
1739716256269 61.89696985863986 68
1739716256274 59.10150902695247 69
1739716256279 61.226961961799866 70
1739716256284 57.19868273029137 71
1739716256289 57.05601082026136 72
1739716256295 56.165448087066885 73
1739716256300 54.0028629401479 74
1739716256305 56.70365496681793 75
1739716256311 53.94103388203941 76
1739716256316 53.15199054172913 77
1739716256322 52.72530825568088 78
1739716256327 52.053020562550195 79
1739716256333 49.47388576265528 80
1739716256338 50.32339405954754 81
1739716256343 49.418899923104966 82
1739716256348 48.92164456430647 83
1739716256353 47.06152413063537 84
1739716256357 46.52377653318581 85
1739716256362 47.61970369217612 86
1739716256367 46.132802240597 87
1739716256372 44.434846031292984 88
1739716256376 43.93176435128419 89
1739716256381 42.61262543550673 90
1739716256385 42.092247439065815 91
1739716256390 43.0820852598019 92
1739716256394 43.562086717670226 93
1739716256399 42.47958001601521 94
1739716256404 41.42894311839636 95
1739716256409 40.044225467693984 96
1739716256414 40.64867087983806 97
1739716256419 39.43323469450855 98
1739716256423 37.59650401902903 99
1739716256428 37.25414503256811 100
1739716256433 38.73132379451102 101
1739716256437 36.20671215601722 102
1739716256441 36.437051078469175 103
1739716256446 37.2877828356641 104
1739716256451 36.06716555695736 105
1739716256457 36.057908710427 106
1739716256461 33.90545151257131 107
1739716256466 33.34587718302911 108
1739716256471 32.84494112893553 109
1739716256475 32.15950055278615 110
1739716256480 31.866735017962228 111
1739716256485 31.993494562241544 112
1739716256490 32.325072147458265 113
1739716256495 30.788800683957785 114
1739716256500 29.768015383667063 115
1739716256505 30.211283393327285 116
1739716256510 29.19313412997496 117
1739716256515 29.23930263958279 118
1739716256520 28.01575970363787 119
1739716256525 29.266864474698362 120
1739716256530 27.56001245178575 121
1739716256535 27.3274065616038 122
1739716256540 26.895695852309583 123
1739716256545 26.761857571912916 124
1739716256550 27.633585306816283 125
1739716256554 25.93020915717459 126
1739716256559 24.9188582942571 127
1739716256563 25.608359417955207 128
1739716256568 24.31099231702101 129
1739716256572 23.482622037841473 130
1739716256577 23.629215356367446 131
1739716256581 23.06971211271139 132
1739716256586 24.003507731212405 133
1739716256590 23.22130619778188 134
1739716256595 23.321654438414736 135
1739716256601 22.458447129198284 136
1739716256607 21.856209673369314 137
1739716256612 22.10532225208086 138
1739716256617 21.490515486714415 139
1739716256623 20.959719422070393 140
1739716256628 20.01753521756063 141
1739716256633 20.896789340686873 142
1739716256637 19.65968722942072 143
1739716256642 18.531852484275017 144
1739716256647 19.808804454153588 145
1739716256652 20.304081052969956 146
1739716256656 18.91157928624074 147
1739716256661 18.780007318104623 148
1739716256666 17.735602574142483 149
1739716256670 17.297753704660963 150
1739716256674 17.574357121220906 151
1739716256679 17.446426184115303 152
1739716256684 17.262285816888813 153
1739716256689 16.73381732465621 154
1739716256693 17.904323388916172 155
1739716256698 16.35050194591578 156
1739716256704 16.08350979382263 157
1739716256709 17.27321661037127 158
1739716256714 15.979117173951204 159
1739716256719 15.972775529907631 160
1739716256723 15.114921344413231 161
1739716256728 15.577459159216415 162
1739716256732 14.495196478883361 163
1739716256737 15.453636235762882 164
1739716256742 14.424016880707422 165
1739716256746 14.60988687382025 166
1739716256751 14.120100685165275 167
1739716256756 14.332217923454937 168
1739716256760 13.219146875834268 169
1739716256765 13.388592878073052 170
1739716256770 13.860342402287344 171
1739716256774 13.70701910054622 172
1739716256779 13.647663958977649 173
1739716256784 12.33545458327597 174
1739716256789 12.43510991211434 175
1739716256793 12.777608224520597 176
1739716256798 12.724517185697602 177
1739716256802 12.025251761357593 178
1739716256807 11.801918471699823 179
1739716256812 12.033238824039904 180
1739716256817 12.327319472911276 181
1739716256822 11.14793653801385 182
1739716256826 11.345077090921663 183
1739716256831 11.567308703224482 184
1739716256836 11.063502461238262 185
1739716256841 11.170413898612507 186
1739716256845 10.83460635611544 187
1739716256850 10.864078526714978 188
1739716256855 9.859913509592523 189
1739716256859 10.089480370719215 190
1739716256864 9.958571056945903 191
1739716256868 10.204590773718476 192
1739716256873 9.628055724721914 193
1739716256878 9.668169146773783 194
1739716256883 9.661582137211266 195
1739716256888 9.636472912125063 196
1739716256893 9.670863473368852 197
1739716256898 8.534029940986075 198
1739716256904 9.057581138253626 199
1739716256909 8.826039294441214 200
1739716256914 8.453941965047264 201
1739716256919 8.663388232695908 202
1739716256924 8.563024079555184 203
1739716256929 8.37569679398818 204
1739716256933 8.195178263192307 205
1739716256938 7.800345689628288 206
1739716256943 8.34437826262006 207
1739716256948 7.893428155054046 208
1739716256953 8.008655731869231 209
1739716256957 8.000745513039192 210
1739716256962 7.806271571261081 211
1739716256967 7.585208172546851 212
1739716256972 7.235767364446695 213
1739716256977 7.284362535097352 214
1739716256981 6.896746356668259 215
1739716256986 7.140435068029925 216
1739716256991 6.909881409626744 217
1739716256995 7.231865893794236 218
1739716257001 7.417740095656353 219
1739716257006 6.930386056426125 220
1739716257011 6.1671912360360395 221
1739716257016 6.629972388227678 222
1739716257020 6.269007552552485 223
1739716257025 6.688932885214325 224
1739716257030 6.447909263517434 225
1739716257035 6.4118296129892505 226
1739716257040 6.6775203919301624 227
1739716257045 5.75616444121873 228
1739716257050 5.809998847080323 229
1739716257055 5.783510650797925 230
1739716257059 5.575801350630355 231
1739716257063 5.563922871268281 232
1739716257068 5.5122627244022935 233
1739716257072 5.726603765455577 234
1739716257077 5.240492951718266 235
1739716257082 5.5124679133160175 236
1739716257086 5.361750433196123 237
1739716257092 5.673532009843108 238
1739716257098 5.309378671131158 239
1739716257105 5.334709787108757 240
1739716257111 4.805531175589721 241
1739716257121 4.72910597263088 242
1739716257127 4.9130731379028445 243
1739716257132 5.007340016610748 244
1739716257137 4.847880900106098 245
1739716257143 4.584927376188818 246
1739716257148 4.352844613506462 247
1739716257154 4.390416040507831 248
1739716257159 4.660444990926847 249
1739716257164 4.259410703282679 250
1739716257169 4.212911174210468 251
1739716257174 4.125186237629282 252
1739716257178 3.8584026450958193 253
1739716257183 3.7768829529692045 254
1739716257187 3.9973336249653215 255
1739716257192 3.932944586377707 256
1739716257197 3.9417306342640885 257
1739716257202 3.5863569788588374 258
1739716257207 3.7671383540058416 259
1739716257211 3.794891728633219 260
1739716257217 3.960100414000179 261
1739716257222 4.001580479672906 262
1739716257228 3.9238816647476353 263
1739716257232 3.376374931702518 264
1739716257237 3.6078003838948356 265
1739716257242 3.7776141578156297 266
1739716257247 3.345374699207516 267
1739716257253 3.1236075222391975 268
1739716257258 3.281978212001544 269
1739716257263 3.728765145680943 270
1739716257268 2.9895930907164456 271
1739716257273 3.1180619936461493 272
1739716257278 3.326676283007942 273
1739716257283 3.3552346237066755 274
1739716257288 3.1118931630091184 275
1739716257293 2.975469819440406 276
1739716257298 3.167889115492149 277
1739716257303 3.1584956565532063 278
1739716257308 3.1130446868916803 279
1739716257313 2.9333440355182305 280
1739716257318 2.8314572877915962 281
1739716257323 3.1908251510702192 282
1739716257328 2.787004044651957 283
1739716257333 2.7357949567253725 284
1739716257338 2.7696455417024923 285
1739716257342 3.1453372002986666 286
1739716257347 2.703282292545211 287
1739716257352 2.4495402770371193 288
1739716257357 2.942093008693588 289
1739716257362 2.4912473427311617 290
1739716257366 2.18710091422214 291
1739716257371 2.4840059489806117 292
1739716257376 2.4287023172939564 293
1739716257381 2.261213810711027 294
1739716257409 2.5493353582253135 295
1739716257422 2.464887300201522 296
1739716257427 2.0451319351035155 297
1739716257432 2.479188469433592 298
1739716257437 2.150218258330012 299
1739716257442 1.9656049815668442 300
1739716257448 2.3151503469109183 301
1739716257454 2.059152419386543 302
1739716257459 2.0397711822136175 303
1739716257464 2.061528948848381 304
1739716257469 2.117717358308069 305
1739716257474 1.870684838457169 306
1739716257479 2.1426272701961606 307
1739716257483 2.21082173426386 308
1739716257488 1.8099897114387293 309
1739716257493 2.124897262724331 310
1739716257498 1.7266596167127424 311
1739716257503 1.972402326261142 312
1739716257508 2.0704543895043144 313
1739716257513 2.054617177044191 314
1739716257518 1.6777299307202502 315
1739716257522 1.713899531285795 316
1739716257527 1.88315604467371 317
1739716257531 1.7926493199787006 318
1739716257536 1.7242839424960896 319
1739716257541 1.7610880103738622 320
1739716257546 1.6533121170733913 321
1739716257551 1.5636744922316401 322
1739716257555 1.781721749152194 323
1739716257560 1.9468962614731822 324
1739716257565 1.5589269254822486 325
1739716257569 1.5687055602584359 326
1739716257574 1.5726519729997472 327
1739716257578 1.456833755766253 328
1739716257583 1.6529587228458926 329
1739716257587 1.3575265412039617 330
1739716257592 1.6213428473636609 331
1739716257597 1.2934717571010987 332
1739716257602 1.3569391015645476 333
1739716257606 1.513818189926248 334
1739716257611 1.4083585797213436 335
1739716257615 1.2877720713895322 336
1739716257620 1.6916960835255794 337
1739716257624 1.3275285917288873 338
1739716257629 1.4833749841032877 339
1739716257633 1.4660477055500978 340
1739716257638 1.3940328875479107 341
1739716257642 1.4167740620733147 342
1739716257647 1.5324392663389264 343
1739716257652 1.2921811451537353 344
1739716257657 1.2148349792090571 345
1739716257661 1.2120832041860423 346
1739716257666 1.19667785796673 347
1739716257670 1.1968321175298373 348
1739716257675 1.0521729373538662 349
1739716257679 1.29501228533139 350
1739716257684 1.3271292122482505 351
1739716257689 1.2360782144108111 352
1739716257694 1.0411463426185956 353
1739716257698 1.1448401228477942 354
1739716257703 1.0700428831199715 355
1739716257707 1.143734967761336 356
1739716257712 1.066383805353404 357
1739716257716 1.0006873960632827 358
1739716257724 1.186950664502266 359
1739716257730 1.0047269269356625 360
1739716257735 0.897739708440579 361
1739716257741 1.1388940345979486 362
1739716257746 0.8534615342622979 363
1739716257751 1.0340914938391224 364
1739716257757 0.9985319914761821 365
1739716257762 0.9953243179125905 366
1739716257768 0.8893140380698281 367
1739716257773 0.9218798702268343 368
1739716257778 0.9137060386649843 369
1739716257783 0.8981428401877062 370
1739716257788 1.0919365595121817 371
1739716257793 0.8444295891444173 372
1739716257797 0.9436009743787978 373
1739716257803 0.7859474517190236 374
1739716257808 0.7322043188637547 375
1739716257813 0.7896192639491596 376
1739716257818 0.8855927581544817 377
1739716257823 0.7134330844675358 378
1739716257828 0.7981511183204095 379
1739716257832 0.8398914645021882 380
1739716257837 0.8764698028119497 381
1739716257842 0.8358408231390216 382
1739716257847 0.844735732342365 383
1739716257852 0.9640753950508866 384
1739716257857 0.7606436187613548 385
1739716257862 0.8325487493303095 386
1739716257866 0.7920994657942869 387
1739716257871 0.7307386239663373 388
1739716257876 0.8051252931232872 389
1739716257881 0.7866694919181627 390
1739716257886 0.6987635423582078 391
1739716257891 0.734761642255888 392
1739716257895 0.6305215851479388 393
1739716257900 0.7572700804646325 394
1739716257905 0.6875849541683319 395
1739716257910 0.7923513469498397 396
1739716257915 0.8438776387258989 397
1739716257921 0.7137115610627888 398
1739716257928 0.5309749177207377 399
1739716257934 0.6331303032267914 400
1739716257939 0.6838315627285434 401
1739716257944 0.6981282517715965 402
1739716257949 0.5761509458787671 403
1739716257956 0.7141930419975122 404
1739716257962 0.516083010716801 405
1739716257968 0.6420865410168777 406
1739716257973 0.5925394936583238 407
1739716257978 0.5215043857735886 408
1739716257983 0.6244923431805784 409
1739716257988 0.583827582022926 410
1739716257993 0.7060184896736762 411
1739716257998 0.6193467357775241 412
1739716258002 0.49154705499870627 413
1739716258008 0.6635963825621808 414
1739716258013 0.5571075096980109 415
1739716258019 0.4439819098022561 416
1739716258024 0.546716994718264 417
1739716258029 0.47095151758972004 418
1739716258034 0.4621027696779447 419
1739716258039 0.5761837650181608 420
1739716258044 0.5608188822464679 421
1739716258049 0.5002918688255586 422
1739716258054 0.49978151655957126 423
1739716258059 0.5416449960105515 424
1739716258064 0.46936301919248286 425
1739716258069 0.6209149030966765 426
1739716258074 0.5843009829003479 427
1739716258080 0.4944193049990901 428
1739716258084 0.4846797368070606 429
1739716258089 0.3902981290792293 430
1739716258095 0.51561258095749 431
1739716258101 0.5541530335302751 432
1739716258106 0.5928081536567322 433
1739716258111 0.432328403711068 434
1739716258116 0.3779590967853494 435
1739716258121 0.4873997776145721 436
1739716258126 0.4678036977328167 437
1739716258131 0.47035649400935137 438
1739716258136 0.41670657441840225 439
1739716258141 0.4173884547092547 440
1739716258146 0.4253364680448226 441
1739716258155 0.3823532907844706 442
1739716258159 0.4630490260231692 443
1739716258165 0.41013585235609895 444
1739716258169 0.37355872922473154 445
1739716258174 0.44070031127703524 446
1739716258179 0.3902590757309724 447
1739716258184 0.33580983940835346 448
1739716258189 0.4787475475264736 449
1739716258193 0.4940990251577549 450
1739716258198 0.36577795195387824 451
1739716258203 0.35673175335094437 452
1739716258208 0.3428113781978324 453
1739716258214 0.39699081552269355 454
1739716258219 0.4827255361824178 455
1739716258224 0.36849555607654294 456
1739716258228 0.3722766702129335 457
1739716258233 0.4263555914140951 458
1739716258238 0.3294432879138887 459
1739716258243 0.2847810959892207 460
1739716258248 0.45921218868617947 461
1739716258253 0.31542173491807884 462
1739716258258 0.40981633375107007 463
1739716258262 0.24629255465470665 464
1739716258267 0.35923816296285416 465
1739716258272 0.35732173150541235 466
1739716258277 0.42254295229242933 467
1739716258281 0.36812092580228717 468
1739716258286 0.48316852574188096 469
1739716258290 0.3805615292331479 470
1739716258295 0.27555998332440085 471
1739716258300 0.32371534648104505 472
1739716258304 0.35073105260135157 473
1739716258308 0.3280039293631458 474
1739716258313 0.29815960474974224 475
1739716258317 0.36573166793069767 476
1739716258322 0.3447023930343254 477
1739716258327 0.35734355003316837 478
1739716258331 0.28241751851678915 479
1739716258336 0.29698231217302207 480
1739716258341 0.34549809199967707 481
1739716258346 0.3746996489162565 482
1739716258351 0.2930105811764891 483
1739716258356 0.2666201875615163 484
1739716258360 0.34638160057655926 485
1739716258365 0.3455474404193993 486
1739716258370 0.2780396923195729 487
1739716258375 0.2514618078451901 488
1739716258379 0.30034038951023534 489
1739716258384 0.3861276731265914 490
1739716258388 0.47612710935031005 491
1739716258393 0.26337344616611885 492
1739716258397 0.3061285050096898 493
1739716258402 0.2180234259357306 494
1739716258406 0.30456792580465497 495
1739716258412 0.35591122718077495 496
1739716258417 0.3296966928979372 497
1739716258422 0.33119998773570325 498
1739716258426 0.23044761723192525 499
