1739719443293 3.2757231117126615 0
1739719443325 1.605146571289308 1
1739719443357 6.445343747196755 2
1739719443389 80.50558032455932 3
1739719443420 8.505653888228306 4
1739719443452 1.1811741305687613 5
1739719443484 3369.660773172585 6
1739719443515 1618.318290587168 7
1739719443547 0.37562482051715484 8
1739719443579 0.05318482748267563 9
1739719443610 0.3439726969072515 10
1739719443642 0.3192555985333105 11
1739719443673 0.16729318857997996 12
1739719443704 2.2810598850809387 13
1739719443735 1.1332233146227542 14
1739719443767 0.5369717204426244 15
1739719443798 119.99487462771553 16
1739719443830 0.10814321580080426 17
1739719443861 48.22321268130023 18
1739719443892 5004417.297807559 19
1739719443923 0.11682228643615818 20
1739719443954 1.4387685112237432 21
1739719443985 56.8291929391843 22
1739719444016 4.742853696890264 23
1739719444048 21.690364703625757 24
1739719444079 12.069069692764877 25
1739719444111 688.506252629011 26
1739719444142 75.24790545082885 27
1739719444173 0.15825101354961335 28
1739719444205 2.097204576659528 29
1739719444236 28.215043895670078 30
1739719444267 1471012.9452427067 31
1739719444299 2662.3208315676666 32
1739719444336 8.624528572071588 33
1739719444403 10398.41224256967 34
1739719444434 1.089143665473601 35
1739719444465 0.03838753409096709 36
1739719444499 0.0003369960871015248 37
1739719444531 649.0208749929639 38
1739719444563 1823.902495649899 39
1739719444599 0.613026436403612 40
1739719444631 0.7969783551573494 41
1739719444662 0.8998191985303317 42
1739719444694 47.31849557106372 43
1739719444725 959980.2897031892 44
1739719444756 201.83359063840697 45
1739719444787 1.7659460101760553 46
1739719444819 34.58501865233874 47
1739719444850 8.286954640948992e-05 48
1739719444880 5.036829971116177 49
1739719444911 0.5327599125668996 50
1739719444942 0.5128497702423787 51
1739719444973 0.0002065114282855186 52
1739719445003 0.05996545727934878 53
1739719445035 0.6641921805970757 54
1739719445066 25.85485304618863 55
1739719445097 0.48562506887420676 56
1739719445130 9.313401650048833 57
1739719445162 0.2543951558490675 58
1739719445193 1.7614267796415297 59
1739719445224 469.54426920830093 60
1739719445256 0.5017931283285747 61
1739719445287 0.27021897101806164 62
1739719445318 0.9417076031415954 63
1739719445350 0.7371297496554859 64
1739719445381 35.17625215212173 65
1739719445412 0.9315630229437185 66
1739719445443 8905865.74959287 67
1739719445474 20031.884024986983 68
1739719445505 0.2572669676135356 69
1739719445537 0.5654921133859784 70
1739719445568 22.55956232561381 71
1739719445599 0.24480414105704762 72
1739719445629 0.3502018202019141 73
1739719445661 12770223.507662442 74
1739719445693 870682.5746579528 75
1739719445724 488331.39693389484 76
1739719445755 0.35762651785632615 77
1739719445786 0.5890028258879889 78
1739719445818 5286.917576346228 79
1739719445849 0.004446974467852069 80
1739719445880 0.2795944375328924 81
1739719445911 4.866148595523972 82
1739719445942 267.7777593867706 83
1739719445973 2954827.1321029747 84
1739719446005 23097.982638517937 85
1739719446036 2.7093350205425244 86
1739719446068 74.01917583348619 87
1739719446099 5.593419877784808 88
1739719446130 10.155420760336902 89
1739719446162 0.23536430144454573 90
1739719446193 85.71481281851035 91
1739719446224 0.23845573767591013 92
1739719446256 11.239435211965194 93
1739719446287 2.014035630400884 94
1739719446323 6.9860199697197904 95
1739719446354 0.10836175351135968 96
1739719446385 0.18089920236053725 97
1739719446416 1.8053231044362237 98
1739719446448 0.5182190045641165 99
1739719446479 0.6165350328339843 100
1739719446511 5347.323666843146 101
1739719446542 0.025801771663948793 102
1739719446574 0.320437683468345 103
1739719446605 0.0230443311505026 104
1739719446636 4.759487395269853 105
1739719446668 14964.451587837688 106
1739719446699 0.864360574138543 107
1739719446730 11.369628914535163 108
1739719446762 0.06506985301503534 109
1739719446793 4.261569549494492 110
1739719446825 27.819950048502974 111
1739719446856 0.040638382492154276 112
1739719446888 0.552515290775778 113
1739719446919 421.4127884625941 114
1739719446951 0.11535323408333233 115
1739719446982 0.3456113671351681 116
1739719447013 0.009448207210401113 117
1739719447044 1.4811552642268588 118
1739719447076 0.16205881804383174 119
1739719447107 34562401.036541544 120
1739719447137 827.4318970844838 121
1739719447169 26514.584183643423 122
1739719447200 0.7542540404765795 123
1739719447232 0.057395880461520436 124
1739719447263 1.586854000839472 125
1739719447295 193.87199423251434 126
1739719447326 1.6866722343729668 127
1739719447358 0.5312616362755429 128
1739719447389 1.070768383591389 129
1739719447420 38.81285367522705 130
1739719447451 19.051244081514497 131
1739719447483 0.12261568712576856 132
1739719447514 0.22125724130722665 133
1739719447544 306.2958986145983 134
1739719447576 0.07403731388017469 135
1739719447607 1079.7363508136898 136
1739719447638 0.002543748332421969 137
1739719447669 0.13067477754423482 138
1739719447701 1.316244426356202 139
1739719447731 0.020850597238117597 140
1739719447762 2.6400845554930807 141
1739719447794 55226.92545729205 142
1739719447825 0.8714611619705 143
1739719447857 0.034751243741247176 144
1739719447889 20.749964561803235 145
1739719447920 2.0944055692385395 146
1739719447950 5.745253191612849 147
1739719447982 6.887830217748501e-07 148
1739719448014 358.04816163757283 149
1739719448044 1.0170579321814246 150
1739719448076 12.831724052563539 151
1739719448108 3870.1679098094532 152
1739719448139 0.19561595623703354 153
1739719448170 28.214813241766905 154
1739719448201 0.6079974325956731 155
1739719448232 8.125227707328275 156
1739719448263 1845.656454905171 157
1739719448294 0.15203523929863036 158
1739719448326 70.83552171626972 159
1739719448357 0.9663588151573805 160
1739719448388 8.953503287090287 161
1739719448420 5.730468425529898 162
1739719448451 12.121730264203078 163
1739719448482 1.5066114324324886 164
1739719448513 5.876729415308296 165
1739719448545 8.374308691464789 166
1739719448576 0.05223453257220374 167
1739719448607 80.30236200048358 168
1739719448639 104.3954673287676 169
1739719448671 33.30554306236655 170
1739719448703 0.3982768726288088 171
1739719448734 3.4695047235170886 172
1739719448766 0.2058353915362549 173
1739719448797 8.809507601625464 174
1739719448829 4.491373977440067 175
1739719448861 0.3536730841241682 176
1739719448892 0.033044146388356156 177
1739719448923 1.439749981108109 178
1739719448955 0.3731332911583866 179
1739719448986 8.023134152533192 180
1739719449017 0.6663131544446282 181
1739719449048 0.0007116481263713308 182
1739719449080 4.805735202142395 183
1739719449111 765.0185525187568 184
1739719449143 0.1919573480431332 185
1739719449175 793.0437203423169 186
1739719449206 0.13032576938759652 187
1739719449238 2.1492433952292456 188
1739719449270 3.259302290661223 189
1739719449301 0.22218447039840802 190
1739719449333 2.6974200233676253 191
1739719449365 9.80480291844214 192
1739719449396 0.007890237897915984 193
1739719449427 0.1875467544065797 194
1739719449459 62.550946233009164 195
1739719449490 507.4356651131105 196
1739719449521 0.6997021863631238 197
1739719449552 43.38850731357077 198
1739719449583 8.925733995158537e-05 199
1739719449615 0.000284454376387143 200
1739719449646 6.436963283633043 201
1739719449677 15725.146028246692 202
1739719449708 415442.6715892925 203
1739719449739 55524.08007418548 204
1739719449770 185.22991834277042 205
1739719449802 467.54734241069224 206
1739719449833 796.7586114732785 207
1739719449864 22637.00665291623 208
1739719449896 14860.147177431121 209
1739719449927 5.274243570704147 210
1739719449958 32.02321000843578 211
1739719449990 0.8670198563711644 212
1739719450021 3.363524989199951 213
1739719450052 0.2739279015941187 214
1739719450083 18.401038189301357 215
1739719450115 98.59542404051047 216
1739719450146 184.11079263530257 217
1739719450177 15.64947561506306 218
1739719450208 0.0030656661035126866 219
1739719450239 537.2844540763639 220
1739719450271 31.506262813648746 221
1739719450302 0.03216284232501415 222
1739719450333 40.666477655523046 223
1739719450364 0.00131211919866351 224
1739719450395 1502.3932304153202 225
1739719450426 0.025770371819880115 226
1739719450457 11.413776466024073 227
1739719450488 1.377609973357407 228
1739719450519 0.0432770023108337 229
1739719450550 0.10776974079015603 230
1739719450581 2.489309045543935 231
1739719450613 106.98592664151771 232
1739719450644 17.212927132096777 233
1739719450675 11.295061876202222 234
1739719450707 38906.29375194271 235
1739719450738 0.10243464724555604 236
1739719450769 0.0014353800673653368 237
1739719450801 1776.6584208428728 238
1739719450832 563.7275591401309 239
1739719450863 1.3725805813422522 240
1739719450894 5.319379527838314 241
1739719450925 0.2819866223007275 242
1739719450956 0.15551732264534282 243
1739719450988 14.933528460159762 244
1739719451019 0.02339272285502002 245
1739719451050 4.651891268372899 246
1739719451080 52.11241869534624 247
1739719451112 2070.87985857774 248
1739719451143 3543.403270973809 249
1739719451174 83.95041787448322 250
1739719451206 0.12673895515629535 251
1739719451237 6.764765774714303 252
1739719451268 9.392869353839883 253
1739719451300 206.69449789219175 254
1739719451330 0.14218495214968688 255
1739719451362 2.877368442321666 256
1739719451393 996.6036173959981 257
1739719451425 0.13255600765406597 258
1739719451457 7543.222384166776 259
1739719451489 0.30999112706204723 260
1739719451521 3.391585521596193 261
1739719451552 0.3422155518863827 262
1739719451584 0.17005439960319116 263
1739719451615 33.80527428490167 264
1739719451647 0.859800809317994 265
1739719451678 3966.9884375721545 266
1739719451710 0.10231712692434192 267
1739719451741 2.1796732600647286 268
1739719451773 23.10684712659442 269
1739719451804 1.5589855889935544 270
1739719451835 0.08158410858445819 271
1739719451867 0.5315725418312166 272
1739719451899 9.269912663064208 273
1739719451930 15.964786372303545 274
1739719451961 0.1823478778052853 275
1739719451992 0.03965299179526147 276
1739719452024 0.0006677239349005802 277
1739719452056 3.468628135887162 278
1739719452087 593.4461954362224 279
1739719452119 1.602141347252536 280
1739719452150 106.93542010311724 281
1739719452182 0.005758476587448732 282
1739719452213 0.9291111866525108 283
1739719452244 0.012917792137378724 284
1739719452276 6.986108448003968 285
1739719452307 11.460917614038623 286
1739719452338 0.6213174778217435 287
1739719452369 3.9445024070616426 288
1739719452401 0.027346460060208976 289
1739719452432 2.3002831482335657 290
1739719452462 0.6328846722338979 291
1739719452493 13.47440391891429 292
1739719452525 0.3074557128552788 293
1739719452556 0.7799045313414621 294
1739719452588 1.9682493394477392 295
1739719452619 41.92439838933182 296
1739719452651 3.6465652706997007 297
1739719452682 0.03702825469971581 298
1739719452714 559.3735705588853 299
1739719452745 0.030156187166783043 300
1739719452778 0.9553207423285979 301
1739719452811 8.326108971887344 302
1739719452846 4094.7524367782057 303
1739719452878 35.99202116410711 304
1739719452911 103.9368008776977 305
1739719452944 0.3895400002089273 306
1739719452976 1.4915495370112182 307
1739719453009 0.1969086010380962 308
1739719453043 0.27904368569012455 309
1739719453076 21.335035008036005 310
1739719453110 82.24924269692852 311
1739719453143 2.9168812059047546 312
1739719453176 0.0930564548526634 313
1739719453210 37.31550725347747 314
1739719453243 4.919691289818971 315
1739719453276 8.965869603758945 316
1739719453309 0.09962541054113774 317
1739719453342 10.22805542950063 318
1739719453374 0.8231220589501446 319
1739719453407 0.6261345516085809 320
1739719453440 0.0006096155052187775 321
1739719453473 0.8411618830099051 322
1739719453506 0.06274487698293986 323
1739719453539 0.01727879666284895 324
1739719453572 0.0011924093792991667 325
1739719453605 2915.866798355519 326
1739719453638 0.09624730618843809 327
1739719453671 1528.3082516273478 328
1739719453704 2445.487792170671 329
1739719453736 0.018309296221737558 330
1739719453769 44.71709574659014 331
1739719453802 0.8971521556303313 332
1739719453834 0.6332432500937737 333
1739719453867 0.007924709765895752 334
1739719453900 2156.2542467541325 335
1739719453933 339.1803399710283 336
1739719453966 32.87707902818654 337
1739719453999 1.1804125803835166 338
1739719454032 0.013335169699254839 339
1739719454065 63.7658399487506 340
1739719454098 3.381869986820867 341
1739719454133 0.02828354138812859 342
1739719454166 0.0008597194267684738 343
1739719454200 0.04288187883338 344
1739719454234 1.0598153227436409 345
1739719454267 2.9279957459041848 346
1739719454299 0.2971568009827297 347
1739719454332 0.7336725421174868 348
1739719454367 1.236458615267509 349
1739719454401 297.28363186819706 350
1739719454435 0.0007351475396428676 351
1739719454468 0.024848803965145997 352
1739719454502 0.0328776307907885 353
1739719454536 0.3065819069326901 354
1739719454570 0.07332887932025958 355
1739719454604 0.10572708178389711 356
1739719454637 4.425552388260151 357
1739719454670 7.615261409078754 358
1739719454705 552.9416111663934 359
1739719454740 82.89702790114917 360
1739719454774 1432.9581780608662 361
1739719454808 494.80103114616804 362
1739719454844 29.012698042260922 363
1739719454878 0.29493092140254357 364
1739719454912 15583.817073807873 365
1739719454946 17.722355812636817 366
1739719454978 0.021070143378218283 367
1739719455011 61369.37436446477 368
1739719455043 3.244566944775336 369
1739719455075 0.12126076055168956 370
1739719455106 0.663629852716831 371
1739719455138 2.236834178929798 372
1739719455170 1.4851880464565839 373
1739719455202 0.6831515996149885 374
1739719455234 4.09190567191094 375
1739719455266 3.4999339065655075 376
1739719455298 24.67823124644669 377
1739719455330 0.0003938417254744413 378
1739719455362 0.27522206817641137 379
1739719455393 0.5952810348712329 380
1739719455424 1.6994415603857957 381
1739719455456 1.9922755334972007 382
1739719455488 0.0011219492590692761 383
1739719455519 197.8554156439035 384
1739719455551 292.8137711046332 385
1739719455582 20409.00001930686 386
1739719455613 11.143770074957631 387
1739719455645 0.1956238185919608 388
1739719455676 53.67230568483495 389
1739719455708 7.13846049310273 390
1739719455740 0.3448486116536813 391
1739719455771 7.558838220378495 392
1739719455803 0.24929912335833265 393
1739719455835 20653.37221020343 394
1739719455866 14.903932793291514 395
1739719455897 0.5503498766393566 396
1739719455928 0.666182276595742 397
1739719455960 0.04926177948278617 398
1739719455991 0.28937456946430745 399
1739719456023 55.47512747099663 400
1739719456054 0.3384171162922344 401
1739719456085 1.8618681765507377 402
1739719456116 17565.931977104035 403
1739719456148 287.64630415153385 404
1739719456182 0.005485877376429831 405
1739719456216 0.4783596063062889 406
1739719456248 4.395074466160888 407
1739719456279 0.6913493016783855 408
1739719456311 0.7980107849168598 409
1739719456342 2562.6761792831308 410
1739719456373 51.76164304648291 411
1739719456404 259.6634956256324 412
1739719456435 0.6204706513679227 413
1739719456466 510421.9907024667 414
1739719456497 921.2967097351612 415
1739719456528 0.2504996996223949 416
1739719456560 5982.3330886699205 417
1739719456591 1.3819804942309206 418
1739719456622 286.6033113285405 419
1739719456653 9905.082333795399 420
1739719456685 0.2754578203231983 421
1739719456716 1.3344216287392767 422
1739719456748 8.926201142382514 423
1739719456779 5.514007903515687 424
1739719456810 145.1139996293354 425
1739719456841 2.1413182901608394 426
1739719456875 0.04541449331962077 427
1739719456911 62.873649090530606 428
1739719456947 631.2001001997118 429
1739719456983 550295.798229813 430
1739719457018 117.71088258460075 431
1739719457051 221642.19801254294 432
1739719457085 0.002105945316110307 433
1739719457119 5363.173936100245 434
1739719457152 0.033705459763872424 435
1739719457185 172.13758013271948 436
1739719457217 590264.4423777503 437
1739719457249 51.36915748691511 438
1739719457281 0.8428659410038951 439
1739719457313 13.513021277555168 440
1739719457345 212.5836905476304 441
1739719457376 130.71694306382835 442
1739719457408 602.6626417982279 443
1739719457439 569.2988994769877 444
1739719457471 0.20445325609200438 445
1739719457503 0.03979336552761961 446
1739719457535 1.262469851302375 447
1739719457567 293.60029854997083 448
1739719457598 0.43367176051707734 449
1739719457630 0.00312833330715478 450
1739719457661 0.26200705858825823 451
1739719457692 0.06060868915388971 452
1739719457723 0.08074149265865711 453
1739719457754 0.07387116386514747 454
1739719457785 8.007049928108486 455
1739719457818 12.631421581746132 456
1739719457850 3273.28842601915 457
1739719457881 1.1813527472590792 458
1739719457913 0.3143692068900174 459
1739719457945 9.079453070648299 460
1739719457977 11.684633830030831 461
1739719458008 7.2952199463572445 462
1739719458039 13.950808838290834 463
1739719458071 0.12139515155906967 464
1739719458102 18.213540661304382 465
1739719458133 0.0010900447579958502 466
1739719458165 1.1336834307149302 467
1739719458196 0.14932597972798695 468
1739719458227 817.069809732705 469
1739719458259 0.1357570636947183 470
1739719458291 2.973755176106761 471
1739719458322 1656.715925405466 472
1739719458353 11.222970393922425 473
1739719458385 0.19616869822581318 474
1739719458416 0.15517989129580997 475
1739719458447 5.630808435871929 476
1739719458479 117.26727245417497 477
1739719458510 0.36092312760609113 478
1739719458542 0.8231305775619071 479
1739719458573 0.003297363251012297 480
1739719458604 0.03259453755091866 481
1739719458636 5.017738419523834 482
1739719458668 1.179593584521402 483
1739719458699 0.04489929564111358 484
1739719458731 184.59941102237684 485
1739719458762 0.4663174316818047 486
1739719458793 899.2301194567706 487
1739719458825 189.6443646409162 488
1739719458856 2.1284106049180096 489
1739719458888 21.2143324838072 490
1739719458919 1.1249869244022255 491
1739719458950 0.11453573771156325 492
1739719458981 0.0038027792151316742 493
1739719459012 0.5143277418945772 494
1739719459043 125.87439162650993 495
1739719459074 89.52606971795856 496
1739719459105 53139.232368680896 497
1739719459137 5921.372561827005 498
1739719459168 0.1442055241633365 499
