1739719459222 0.06422331056393295 0
1739719459253 0.042826788836691394 1
1739719459285 0.016510077311594613 2
1739719459316 0.8889529933187535 3
1739719459347 0.29049234948067604 4
1739719459379 0.9713301040022503 5
1739719459411 0.4588589803269716 6
1739719459442 0.024902983325874407 7
1739719459474 0.48824280694156463 8
1739719459505 1.3393449926693843 9
1739719459536 0.3657417325167286 10
1739719459568 0.24758768154015903 11
1739719459599 5.2889422399493355 12
1739719459631 1.1889947115081605 13
1739719459662 0.028647721325993754 14
1739719459693 0.46386491222688403 15
1739719459725 0.28861072685678035 16
1739719459761 0.2592079964331024 17
1739719459794 0.01316785604587013 18
1739719459826 0.45033919836857683 19
1739719459859 0.17209567871369452 20
1739719459891 0.6926534168500263 21
1739719459924 0.0025841546980031774 22
1739719459957 0.5500739481194552 23
1739719459990 0.13089733687786323 24
1739719460023 7890.886733558788 25
1739719460056 0.4768494735034878 26
1739719460089 0.24262309323571554 27
1739719460121 0.05148199357181708 28
1739719460153 0.08615697796335403 29
1739719460186 22669.83143878257 30
1739719460218 4.09733464380253 31
1739719460250 11.797732054099761 32
1739719460282 0.15584318260039837 33
1739719460314 0.02949649741118183 34
1739719460346 6062680.962435657 35
1739719460379 2.350003696953009 36
1739719460411 1.0682110219497836 37
1739719460444 0.2564780831990561 38
1739719460476 0.17928469962600885 39
1739719460509 0.006907341656003781 40
1739719460541 0.3289016515274004 41
1739719460572 0.02297987152991809 42
1739719460605 1.031107733867406 43
1739719460638 1.3746162343464665 44
1739719460670 0.19038333736268379 45
1739719460702 203.328926483794 46
1739719460750 1.282664697668314 47
1739719460785 3.3196313321566987e-06 48
1739719460820 0.547191273367133 49
1739719460856 1.7208352254252128 50
1739719460891 1.9993415860510815 51
1739719460939 2.9215167996118674 52
1739719460972 0.3218716976268132 53
1739719461003 0.018714971216939897 54
1739719461034 0.15526888853185067 55
1739719461065 0.006068990952217811 56
1739719461097 0.03823628650426461 57
1739719461128 0.28218187729689875 58
1739719461158 403.1437487404815 59
1739719461190 0.17741031318355507 60
1739719461220 1.2554440690422841 61
1739719461252 4.464687977914005 62
1739719461283 0.3848231364944479 63
1739719461314 0.3399545204883591 64
1739719461345 0.03447050851101388 65
1739719461376 0.11105681698641567 66
1739719461408 0.4220737456114334 67
1739719461439 0.030041943964410633 68
1739719461470 0.5719750541550378 69
1739719461501 0.4908576841892876 70
1739719461532 0.11113526550834495 71
1739719461563 0.8402828640059283 72
1739719461595 863.0816285889692 73
1739719461626 0.680244340333764 74
1739719461658 0.11667065016609741 75
1739719461689 0.0001073836829308281 76
1739719461721 1.224415100654498 77
1739719461752 0.41970620387486096 78
1739719461784 0.024822801984323174 79
1739719461816 0.0006724683109562527 80
1739719461847 0.3687393709013573 81
1739719461879 0.0740586077794698 82
1739719461910 4.421473594472005 83
1739719461942 0.3328173264292893 84
1739719461973 0.30370954838676006 85
1739719462005 0.0900091146208043 86
1739719462036 0.06425574645759749 87
1739719462068 15.628892118867038 88
1739719462100 1.079797958345562 89
1739719462132 0.0028078541634062888 90
1739719462164 0.7243509198672287 91
1739719462195 48.00226444283038 92
1739719462227 0.0028161599191651 93
1739719462258 4.67102161068831 94
1739719462289 0.09224836595527568 95
1739719462321 0.11288693997704481 96
1739719462352 0.029021635508590785 97
1739719462384 0.3904969393562335 98
1739719462415 0.17976460275157746 99
1739719462446 5.493027355156756 100
1739719462477 0.25180331171378467 101
1739719462509 10.303160049377226 102
1739719462541 0.3114082001897167 103
1739719462573 686.9472459323688 104
1739719462605 0.07908786285676725 105
1739719462636 0.8196299110471458 106
1739719462667 0.007182080103242142 107
1739719462698 0.6144571963416218 108
1739719462730 0.347026093691147 109
1739719462762 2.9578793684618834 110
1739719462793 0.0316913010202934 111
1739719462824 0.44100117180275894 112
1739719462856 7.401904288221803 113
1739719462887 7.363642133485781 114
1739719462918 0.06943527248313378 115
1739719462950 147.11421792662 116
1739719462981 0.005501032575520592 117
1739719463012 0.03296421349876756 118
1739719463044 10.854780317467329 119
1739719463075 0.041009499102060414 120
1739719463106 0.01996641657990851 121
1739719463138 0.1746580134158919 122
1739719463169 8.914004519203965e-05 123
1739719463200 4.918018851063905 124
1739719463232 0.0038636951677412505 125
1739719463263 0.020142232725640263 126
1739719463295 0.011613787509185252 127
1739719463327 0.15888674360158678 128
1739719463358 0.6152249601538059 129
1739719463389 0.034823511667551876 130
1739719463420 4.968893524068 131
1739719463451 0.06574321282686274 132
1739719463482 0.046984235562185735 133
1739719463514 18.504459343613185 134
1739719463545 0.7177140714313432 135
1739719463577 0.00045245423111788706 136
1739719463608 12.66745151458063 137
1739719463640 6.073063370246759 138
1739719463672 5.632021143402406 139
1739719463703 5.612900196279251 140
1739719463735 0.10835177987562933 141
1739719463766 2.1536163037252525 142
1739719463797 10.998494593413465 143
1739719463828 0.009316007256319633 144
1739719463859 2.2518639930133952 145
1739719463891 3.3818868454004583 146
1739719463922 0.1851471908344031 147
1739719463953 2.28101097251363 148
1739719463984 0.55672027547984 149
1739719464015 0.586700284988291 150
1739719464046 12.049629006307143 151
1739719464077 0.14216391876377202 152
1739719464108 0.42597602266693285 153
1739719464139 1.9144143000771 154
1739719464171 6545.406896149447 155
1739719464202 9.741612886044788 156
1739719464234 55.75284903307057 157
1739719464265 0.016776489203513385 158
1739719464297 0.0253344217234706 159
1739719464328 0.6089130835740554 160
1739719464359 2.4539810755495317 161
1739719464390 29.439833315407256 162
1739719464423 0.008419042906148576 163
1739719464456 0.06987506942626301 164
1739719464490 0.015411927271256502 165
1739719464523 4.8997808900189295 166
1739719464559 7.8085477275418125 167
1739719464595 0.047699832688081735 168
1739719464631 0.10165776992667856 169
1739719464667 4.272446910438099 170
1739719464704 0.12412292516884976 171
1739719464741 0.05975480559456696 172
1739719464774 2.4573792195555164 173
1739719464807 0.026137746827821568 174
1739719464840 2.074384688978425 175
1739719464872 0.8663433064779397 176
1739719464903 0.5259230812092938 177
1739719464934 0.2894168630314846 178
1739719464966 2.27445846542678 179
1739719464997 0.09510850218843667 180
1739719465029 0.27740026575374727 181
1739719465061 0.8210652224304416 182
1739719465092 205.88054295733136 183
1739719465123 181.38162864751828 184
1739719465154 0.08693043525609326 185
1739719465185 0.0009103089205573305 186
1739719465216 4.570197242437724 187
1739719465248 2.160170419874134 188
1739719465284 0.04087787828873061 189
1739719465315 0.5243763687097632 190
1739719465346 250.80297690093676 191
1739719465377 0.6328244649608072 192
1739719465410 4.210724514168142 193
1739719465442 0.07894249614726194 194
1739719465473 0.48710363771816234 195
1739719465504 0.2432168402715354 196
1739719465535 0.1745197408878448 197
1739719465567 0.0280412831042706 198
1739719465598 0.6811764599703203 199
1739719465630 0.29672162085661635 200
1739719465663 1.0238588449936932 201
1739719465697 0.16642123033044195 202
1739719465738 0.009779881809372197 203
1739719465777 10.068877759782053 204
1739719465812 36.681277486141674 205
1739719465848 0.050077223580333764 206
1739719465885 0.12695182283724557 207
1739719465920 8.429457810725712e-06 208
1739719465953 0.2682453144782213 209
1739719465986 0.16415764123233548 210
1739719466019 4057.044872115461 211
1739719466051 4.107118822833176 212
1739719466082 0.3823506527141016 213
1739719466113 0.4647551009750022 214
1739719466145 0.07318709336379477 215
1739719466176 0.08433847215906422 216
1739719466208 6.101611156609906 217
1739719466239 1.4827314521637673 218
1739719466271 0.006829708613512215 219
1739719466304 0.1978158859137034 220
1739719466337 0.8257706774218807 221
1739719466369 0.33466636405659744 222
1739719466400 0.029267220415812846 223
1739719466432 0.6711697435503078 224
1739719466464 1.8813441292935176 225
1739719466496 0.06259963215801785 226
1739719466527 1.9434978884454245e-05 227
1739719466558 132.55081361550643 228
1739719466590 53.79266152159468 229
1739719466621 0.167369849101033 230
1739719466652 1.5732362990024904 231
1739719466684 0.01233080760573717 232
1739719466715 0.3880430227683276 233
1739719466747 0.00349557732175031 234
1739719466778 609.6805002392965 235
1739719466809 0.09984190572317606 236
1739719466841 1.8038110656798059 237
1739719466872 0.30905981014813033 238
1739719466904 3.837355693422222 239
1739719466935 0.22967253109937297 240
1739719466967 0.2899568802656881 241
1739719466998 1.0425264817389344 242
1739719467029 0.01815628797901872 243
1739719467061 2.286796980539426 244
1739719467092 0.014472660853786599 245
1739719467123 0.26678816264348976 246
1739719467155 0.6416567166499136 247
1739719467187 2.0003823924236426 248
1739719467219 0.02615012185452266 249
1739719467250 369.1201916829304 250
1739719467281 0.0018926547110999165 251
1739719467313 0.21015592062101363 252
1739719467344 1.4729749893111914 253
1739719467375 0.026026867465676447 254
1739719467407 217.60989082628873 255
1739719467438 0.8902818019028241 256
1739719467469 22.51893698778412 257
1739719467500 0.438573546505789 258
1739719467534 4.035946168829007 259
1739719467568 0.11054296020538364 260
1739719467601 0.03766767706881154 261
1739719467639 0.2015429625964777 262
1739719467754 2.0387610542653842 263
1739719467791 0.6881046818908916 264
1739719467824 1.2728711311207883 265
1739719467858 1.1982146125902684 266
1739719467891 1.4999147871793017 267
1739719467924 0.38432724458314854 268
1739719467956 0.03158599244122182 269
1739719467989 0.03228404622421779 270
1739719468021 4.509217762084128 271
1739719468053 2.125381268355497 272
1739719468085 0.012073794534313974 273
1739719468116 0.15105409617984997 274
1739719468147 0.39793042328276285 275
1739719468179 0.31540618024010053 276
1739719468243 0.4443563583822049 277
1739719468305 2.6179686770747828 278
1739719468342 49687.99296602609 279
1739719468394 36.7650558174151 280
1739719468460 0.06089448517760298 281
1739719468511 0.11455077267342009 282
1739719468549 21.406670391606283 283
1739719468586 0.2073938856743356 284
1739719468622 0.047920476201856264 285
1739719468656 0.20115357489657767 286
1739719468687 2.3134059792057227 287
1739719468718 0.3091163807547903 288
1739719468749 1.872093897123705 289
1739719468781 0.00986004616088795 290
1739719468811 0.7196777086223218 291
1739719468842 0.17862160173173652 292
1739719468873 0.0013533606004089503 293
1739719468904 0.09735031994312142 294
1739719468935 0.09797984382439118 295
1739719468966 3.111989360413064 296
1739719468997 0.8185427396389274 297
1739719469028 0.2120451761367096 298
1739719469060 34.09371829485226 299
1739719469094 1.925942260933281 300
1739719469126 0.06956551047070934 301
1739719469157 0.37011846901201767 302
1739719469188 0.6222828335993454 303
1739719469219 1.6542708222332931 304
1739719469249 1.4295612390058117 305
1739719469280 0.0012613232029458012 306
1739719469312 0.05813938493021611 307
1739719469343 0.007040924023103345 308
1739719469374 3.9019028150472175 309
1739719469405 0.7093332610386447 310
1739719469435 1.4411054252503515 311
1739719469466 0.17945791139749598 312
1739719469496 0.34810685726303764 313
1739719469528 0.0011484890347617388 314
1739719469559 0.22228915505211105 315
1739719469589 0.3364199080390473 316
1739719469620 0.008677946616912275 317
1739719469651 55.935727015009995 318
1739719469682 1.8105712172638369 319
1739719469712 0.092390449886906 320
1739719469743 1.9066630787348653 321
1739719469773 6.585384463087814 322
1739719469804 0.037922473000108314 323
1739719469835 4.948308270738264e-05 324
1739719469866 18264.906612352395 325
1739719469897 0.029439182423375537 326
1739719469928 0.15125753271331724 327
1739719469958 0.48211121103225574 328
1739719469988 0.08370521561477585 329
1739719470019 0.1638882113826283 330
1739719470050 0.004118350652123437 331
1739719470081 0.0168942006763538 332
1739719470112 2.0776325073541098 333
1739719470143 0.03049605859157884 334
1739719470174 17.401275213009008 335
1739719470205 0.3304103534348351 336
1739719470236 0.12093535624977311 337
1739719470266 0.02566701143579753 338
1739719470297 4.531953172501318 339
1739719470328 0.2554023132357399 340
1739719470359 0.2253743757395527 341
1739719470390 5.51290941154336 342
1739719470421 0.25849221371741404 343
1739719470453 0.40078130851175486 344
1739719470484 72.91627014872132 345
1739719470515 0.7838407615601933 346
1739719470546 2.5127194066706067 347
1739719470577 51.2694055026952 348
1739719470608 0.04650104611888608 349
1739719470638 15.69360470428619 350
1739719470668 0.003364301372175402 351
1739719470698 0.06559424861484708 352
1739719470729 0.021279435117546104 353
1739719470759 3.2887414995687365 354
1739719470790 4.761321883197861 355
1739719470822 0.38402046012940877 356
1739719470852 0.010065993511266932 357
1739719470883 1.227146884301695 358
1739719470913 0.051972582184833846 359
1739719470944 1.0587784670385094 360
1739719470975 0.42942651765804374 361
1739719471006 0.005129200410437652 362
1739719471037 285.10026631292413 363
1739719471067 233.06921186063 364
1739719471098 0.4556701964959547 365
1739719471128 14.507492713353432 366
1739719471158 0.3314416849608299 367
1739719471189 1.3406492771501568 368
1739719471220 0.2438911339654322 369
1739719471251 0.001448947864820115 370
1739719471281 0.5348141515025467 371
1739719471312 0.4320193781089801 372
1739719471342 0.4081232641114359 373
1739719471373 811.7662779329353 374
1739719471404 0.050840693003394784 375
1739719471434 0.6986850304951248 376
1739719471465 15.142326796821981 377
1739719471495 22.322691897228 378
1739719471526 0.3997786342872831 379
1739719471557 0.1704249692348702 380
1739719471588 11.740093536048498 381
1739719471618 974.8336300514793 382
1739719471649 0.047807190630498424 383
1739719471680 0.06069833196924056 384
1739719471710 4.625477188049483 385
1739719471741 0.09357289332948875 386
1739719471772 0.5029140369886914 387
1739719471802 0.006577866727242876 388
1739719471833 0.001000611671900352 389
1739719471863 0.07754547956689062 390
1739719471894 25.079134096753616 391
1739719471924 3.9759584742525154 392
1739719471955 0.06167515201807668 393
1739719471985 0.02038360196877941 394
1739719472017 0.032316517355159405 395
1739719472047 30.852635039229597 396
1739719472078 0.023381996226726147 397
1739719472108 0.06499545905521206 398
1739719472139 271.04179440315613 399
1739719472169 0.05481440072191004 400
1739719472199 0.14067773306066106 401
1739719472230 0.18477004495968588 402
1739719472261 0.14604642097152803 403
1739719472291 2447.6317394048106 404
1739719472322 0.8319221254019703 405
1739719472353 0.009758025066772832 406
1739719472383 0.2993194436062853 407
1739719472414 0.5052451934251074 408
1739719472444 0.009066277697439966 409
1739719472474 0.7963266872541422 410
1739719472505 0.1615521775490159 411
1739719472536 6.469747808729702 412
1739719472567 0.07843520846808974 413
1739719472598 0.006045934057147201 414
1739719472628 9.864814433480751e-05 415
1739719472659 1.2152352841933771 416
1739719472691 0.08923460043696907 417
1739719472722 0.60504120623076 418
1739719472753 0.07814603839276679 419
1739719472784 0.07319816146207085 420
1739719472815 0.21310270868716366 421
1739719472846 0.005327512258003807 422
1739719472877 0.6731929385744228 423
1739719472908 0.635244424633882 424
1739719472938 1.3712992246941402 425
1739719472969 0.7656550813669142 426
1739719473000 0.2697592899759689 427
1739719473030 0.24978651785368763 428
1739719473061 2.160795430848638 429
1739719473092 155.27781288696087 430
1739719473123 0.001061607288742873 431
1739719473154 0.004511468719634355 432
1739719473185 0.25955831743610697 433
1739719473216 0.3054904284867327 434
1739719473246 0.0008204072622454351 435
1739719473277 0.32468988309834373 436
1739719473308 0.7293536272462089 437
1739719473339 0.004351443684809516 438
1739719473370 0.0017204006440619693 439
1739719473400 8.237904721220827 440
1739719473431 0.03101740095843165 441
1739719473461 0.008189455591319228 442
1739719473492 0.05349746199886194 443
1739719473523 17.880840353150088 444
1739719473553 1.0594721931350422 445
1739719473584 0.00509815254703024 446
1739719473614 7.104815837256716 447
1739719473645 0.011255889559384965 448
1739719473676 0.34230024229542927 449
1739719473706 0.42602638701565626 450
1739719473737 0.033291641079488545 451
1739719473768 0.04842670483751624 452
1739719473799 0.6184630357093274 453
1739719473832 0.0026138084279026855 454
1739719473863 1.2201044901313776 455
1739719473893 0.008152387289675544 456
1739719473924 2.0614012157140915 457
1739719473955 0.003926660681219918 458
1739719473986 0.33203352822350013 459
1739719474017 3.9515321000793935 460
1739719474047 0.020912257613975842 461
1739719474078 0.00028611572877100256 462
1739719474109 0.04336331356648772 463
1739719474140 0.13308073909587093 464
1739719474170 3.3504599376090174 465
1739719474200 0.31267677698896246 466
1739719474231 1.6009670911179565 467
1739719474262 3.8456297251755016 468
1739719474296 21.445391258733252 469
1739719474331 272.97070871713737 470
1739719474366 0.5333629770331741 471
1739719474403 0.14715228448917744 472
1739719474439 0.22761762560580323 473
1739719474475 0.18832442509846908 474
1739719474525 3.0510171249593228 475
1739719474561 3.7373958341149525 476
1739719474599 0.0033361089439590402 477
1739719474639 0.07432275428785497 478
1739719474673 1.0311578380681414 479
1739719474706 0.3632142645762833 480
1739719474739 0.026392929595657675 481
1739719474771 0.07482463736914892 482
1739719474804 0.9682981177348344 483
1739719474835 0.28609965772703405 484
1739719474867 7.877768502301299 485
1739719474897 0.015618313753935641 486
1739719474928 0.47924884211114077 487
1739719474959 4.537089108591233 488
1739719474989 1.1586312095252995 489
1739719475020 0.09702858225811463 490
1739719475051 17.292215936107574 491
1739719475081 0.006168094825920366 492
1739719475112 1.4880119424519955 493
1739719475142 0.9704557112824489 494
1739719475173 0.2962809128231641 495
1739719475203 2.0231207670021276 496
1739719475234 0.16088771476735317 497
1739719475264 1.7143425989120522 498
1739719475295 1.943912833278616 499
