1739716311000 161.81551623481644 0
1739716311005 155.66968608937023 1
1739716311010 151.35978773545074 2
1739716311015 152.22445099869537 3
1739716311020 149.7453902962021 4
1739716311025 149.21144781678893 5
1739716311029 143.49296642654792 6
1739716311035 142.15181187676555 7
1739716311040 147.26573511309726 8
1739716311045 136.20768873708224 9
1739716311050 136.04992764839923 10
1739716311054 134.66797139927775 11
1739716311059 129.6719726644717 12
1739716311064 131.10489267071793 13
1739716311069 126.13114720117412 14
1739716311073 126.83056154390697 15
1739716311078 129.3771431579207 16
1739716311083 121.824892688034 17
1739716311088 121.87255129823414 18
1739716311092 118.07807850026312 19
1739716311097 118.17019718683716 20
1739716311102 115.8138575203425 21
1739716311107 114.48189533000973 22
1739716311111 110.5625240950045 23
1739716311116 111.40893308952744 24
1739716311121 110.71236963650861 25
1739716311126 107.98713660340186 26
1739716311130 107.94141893908245 27
1739716311135 105.245502951127 28
1739716311140 103.8979251224091 29
1739716311145 101.72505663666787 30
1739716311150 100.81201583552668 31
1739716311155 101.2148318336749 32
1739716311159 98.72861593731098 33
1739716311164 93.25038603895494 34
1739716311169 97.60680564114828 35
1739716311174 92.54148045116892 36
1739716311178 90.49020137995574 37
1739716311183 91.77338844190758 38
1739716311188 89.1021222886981 39
1739716311193 88.60470524865354 40
1739716311198 88.01630189082596 41
1739716311203 87.06395921535274 42
1739716311208 83.89387195116262 43
1739716311213 84.80556302379503 44
1739716311218 81.45117490085417 45
1739716311223 79.69873819332518 46
1739716311228 79.33545158333322 47
1739716311233 79.96157532376016 48
1739716311237 78.63040210873251 49
1739716311242 79.07081970102459 50
1739716311247 75.86558039700388 51
1739716311252 74.37744770847887 52
1739716311257 74.33407681255869 53
1739716311262 74.58637942617206 54
1739716311267 71.77119272782605 55
1739716311271 71.54848053601567 56
1739716311276 71.21041311915732 57
1739716311281 70.41584475981522 58
1739716311287 68.56612194919789 59
1739716311292 66.85206284067841 60
1739716311298 66.38647307918858 61
1739716311303 67.43333092575222 62
1739716311308 65.88272938676212 63
1739716311313 63.297516735262 64
1739716311318 62.98491815913835 65
1739716311323 60.14819810056223 66
1739716311328 61.92631662792153 67
1739716311333 60.608499363347285 68
1739716311338 59.914158959577755 69
1739716311343 61.22638826240654 70
1739716311347 58.0224850633135 71
1739716311352 58.71411126378891 72
1739716311357 55.678979398245524 73
1739716311362 58.20647690806486 74
1739716311366 55.83444350376817 75
1739716311371 55.33402975051574 76
1739716311375 53.756959702305814 77
1739716311380 53.869843696567216 78
1739716311385 51.6845206150188 79
1739716311389 50.59178132381961 80
1739716311394 51.49586539658158 81
1739716311399 50.39668166168754 82
1739716311404 51.04848756854851 83
1739716311408 49.91311740595168 84
1739716311413 49.15059276547734 85
1739716311418 47.3193627817345 86
1739716311423 46.68243576448202 87
1739716311428 47.66188314518795 88
1739716311432 48.01011841552215 89
1739716311437 45.218164446620655 90
1739716311442 44.69676149623182 91
1739716311447 45.06046215243456 92
1739716311452 44.21480441431838 93
1739716311457 42.34468688974048 94
1739716311461 43.74012236057691 95
1739716311466 42.98766673805582 96
1739716311471 42.080016662583425 97
1739716311476 42.5647775091964 98
1739716311481 42.08580009768457 99
1739716311486 40.669445936852476 100
1739716311491 40.44903883526181 101
1739716311496 39.01039984907184 102
1739716311501 40.07308250311411 103
1739716311507 39.164193157534235 104
1739716311513 39.556756348782976 105
1739716311518 37.72090976724666 106
1739716311523 36.36280812000547 107
1739716311528 36.87755624741902 108
1739716311532 36.997364146675785 109
1739716311537 37.185030554521134 110
1739716311543 36.59942994199932 111
1739716311548 35.013312046849116 112
1739716311553 34.39117094462313 113
1739716311559 35.1141854410355 114
1739716311564 33.40487538775032 115
1739716311569 34.232433287825174 116
1739716311575 33.02427080809653 117
1739716311580 32.65476566765274 118
1739716311585 32.25318834948329 119
1739716311590 32.94799147286919 120
1739716311595 32.426616163487196 121
1739716311600 31.07707217884455 122
1739716311605 31.241757359499122 123
1739716311610 31.131198923750098 124
1739716311616 31.757629975912504 125
1739716311621 29.855624404260134 126
1739716311626 29.87659643941999 127
1739716311631 30.104456549041643 128
1739716311635 29.68028218400626 129
1739716311640 28.28768842730584 130
1739716311645 29.433561358632804 131
1739716311650 28.352375252361593 132
1739716311655 28.33423842732601 133
1739716311660 27.09236297720631 134
1739716311665 28.306540290976816 135
1739716311670 27.03525588922664 136
1739716311674 26.729655992517156 137
1739716311679 28.09627428146987 138
1739716311683 26.83485804209567 139
1739716311688 26.19801806281367 140
1739716311693 25.56414410065724 141
1739716311697 25.366579477184306 142
1739716311702 25.099811079621812 143
1739716311707 25.635869081833864 144
1739716311711 24.796249003163563 145
1739716311716 23.837530925654104 146
1739716311725 24.998045483060285 147
1739716311730 24.085440002247363 148
1739716311735 23.65465771730848 149
1739716311740 24.511563233865548 150
1739716311745 24.546239179104557 151
1739716311750 23.234034905464572 152
1739716311755 22.236122470225613 153
1739716311759 22.937285817690373 154
1739716311765 21.257937410036146 155
1739716311770 22.64144742303113 156
1739716311775 22.506511996735853 157
1739716311780 21.993074411567484 158
1739716311786 21.488292718345814 159
1739716311791 20.866812262959552 160
1739716311796 21.47632868928486 161
1739716311801 20.667459914244567 162
1739716311806 20.839079073767543 163
1739716311810 20.663980079347713 164
1739716311815 21.606427424690132 165
1739716311820 20.857259616203788 166
1739716311824 20.432551724119165 167
1739716311829 19.985486060364106 168
1739716311834 20.061000226619996 169
1739716311839 18.88605073135414 170
1739716311844 19.680879348948704 171
1739716311849 19.52319628979205 172
1739716311853 18.96763826719889 173
1739716311858 18.93096474703524 174
1739716311863 18.413128064790918 175
1739716311867 19.61460636111083 176
1739716311872 18.555343298513385 177
1739716311877 18.25125403189241 178
1739716311883 17.53509964041109 179
1739716311888 17.89613740258241 180
1739716311893 17.58432103409319 181
1739716311898 17.41317414470648 182
1739716311902 17.044350239928296 183
1739716311907 17.995955754975373 184
1739716311912 16.779358373446424 185
1739716311917 17.392711425551987 186
1739716311921 16.592423021313536 187
1739716311926 16.287608289136966 188
1739716311931 17.007629909553483 189
1739716311935 17.52703751850252 190
1739716311940 16.416156601100084 191
1739716311945 16.505881292206936 192
1739716311950 15.887207030203607 193
1739716311954 15.618854169189033 194
1739716311959 15.774877422041655 195
1739716311964 15.871427375278543 196
1739716311968 15.2015184443503 197
1739716311973 15.775509429340937 198
1739716311978 15.182353455958781 199
1739716311983 14.788024754091499 200
1739716311987 14.035327758625254 201
1739716311992 15.069949900986353 202
1739716311996 15.599053003646032 203
1739716312001 15.010647310688178 204
1739716312005 15.250362877490616 205
1739716312010 14.23299590786951 206
1739716312014 14.468383980905749 207
1739716312019 13.980371892312549 208
1739716312024 14.358767524468778 209
1739716312028 13.324503124226524 210
1739716312034 13.377219662893568 211
1739716312038 13.688039607571103 212
1739716312043 13.904068526273795 213
1739716312048 14.340372231990072 214
1739716312053 13.648959825327614 215
1739716312057 13.726454304626087 216
1739716312062 12.776912549198553 217
1739716312066 13.099916655752503 218
1739716312071 13.234337463108552 219
1739716312076 13.327506701073947 220
1739716312107 13.3969281083845 221
1739716312118 13.116526956110585 222
1739716312124 12.84758413107418 223
1739716312129 12.420488659156808 224
1739716312135 12.696416151294157 225
1739716312140 12.297824255012074 226
1739716312146 11.60883042002466 227
1739716312151 11.667313398739122 228
1739716312157 11.802123935365678 229
1739716312162 12.53853361786065 230
1739716312167 11.925384067009814 231
1739716312172 12.112064943357462 232
1739716312177 11.05894557576712 233
1739716312181 12.060482957744457 234
1739716312186 11.524557024352514 235
1739716312191 11.767261192891908 236
1739716312196 11.492801480654162 237
1739716312204 11.258883298471762 238
1739716312210 11.055787261947447 239
1739716312215 11.417942357781758 240
1739716312221 10.958717297010129 241
1739716312226 11.806952094347595 242
1739716312231 11.118179101469519 243
1739716312236 11.395513794599784 244
1739716312242 10.899958353998372 245
1739716312248 11.05425578264559 246
1739716312253 10.934320503937144 247
1739716312258 10.895372039638158 248
1739716312264 10.767147082237367 249
1739716312269 10.64453508692252 250
1739716312274 10.142010408529972 251
1739716312280 10.292072233226275 252
1739716312285 10.59153616599221 253
1739716312290 10.337063696749912 254
1739716312295 10.828869857483491 255
1739716312300 10.085360638993041 256
1739716312304 9.812732707187058 257
1739716312309 10.545292303973673 258
1739716312314 9.676695071067968 259
1739716312319 10.545439131468772 260
1739716312324 9.965933733562068 261
1739716312329 10.135649804915403 262
1739716312333 10.28927764409269 263
1739716312338 9.97515961098498 264
1739716312343 9.410780426353197 265
1739716312348 9.953622574453467 266
1739716312353 9.745320593281843 267
1739716312358 9.429421653186605 268
1739716312363 10.31563166554765 269
1739716312368 9.899967089404742 270
1739716312373 9.903476881665405 271
1739716312378 9.353192213908239 272
1739716312383 9.567291446980134 273
1739716312388 9.380636026640603 274
1739716312392 9.559082503246756 275
1739716312397 9.60602086774065 276
1739716312402 8.789578026486893 277
1739716312407 9.708831429630186 278
1739716312412 9.717431008143297 279
1739716312416 8.847039259394451 280
1739716312421 9.682800133085612 281
1739716312426 8.849074859573955 282
1739716312430 9.34160262613346 283
1739716312435 8.945320139993253 284
1739716312439 9.113229785643023 285
1739716312444 8.750137716227245 286
1739716312449 9.02091332398486 287
1739716312454 8.978626324787012 288
1739716312459 8.795801594092818 289
1739716312463 8.917041766120313 290
1739716312468 8.715441413343205 291
1739716312474 8.899256547797746 292
1739716312479 8.726760215232366 293
1739716312484 8.371803112311818 294
1739716312489 8.98108388247393 295
1739716312494 8.421316247595827 296
1739716312499 8.361568066044894 297
1739716312504 7.653554603715699 298
1739716312510 8.410742828789605 299
1739716312514 8.138552166588283 300
1739716312519 8.340081760315268 301
1739716312524 8.106473103322617 302
1739716312529 7.802199835173494 303
1739716312534 7.936517299588015 304
1739716312538 7.907822262226388 305
1739716312543 8.268484443196694 306
1739716312549 8.236259039923395 307
1739716312555 8.219372379680054 308
1739716312561 8.148863394034487 309
1739716312566 7.482817632702468 310
1739716312571 8.083908739167606 311
1739716312576 8.039274760499167 312
1739716312581 8.117158694429543 313
1739716312586 7.654756946475781 314
1739716312591 7.681289946471009 315
1739716312596 7.595536932646548 316
1739716312602 7.78567604474841 317
1739716312607 7.781230663420428 318
1739716312612 7.976231271861839 319
1739716312617 7.845643384351609 320
1739716312622 7.156138170973562 321
1739716312627 7.165908433396202 322
1739716312632 7.512397693467088 323
1739716312637 7.794418872651256 324
1739716312642 7.655052140041035 325
1739716312647 7.815824902444594 326
1739716312651 7.242392172529287 327
1739716312656 7.819711902798647 328
1739716312660 7.29939193195566 329
1739716312665 7.410283909092644 330
1739716312670 7.418466632845963 331
1739716312675 7.204570837767663 332
1739716312679 7.744950767459717 333
1739716312685 7.233287577485211 334
1739716312690 7.393855937167647 335
1739716312695 6.925363351100849 336
1739716312700 7.205124182237291 337
1739716312705 7.20613387669268 338
1739716312709 7.329788908578309 339
1739716312714 7.6385760373013065 340
1739716312718 7.187441230876146 341
1739716312723 7.122407151622032 342
1739716312737 6.8571050718192 343
1739716312742 7.165200651361551 344
1739716312747 6.89666176921761 345
1739716312753 6.571331937672564 346
1739716312758 6.794563089473201 347
1739716312763 7.00072098640058 348
1739716312769 7.423435660173519 349
1739716312773 6.659758378215618 350
1739716312779 7.114624566802319 351
1739716312784 6.750655883709038 352
1739716312789 6.98521740113282 353
1739716312793 7.029519270231595 354
1739716312798 7.338270066895187 355
1739716312802 6.832418976636399 356
1739716312807 6.944257180515705 357
1739716312812 6.219609601313273 358
1739716312817 6.749433079603158 359
1739716312821 6.900358696491128 360
1739716312826 6.8246460503896555 361
1739716312831 6.547638487621393 362
1739716312835 6.795913560842632 363
1739716312840 6.913043111788573 364
1739716312845 6.403711432207155 365
1739716312850 6.670751367419725 366
1739716312854 6.79058701285874 367
1739716312859 6.582542058878466 368
1739716312863 6.416367823600915 369
1739716312868 6.165955853023809 370
1739716312873 6.695235767057988 371
1739716312878 6.632165232199925 372
1739716312883 5.869859429477375 373
1739716312888 6.376924406774644 374
1739716312892 6.446819391472509 375
1739716312898 6.441256935363447 376
1739716312902 6.50861808290228 377
1739716312907 6.392799736202673 378
1739716312912 6.788862083581065 379
1739716312917 6.003675693141219 380
1739716312922 6.36586814621366 381
1739716312926 6.19834857158646 382
1739716312931 6.475935793081725 383
1739716312935 6.41692700636653 384
1739716312940 6.153182772696103 385
1739716312945 6.0941680427398675 386
1739716312951 6.373717233139514 387
1739716312956 5.945371970023092 388
1739716312961 6.235993547424802 389
1739716312966 6.319376003493271 390
1739716312971 6.163633106447709 391
1739716312976 6.3261132506781586 392
1739716312981 6.177176309028627 393
1739716312986 5.651039949519617 394
1739716312990 6.441421641700345 395
1739716312995 6.04163656724461 396
1739716312999 6.22710499492278 397
1739716313004 6.144148304065546 398
1739716313008 6.110383909724162 399
1739716313014 6.261412318916177 400
1739716313018 5.913711414716647 401
1739716313023 6.0333530990151365 402
1739716313028 5.858956689461786 403
1739716313033 6.032144693904902 404
1739716313038 5.523141248408575 405
1739716313043 6.234452423839657 406
1739716313047 6.073627523888935 407
1739716313052 6.179710609608132 408
1739716313057 5.742021911094408 409
1739716313062 6.091454574144674 410
1739716313066 6.13543516340029 411
1739716313071 5.90998657585743 412
1739716313076 5.979976220475132 413
1739716313080 5.887326372784424 414
1739716313085 5.955278476698507 415
1739716313090 6.048398463363106 416
1739716313095 5.900552496812664 417
1739716313101 6.279068055664582 418
1739716313106 6.260069562892311 419
1739716313111 6.2069980460621945 420
1739716313116 5.660599497155956 421
1739716313121 6.325040879825827 422
1739716313125 6.208427431054705 423
1739716313130 5.722712222595834 424
1739716313135 5.832715493815031 425
1739716313140 5.649782418211534 426
1739716313144 5.54972623867246 427
1739716313149 5.86139489092766 428
1739716313153 5.811774459748986 429
1739716313160 5.801175351085028 430
1739716313166 5.776470848995397 431
1739716313172 5.622619537634531 432
1739716313177 5.628004010718245 433
1739716313183 5.354980585221562 434
1739716313189 5.594835806033342 435
1739716313195 6.022576214205212 436
1739716313201 5.778273686190493 437
1739716313207 6.204533547786332 438
1739716313212 5.88208043092193 439
1739716313217 5.685268114873677 440
1739716313222 6.051010500528655 441
1739716313227 5.86328350256481 442
1739716313232 5.544296074593762 443
1739716313237 5.591581150324088 444
1739716313242 5.733003975246955 445
1739716313247 5.445453806849645 446
1739716313252 5.813938462973682 447
1739716313257 5.709776115874631 448
1739716313262 5.350076693983501 449
1739716313267 5.610300288219579 450
1739716313272 5.543770614718461 451
1739716313277 5.689199986708266 452
1739716313282 5.250699768352286 453
1739716313287 5.676539422759974 454
1739716313292 5.469557364783111 455
1739716313296 5.512520083260181 456
1739716313301 5.525551621368896 457
1739716313306 5.40825577919238 458
1739716313311 5.428247924843321 459
1739716313315 5.575800669230425 460
1739716313320 5.550143757316138 461
1739716313325 5.431648534964027 462
1739716313330 5.864654627306158 463
1739716313335 5.466071932239821 464
1739716313340 5.851677536983478 465
1739716313344 5.941965976025845 466
1739716313349 5.522712344253013 467
1739716313354 5.2321575334534245 468
1739716313360 5.373509275830431 469
1739716313366 5.764044127601012 470
1739716313372 5.457265886775204 471
1739716313377 5.082485214262457 472
1739716313383 5.788159210089842 473
1739716313387 4.973758282065765 474
1739716313392 5.634633774785464 475
1739716313397 5.243124802158829 476
1739716313402 5.228036776800475 477
1739716313407 5.596504520705467 478
1739716313412 5.022927086349096 479
1739716313417 5.547622248224139 480
1739716313422 5.447801780729739 481
1739716313427 5.14385802370338 482
1739716313432 5.4514972320937405 483
1739716313437 5.461029826927828 484
1739716313442 5.344851102256545 485
1739716313447 5.440916154498049 486
1739716313452 5.555305417235353 487
1739716313457 5.3407079809579745 488
1739716313462 5.289966637586247 489
1739716313467 5.2328404991826645 490
1739716313472 5.41740712047479 491
1739716313477 5.395530207433633 492
1739716313482 5.751348131181879 493
1739716313487 5.251860551964802 494
1739716313492 5.67711868445643 495
1739716313497 5.148957853555727 496
1739716313502 5.753167338805727 497
1739716313507 5.34843100795618 498
1739716313511 5.539496162622529 499
