1739715982270 164.3608182714739 0
1739715982276 166.22150192289473 1
1739715982281 160.43981032438546 2
1739715982286 162.0358698659604 3
1739715982290 151.89307476625234 4
1739715982295 154.30456257003254 5
1739715982299 151.99115615991957 6
1739715982304 153.48688967617016 7
1739715982309 148.88328592773948 8
1739715982314 148.20204888009013 9
1739715982319 143.5141757118894 10
1739715982323 143.9872170910135 11
1739715982328 140.05074962240187 12
1739715982333 137.21992344616683 13
1739715982337 135.85645357604525 14
1739715982342 131.85586102936878 15
1739715982346 130.66830084284257 16
1739715982351 131.4866084123774 17
1739715982356 126.62154126256335 18
1739715982361 127.61750256692771 19
1739715982365 126.81413908464415 20
1739715982370 125.21266157055888 21
1739715982375 119.87185084162175 22
1739715982379 118.79439799772199 23
1739715982384 119.16638242021564 24
1739715982389 114.9639077189563 25
1739715982394 114.15298383755766 26
1739715982398 112.83280858671641 27
1739715982403 108.21640957697245 28
1739715982408 112.5310460873448 29
1739715982413 107.68290257500524 30
1739715982417 105.53663075649708 31
1739715982422 104.83013579848812 32
1739715982426 103.51157091745291 33
1739715982431 101.75421599421882 34
1739715982436 101.40629154938017 35
1739715982441 98.00545377852258 36
1739715982445 97.14787137038182 37
1739715982450 93.41143826845384 38
1739715982454 93.78441584620514 39
1739715982460 92.09956952310756 40
1739715982464 91.21934652765265 41
1739715982470 90.52111624330358 42
1739715982475 91.9673234546565 43
1739715982480 90.44934159656759 44
1739715982485 85.81051445897302 45
1739715982490 86.40693296378555 46
1739715982494 85.45500502432898 47
1739715982499 84.54658229285974 48
1739715982504 81.70589089629446 49
1739715982508 81.57526907194712 50
1739715982513 81.96297814558955 51
1739715982517 78.67226805076976 52
1739715982522 78.53643591596597 53
1739715982527 75.76944519339882 54
1739715982532 76.5503318885891 55
1739715982537 74.12639423758858 56
1739715982542 73.55900565468731 57
1739715982547 73.22546523152016 58
1739715982551 71.34302358571703 59
1739715982556 69.16592814716506 60
1739715982560 68.8385931869234 61
1739715982565 66.73989284603867 62
1739715982570 69.45661640693527 63
1739715982575 67.32180285747691 64
1739715982579 66.18291411663022 65
1739715982584 65.48999447597684 66
1739715982589 66.31628332068533 67
1739715982593 65.68681161011925 68
1739715982598 63.90248859803906 69
1739715982602 61.782799117417575 70
1739715982607 61.95098585761671 71
1739715982611 61.82368059840994 72
1739715982616 60.2838490068371 73
1739715982620 58.672215453298584 74
1739715982625 58.02220914949908 75
1739715982629 56.84615449791282 76
1739715982634 57.4538342192366 77
1739715982639 56.52201901440078 78
1739715982644 55.224934882455734 79
1739715982648 53.67775610483921 80
1739715982653 53.39443694634211 81
1739715982657 51.98552408568516 82
1739715982662 51.91868805881858 83
1739715982666 51.24765197700056 84
1739715982671 50.3857447581866 85
1739715982676 51.80480042498539 86
1739715982680 50.55112713319888 87
1739715982685 50.309495312014484 88
1739715982690 48.4421531376081 89
1739715982694 48.56381439758697 90
1739715982699 47.612148858660824 91
1739715982703 47.49811342078978 92
1739715982708 46.13703403662622 93
1739715982713 46.28352598152429 94
1739715982717 45.50355217937317 95
1739715982723 46.010966147600804 96
1739715982728 43.467972059412354 97
1739715982733 43.4617149405895 98
1739715982737 44.828108288233636 99
1739715982742 42.23798708950242 100
1739715982747 41.38154524237111 101
1739715982752 40.759076339184816 102
1739715982757 40.336536214340775 103
1739715982762 40.30436402424825 104
1739715982768 39.92370876045484 105
1739715982774 41.623353322196884 106
1739715982779 38.36777841649346 107
1739715982783 39.141784198157175 108
1739715982788 38.62126175908383 109
1739715982793 36.931459351572286 110
1739715982797 38.64341186644017 111
1739715982802 37.052052006264475 112
1739715982807 37.11300974757891 113
1739715982812 36.19572236984111 114
1739715982818 35.87684314143238 115
1739715982824 35.19369888444225 116
1739715982828 34.79623388732522 117
1739715982834 34.14437193264773 118
1739715982839 33.97699477560667 119
1739715982844 34.38404452527552 120
1739715982849 33.21354100310026 121
1739715982854 32.26467789302296 122
1739715982858 33.30767699031142 123
1739715982863 32.165728865765075 124
1739715982868 32.54511316394227 125
1739715982872 31.059782353288988 126
1739715982877 31.149694355527398 127
1739715982882 31.35585893178102 128
1739715982887 31.267777307014043 129
1739715982892 30.46988534839263 130
1739715982897 30.63573740446338 131
1739715982902 28.7535377568717 132
1739715982907 29.70636403552253 133
1739715982911 29.63965179549862 134
1739715982916 28.5690184894487 135
1739715982921 27.924171060496214 136
1739715982926 27.544307471191818 137
1739715982930 26.77078854000489 138
1739715982935 27.39231126579505 139
1739715982940 27.125819263919528 140
1739715982945 27.42176319688953 141
1739715982950 26.017336222745044 142
1739715982956 27.128435652587022 143
1739715982961 26.06481184969683 144
1739715982966 25.304423013294116 145
1739715982971 26.353834224901878 146
1739715982975 24.38465267965353 147
1739715982980 25.263953726342606 148
1739715982985 25.0291085586384 149
1739715982990 24.65190353990545 150
1739715982994 24.164677385712825 151
1739715982999 24.777499545438445 152
1739715983004 24.302747651904838 153
1739715983008 23.98636960205783 154
1739715983012 22.73363621056546 155
1739715983017 22.97561643011514 156
1739715983021 22.9895734524551 157
1739715983026 22.92339030812841 158
1739715983031 22.149102998576744 159
1739715983035 22.628806115032123 160
1739715983040 21.427643115732327 161
1739715983044 21.311685192162457 162
1739715983049 22.004139993584307 163
1739715983053 20.685042100369227 164
1739715983058 20.449136672598307 165
1739715983062 20.14725081468993 166
1739715983067 20.863471980243435 167
1739715983072 20.683012193048192 168
1739715983076 21.048640001535556 169
1739715983081 21.13662791888547 170
1739715983086 19.801949849668926 171
1739715983090 19.650953211975192 172
1739715983096 19.7396681292027 173
1739715983102 19.613954383413976 174
1739715983107 20.40066886520449 175
1739715983112 19.61843007169844 176
1739715983117 19.416505137709756 177
1739715983122 19.51732671919789 178
1739715983127 18.37762804381324 179
1739715983132 18.04956800059296 180
1739715983136 19.33156537596423 181
1739715983141 17.630115913710497 182
1739715983146 17.7673359207272 183
1739715983151 17.811233215365572 184
1739715983156 17.154348186966168 185
1739715983162 16.87710219659825 186
1739715983167 17.19696422335054 187
1739715983172 17.341070710387324 188
1739715983177 16.75541930415348 189
1739715983182 16.76441094387753 190
1739715983187 16.648728342267482 191
1739715983192 16.985564521566555 192
1739715983197 16.319165593074104 193
1739715983202 16.94431213065731 194
1739715983210 16.554801676990778 195
1739715983215 16.257089094979673 196
1739715983220 16.221612650946387 197
1739715983224 15.475711433377178 198
1739715983229 16.28416594408182 199
1739715983234 15.493433346675976 200
1739715983239 15.380127555830889 201
1739715983243 15.783885295801264 202
1739715983248 15.742265747306849 203
1739715983252 15.376338379920616 204
1739715983257 14.967611548293723 205
1739715983262 14.729854503521608 206
1739715983267 14.723100738229144 207
1739715983271 15.075906327984937 208
1739715983276 13.87672807731163 209
1739715983281 14.274727297985502 210
1739715983285 14.66635937814504 211
1739715983290 14.55380029379353 212
1739715983295 14.258199765138716 213
1739715983299 13.880165348863361 214
1739715983304 13.353833737804287 215
1739715983309 14.215521445494534 216
1739715983313 13.361956326118792 217
1739715983319 13.561886530512254 218
1739715983323 12.827912941393171 219
1739715983328 13.090968347673293 220
1739715983333 13.515839461189575 221
1739715983338 13.42566506353838 222
1739715983343 13.307466388282496 223
1739715983347 12.199597294581165 224
1739715983352 13.408080527080635 225
1739715983357 12.499107625944614 226
1739715983362 13.714964233906807 227
1739715983367 12.590925857925768 228
1739715983371 12.688912210645869 229
1739715983376 12.333852598053225 230
1739715983380 12.41926650928678 231
1739715983385 11.716859647061266 232
1739715983390 12.032440403637636 233
1739715983394 12.361759269122633 234
1739715983399 12.154621451959661 235
1739715983404 12.89589323544839 236
1739715983409 12.503511668060877 237
1739715983413 12.357624391845839 238
1739715983418 11.243467859335983 239
1739715983422 11.618499057371173 240
1739715983427 11.16728795223552 241
1739715983432 11.488454251450472 242
1739715983436 11.06263305921949 243
1739715983441 10.964433503529568 244
1739715983446 11.683433759414829 245
1739715983451 10.646015942144416 246
1739715983457 11.144683419677074 247
1739715983462 10.820522537604694 248
1739715983469 11.003404561223672 249
1739715983478 11.12524120012119 250
1739715983484 10.504338239440717 251
1739715983493 10.649077285014021 252
1739715983499 10.450270498206804 253
1739715983504 10.492191692775743 254
1739715983509 10.729963835519214 255
1739715983515 10.153609122014103 256
1739715983519 10.251149611065758 257
1739715983524 10.679518425671011 258
1739715983529 10.920619890946336 259
1739715983534 10.215658733419138 260
1739715983539 10.269661858596425 261
1739715983544 10.551123393190762 262
1739715983549 10.128166703657396 263
1739715983554 10.185373646885115 264
1739715983559 10.137549860142503 265
1739715983564 10.320185179789656 266
1739715983569 9.971392183984634 267
1739715983574 9.91646584052869 268
1739715983578 9.34761679474779 269
1739715983583 9.703490463975896 270
1739715983588 9.59423707903437 271
1739715983592 9.804523347975007 272
1739715983597 9.500020139852284 273
1739715983602 9.697325846233039 274
1739715983606 9.510285632071207 275
1739715983611 9.874367397524853 276
1739715983616 9.048845527648732 277
1739715983621 9.24944376686881 278
1739715983626 9.132988812511163 279
1739715983630 9.247856429853176 280
1739715983635 8.66540389057192 281
1739715983640 9.263983586757531 282
1739715983645 9.396857990045698 283
1739715983650 9.347855056830506 284
1739715983656 9.77964861430817 285
1739715983661 8.98354325260044 286
1739715983667 8.686122515688 287
1739715983673 8.727413467965162 288
1739715983678 8.702907615401214 289
1739715983683 8.423493444816202 290
1739715983688 8.740774384845876 291
1739715983693 9.043476321312564 292
1739715983698 9.027781039926452 293
1739715983704 8.651012826694679 294
1739715983709 8.92787811213447 295
1739715983714 8.566161609143787 296
1739715983718 7.906244973248255 297
1739715983723 8.432379209891854 298
1739715983728 8.199643079513917 299
1739715983733 8.412894344935141 300
1739715983738 8.569468338630722 301
1739715983743 8.135584859836118 302
1739715983748 8.107079173944559 303
1739715983753 8.324542695489743 304
1739715983758 7.991514416982761 305
1739715983762 8.146058929732888 306
1739715983768 8.033140029408646 307
1739715983772 8.867629514657793 308
1739715983777 8.32700293953766 309
1739715983782 8.167398153756023 310
1739715983787 8.130237028188072 311
1739715983792 7.929848439018937 312
1739715983796 7.8116590859848865 313
1739715983801 7.2807779266402415 314
1739715983806 7.8400440846515975 315
1739715983810 7.393924625143984 316
1739715983815 7.887168300685996 317
1739715983819 7.642293346909301 318
1739715983824 7.712965198524063 319
1739715983828 7.732875455252752 320
1739715983833 7.535735031327887 321
1739715983838 7.646713143136912 322
1739715983842 7.916987591760523 323
1739715983847 7.946362652460468 324
1739715983851 7.367781829684939 325
1739715983856 7.664864641458683 326
1739715983861 7.392718925894137 327
1739715983866 6.9609418249032435 328
1739715983871 7.047677321475288 329
1739715983875 7.55510445026693 330
1739715983880 7.659677581980859 331
1739715983885 7.192071810648208 332
1739715983889 7.631154196460635 333
1739715983893 7.3433739466992 334
1739715983898 7.244264516554429 335
1739715983903 7.629455503989637 336
1739715983907 7.155681080031725 337
1739715983912 7.280470860239931 338
1739715983916 7.348694859876483 339
1739715983921 7.4353706187691815 340
1739715983925 7.138795684026084 341
1739715983930 7.063253978459999 342
1739715983935 7.217283790791372 343
1739715983940 7.271441421137141 344
1739715983945 7.296211733379834 345
1739715983950 7.541894396309878 346
1739715983956 6.777466858813859 347
1739715983961 7.1071491216829665 348
1739715983966 7.163857285555278 349
1739715983971 6.655018952336052 350
1739715983975 7.27471491120424 351
1739715983980 6.746202689341738 352
1739715983985 6.825168931227478 353
1739715983990 6.754984356359043 354
1739715983994 7.228916390082964 355
1739715983999 6.685839776395918 356
1739715984004 6.5671432760705235 357
1739715984009 6.692847384711744 358
1739715984013 7.060567641497424 359
1739715984018 7.141861580158389 360
1739715984023 6.891628930671771 361
1739715984028 6.586303141477708 362
1739715984032 6.794186679037609 363
1739715984037 7.1027348154051175 364
1739715984041 6.349509455019118 365
1739715984047 6.413829123170927 366
1739715984051 6.552920222023049 367
1739715984056 6.4898266869496295 368
1739715984061 6.2323327546510265 369
1739715984066 6.73498125612098 370
1739715984071 6.541556491081844 371
1739715984076 6.548940166166 372
1739715984081 6.615955042133094 373
1739715984086 6.449757960622117 374
1739715984090 6.514424193422747 375
1739715984095 6.237372509688283 376
1739715984100 6.473772458657096 377
1739715984105 6.738179566200134 378
1739715984110 6.409219284175134 379
1739715984115 6.444692293778724 380
1739715984120 6.682144463665859 381
1739715984125 6.439273552990044 382
1739715984130 6.400795381216062 383
1739715984134 6.587599098399945 384
1739715984139 6.300135452047432 385
1739715984144 6.517686426178125 386
1739715984148 6.480982866304379 387
1739715984153 6.044727130494022 388
1739715984158 6.562895513571697 389
1739715984163 5.868105384308864 390
1739715984168 6.336943645052246 391
1739715984172 6.205059562758666 392
1739715984177 5.928661046140614 393
1739715984182 5.816731894064638 394
1739715984186 6.41375179610322 395
1739715984191 6.313232286009768 396
1739715984196 6.342757895221502 397
1739715984201 5.9603955156574475 398
1739715984205 5.895951269854676 399
1739715984213 5.84114105137104 400
1739715984218 5.854383884202188 401
1739715984223 6.102117096093385 402
1739715984227 6.169427292197342 403
1739715984232 6.772034508533582 404
1739715984237 6.371433366399374 405
1739715984242 6.261690260827793 406
1739715984247 6.05011426630713 407
1739715984251 5.902468443239558 408
1739715984256 6.0937268789947625 409
1739715984261 6.314061312779024 410
1739715984266 6.4273347093745254 411
1739715984271 5.773919010108801 412
1739715984275 5.466295935326486 413
1739715984280 5.7041301382000045 414
1739715984284 6.008243241810223 415
1739715984289 5.819075990533547 416
1739715984294 5.41410639238531 417
1739715984298 5.932719975628014 418
1739715984303 5.780589591195925 419
1739715984307 5.884316254267567 420
1739715984312 5.893136169694443 421
1739715984317 5.957012219379319 422
1739715984321 5.493462647282223 423
1739715984326 5.80903455430098 424
1739715984331 5.936767686332272 425
1739715984335 5.435506616858903 426
1739715984340 5.871470426656293 427
1739715984345 5.970823692570194 428
1739715984349 5.391886057893496 429
1739715984355 5.8729237292830705 430
1739715984360 5.9411153051451615 431
1739715984365 5.867617079580049 432
1739715984370 6.150420840756078 433
1739715984375 5.830783983529872 434
1739715984380 5.648450029929146 435
1739715984384 5.664585933481444 436
1739715984389 6.09325744838472 437
1739715984394 5.70000759836913 438
1739715984398 5.6767286511958 439
1739715984403 5.859568035098316 440
1739715984408 5.891650537744041 441
1739715984413 6.176762698875609 442
1739715984417 5.61977908216791 443
1739715984422 5.794946279349202 444
1739715984426 6.092752813108869 445
1739715984431 5.633120789689072 446
1739715984435 5.776144338907652 447
1739715984440 5.53316068108012 448
1739715984444 5.5511663484384925 449
1739715984449 5.722350630358996 450
1739715984454 5.445664846256576 451
1739715984459 5.814931797358166 452
1739715984464 5.689399615361856 453
1739715984468 5.820791473937186 454
1739715984473 5.330235255705835 455
1739715984478 5.7192985048929 456
1739715984483 5.726285885683535 457
1739715984487 5.762714549248642 458
1739715984493 5.464830903947504 459
1739715984497 5.133057579903688 460
1739715984502 5.824463460388832 461
1739715984507 5.575138194664697 462
1739715984512 5.621827175752754 463
1739715984517 5.308090261844589 464
1739715984521 5.662949801941014 465
1739715984526 5.4883983538440955 466
1739715984530 5.608347444614027 467
1739715984535 5.557216006737557 468
1739715984540 5.183249562973262 469
1739715984546 5.544672155402841 470
1739715984550 5.392530367707545 471
1739715984555 5.310433460619928 472
1739715984560 5.3892657621844995 473
1739715984564 5.899939097730134 474
1739715984569 5.41130531355498 475
1739715984574 5.526490860589645 476
1739715984579 5.316515752829884 477
1739715984584 5.484780345251163 478
1739715984588 6.094903482798631 479
1739715984593 5.912779879415722 480
1739715984597 5.8720209208367455 481
1739715984602 5.266607566539679 482
1739715984606 5.752157057936408 483
1739715984611 5.19967799074385 484
1739715984615 5.409324683462044 485
1739715984620 5.413467439101825 486
1739715984625 5.528325351726981 487
1739715984629 5.180741283198332 488
1739715984634 5.301285599011762 489
1739715984639 5.01409784955531 490
1739715984643 5.597047875539153 491
1739715984649 5.159074794184845 492
1739715984653 5.343690116783475 493
1739715984658 5.144419765227966 494
1739715984662 5.089985842767665 495
1739715984667 5.194122060109638 496
1739715984672 5.088015219641813 497
1739715984677 5.24530161757779 498
1739715984682 5.307730715002963 499
