1739718577463 9.581617756155051 0
1739718577490 5.383125959796934 1
1739718577515 3.542325396873885 2
1739718577541 4.633426572393729 3
1739718577568 5.422953539631615 4
1739718577594 4.239341447950058 5
1739718577619 4.3406796407372115 6
1739718577645 5.9851844660057685 7
1739718577672 3.735771149677079 8
1739718577698 5.090001716621448 9
1739718577724 8.464919941418575 10
1739718577749 5.30114271211646 11
1739718577775 5.201484854274557 12
1739718577801 5.066866429435286 13
1739718577828 6.255120219373428 14
1739718577854 2.8495102206514757 15
1739718577882 4.356569111588532 16
1739718577909 4.674127323323939 17
1739718577938 3.551660380975693 18
1739718577966 6.293667507780797 19
1739718577993 0.7419924315214547 20
1739718578020 4.224773085296005 21
1739718578047 4.211165734080043 22
1739718578074 1.5691877700102248 23
1739718578103 3.799289770843938 24
1739718578134 4.489763643120325 25
1739718578164 5.067362106983231 26
1739718578193 4.255481380415736 27
1739718578221 0.5489107145052299 28
1739718578248 4.015685721347943 29
1739718578275 3.9696895110123287 30
1739718578301 1.2238839334892158 31
1739718578327 6.489826627000078 32
1739718578353 4.134448152100017 33
1739718578379 5.282874793528543 34
1739718578405 8.633825475211049 35
1739718578432 6.584802233858824 36
1739718578459 8.851703257162495 37
1739718578486 6.397734107795992 38
1739718578512 1.9163433499124731 39
1739718578539 3.3181240642275265 40
1739718578565 2.51267869855238 41
1739718578591 2.0376337406908163 42
1739718578617 6.117312412984159 43
1739718578643 5.3604276944136995 44
1739718578670 3.9277046604666626 45
1739718578696 4.426976014790669 46
1739718578722 3.9982616547067122 47
1739718578748 1.3985272969695524 48
1739718578774 7.190765693243164 49
1739718578800 3.845028462850142 50
1739718578826 7.839499311542221 51
1739718578852 5.055911482251634 52
1739718578878 4.528678415575848 53
1739718578904 2.7819859749931277 54
1739718578930 4.816281466999312 55
1739718578956 5.481972359659687 56
1739718578983 4.533890706116864 57
1739718579009 5.740571640185318 58
1739718579035 1.6652578674285563 59
1739718579061 2.8690360923034715 60
1739718579088 1.9010644046785397 61
1739718579116 4.930158821681768 62
1739718579142 4.719338544944161 63
1739718579168 3.499758228112696 64
1739718579194 1.022191977875491 65
1739718579221 6.61510230212689 66
1739718579247 4.59413915950536 67
1739718579273 2.095483905047939 68
1739718579299 5.148365371364294 69
1739718579328 1.6044957801047934 70
1739718579365 5.357620284276725 71
1739718579393 4.203835605697129 72
1739718579421 7.262098788265774 73
1739718579449 1.8726600100983268 74
1739718579476 4.209649840015171 75
1739718579502 7.699972473290147 76
1739718579529 3.04187181867301 77
1739718579555 5.37449399132422 78
1739718579582 4.153026181216501 79
1739718579608 6.743201683876716 80
1739718579635 6.911200304825874 81
1739718579662 5.008475661056 82
1739718579690 2.435561298195241 83
1739718579718 7.291982655485706 84
1739718579746 5.11923619849353 85
1739718579774 4.262660338099984 86
1739718579801 3.778365997247246 87
1739718579829 7.092644049290387 88
1739718579856 6.579444424693868 89
1739718579883 5.002487057694348 90
1739718579911 5.730643260035734 91
1739718579939 7.182902491146713 92
1739718579965 1.7390977065678543 93
1739718579992 8.444034393466117 94
1739718580018 4.137821890349728 95
1739718580044 3.845614194595953 96
1739718580070 4.170255987379818 97
1739718580097 5.709478240966073 98
1739718580124 5.466981620898205 99
1739718580150 5.387631641579873 100
1739718580177 4.246996916241878 101
1739718580203 4.85670148074607 102
1739718580229 2.7446386966467817 103
1739718580255 11.395829072091315 104
1739718580282 4.904747867161644 105
1739718580309 3.632102694022257 106
1739718580336 7.245984650039608 107
1739718580363 5.687901290467856 108
1739718580390 3.502163368875726 109
1739718580416 4.207195523036134 110
1739718580443 3.5087214246034852 111
1739718580512 6.467928945715428 112
1739718580538 6.885576220476565 113
1739718580565 7.886201914428914 114
1739718580592 9.203422527114682 115
1739718580618 7.453206916548032 116
1739718580645 5.643655229327274 117
1739718580671 5.589702083105677 118
1739718580698 0.562851216209384 119
1739718580724 3.625081698831793 120
1739718580751 3.4379703825853056 121
1739718580778 7.956778042427569 122
1739718580805 8.048082415930613 123
1739718580832 4.189737409654088 124
1739718580858 4.642111807432302 125
1739718580885 6.585138109758652 126
1739718580912 3.362539803977176 127
1739718580938 2.1271972008796576 128
1739718580964 11.64269678019842 129
1739718580990 2.958913312528438 130
1739718581016 7.970544904787508 131
1739718581042 5.700917754181191 132
1739718581068 4.236169761977641 133
1739718581095 5.109882775066385 134
1739718581121 4.210761077381674 135
1739718581148 4.877392472925878 136
1739718581175 3.380001369479264 137
1739718581203 5.015503520963768 138
1739718581234 5.061813137528515 139
1739718581261 6.78057484167412 140
1739718581287 7.062843311422287 141
1739718581314 5.3676784805876405 142
1739718581340 6.714412867625593 143
1739718581367 12.706867338736727 144
1739718581393 6.491677219257238 145
1739718581420 6.904542742331086 146
1739718581447 6.662648332565431 147
1739718581475 2.7110726502062596 148
1739718581502 3.118004476959326 149
1739718581530 6.118111466239135 150
1739718581557 3.200384848318057 151
1739718581584 3.7414335863326644 152
1739718581611 0.39235431340383087 153
1739718581637 6.638855481122332 154
1739718581663 12.746002906812224 155
1739718581689 5.153220368239479 156
1739718581715 3.2528692173941933 157
1739718581742 7.1774544409188605 158
1739718581776 1.5393546192678158 159
1739718581803 2.7972222589163827 160
1739718581829 8.575810852427615 161
1739718581855 6.955749623658226 162
1739718581881 10.459594147743266 163
1739718581907 4.1075376914750485 164
1739718581933 6.853034722604139 165
1739718581959 5.564537548588097 166
1739718581986 6.931100388610787 167
1739718582014 6.6917782152103 168
1739718582042 3.634268821864114 169
1739718582072 2.940133379704919 170
1739718582104 5.644926261147439 171
1739718582135 3.69786209999579 172
1739718582163 4.207302691694847 173
1739718582191 6.717071991685661 174
1739718582219 3.5901715696960177 175
1739718582247 6.817354116582424 176
1739718582277 3.8854460971971925 177
1739718582307 5.8726456272483105 178
1739718582335 5.203612094246408 179
1739718582363 5.996488330617619 180
1739718582391 6.248645566232339 181
1739718582418 7.996897483663877 182
1739718582445 2.0711013197610777 183
1739718582474 4.547814881057458 184
1739718582503 5.217124311105872 185
1739718582531 6.510237268414839 186
1739718582558 4.84817079128614 187
1739718582586 4.170578713999145 188
1739718582613 4.182662681426719 189
1739718582639 1.409947193403363 190
1739718582665 4.432420421690612 191
1739718582690 3.0824480238437526 192
1739718582717 3.3031451861348287 193
1739718582743 7.141924355198525 194
1739718582774 5.559242447219327 195
1739718582801 1.1383229431284554 196
1739718582828 5.671929995918674 197
1739718582854 4.398582485058154 198
1739718582880 4.390275962923056 199
1739718582906 5.672284276397626 200
1739718582933 5.36429635710472 201
1739718582993 3.1355010676431125 202
1739718583021 6.151687732064493 203
1739718583047 5.993509028446773 204
1739718583074 7.720277209452751 205
1739718583100 6.679927343461461 206
1739718583127 4.332316125398098 207
1739718583153 3.320634900675934 208
1739718583179 1.4932453816012752 209
1739718583205 2.6207770787449727 210
1739718583231 6.927704584114242 211
1739718583258 8.285110721889286 212
1739718583283 6.214377452240312 213
1739718583309 8.490995223299334 214
1739718583336 6.594363906254557 215
1739718583362 2.4652599906808486 216
1739718583388 4.024931178615525 217
1739718583415 8.41361206863631 218
1739718583441 6.668184092964545 219
1739718583467 6.571809039676479 220
1739718583493 7.497838672451876 221
1739718583520 6.595971294221035 222
1739718583546 5.268207508891157 223
1739718583573 6.583302374297807 224
1739718583601 4.328913249087756 225
1739718583629 3.9671157107120365 226
1739718583656 2.3251544625361595 227
1739718583683 5.084893950878573 228
1739718583709 4.0827628826522595 229
1739718583736 4.711324697974361 230
1739718583762 2.8845412037748934 231
1739718583788 2.0399778049868904 232
1739718583815 3.2195736178444356 233
1739718583841 2.039830303440146 234
1739718583867 4.679418800482059 235
1739718583893 4.1390983810390205 236
1739718583919 5.01952590829294 237
1739718583945 3.1674304876574078 238
1739718583972 3.470258897977089 239
1739718583999 3.7455227578859875 240
1739718584028 2.485475022022977 241
1739718584058 7.503448115536753 242
1739718584086 0.8069621335549896 243
1739718584113 4.974703048313297 244
1739718584141 7.042494198533051 245
1739718584172 0.6087252638117921 246
1739718584200 7.992895799185229 247
1739718584227 2.7867745958166212 248
1739718584254 5.130924702428603 249
1739718584280 1.8360093114206186 250
1739718584306 6.5761350070579825 251
1739718584332 8.50238645383327 252
1739718584358 7.5747777298132135 253
1739718584383 2.8572681494549372 254
1739718584409 5.522309901014564 255
1739718584435 5.56564602215303 256
1739718584461 8.066064713011595 257
1739718584488 4.8812624506054245 258
1739718584513 5.4596861615204375 259
1739718584540 0.5701653093075876 260
1739718584565 2.8051908572471524 261
1739718584591 4.772960961765593 262
1739718584617 5.152989090467185 263
1739718584643 4.307675697084829 264
1739718584670 3.289823015910572 265
1739718584696 2.547498617416549 266
1739718584722 9.698115286292154 267
1739718584748 2.7505126389762227 268
1739718584774 3.679996302996403 269
1739718584800 5.395183287463422 270
1739718584826 4.377825869786193 271
1739718584853 5.274120238617978 272
1739718584880 5.579481813840357 273
1739718584906 5.704338593978659 274
1739718584932 3.24829471250752 275
1739718584958 4.616770215584364 276
1739718584984 7.756849976912623 277
1739718585011 3.073960579552715 278
1739718585037 5.416683569604521 279
1739718585063 3.8069360197727096 280
1739718585089 6.93128768101999 281
1739718585116 8.07364243904959 282
1739718585142 3.5443107342391764 283
1739718585169 5.5116767319284525 284
1739718585195 4.222863456670736 285
1739718585221 3.6802615552513833 286
1739718585248 8.646995116914917 287
1739718585274 0.5830058916878866 288
1739718585300 5.258183866816757 289
1739718585326 4.038244594792954 290
1739718585353 4.895527032651529 291
1739718585379 9.740432198017018 292
1739718585405 5.748047478496565 293
1739718585431 3.46686372859469 294
1739718585457 5.384911562141823 295
1739718585486 2.5020143941457063 296
1739718585513 4.7884495955687525 297
1739718585539 3.5887411588980553 298
1739718585566 2.7712342222694097 299
1739718585592 2.8592588172457503 300
1739718585618 2.6409825264111575 301
1739718585644 5.1378296093841875 302
1739718585670 3.843990556354694 303
1739718585695 5.127767840480659 304
1739718585721 6.582032590351609 305
1739718585747 4.463464177900698 306
1739718585773 2.7701677947155012 307
1739718585799 0.6262972913772834 308
1739718585825 4.994231259445077 309
1739718585852 3.3025003094762595 310
1739718585878 8.03971022545092 311
1739718585904 3.979716133380401 312
1739718585930 5.09045935238343 313
1739718585957 6.765444135432969 314
1739718585983 5.35415273792381 315
1739718586009 4.086752192052878 316
1739718586035 1.826453290136465 317
1739718586061 5.054533249220814 318
1739718586086 2.406950904083518 319
1739718586112 3.7969426978817507 320
1739718586139 6.762020480242532 321
1739718586165 4.736924882305553 322
1739718586191 2.1687899763555185 323
1739718586217 3.17034834814021 324
1739718586243 1.5709839884392645 325
1739718586269 4.142001333322641 326
1739718586294 7.072751868539455 327
1739718586320 7.196287516694481 328
1739718586346 2.0145896874657994 329
1739718586372 4.776521857519849 330
1739718586398 3.9556800953646265 331
1739718586425 3.5641185936241944 332
1739718586451 4.841955205890202 333
1739718586477 3.998844901385771 334
1739718586503 4.756214689557988 335
1739718586529 0.5328428795676181 336
1739718586555 7.192684661305725 337
1739718586581 5.4611798046224935 338
1739718586607 2.2149524352313668 339
1739718586633 1.9321267980146655 340
1739718586660 4.582602351593453 341
1739718586685 5.8733648426960166 342
1739718586712 3.3454800623518675 343
1739718586737 7.267207252101102 344
1739718586764 2.4621762090591504 345
1739718586790 6.4328570552159885 346
1739718586816 4.6936488801745995 347
1739718586843 4.242259887289633 348
1739718586869 4.857395082316002 349
1739718586895 5.423754287979042 350
1739718586921 3.9883550668794014 351
1739718586948 3.2746763685122215 352
1739718586974 4.450942189476969 353
1739718587000 6.688269804710574 354
1739718587026 6.175549630611223 355
1739718587052 6.136124947251619 356
1739718587078 4.029460388845443 357
1739718587104 6.937939294805931 358
1739718587130 8.549694851820501 359
1739718587156 9.377458500101566 360
1739718587183 1.6750051800497965 361
1739718587243 6.338850016003578 362
1739718587272 4.563362199516063 363
1739718587299 5.683296618318582 364
1739718587326 16.677596400857443 365
1739718587354 7.804417176576993 366
1739718587381 5.45186553885769 367
1739718587409 2.495911201925879 368
1739718587436 5.125895424570043 369
1739718587463 6.872513110107833 370
1739718587489 6.5978694322632165 371
1739718587515 2.161054924196123 372
1739718587541 4.346138826006645 373
1739718587568 6.110872746139937 374
1739718587597 5.553406933761921 375
1739718587623 1.7545016945043033 376
1739718587648 8.055109382030224 377
1739718587675 3.344915368209439 378
1739718587700 4.601668816950406 379
1739718587726 3.901231176035554 380
1739718587752 1.4996290691779712 381
1739718587778 5.042241497050876 382
1739718587804 3.8356831511173874 383
1739718587830 3.6433011006855187 384
1739718587856 5.128755863267074 385
1739718587883 5.5038200386025045 386
1739718587909 7.169354446300649 387
1739718587934 4.111187395056508 388
1739718587960 8.31019495842729 389
1739718587986 4.976463566294534 390
1739718588013 3.7649676841456845 391
1739718588038 3.7694698606962738 392
1739718588064 4.6628984710645565 393
1739718588091 4.847852583386136 394
1739718588117 7.004861846713181 395
1739718588143 6.71968285586021 396
1739718588170 6.655316915309843 397
1739718588196 5.805435583018863 398
1739718588221 2.6368611210568735 399
1739718588247 5.048850345361622 400
1739718588274 4.24097973194394 401
1739718588300 1.2838779248321983 402
1739718588326 8.289852594196432 403
1739718588352 4.9281683145975235 404
1739718588379 6.458433533163238 405
1739718588404 3.175932656427288 406
1739718588430 5.635325122731903 407
1739718588456 4.461972107942734 408
1739718588481 14.66844630153192 409
1739718588507 3.2148088018595953 410
1739718588533 4.928648200060969 411
1739718588560 4.237370296369447 412
1739718588587 2.2589892658629243 413
1739718588613 5.674249958791956 414
1739718588639 3.055285388627296 415
1739718588665 3.076738942349338 416
1739718588691 4.223908837306027 417
1739718588717 4.481374699619956 418
1739718588743 2.8456141642393735 419
1739718588769 0.30481415344980783 420
1739718588796 3.902468403753713 421
1739718588822 4.953476905835082 422
1739718588847 5.392799903680591 423
1739718588873 6.047487988863284 424
1739718588900 5.033063237994468 425
1739718588925 4.40214399509473 426
1739718588951 5.930244631105588 427
1739718588977 4.007378812460757 428
1739718589003 3.7504078028031103 429
1739718589029 6.0334232658572065 430
1739718589055 7.878311213949376 431
1739718589081 5.967478025095802 432
1739718589107 4.726390044341059 433
1739718589133 4.015759528385464 434
1739718589159 3.7669111567733227 435
1739718589185 1.7436541577129014 436
1739718589210 2.701763767822108 437
1739718589236 4.040110786752845 438
1739718589263 3.1268428806335615 439
1739718589289 1.9610767989583395 440
1739718589315 3.1302734562251673 441
1739718589341 1.329387301004874 442
1739718589367 4.304132486772034 443
1739718589393 7.46198590672551 444
1739718589419 3.7840390946326865 445
1739718589445 5.008897182425221 446
1739718589472 4.180987011138578 447
1739718589498 5.641555621302371 448
1739718589524 9.690977391923036 449
1739718589550 9.257674879829931 450
1739718589576 4.720096122370381 451
1739718589602 1.1903547900667764 452
1739718589628 4.141584629227866 453
1739718589654 7.981360962710432 454
1739718589680 3.05792507432705 455
1739718589707 5.197823582707234 456
1739718589734 7.450925826939629 457
1739718589760 5.361729698257883 458
1739718589786 6.217374147873679 459
1739718589812 3.172575423085994 460
1739718589839 8.171231546003666 461
1739718589864 5.734497020942586 462
1739718589891 1.5558540135978727 463
1739718589916 4.929606110351207 464
1739718589942 6.287909909744368 465
1739718589968 5.240806672860734 466
1739718589994 5.4014881810990865 467
1739718590020 2.98057152915961 468
1739718590045 6.064214291813038 469
1739718590071 2.3961701072158523 470
1739718590097 5.3867182120174375 471
1739718590123 6.273287303833273 472
1739718590149 0.8424361443657131 473
1739718590175 4.847370710324499 474
1739718590201 11.228537874867692 475
1739718590228 4.691375186009686 476
1739718590254 4.825822448392425 477
1739718590280 6.328975936951539 478
1739718590305 5.750636015153286 479
1739718590331 3.995857570665638 480
1739718590357 2.5993532432231383 481
1739718590383 5.123564516053715 482
1739718590409 8.576832022467308 483
1739718590435 4.81860767226587 484
1739718590460 3.220833028749101 485
1739718590486 3.8429403276366076 486
1739718590512 4.474473333366116 487
1739718590538 5.114173403536379 488
1739718590564 5.518801154875609 489
1739718590590 2.3053924160372197 490
1739718590616 2.8915309644175053 491
1739718590642 1.7309827230059383 492
1739718590668 5.380630469913894 493
1739718590693 5.0874839485238486 494
1739718590719 4.1415628136463445 495
1739718590745 5.193655278031432 496
1739718590772 0.2600487206131938 497
1739718590799 3.590757917360457 498
1739718590826 6.838898666452608 499
