1739717316122 0.05859079129894006 0
1739717316149 0.03354207486657471 1
1739717316176 0.03197606353844071 2
1739717316203 0.27874509260071634 3
1739717316230 0.008927183596922314 4
1739717316257 0.12181896451712539 5
1739717316284 0.06114631842171333 6
1739717316311 0.1446148821074326 7
1739717316338 0.0705041758671745 8
1739717316365 0.000923193367854854 9
1739717316391 0.01058025593909211 10
1739717316418 0.004612373935749683 11
1739717316445 0.005554241056235882 12
1739717316472 0.020584387659316923 13
1739717316498 0.0158488802351439 14
1739717316526 0.010373700729892712 15
1739717316552 0.018218911950358508 16
1739717316579 0.3328388151049255 17
1739717316606 0.0060650363855569754 18
1739717316633 0.04912549232776096 19
1739717316660 0.2056537740298925 20
1739717316687 0.036082811279735255 21
1739717316714 0.1351180440973919 22
1739717316740 0.20820760394169466 23
1739717316767 0.013107991053692609 24
1739717316794 0.0018040442732415601 25
1739717316821 0.01818720187576946 26
1739717316848 0.0890990289924804 27
1739717316874 0.18864072433636614 28
1739717316900 0.008928131714520398 29
1739717316927 0.29346217008727576 30
1739717316954 0.009903334787288574 31
1739717316981 0.000649683490132102 32
1739717317008 0.23010151804450257 33
1739717317035 0.3847989438739729 34
1739717317062 0.00650932196053422 35
1739717317089 0.14911337886277928 36
1739717317116 0.09012974185193472 37
1739717317142 0.02655801000847499 38
1739717317169 0.010087534903546176 39
1739717317196 0.059898238138660055 40
1739717317223 0.023379255996876853 41
1739717317251 0.19216357143017435 42
1739717317277 0.0021153729110840996 43
1739717317304 0.19905285230227976 44
1739717317332 0.002208339864799992 45
1739717317359 0.004294430777058026 46
1739717317385 0.09549060655366362 47
1739717317413 0.20519141427464224 48
1739717317440 0.03429021413623486 49
1739717317466 0.06232235593713685 50
1739717317494 0.17822268256619495 51
1739717317520 0.2555232640287022 52
1739717317548 0.08926604232396639 53
1739717317575 0.14915528554732985 54
1739717317601 0.002735446960554216 55
1739717317627 0.09754423463990256 56
1739717317654 0.16088923166816568 57
1739717317680 0.04425840853426009 58
1739717317706 0.1570222028963844 59
1739717317734 0.11457900621425215 60
1739717317761 0.38912310455166366 61
1739717317787 0.6760115905732061 62
1739717317814 0.15052120121587495 63
1739717317841 0.7464314048821207 64
1739717317867 0.05700488603081112 65
1739717317894 0.0015156045994695413 66
1739717317921 0.012103765456183392 67
1739717317948 0.057968458729965644 68
1739717317975 0.024560593011208692 69
1739717318002 0.27230888038001744 70
1739717318028 0.5973325880842653 71
1739717318055 1.0226715799393613 72
1739717318082 0.007354144023019777 73
1739717318108 0.0006892326784353192 74
1739717318135 0.1627848929519658 75
1739717318163 0.0014837091441157048 76
1739717318189 0.08126295014289579 77
1739717318216 0.042375267114339164 78
1739717318243 0.002117174297158209 79
1739717318270 0.039400064912475725 80
1739717318297 0.074599261866496 81
1739717318323 0.10292709208071607 82
1739717318350 0.016571818525532245 83
1739717318377 0.14647758723478155 84
1739717318403 0.01740850019303072 85
1739717318431 0.043981420821050485 86
1739717318458 0.19028240803613947 87
1739717318485 0.0003332685528616224 88
1739717318512 0.02639429392070038 89
1739717318539 0.001442985549835828 90
1739717318566 0.35182567316118346 91
1739717318593 0.022925716298805902 92
1739717318620 0.26820282941144546 93
1739717318647 0.032616244121209934 94
1739717318674 0.053720046803042605 95
1739717318702 5.70742062393262e-06 96
1739717318729 0.03205277565321628 97
1739717318756 0.007899380447536146 98
1739717318783 0.04932774873355562 99
1739717318809 0.0005906153882800355 100
1739717318836 0.028511448259617874 101
1739717318863 0.08284347469675152 102
1739717318890 0.03862368025834845 103
1739717318917 0.03473407179051495 104
1739717318944 0.1664704831089572 105
1739717318971 0.015867120223814177 106
1739717318997 0.05583579950939346 107
1739717319024 0.42596269918786167 108
1739717319051 0.17796273698126916 109
1739717319078 0.145184091101838 110
1739717319104 0.000557699953678412 111
1739717319132 0.4235518401458958 112
1739717319159 0.016432210941253536 113
1739717319187 0.04114602735537249 114
1739717319214 0.021694946036392864 115
1739717319241 0.28290359764334594 116
1739717319268 0.469461181711926 117
1739717319295 0.0013661183868637118 118
1739717319322 0.004571041215340006 119
1739717319349 0.010601038799245998 120
1739717319376 0.063798378104857 121
1739717319403 1.2767143286052776 122
1739717319429 0.2831302315362271 123
1739717319456 0.17335008372427746 124
1739717319483 0.20922161243779056 125
1739717319510 0.029042537557379077 126
1739717319537 0.0021369430298919475 127
1739717319564 0.03259476310548134 128
1739717319590 0.2545501266675092 129
1739717319617 0.020838913301906233 130
1739717319643 0.07476358482850033 131
1739717319671 0.1251550031022574 132
1739717319697 0.006179787229127998 133
1739717319724 0.03515661395850007 134
1739717319751 4.344284818474631e-05 135
1739717319778 0.010072628559830255 136
1739717319804 0.054347218605582254 137
1739717319831 0.10078130478378602 138
1739717319857 0.00030391539547446777 139
1739717319884 0.0010363379326586955 140
1739717319910 0.011361867766828418 141
1739717319937 0.14003379798664178 142
1739717319964 0.217561171462797 143
1739717319991 0.22744549127992236 144
1739717320018 0.0350590362916086 145
1739717320044 0.11109851285651856 146
1739717320071 0.30658060753827415 147
1739717320098 0.135559142596439 148
1739717320125 0.017533304883630165 149
1739717320152 0.2434592097325878 150
1739717320179 0.019042581215520462 151
1739717320206 0.006519499178765994 152
1739717320233 0.004186965880711548 153
1739717320261 0.03576597604322231 154
1739717320288 0.03571783060503872 155
1739717320315 0.021604143251042627 156
1739717320342 0.017563540257802296 157
1739717320369 0.1930967437025862 158
1739717320396 0.003560597727942361 159
1739717320423 0.1741499861772911 160
1739717320450 0.08426737159961438 161
1739717320477 0.005668402333597477 162
1739717320504 0.043233601823866194 163
1739717320530 0.04727288963972704 164
1739717320557 0.01332105717796699 165
1739717320585 0.043961419558860675 166
1739717320612 0.03359915145577785 167
1739717320639 0.06736640193816969 168
1739717320666 0.03467356176435885 169
1739717320693 0.0020048386006481776 170
1739717320719 0.0010738050517301867 171
1739717320746 0.02121156292507873 172
1739717320774 0.02027564739607364 173
1739717320801 0.002580104498572538 174
1739717320828 0.001911247381349158 175
1739717320855 0.007360994868455102 176
1739717320882 0.0010874232414680466 177
1739717320909 0.01121187919888994 178
1739717320936 0.18318064020807756 179
1739717320963 0.2701956979648997 180
1739717320990 0.003172606424934676 181
1739717321017 0.0022227392669626664 182
1739717321045 0.5613822544395527 183
1739717321072 0.040333225899357596 184
1739717321099 1.3393057706416518 185
1739717321126 0.11670534651934727 186
1739717321154 0.02308605814581608 187
1739717321181 0.00488949301053579 188
1739717321208 0.012104139419509665 189
1739717321235 0.004133103090566526 190
1739717321263 0.0005742797253631605 191
1739717321290 0.0017216460590608294 192
1739717321318 0.08116946006862817 193
1739717321345 0.1000148085434645 194
1739717321372 0.14159812366146607 195
1739717321399 0.9394458082369145 196
1739717321426 0.03877055529597676 197
1739717321453 0.06743167565674582 198
1739717321480 0.4074777885869316 199
1739717321506 0.04863533448818995 200
1739717321533 0.15738802085485384 201
1739717321560 0.0028446161174786352 202
1739717321587 0.0001900287631434464 203
1739717321613 0.23352873022760512 204
1739717321640 7.5432372733072e-07 205
1739717321667 0.0002867548047544127 206
1739717321694 0.050948590777497776 207
1739717321720 0.028345570969672506 208
1739717321747 0.16412768958245919 209
1739717321773 0.17542871400811505 210
1739717321800 0.1918008269847172 211
1739717321827 0.044670366989964155 212
1739717321854 0.002120680397258338 213
1739717321881 0.31676175514545446 214
1739717321908 0.0015181530920135627 215
1739717321934 0.9740656909304984 216
1739717321961 0.2305576175362825 217
1739717321988 0.0023676365722172955 218
1739717322015 0.1421110989032154 219
1739717322042 0.027410587268676494 220
1739717322069 0.04961081988507597 221
1739717322096 0.024006581504902362 222
1739717322123 0.00014306830479860516 223
1739717322150 0.10375307893332257 224
1739717322177 0.2006204609310139 225
1739717322203 0.22515802012175637 226
1739717322230 0.0038449864007455564 227
1739717322257 0.15817317411467618 228
1739717322284 0.13004891577146466 229
1739717322311 0.0021301348497294237 230
1739717322339 0.16756572962688565 231
1739717322366 0.0005082096397218697 232
1739717322393 0.9506750309937281 233
1739717322420 0.21242229294903087 234
1739717322447 0.6875042945465626 235
1739717322474 0.04243928882160695 236
1739717322502 0.2688382179800834 237
1739717322529 0.11244632730462192 238
1739717322556 0.598044094612092 239
1739717322583 0.04301773771379656 240
1739717322610 0.025003326995992652 241
1739717322637 0.060296849894276576 242
1739717322664 0.33755031624595755 243
1739717322691 0.07148866109256898 244
1739717322717 0.27552833197973114 245
1739717322745 0.03489755176857057 246
1739717322772 0.13792216257778767 247
1739717322799 0.9295346609375409 248
1739717322825 0.01667216266781016 249
1739717322852 0.507261697314741 250
1739717322879 0.19589628575354218 251
1739717322906 0.00041606789901985926 252
1739717322933 0.061377599008417216 253
1739717322961 0.12438539398466718 254
1739717322989 0.01139637194617653 255
1739717323016 0.06135466495306514 256
1739717323044 0.03366347201294091 257
1739717323073 0.19179991776340852 258
1739717323101 0.04909565889101001 259
1739717323128 0.0432026213466713 260
1739717323155 0.04533695617606709 261
1739717323182 0.01778071539967655 262
1739717323210 0.02997015822410994 263
1739717323237 0.20416399969709786 264
1739717323264 0.14197867631278197 265
1739717323291 0.031119466964657644 266
1739717323318 0.11336434949997518 267
1739717323345 0.05997876466617738 268
1739717323372 0.08140144835852964 269
1739717323401 0.05608925844027732 270
1739717323430 0.004567679118698281 271
1739717323458 0.002702948835207701 272
1739717323487 0.0043660442629798 273
1739717323514 0.022296452860974817 274
1739717323541 0.0016334511929628822 275
1739717323569 0.12014108750270783 276
1739717323597 0.12462583271059943 277
1739717323624 0.16268400533897842 278
1739717323652 0.17816020331864452 279
1739717323680 0.18079180134242587 280
1739717323708 0.0321291956005804 281
1739717323735 0.010971479416885392 282
1739717323763 0.1429072587801275 283
1739717323791 0.00803357962968265 284
1739717323818 0.09221821462440091 285
1739717323846 0.0013203192681499841 286
1739717323875 0.00884066472090775 287
1739717323903 0.12938363337881395 288
1739717323931 7.548742549528467e-05 289
1739717323959 0.05699575979659409 290
1739717323988 0.10422012145790086 291
1739717324016 0.00014232842860844496 292
1739717324044 0.4654217419130856 293
1739717324072 0.029356240930305144 294
1739717324100 0.0702877985355911 295
1739717324128 0.1381571247306295 296
1739717324156 0.7136138012532316 297
1739717324183 0.8043398352861474 298
1739717324211 0.23324633048509466 299
1739717324238 0.2727331326141608 300
1739717324266 0.1336179672997999 301
1739717324294 0.0026117292562065713 302
1739717324320 0.03131713303118099 303
1739717324347 0.06488059523599149 304
1739717324374 0.010105156678113368 305
1739717324401 0.024680037747974136 306
1739717324429 0.12531709528438298 307
1739717324456 0.0010522256797429986 308
1739717324483 0.06117228988437577 309
1739717324511 0.08541553760130265 310
1739717324537 0.06039901119922794 311
1739717324564 7.413216002217097e-05 312
1739717324591 0.1125383937316148 313
1739717324618 0.001544303174981926 314
1739717324644 0.07383972928181544 315
1739717324672 0.6276449914055027 316
1739717324699 0.055847808330733203 317
1739717324726 0.037024806498241004 318
1739717324753 0.0033180123041318347 319
1739717324780 0.01680029339720791 320
1739717324808 0.43950198923396394 321
1739717324835 0.2804166977305953 322
1739717324862 0.31344645300143953 323
1739717324890 0.04594472314128509 324
1739717324918 1.329432021341964 325
1739717324945 0.006343690895790507 326
1739717324972 0.006829739151607257 327
1739717325000 0.3143839867003706 328
1739717325028 0.002982827433209108 329
1739717325057 0.0007514894672013446 330
1739717325085 0.022098493828548654 331
1739717325114 0.01973676837262989 332
1739717325143 0.012733631054649315 333
1739717325172 0.2084104580549359 334
1739717325202 0.44089948781056487 335
1739717325231 0.09177245431814138 336
1739717325259 0.4801113214887668 337
1739717325287 0.09988036773406624 338
1739717325315 0.1123793711373355 339
1739717325343 0.004280622628847775 340
1739717325369 0.5475153798644073 341
1739717325397 9.639424664524637e-05 342
1739717325425 0.5040516532418177 343
1739717325452 0.38321116274224526 344
1739717325479 0.03156050459523483 345
1739717325506 0.02501217957699044 346
1739717325534 0.06745221578860959 347
1739717325562 0.06167405492250096 348
1739717325589 0.0067375435734852935 349
1739717325616 0.10769760198531933 350
1739717325643 2.1820824893720784e-06 351
1739717325670 0.25395467511244285 352
1739717325698 0.029468497855358492 353
1739717325725 0.015670338609320506 354
1739717325752 0.010373838708347306 355
1739717325779 0.06711313268492483 356
1739717325807 0.2589710500144341 357
1739717325833 0.02384429979492175 358
1739717325860 0.0066793311395465646 359
1739717325887 0.03852401933419623 360
1739717325914 0.4364885742876455 361
1739717325941 0.010020492416732956 362
1739717325969 0.02459598920895469 363
1739717325996 0.010621153930117583 364
1739717326024 0.20699485239355345 365
1739717326051 0.00037438745033192215 366
1739717326078 0.0011740915994340015 367
1739717326105 0.33682187341189485 368
1739717326132 0.012114660974255278 369
1739717326159 0.07659340924568274 370
1739717326186 0.1041721456305836 371
1739717326213 0.23500630527070895 372
1739717326241 0.030608943762267776 373
1739717326268 0.006342691931170222 374
1739717326296 0.2381869333528892 375
1739717326323 0.0019453627596236844 376
1739717326350 0.03772420593012622 377
1739717326377 0.028242765098098335 378
1739717326405 0.021520604944237843 379
1739717326432 0.010168901533377342 380
1739717326459 0.005486846980875628 381
1739717326486 0.0018211891331952285 382
1739717326513 0.37664324316556047 383
1739717326540 0.2507220753883586 384
1739717326567 0.08382781937261875 385
1739717326594 0.05554716230681116 386
1739717326622 0.24137522678811327 387
1739717326649 0.022699549169055522 388
1739717326677 0.02603502126646011 389
1739717326703 0.02883549988306255 390
1739717326730 0.00032040127685611924 391
1739717326757 0.0759815271937353 392
1739717326784 0.05555310388514712 393
1739717326812 0.054070978677247805 394
1739717326838 0.10941897544681049 395
1739717326865 0.09326238613689607 396
1739717326892 0.15183403121861444 397
1739717326920 0.05654388195143624 398
1739717326947 0.04678809592145776 399
1739717326974 0.201910208266136 400
1739717327001 0.000342452227294896 401
1739717327028 0.13206486744979587 402
1739717327056 3.1102533818081533 403
1739717327082 0.05383777544580069 404
1739717327128 0.0005048714155728734 405
1739717327160 0.36931229292295326 406
1739717327189 0.0581936415688132 407
1739717327219 0.10371298821510604 408
1739717327249 0.07115967205667309 409
1739717327277 0.037419216187213986 410
1739717327306 0.010623280675537942 411
1739717327335 8.902920206757303e-05 412
1739717327366 0.019346528741980045 413
1739717327395 0.11146907503409778 414
1739717327423 0.006703038224975882 415
1739717327455 0.006577966852675012 416
1739717327484 0.16923330036876308 417
1739717327513 0.002511823444144596 418
1739717327542 0.04071889214992361 419
1739717327570 0.11718526502212066 420
1739717327599 0.01663784599600713 421
1739717327628 0.07574553536330543 422
1739717327658 0.02246753403750638 423
1739717327687 1.606921210870075e-06 424
1739717327716 0.0005319982923278995 425
1739717327746 0.1459260938493223 426
1739717327774 0.01137381154591753 427
1739717327803 0.369677076038302 428
1739717327833 0.00013817238043294545 429
1739717327861 0.5272451511138697 430
1739717327890 0.13468616335889275 431
1739717327919 0.5683637036323765 432
1739717327947 0.0625348186343344 433
1739717327976 0.10366935417327433 434
1739717328005 0.02580470236184537 435
1739717328034 9.13444243214529e-07 436
1739717328063 0.32576827053147717 437
1739717328092 0.09172314301359386 438
1739717328121 0.07616023449603784 439
1739717328149 0.09595740691890085 440
1739717328177 0.12825803661398347 441
1739717328204 0.005196290060858081 442
1739717328232 0.06556760491201342 443
1739717328260 0.04514200455037121 444
1739717328287 0.026335400997012114 445
1739717328314 0.06857241028301345 446
1739717328342 0.3403006458646739 447
1739717328370 0.2577722721674556 448
1739717328397 0.008057113579168593 449
1739717328424 0.020986523205738076 450
1739717328451 0.20696929174135337 451
1739717328478 0.0004987468259576074 452
1739717328505 0.05057364338424595 453
1739717328533 0.00011742961603103318 454
1739717328560 0.9573052710844894 455
1739717328587 0.32804345962145265 456
1739717328614 0.03515242690241882 457
1739717328642 0.2030641966970559 458
1739717328668 0.17407914706170854 459
1739717328695 0.12508651413707078 460
1739717328722 0.004156244810783413 461
1739717328750 1.4035533116837419e-05 462
1739717328777 0.006316642118511498 463
1739717328804 0.0856366994962221 464
1739717328832 0.0035200862738042583 465
1739717328859 0.014217649868611746 466
1739717328886 0.014140378118452685 467
1739717328914 0.2886310098152259 468
1739717328941 0.03150659194892699 469
1739717328968 0.08013340216105254 470
1739717328995 0.028629443265628236 471
1739717329022 0.0015211536711386261 472
1739717329049 0.06946595955869904 473
1739717329076 0.01862458176432425 474
1739717329103 0.0038035806026666392 475
1739717329131 0.1032439150203947 476
1739717329157 0.05756914298312787 477
1739717329184 0.35953192665954065 478
1739717329211 0.14141035183563622 479
1739717329238 0.39492722935202196 480
1739717329266 0.16388656106252586 481
1739717329293 0.021353351085039822 482
1739717329320 0.029421725330885905 483
1739717329347 0.10743647850736683 484
1739717329374 0.06508506991502222 485
1739717329401 0.30440884449380934 486
1739717329429 0.10610896415681548 487
1739717329457 0.03782850824565705 488
1739717329484 0.13729221369376943 489
1739717329511 0.13717338895953096 490
1739717329538 0.02690832956366476 491
1739717329565 0.012822611504436686 492
1739717329592 0.012144916092922868 493
1739717329620 0.22584644950027974 494
1739717329647 0.00036016466246102034 495
1739717329674 0.017433616851632888 496
1739717329701 0.011945957101126786 497
1739717329729 0.04728801630959474 498
1739717329757 0.0025290385941054067 499
