1739714938269 169.9448191931434 0
1739714938274 166.54971376912525 1
1739714938279 163.22379532659153 2
1739714938284 159.9656062665998 3
1739714938288 156.77372167748922 4
1739714938292 153.64674851937028 5
1739714938297 150.5833248322281 6
1739714938301 147.5821189668389 7
1739714938306 144.64182883772872 8
1739714938310 141.76118119743543 9
1739714938314 138.93893093135992 10
1739714938319 136.17386037252342 11
1739714938323 133.4647786355702 12
1739714938327 130.8105209693823 13
1739714938331 128.20994812769587 14
1739714938335 125.66194575713168 15
1739714938339 123.16542380207427 16
1739714938343 120.71931592585551 17
1739714938347 118.32257894771838 18
1739714938351 115.97419229505621 19
1739714938356 113.67315747044117 20
1739714938360 111.41849753297365 21
1739714938364 109.20925659350152 22
1739714938368 107.04449932327418 23
1739714938373 104.92331047561264 24
1739714938377 102.84479442019153 25
1739714938381 100.80807468954409 26
1739714938386 98.81229353741404 27
1739714938390 96.85661150859318 28
1739714938394 94.94020701989477 29
1739714938398 93.06227595192651 30
1739714938403 91.22203125133775 31
1739714938407 89.41870254322752 32
1739714938411 87.65153575341104 33
1739714938415 85.91979274025218 34
1739714938420 84.22275093578017 35
1739714938424 82.5597029958183 36
1739714938428 80.92995645886164 37
1739714938431 79.33283341344956 38
1739714938435 77.7676701737885 39
1739714938439 76.23381696338683 40
1739714938444 74.73063760647385 41
1739714938448 73.25750922698076 42
1739714938451 71.81382195487005 43
1739714938457 70.39897863960618 44
1739714938461 69.0123945705676 45
1739714938466 67.65349720420666 46
1739714938472 66.32172589776995 47
1739714938477 65.01653164939852 48
1739714938481 63.737376844432106 49
1739714938487 62.483735007748415 50
1739714938492 61.2550905619729 51
1739714938496 60.05093859140046 52
1739714938500 58.870784611474804 53
1739714938505 57.71414434367693 54
1739714938510 56.58054349567808 55
1739714938515 55.46951754661752 56
1739714938519 54.3806115373696 57
1739714938524 53.31337986566895 58
1739714938528 52.26738608596657 59
1739714938533 51.242202713893136 60
1739714938539 50.23741103521064 61
1739714938544 49.252600919135816 62
1739714938550 48.287370635923104 63
1739714938556 47.34132667859823 64
1739714938561 46.414083588736275 65
1739714938565 45.50526378618196 66
1739714938570 44.614497402611995 67
1739714938574 43.74142211884338 68
1739714938579 42.88568300579319 69
1739714938583 42.04693236899915 70
1739714938588 41.224829596612274 71
1739714938592 40.41904101077552 72
1739714938597 39.62923972230526 73
1739714938602 38.85510548859408 74
1739714938606 38.09632457465649 75
1739714938611 37.35258961724054 76
1739714938615 36.62359949193124 77
1739714938619 35.909059183173184 78
1739714938624 35.208679657142305 79
1739714938628 34.52217773739797 80
1739714938632 33.84927598324922 81
1739714938636 33.18970257077044 82
1739714938640 32.54319117640327 83
1739714938644 31.9094808630838 84
1739714938648 31.288315968835406 85
1739714938652 30.679445997769147 86
1739714938657 30.082625513435485 87
1739714938661 29.497614034472225 88
1739714938666 28.92417593249536 89
1739714938670 28.362080332180728 90
1739714938674 27.811101013485704 91
1739714938679 27.271016315961703 92
1739714938683 26.74160904510939 93
1739714938687 26.222666380729564 94
1739714938692 25.713979787224527 95
1739714938696 25.21534492580493 96
1739714938699 24.72656156855927 97
1739714938703 24.247433514343545 98
1739714938708 23.777768506449927 99
1739714938712 23.31737815201461 100
1739714938716 22.866077843125286 101
1739714938720 22.423686679590524 102
1739714938725 21.990027393333822 103
1739714938729 21.56492627437572 104
1739714938733 21.148213098369165 105
1739714938737 20.739721055653234 106
1739714938741 20.339286681791762 107
1739714938746 19.94674978956403 108
1739714938750 19.56195340237542 109
1739714938755 19.184743689056948 110
1739714938759 18.81496990002301 111
1739714938763 18.452484304757792 112
1739714938768 18.097142130600993 113
1739714938773 17.748801502804962 114
1739714938778 17.407323385835095 115
1739714938784 17.072571525886875 116
1739714938789 16.744412394592942 117
1739714938793 16.422715133894478 118
1739714938798 16.107351502051824 119
1739714938802 15.798195820769777 120
1739714938806 15.495124923413432 121
1739714938811 15.198018104291283 122
1739714938815 14.906757068982692 123
1739714938819 14.62122588568727 124
1739714938823 14.341310937574388 125
1739714938827 14.066900876111468 126
1739714938831 13.797886575350274 127
1739714938836 13.534161087150615 128
1739714938840 13.275619597321837 129
1739714938844 13.022159382662341 130
1739714938848 12.773679768878436 131
1739714938852 12.53008208936355 132
1739714938857 12.291269644820051 133
1739714938861 12.057147663705555 134
1739714938865 11.827623263486519 135
1739714938870 11.602605412682166 136
1739714938874 11.382004893682064 137
1739714938878 11.165734266321227 138
1739714938882 10.95370783219665 139
1739714938886 10.745841599710173 140
1739714938890 10.542053249821935 141
1739714938894 10.342262102500134 142
1739714938898 10.146389083852215 143
1739714938902 9.954356693923378 144
1739714938906 9.766088975148607 145
1739714938911 9.581511481444547 146
1739714938914 9.40055124792792 147
1739714938918 9.223136761247666 148
1739714938923 9.049197930517769 149
1739714938927 8.878666058838672 150
1739714938932 8.711473815394896 151
1739714938936 8.547555208117041 152
1739714938940 8.386845556896443 153
1739714938944 8.22928146734114 154
1739714938948 8.074800805062107 155
1739714938952 7.923342670478533 156
1739714938957 7.774847374131816 157
1739714938961 7.629256412497531 158
1739714938965 7.486512444285332 159
1739714938969 7.346559267216687 160
1739714938973 7.209341795270651 161
1739714938977 7.074806036388081 162
1739714938981 6.942899070624991 163
1739714938985 6.813569028745659 164
1739714938989 6.6867650712466995 165
1739714938994 6.56243736780324 166
1739714938998 6.440537077128403 167
1739714939003 6.321016327238008 168
1739714939007 6.203828196111805 169
1739714939011 6.088926692743533 170
1739714939015 5.976266738571656 171
1739714939019 5.865804149283088 172
1739714939023 5.757495616982327 173
1739714939027 5.65129869271857 174
1739714939031 5.547171769363484 175
1739714939035 5.445074064832549 176
1739714939039 5.3449656056430666 177
1739714939044 5.246807210801779 178
1739714939048 5.150560476015674 179
1739714939052 5.056187758219298 180
1739714939056 4.963652160412074 181
1739714939060 4.87291751679958 182
1739714939065 4.783948378232349 183
1739714939069 4.6967099979364315 184
1739714939080 4.611168317529633 185
1739714939084 4.527289953317758 186
1739714939088 4.445042182865077 187
1739714939092 4.364392931833678 188
1739714939097 4.285310761086045 189
1739714939101 4.207764854045715 190
1739714939105 4.131725004310697 191
1739714939109 4.057161603514677 192
1739714939114 3.9840456294308133 193
1739714939118 3.9123486343134797 194
1739714939122 3.8420427334729594 195
1739714939126 3.7731005940784743 196
1739714939130 3.7054954241849845 197
1739714939134 3.6392009619791645 198
1739714939139 3.5741914652402396 199
1739714939143 3.510441701011305 200
1739714939147 3.4479269354768554 201
1739714939151 3.386622924042506 202
1739714939155 3.326505901612697 203
1739714939160 3.2675525730624733 204
1739714939164 3.209740103899473 205
1739714939170 3.153046111112205 206
1739714939175 3.0974486542009654 207
1739714939179 3.0429262263876735 208
1739714939185 2.989457746001089 209
1739714939189 2.9370225480337933 210
1739714939193 2.885600375867622 211
1739714939198 2.8351713731640382 212
1739714939202 2.7857160759162376 213
1739714939207 2.7372154046596666 214
1739714939210 2.689650656837891 215
1739714939214 2.643003499320517 216
1739714939219 2.597255961070316 217
1739714939223 2.5523904259564425 218
1739714939227 2.5083896257108385 219
1739714939231 2.4652366330250026 220
1739714939236 2.422914854784234 221
1739714939240 2.3814080254367007 222
1739714939244 2.3407002004945423 223
1739714939249 2.30077575016441 224
1739714939253 2.2616193531048543 225
1739714939257 2.223215990307993 226
1739714939261 2.1855509391030226 227
1739714939265 2.148609767279095 228
1739714939270 2.1123783273251777 229
1739714939274 2.076842750784584 230
1739714939278 2.0419894427218797 231
1739714939282 2.0078050762998467 232
1739714939286 1.9742765874644217 233
1739714939290 1.9413911697353818 234
1739714939294 1.909136269100659 235
1739714939298 1.8774995790122402 236
1739714939303 1.8464690354816193 237
1739714939307 1.8160328122728118 238
1739714939311 1.7861793161909687 239
1739714939315 1.7568971824647128 240
1739714939319 1.7281752702202775 241
1739714939323 1.7000026580456749 242
1739714939327 1.6723686396430721 243
1739714939331 1.6452627195675564 244
1739714939335 1.6186746090506936 245
1739714939339 1.5925942219070708 246
1739714939343 1.5670116705222084 247
1739714939347 1.5419172619202428 248
1739714939351 1.5173014939097675 249
1739714939355 1.4931550513062448 250
1739714939359 1.4694688022295197 251
1739714939364 1.4462337944748984 252
1739714939368 1.4234412519563449 253
1739714939372 1.401082571220331 254
1739714939377 1.3791493180289642 255
1739714939381 1.3576332240109883 256
1739714939385 1.3365261833793298 257
1739714939389 1.3158202497138263 258
1739714939393 1.295507632807871 259
1739714939397 1.2755806955776905 260
1739714939402 1.2560319510329994 261
1739714939406 1.2368540593078243 262
1739714939410 1.2180398247502775 263
1739714939414 1.199582193070138 264
1739714939419 1.1814742485430354 265
1739714939423 1.1637092112701954 266
1739714939427 1.1462804344925348 267
1739714939431 1.1291814019581123 268
1739714939436 1.1124057253418203 269
1739714939440 1.0959471417163051 270
1739714939444 1.0797995110731036 271
1739714939447 1.0639568138929072 272
1739714939452 1.0484131487641521 273
1739714939456 1.0331627300487864 274
1739714939460 1.0181998855943986 275
1739714939464 1.0035190544917252 276
1739714939468 0.9891147848766589 277
1739714939477 0.9749817317758767 278
1739714939482 0.9611146549951914 279
1739714939486 0.9475084170498173 280
1739714939490 0.9341579811356644 281
1739714939494 0.9210584091408927 282
1739714939499 0.908204859696919 283
1739714939503 0.895592586268045 284
1739714939507 0.8832169352790051 285
1739714939511 0.8710733442796372 286
1739714939515 0.8591573401459361 287
1739714939519 0.847464537316806 288
1739714939524 0.8359906360657385 289
1739714939528 0.8247314208067977 290
1739714939532 0.8136827584341605 291
1739714939535 0.8028405966945837 292
1739714939540 0.792200962592141 293
1739714939544 0.7817599608245838 294
1739714939548 0.7715137722506704 295
1739714939552 0.7614586523879111 296
1739714939556 0.7515909299400503 297
1739714939561 0.7419070053537586 298
1739714939565 0.7324033494039084 299
1739714939570 0.7230765018068914 300
1739714939575 0.7139230698614145 301
1739714939579 0.7049397271162059 302
1739714939583 0.6961232120641535 303
1739714939588 0.6874703268622775 304
1739714939592 0.6789779360770744 305
1739714939597 0.6706429654547257 306
1739714939602 0.6624624007156332 307
1739714939607 0.6544332863728729 308
1739714939612 0.6465527245740073 309
1739714939616 0.6388178739658652 310
1739714939621 0.6312259485817809 311
1739714939625 0.6237742167508831 312
1739714939630 0.6164600000289648 313
1739714939634 0.6092806721505334 314
1739714939639 0.6022336580016026 315
1739714939643 0.5953164326128149 316
1739714939648 0.5885265201725007 317
1739714939653 0.581861493059281 318
1739714939658 0.575318970893787 319
1739714939662 0.5688966196091841 320
1739714939667 0.5625921505400736 321
1739714939671 0.5564033195294135 322
1739714939675 0.5503279260531291 323
1739714939680 0.5443638123620347 324
1739714939684 0.5385088626407307 325
1739714939688 0.5327610021831495 326
1739714939692 0.5271181965844033 327
1739714939696 0.5215784509486098 328
1739714939701 0.5161398091124063 329
1739714939705 0.5108003528838133 330
1739714939709 0.5055582012961374 331
1739714939714 0.5004115098766423 332
1739714939718 0.49535846992968485 333
1739714939722 0.490397307834007 334
1739714939727 0.4855262843539476 335
1739714939731 0.48074369396423655 336
1739714939735 0.4760478641881753 337
1739714939739 0.4714371549488638 338
1739714939743 0.4669099579332774 339
1739714939748 0.4624646959688937 340
1739714939752 0.45809982241265085 341
1739714939756 0.45381382055197766 342
1739714939760 0.44960520301765183 343
1739714939765 0.445472511208269 344
1739714939769 0.4414143147260736 345
1739714939773 0.43742921082393676 346
1739714939777 0.4335158238632687 347
1739714939782 0.42967280478261854 348
1739714939786 0.42589883057679107 349
1739714939790 0.4221926037862284 350
1739714939795 0.4185528519964906 351
1739714939799 0.4149783273476176 352
1739714939803 0.41146780605317007 353
1739714939808 0.40802008792876754 354
1739714939812 0.4046339959299446 355
1739714939817 0.4013083756991076 356
1739714939821 0.3980420951214581 357
1739714939825 0.39483404388966475 358
1739714939829 0.3916831330771212 359
1739714939834 0.38858829471964107 360
1739714939839 0.3855484814053914 361
1739714939843 0.38256266587293086 362
1739714939848 0.3796298406171545 363
1739714939852 0.3767490175030381 364
1739714939855 0.3739192273869745 365
1739714939860 0.3711395197456057 366
1739714939864 0.368408962311944 367
1739714939869 0.3657266407186914 368
1739714939874 0.3630916581485857 369
1739714939878 0.36050313499162545 370
1739714939882 0.35796020850907084 371
1739714939886 0.35546203250405667 372
1739714939891 0.3530077769987017 373
1739714939896 0.3505966279175718 374
1739714939900 0.34822778677739397 375
1739714939904 0.3459004703828728 376
1739714939909 0.34361391052849993 377
1739714939913 0.34136735370624693 378
1739714939917 0.33916006081900374 379
1739714939922 0.33699130689966605 380
1739714939926 0.3348603808357545 381
1739714939931 0.33276658509945767 382
1739714939935 0.33070923548298437 383
1739714939940 0.32868766083912787 384
1739714939944 0.32670120282694215 385
1739714939948 0.32474921566241644 386
1739714939952 0.3228310658740592 387
1739714939956 0.3209461320632884 388
1739714939960 0.3190938046695459 389
1739714939965 0.31727348574001507 390
1739714939969 0.3154845887038878 391
1739714939973 0.3137265381510559 392
1739714939978 0.31199876961516126 393
1739714939982 0.3103007293609128 394
1739714939986 0.30863187417557936 395
1739714939991 0.30699167116459025 396
1739714939995 0.3053795975511433 397
1739714939999 0.3037951404797586 398
1739714940004 0.30223779682368995 399
1739714940008 0.30070707299612315 400
1739714940013 0.2992024847650746 401
1739714940017 0.2977235570719385 402
1739714940022 0.29626982385358974 403
1739714940026 0.2948408278679808 404
1739714940031 0.2934361205231684 405
1739714940035 0.2920552617096873 406
1739714940039 0.29069781963622804 407
1739714940044 0.28936337066852574 408
1739714940048 0.2880514991714227 409
1739714940052 0.28676179735402363 410
1739714940056 0.28549386511788355 411
1739714940061 0.28424730990819314 412
1739714940065 0.2830217465678597 413
1739714940070 0.281816797194463 414
1739714940074 0.28063209100001535 415
1739714940082 0.27946726417346823 416
1739714940087 0.27832195974591184 417
1739714940091 0.27719582745842436 418
1739714940095 0.27608852363250275 419
1739714940099 0.2749997110430398 420
1739714940103 0.2739290587937804 421
1739714940108 0.27287624219522794 422
1739714940112 0.2718409426449332 423
1739714940116 0.2708228475101328 424
1739714940120 0.2698216500126818 425
1739714940125 0.268837049116241 426
1739714940129 0.2678687494156745 427
1739714940133 0.26691646102860134 428
1739714940137 0.26597989948908474 429
1739714940141 0.26505878564338736 430
1739714940145 0.2641528455477727 431
1739714940149 0.26326181036830354 432
1739714940154 0.262385416282598 433
1739714940158 0.26152340438350746 434
1739714940162 0.26067552058467913 435
1739714940166 0.2598415155279572 436
1739714940171 0.25902114449260366 437
1739714940175 0.258214167306285 438
1739714940180 0.25742034825779847 439
1739714940184 0.25663945601150273 440
1739714940189 0.2558712635234221 441
1739714940193 0.2551155479589852 442
1739714940197 0.25437209061237126 443
1739714940202 0.25364067682742836 444
1739714940206 0.2529210959201362 445
1739714940210 0.2522131411025798 446
1739714940214 0.2515166094084053 447
1739714940219 0.2508313016197339 448
1739714940223 0.25015702219549574 449
1739714940227 0.24949357920116047 450
1739714940231 0.24884078423983919 451
1739714940235 0.24819845238473034 452
1739714940240 0.24756640211287517 453
1739714940244 0.24694445524021064 454
1739714940248 0.246332436857884 455
1739714940253 0.24573017526980181 456
1739714940257 0.24513750193140407 457
1739714940261 0.24455425138962403 458
1739714940265 0.24398026122401145 459
1739714940269 0.24341537198901347 460
1739714940273 0.24285942715736591 461
1739714940277 0.24231227306459185 462
1739714940282 0.2417737588545726 463
1739714940286 0.24124373642618477 464
1739714940291 0.2407220603809687 465
1739714940296 0.2402085879718128 466
1739714940300 0.23970317905263516 467
1739714940304 0.23920569602904496 468
1739714940309 0.23871600380995794 469
1739714940313 0.23823396976014927 470
1739714940317 0.23775946365373388 471
1739714940321 0.2372923576285403 472
1739714940325 0.23683252614137743 473
1739714940329 0.23637984592415673 474
1739714940333 0.23593419594088366 475
1739714940338 0.2354954573454604 476
1739714940342 0.23506351344032353 477
1739714940348 0.23463824963587102 478
1739714940354 0.23421955341068154 479
1739714940359 0.23380731427250262 480
1739714940363 0.23340142371998862 481
1739714940368 0.23300177520518706 482
1739714940372 0.2326082640967428 483
1739714940377 0.23222078764381907 484
1739714940382 0.2318392449407115 485
1739714940387 0.23146353689214913 486
1739714940391 0.23109356617926424 487
1739714940396 0.23072923722622005 488
1739714940401 0.23037045616748122 489
1739714940407 0.23001713081571695 490
1739714940412 0.2296691706303255 491
1739714940417 0.22932648668656017 492
1739714940421 0.22898899164525813 493
1739714940426 0.2286565997231463 494
1739714940430 0.22832922666372257 495
1739714940435 0.2280067897086984 496
1739714940439 0.22768920756998856 497
1739714940443 0.22737640040224222 498
1739714940447 0.22706828977590543 499
