1739719206304 0.06422860603367604 0
1739719206330 0.04323187224251934 1
1739719206355 0.6974555307135129 2
1739719206380 0.47978077676577274 3
1739719206406 1.0832067919008885 4
1739719206431 0.047448232661613216 5
1739719206456 0.12354236231424581 6
1739719206481 0.0013776724750564357 7
1739719206507 0.14224326124756603 8
1739719206532 0.8124597940755358 9
1739719206558 0.0009209559377893311 10
1739719206583 0.0013879882542700594 11
1739719206609 0.7410652996612423 12
1739719206635 0.6530424258464611 13
1739719206661 0.2613399705128829 14
1739719206686 0.01680137092271018 15
1739719206711 0.8126448149732722 16
1739719206737 0.0064997580657608 17
1739719206762 0.0642610924157343 18
1739719206787 0.2203299148987119 19
1739719206813 0.16646747155193212 20
1739719206838 0.011654056647863568 21
1739719206864 0.49880186061285753 22
1739719206889 0.04220884050801165 23
1739719206914 0.3188821440592044 24
1739719206939 0.013552540775856199 25
1739719206964 0.01047319139174153 26
1739719206989 0.5872162734799359 27
1739719207014 0.00726071519240757 28
1739719207039 0.023935417905029135 29
1739719207065 0.6026516538876994 30
1739719207090 0.03512606672728962 31
1739719207115 0.6242230118378672 32
1739719207140 0.3418393937691874 33
1739719207165 1.1767372341889315 34
1739719207190 0.01826800081626173 35
1739719207215 0.1592118131657409 36
1739719207240 0.030686178675071295 37
1739719207266 0.05001514806063552 38
1739719207291 0.503579510798115 39
1739719207316 0.011480301670321515 40
1739719207341 1.5240166783362366 41
1739719207367 0.06713029618149831 42
1739719207393 0.1904601783383507 43
1739719207418 0.01854316286187416 44
1739719207443 9.005108757319493e-05 45
1739719207469 1.322252719022574 46
1739719207494 0.00011376994853283585 47
1739719207523 0.2985897972610539 48
1739719207548 0.6150284795398913 49
1739719207574 0.28649938107706713 50
1739719207599 1.4318857178778464 51
1739719207624 0.03419707214404654 52
1739719207649 0.18689481383300022 53
1739719207674 0.013915651877542682 54
1739719207700 0.03135442416222754 55
1739719207725 0.28243962577284104 56
1739719207750 0.01725469431710868 57
1739719207775 0.08421990362554028 58
1739719207801 0.8371400340295132 59
1739719207826 0.6121260252324596 60
1739719207851 0.003855726444168635 61
1739719207876 0.16843864723107166 62
1739719207901 0.026992889147748358 63
1739719207926 0.28558742356238215 64
1739719207951 0.1386791990027099 65
1739719207977 0.03581021194393237 66
1739719208002 0.38330394712355303 67
1739719208027 3.431339347478409e-05 68
1739719208052 0.3913642315946644 69
1739719208077 0.062471066550221416 70
1739719208102 0.6821305927515713 71
1739719208127 2.6292369713880247e-05 72
1739719208153 0.026081945444791046 73
1739719208178 0.03584729526883526 74
1739719208203 0.007863559482351345 75
1739719208229 0.17449638536548795 76
1739719208254 0.15452620565748174 77
1739719208280 0.6621520110485942 78
1739719208304 0.018636367580955014 79
1739719208329 0.05621894250839664 80
1739719208354 0.2992303840780792 81
1739719208380 0.08359060739813962 82
1739719208405 0.003218260233803824 83
1739719208430 0.2254023679377602 84
1739719208455 0.056989419177181054 85
1739719208480 0.19823713552112615 86
1739719208505 0.0007389377888465298 87
1739719208530 0.6798893324933171 88
1739719208555 1.0548474824377484e-05 89
1739719208580 0.04145933946034498 90
1739719208605 0.052821448535974716 91
1739719208630 0.1062467829376834 92
1739719208655 0.07615452317264212 93
1739719208681 0.0011434378424358428 94
1739719208707 0.0001847148417133182 95
1739719208733 0.02574964050717342 96
1739719208758 0.001317282384110986 97
1739719208783 0.23139304751579387 98
1739719208809 0.012748285597107068 99
1739719208834 0.037685339939624966 100
1739719208859 0.011888546399281406 101
1739719208885 0.02617061307443817 102
1739719208910 0.02412965090394462 103
1739719208935 0.00505167441507726 104
1739719208961 0.7765539200476659 105
1739719208987 0.0038889748657227542 106
1739719209012 1.6279737754443386 107
1739719209037 0.03953478585822419 108
1739719209063 0.018987395685657365 109
1739719209088 0.18289882810576927 110
1739719209114 0.018889120340344307 111
1739719209139 0.4514109419451219 112
1739719209165 0.5198339297149382 113
1739719209190 0.0004855622217241989 114
1739719209215 1.7990960461768213 115
1739719209241 0.06176999174153642 116
1739719209267 0.9772088288401835 117
1739719209292 0.021172910878634026 118
1739719209317 0.017455920880756093 119
1739719209343 0.6172112695929417 120
1739719209368 0.15207619424928404 121
1739719209394 0.01846159407826748 122
1739719209419 0.9661909258398187 123
1739719209444 0.05724142717410626 124
1739719209469 0.0010132683858875952 125
1739719209494 0.1139555266404748 126
1739719209520 0.03325399473593898 127
1739719209545 0.7758366689543207 128
1739719209569 0.0029242650514928054 129
1739719209594 0.07131577768842069 130
1739719209620 0.579258245006267 131
1739719209645 9.686699905524266e-05 132
1739719209670 0.00024042653243502163 133
1739719209696 0.7594601852018499 134
1739719209721 0.00013667304242250648 135
1739719209746 0.4120586024773461 136
1739719209771 0.03162141734373351 137
1739719209796 0.0013973613302719241 138
1739719209822 0.009513311447259573 139
1739719209847 0.4131416587792758 140
1739719209872 0.07535964093187913 141
1739719209897 0.5037422845049145 142
1739719209922 1.0367365547364433 143
1739719209947 0.2745114855700586 144
1739719209973 0.4758806448267284 145
1739719209998 0.008267660094099452 146
1739719210024 0.14136215409101052 147
1739719210049 0.18918399794531807 148
1739719210074 0.009330407273847968 149
1739719210100 0.09484590724474216 150
1739719210124 0.02368861817182612 151
1739719210150 0.0013235768227653614 152
1739719210175 0.13532369908512812 153
1739719210200 0.1597677164356768 154
1739719210225 0.1321718255274718 155
1739719210250 0.19230978820123623 156
1739719210276 0.08558259028574378 157
1739719210301 0.001844059372741065 158
1739719210326 0.08665075897519847 159
1739719210351 1.1523062426033317 160
1739719210376 0.00572934946926921 161
1739719210402 0.30430495237218064 162
1739719210427 0.0012812663861823945 163
1739719210453 8.850545150795056e-05 164
1739719210478 0.013853552625715922 165
1739719210504 0.05392527267849055 166
1739719210529 1.2154093817255262e-05 167
1739719210555 0.04114184335322 168
1739719210580 0.0029625758209399877 169
1739719210605 0.5153668672591437 170
1739719210630 0.004261090509521712 171
1739719210656 0.04829256260558785 172
1739719210681 0.08651298386879736 173
1739719210706 0.8765302260198419 174
1739719210731 0.06336547004663615 175
1739719210756 0.0032798266092307817 176
1739719210781 0.0013612707808082632 177
1739719210806 0.12335599238259935 178
1739719210832 0.039601643271115275 179
1739719210859 0.12759147208744714 180
1739719210884 0.23172831218401432 181
1739719210909 0.11317788689912614 182
1739719210935 0.06125124425804697 183
1739719210960 0.14185004430569112 184
1739719210985 0.01051615612481641 185
1739719211010 0.002609166646321566 186
1739719211035 0.044770214852833196 187
1739719211060 0.021944876971783978 188
1739719211085 0.009740581991379603 189
1739719211111 0.2479413083125004 190
1739719211136 0.028818742068071123 191
1739719211161 0.020667220782491193 192
1739719211186 0.015922483896045884 193
1739719211212 0.39023379950866377 194
1739719211237 0.49947163944143813 195
1739719211262 0.11097131786328866 196
1739719211287 0.09791654660647274 197
1739719211312 0.002965117061682296 198
1739719211337 0.7818386408219423 199
1739719211362 0.011819475867745352 200
1739719211387 0.01934602208453164 201
1739719211413 0.0029629654312647927 202
1739719211438 0.8195257416534962 203
1739719211463 0.3090411602239044 204
1739719211488 0.6092508766928078 205
1739719211513 0.12457777150063146 206
1739719211538 0.004085980361133676 207
1739719211563 0.6503194854571239 208
1739719211589 0.07408965401474152 209
1739719211614 0.0020586667721903267 210
1739719211639 0.0017763918362807844 211
1739719211664 0.32630439753992874 212
1739719211689 0.0802805067827433 213
1739719211714 0.0400791549075769 214
1739719211739 0.059675891693638315 215
1739719211764 0.0038552800348425984 216
1739719211789 0.08692227864065419 217
1739719211814 0.010745939209163932 218
1739719211839 0.02758791582070766 219
1739719211864 0.07346204729912026 220
1739719211889 0.04436912256584511 221
1739719211914 0.5285848619264335 222
1739719211939 0.21429894326681223 223
1739719211964 0.05687778553630408 224
1739719211989 0.0006198177986230129 225
1739719212014 0.9917534224359991 226
1739719212039 0.07236837492366238 227
1739719212064 0.0007201659692472169 228
1739719212089 0.038793677962358206 229
1739719212114 0.009604671476078337 230
1739719212139 0.040269265619896064 231
1739719212164 0.10166133364027755 232
1739719212189 1.3994535803935544 233
1739719212214 0.01810780363186739 234
1739719212239 0.2281491301525587 235
1739719212264 0.05053167390465528 236
1739719212289 0.011509756502823909 237
1739719212315 0.02606586487414396 238
1739719212340 0.32223825211184165 239
1739719212365 0.3884856698501784 240
1739719212390 0.11771945644189095 241
1739719212415 0.08596566518158294 242
1739719212440 0.008020268165098255 243
1739719212465 0.04337901815514736 244
1739719212490 0.2722558497506411 245
1739719212515 0.0022694988311711623 246
1739719212540 0.027020262029905363 247
1739719212565 0.05623331424975539 248
1739719212590 0.06262808736341884 249
1739719212615 0.09065044457830945 250
1739719212641 0.035994844018116964 251
1739719212666 0.0018659112442057284 252
1739719212691 0.1815463398992855 253
1739719212716 0.3639569497610476 254
1739719212742 0.0012876829253625282 255
1739719212767 0.2467665807793559 256
1739719212792 0.030890860786946635 257
1739719212818 0.06021383186238359 258
1739719212844 0.005546175285323953 259
1739719212870 0.6269539723138936 260
1739719212896 0.24875633862865676 261
1739719212922 0.11631378354260122 262
1739719212948 0.00017557914792285236 263
1739719212974 0.005173721662458363 264
1739719212999 0.49466153241592525 265
1739719213025 0.4318354658061085 266
1739719213051 0.0018695469417984488 267
1739719213077 0.023862261395102714 268
1739719213103 0.03316890855949048 269
1739719213129 0.001261122033104495 270
1739719213155 0.009627791649274608 271
1739719213181 0.00548233447047009 272
1739719213206 0.014845356678250743 273
1739719213232 0.03400024990008648 274
1739719213258 0.0826513573659881 275
1739719213284 0.2872865695225879 276
1739719213310 0.008040797704426278 277
1739719213336 0.06485193500235431 278
1739719213363 1.0655198190588002 279
1739719213388 0.14447778559674984 280
1739719213414 0.3783349453709689 281
1739719213440 0.0037984209180861677 282
1739719213465 0.03299238282829029 283
1739719213491 0.054942036774826675 284
1739719213517 0.4933963076624516 285
1739719213543 0.022015313654737453 286
1739719213569 0.03436622615538852 287
1739719213594 0.09967314566467401 288
1739719213619 0.023196998288626158 289
1739719213645 0.3196320358354048 290
1739719213670 0.0018087424313314453 291
1739719213696 0.0013139637956540648 292
1739719213721 0.3158901669654698 293
1739719213746 0.5239473018870773 294
1739719213771 0.001852608964818853 295
1739719213796 0.09275644799471504 296
1739719213822 0.18296243008529114 297
1739719213847 0.010740090008347433 298
1739719213872 0.03871595758634065 299
1739719213897 0.5939076001463749 300
1739719213923 0.05069228893294616 301
1739719213948 0.27061641320797036 302
1739719213974 0.2847786996904431 303
1739719213999 0.032488427248008274 304
1739719214024 0.07476195648121538 305
1739719214050 0.2687577588355212 306
1739719214075 0.29916389072393695 307
1739719214100 0.03582301428317655 308
1739719214125 0.42336587697001465 309
1739719214151 0.27344534103224494 310
1739719214176 0.09101418008823538 311
1739719214201 0.05081133116757725 312
1739719214226 0.15291513407781726 313
1739719214251 0.08790679701447013 314
1739719214277 0.0006551160133738817 315
1739719214303 0.3641557477540785 316
1739719214328 0.22419626907673787 317
1739719214353 0.20502724243966683 318
1739719214379 0.2007808972559615 319
1739719214404 0.9460671719341431 320
1739719214430 0.30658366567980183 321
1739719214455 0.9241715635886978 322
1739719214480 0.0012844015342044868 323
1739719214505 0.6637505143369214 324
1739719214531 0.011932010844842548 325
1739719214557 0.001819040179264847 326
1739719214582 0.26372488897640156 327
1739719214607 0.026157747184863488 328
1739719214632 0.03466222367879587 329
1739719214658 0.016476713322078125 330
1739719214683 0.3209260418130376 331
1739719214709 0.22340024383089063 332
1739719214734 0.026016056704244468 333
1739719214759 1.1087684902895258 334
1739719214784 0.0511765015560452 335
1739719214809 0.6831381198084503 336
1739719214835 0.2897886736196331 337
1739719214860 0.13802310928683342 338
1739719214885 0.04585595350838988 339
1739719214910 0.1853242155050616 340
1739719214936 0.00016680813340099645 341
1739719214961 0.025060710981994427 342
1739719214987 0.2673092397493237 343
1739719215012 0.09979491009972104 344
1739719215037 0.4737050513119735 345
1739719215063 8.605454543897488e-05 346
1739719215090 0.0027118590767247546 347
1739719215115 0.15071050293935892 348
1739719215141 0.10410030714115419 349
1739719215166 0.3293499631773075 350
1739719215191 0.1507262271381143 351
1739719215216 0.11421493075263006 352
1739719215242 0.019727446401640137 353
1739719215267 0.6796395901798762 354
1739719215292 0.15143652537576652 355
1739719215317 0.43084087627954404 356
1739719215343 0.2326632101884157 357
1739719215368 0.1853029132026965 358
1739719215393 0.07433387493380185 359
1739719215419 0.8313511977179803 360
1739719215444 0.2451968462384279 361
1739719215469 0.3783145879528852 362
1739719215494 0.5295270699548335 363
1739719215519 0.0008951224752321263 364
1739719215544 0.14582161506271307 365
1739719215570 0.05381834953985819 366
1739719215595 0.0003842905927445117 367
1739719215621 0.7703236710372654 368
1739719215646 0.05664677332953677 369
1739719215671 0.0027865466163396403 370
1739719215696 0.00010256458933819703 371
1739719215721 0.7110850584047445 372
1739719215746 0.05616691601727176 373
1739719215771 0.0015951742176805275 374
1739719215796 0.01118319341410164 375
1739719215821 0.547850555675714 376
1739719215847 0.6920123085206352 377
1739719215872 0.015441916109445404 378
1739719215897 1.2452350614686325 379
1739719215921 0.07888784314095519 380
1739719215947 1.4048417206023394 381
1739719215972 0.005227173984144739 382
1739719215997 0.0021256457845926667 383
1739719216023 0.05467810145998581 384
1739719216048 0.055590456943512355 385
1739719216073 0.02779893246357565 386
1739719216099 0.038037924585206495 387
1739719216124 0.03310437160371784 388
1739719216149 1.4770545556407852 389
1739719216174 0.24777545182245653 390
1739719216199 0.06271238308246614 391
1739719216224 0.1551853553929593 392
1739719216250 0.3532742424990834 393
1739719216275 0.49207098770213437 394
1739719216300 0.014347239121552882 395
1739719216325 0.09452031046937868 396
1739719216351 0.2936968945552521 397
1739719216376 0.20080190943750284 398
1739719216401 2.6382612279442244e-05 399
1739719216426 0.1516724053098851 400
1739719216452 0.13302526329443648 401
1739719216477 0.008361488381448073 402
1739719216502 0.04591417119502719 403
1739719216528 0.16434242785110484 404
1739719216553 0.03880110685398618 405
1739719216581 0.045819990750314246 406
1739719216606 0.0645654344140227 407
1739719216631 0.24245277197901566 408
1739719216656 0.3747639469476133 409
1739719216682 0.3177245316174236 410
1739719216707 0.35637341731924616 411
1739719216732 0.0024014221748762587 412
1739719216758 0.0007687219363936586 413
1739719216783 0.003066513291716941 414
1739719216808 0.030395772537878746 415
1739719216834 0.10833504285905468 416
1739719216859 0.009571826363697133 417
1739719216884 9.844178086901453e-06 418
1739719216909 0.05084897201239269 419
1739719216935 0.19798018314944424 420
1739719216960 0.03846865384513483 421
1739719216986 0.2501448621542632 422
1739719217011 0.16143026907478283 423
1739719217037 0.11525534014300155 424
1739719217062 0.46811686991001017 425
1739719217088 0.013992462846358177 426
1739719217113 0.41074569107677744 427
1739719217138 0.011932373228387576 428
1739719217164 0.29705672911383796 429
1739719217190 0.010782342326930804 430
1739719217216 1.1677222600496653 431
1739719217241 0.16315618277790578 432
1739719217267 0.00035358529138709843 433
1739719217292 0.1806246739942704 434
1739719217318 0.24174831443229822 435
1739719217343 0.033458345209500175 436
1739719217369 0.9420041147338684 437
1739719217394 0.32648569590125526 438
1739719217419 0.004350704490034117 439
1739719217444 0.7627782048855516 440
1739719217469 0.39236576488701386 441
1739719217494 0.1303132816839343 442
1739719217519 0.002935938814908253 443
1739719217544 0.0013464550779178973 444
1739719217569 0.058489165391252776 445
1739719217594 9.799998651797397e-05 446
1739719217619 0.736360969513427 447
1739719217644 0.19553817969855827 448
1739719217669 0.033367072756109915 449
1739719217694 0.009734396556477449 450
1739719217719 0.03320390162373694 451
1739719217744 0.04280199611138705 452
1739719217769 0.6679337571941538 453
1739719217794 0.16791951504675134 454
1739719217819 0.17932015478609278 455
1739719217845 0.01875680725311855 456
1739719217870 0.17083274792868808 457
1739719217895 0.1610163266318803 458
1739719217920 0.011381528581994465 459
1739719217946 0.12152686409254441 460
1739719217971 0.0007394499901940718 461
1739719217997 0.06652724893550206 462
1739719218022 0.19541831784200048 463
1739719218047 0.08552958021131456 464
1739719218072 0.7655446082583611 465
1739719218097 0.0007974390357100881 466
1739719218122 0.0034607650909918 467
1739719218148 0.0028927970144157016 468
1739719218173 0.17628516052577783 469
1739719218198 0.14374307971271988 470
1739719218223 0.23655806958201597 471
1739719218248 0.21611215080614424 472
1739719218273 0.1835871339694876 473
1739719218298 0.006479917363413709 474
1739719218323 0.00032797408979300607 475
1739719218348 0.2517845593345187 476
1739719218373 0.2053332850735563 477
1739719218398 0.7532688955500659 478
1739719218423 0.5313840533680229 479
1739719218449 0.02321590108764096 480
1739719218474 0.013927595822325467 481
1739719218500 0.014890529790413701 482
1739719218525 0.3202157187925438 483
1739719218550 0.0019575012577615855 484
1739719218576 0.49193008256642157 485
1739719218601 0.16991442313960498 486
1739719218626 0.062006106258461285 487
1739719218652 0.9351046293483524 488
1739719218677 0.0005260064407480462 489
1739719218702 0.06988166988572579 490
1739719218727 0.29055722232510905 491
1739719218752 0.016201568257176294 492
1739719218778 0.024606403108661478 493
1739719218803 0.001436630882101522 494
1739719218829 0.025373870687955904 495
1739719218854 0.034010273587970354 496
1739719218879 0.030051723741273986 497
1739719218904 0.02313265891144789 498
1739719218929 0.46728062453836056 499
