1739714674616 169.3217676079807 0
1739714674621 168.98514435417033 1
1739714674626 168.64919605039904 2
1739714674631 168.31392132989205 3
1739714674635 167.97931882869312 4
1739714674640 167.64538718565848 5
1739714674645 167.31212504245113 6
1739714674650 166.97953104353434 7
1739714674654 166.64760383616607 8
1739714674659 166.31634207039286 9
1739714674663 165.98574439904385 10
1739714674668 165.6558094777248 11
1739714674672 165.3265359648123 12
1739714674676 164.99792252144775 13
1739714674680 164.66996781153136 14
1739714674684 164.34267050171647 15
1739714674688 164.0160292614036 16
1739714674692 163.6900427627345 17
1739714674696 163.3647096805863 18
1739714674700 163.04002869256578 19
1739714674704 162.7159984790036 20
1739714674707 162.3926177229482 21
1739714674712 162.0698851101603 22
1739714674716 161.74779932910695 23
1739714674720 161.42635907095587 24
1739714674725 161.1055630295696 25
1739714674729 160.7854099014997 26
1739714674734 160.46589838598123 27
1739714674738 160.14702718492694 28
1739714674742 159.8287950029214 29
1739714674746 159.5112005472154 30
1739714674750 159.19424252772052 31
1739714674754 158.8779196570031 32
1739714674759 158.5622306502788 33
1739714674764 158.24717422540684 34
1739714674768 157.9327491028844 35
1739714674772 157.61895400584118 36
1739714674776 157.30578766003353 37
1739714674780 156.99324879383903 38
1739714674785 156.68133613825083 39
1739714674789 156.37004842687213 40
1739714674793 156.05938439591063 41
1739714674797 155.749342784173 42
1739714674802 155.4399223330593 43
1739714674806 155.1311217865574 44
1739714674810 154.8229398912378 45
1739714674816 154.51537539624775 46
1739714674820 154.208427053306 47
1739714674825 153.9020936166972 48
1739714674830 153.59637384326658 49
1739714674834 153.29126649241456 50
1739714674838 152.98677032609098 51
1739714674843 152.6828841087901 52
1739714674846 152.37960660754499 53
1739714674851 152.0769365919221 54
1739714674855 151.77487283401598 55
1739714674859 151.473414108444 56
1739714674864 151.17255919234066 57
1739714674869 150.87230686535264 58
1739714674873 150.5726559096332 59
1739714674879 150.27360510983706 60
1739714674883 149.9751532531149 61
1739714674887 149.67729912910812 62
1739714674892 149.38004152994378 63
1739714674896 149.08337925022897 64
1739714674901 148.7873110870458 65
1739714674906 148.49183583994608 66
1739714674910 148.19695231094613 67
1739714674914 147.90265930452145 68
1739714674919 147.60895562760155 69
1739714674923 147.31584008956483 70
1739714674927 147.02331150223333 71
1739714674931 146.73136867986764 72
1739714674935 146.4400104391615 73
1739714674940 146.14923559923696 74
1739714674943 145.85904298163894 75
1739714674947 145.56943141033037 76
1739714674952 145.28039971168684 77
1739714674956 144.99194671449175 78
1739714674961 144.70407124993088 79
1739714674965 144.41677215158768 80
1739714674969 144.13004825543786 81
1739714674973 143.84389839984462 82
1739714674977 143.5583214255533 83
1739714674982 143.27331617568663 84
1739714674986 142.9888814957396 85
1739714674990 142.70501623357424 86
1739714674995 142.42171923941504 87
1739714674999 142.13898936584357 88
1739714675003 141.85682546779358 89
1739714675007 141.57522640254635 90
1739714675012 141.2941910297252 91
1739714675017 141.01371821129098 92
1739714675021 140.7338068115369 93
1739714675026 140.45445569708372 94
1739714675030 140.17566373687472 95
1739714675035 139.897429802171 96
1739714675039 139.61975276654624 97
1739714675043 139.34263150588222 98
1739714675047 139.06606489836375 99
1739714675051 138.79005182447366 100
1739714675055 138.51459116698828 101
1739714675060 138.23968181097234 102
1739714675064 137.96532264377424 103
1739714675068 137.69151255502126 104
1739714675073 137.41825043661473 105
1739714675077 137.14553518272513 106
1739714675081 136.87336568978753 107
1739714675085 136.60174085649666 108
1739714675089 136.33065958380206 109
1739714675093 136.06012077490357 110
1739714675097 135.79012333524636 111
1739714675102 135.5206661725164 112
1739714675106 135.2517481966356 113
1739714675110 134.98336831975703 114
1739714675114 134.7155254562605 115
1739714675118 134.44821852274757 116
1739714675122 134.18144643803706 117
1739714675126 133.91520812316026 118
1739714675130 133.64950250135638 119
1739714675134 133.38432849806787 120
1739714675138 133.11968504093568 121
1739714675142 132.85557105979484 122
1739714675146 132.59198548666959 123
1739714675150 132.328927255769 124
1739714675154 132.0663953034822 125
1739714675158 131.80438856837395 126
1739714675163 131.54290599117996 127
1739714675167 131.2819465148023 128
1739714675171 131.02150908430502 129
1739714675175 130.76159264690932 130
1739714675179 130.50219615198927 131
1739714675183 130.24331855106712 132
1739714675187 129.98495879780896 133
1739714675193 129.72711584802002 134
1739714675199 129.4697886596403 135
1739714675203 129.21297619274 136
1739714675208 128.95667740951518 137
1739714675212 128.7008912742831 138
1739714675216 128.44561675347794 139
1739714675220 128.19085281564625 140
1739714675224 127.93659843144259 141
1739714675229 127.68285257362501 142
1739714675233 127.42961421705074 143
1739714675238 127.17688233867169 144
1739714675242 126.92465591753006 145
1739714675246 126.6729339347541 146
1739714675250 126.42171537355352 147
1739714675255 126.17099921921523 148
1739714675259 125.92078445909904 149
1739714675263 125.67107008263316 150
1739714675268 125.42185508131 151
1739714675273 125.17313844868178 152
1739714675277 124.9249191803562 153
1739714675281 124.67719627399218 154
1739714675285 124.42996872929547 155
1739714675289 124.1832355480145 156
1739714675294 123.93699573393592 157
1739714675298 123.69124829288047 158
1739714675302 123.44599223269874 159
1739714675306 123.20122656326672 160
1739714675310 122.95695029648174 161
1739714675315 122.7131624462582 162
1739714675319 122.4698620285233 163
1739714675323 122.22704806121284 164
1739714675327 121.98471956426704 165
1739714675331 121.74287555962633 166
1739714675335 121.50151507122712 167
1739714675339 121.26063712499771 168
1739714675343 121.02024074885401 169
1739714675347 120.78032497269548 170
1739714675351 120.54088882840095 171
1739714675355 120.30193134982439 172
1739714675359 120.06345157279094 173
1739714675363 119.82544853509258 174
1739714675367 119.58792127648431 175
1739714675371 119.35086883867967 176
1739714675375 119.11429026534701 177
1739714675379 118.87818460210511 178
1739714675383 118.64255089651928 179
1739714675387 118.40738819809724 180
1739714675396 118.17269555828497 181
1739714675401 117.93847203046289 182
1739714675405 117.70471666994155 183
1739714675409 117.47142853395775 184
1739714675413 117.23860668167045 185
1739714675417 117.00625017415685 186
1739714675421 116.77435807440824 187
1739714675425 116.5429294473261 188
1739714675428 116.31196335971812 189
1739714675433 116.08145888029416 190
1739714675437 115.85141507966227 191
1739714675441 115.62183103032478 192
1739714675445 115.39270580667436 193
1739714675448 115.16403848498996 194
1739714675452 114.93582814343301 195
1739714675456 114.7080738620434 196
1739714675460 114.48077472273562 197
1739714675463 114.25392980929473 198
1739714675468 114.02753820737264 199
1739714675472 113.80159900448409 200
1739714675476 113.57611129000274 201
1739714675480 113.3510741551574 202
1739714675485 113.1264866930281 203
1739714675490 112.90234799854218 204
1739714675494 112.67865716847055 205
1739714675498 112.45541330142373 206
1739714675502 112.23261549784813 207
1739714675507 112.0102628600221 208
1739714675511 111.78835449205218 209
1739714675515 111.56688949986939 210
1739714675519 111.34586699122512 211
1739714675523 111.12528607568773 212
1739714675527 110.90514586463843 213
1739714675531 110.68544547126776 214
1739714675535 110.4661840105716 215
1739714675539 110.24736059934754 216
1739714675543 110.02897435619117 217
1739714675547 109.81102440149215 218
1739714675552 109.59350985743067 219
1739714675556 109.3764298479736 220
1739714675560 109.15978349887085 221
1739714675564 108.94356993765153 222
1739714675567 108.72778829362042 223
1739714675572 108.51243769785418 224
1739714675577 108.29751728319762 225
1739714675581 108.08302618426008 226
1739714675585 107.86896353741182 227
1739714675590 107.65532848078016 228
1739714675594 107.44212015424604 229
1739714675598 107.22933769944025 230
1739714675602 107.01698025973981 231
1739714675606 106.80504698026434 232
1739714675610 106.59353700787248 233
1739714675614 106.38244949115823 234
1739714675618 106.1717835804473 235
1739714675623 105.96153842779358 236
1739714675626 105.75171318697556 237
1739714675630 105.54230701349267 238
1739714675634 105.33331906456175 239
1739714675638 105.1247484991135 240
1739714675642 104.9165944777888 241
1739714675646 104.70885616293536 242
1739714675650 104.501532718604 243
1739714675654 104.29462331054519 244
1739714675658 104.0881271062055 245
1739714675662 103.88204327472404 246
1739714675666 103.67637098692906 247
1739714675670 103.47110941533427 248
1739714675674 103.26625773413546 249
1739714675679 103.06181511920708 250
1739714675683 102.8577807480985 251
1739714675687 102.65415380003083 252
1739714675691 102.45093345589319 253
1739714675695 102.24811889823943 254
1739714675699 102.04570931128458 255
1739714675703 101.84370388090144 256
1739714675707 101.6421017946172 257
1739714675711 101.44090224160982 258
1739714675714 101.24010441270478 259
1739714675718 101.03970750037165 260
1739714675722 100.83971069872057 261
1739714675726 100.64011320349888 262
1739714675730 100.44091421208789 263
1739714675734 100.24211292349923 264
1739714675738 100.04370853837167 265
1739714675742 99.84570025896767 266
1739714675747 99.64808728916994 267
1739714675750 99.45086883447821 268
1739714675755 99.2540441020059 269
1739714675759 99.05761230047656 270
1739714675763 98.86157264022077 271
1739714675767 98.66592433317267 272
1739714675771 98.47066659286668 273
1739714675775 98.27579863443422 274
1739714675779 98.08131967460037 275
1739714675783 97.88722893168047 276
1739714675786 97.693525625577 277
1739714675790 97.50020897777621 278
1739714675794 97.30727821134484 279
1739714675798 97.11473255092679 280
1739714675802 96.92257122273999 281
1739714675806 96.730793454573 282
1739714675810 96.53939847578188 283
1739714675815 96.3483855172868 284
1739714675823 96.15775381156898 285
1739714675828 95.9675025926673 286
1739714675833 95.77763109617518 287
1739714675838 95.5881385592373 288
1739714675842 95.39902422054641 289
1739714675846 95.21028732034019 290
1739714675850 95.02192710039789 291
1739714675854 94.8339428040373 292
1739714675859 94.64633367611157 293
1739714675863 94.45909896300586 294
1739714675867 94.27223791263435 295
1739714675871 94.08574977443705 296
1739714675875 93.89963379937652 297
1739714675879 93.71388923993486 298
1739714675884 93.52851535011054 299
1739714675888 93.3435113854152 300
1739714675892 93.15887660287055 301
1739714675895 92.97461026100532 302
1739714675899 92.79071161985209 303
1739714675903 92.60717994094408 304
1739714675907 92.42401448731228 305
1739714675911 92.24121452348209 306
1739714675915 92.05877931547049 307
1739714675919 91.87670813078273 308
1739714675923 91.6950002384094 309
1739714675927 91.51365490882337 310
1739714675931 91.33267141397656 311
1739714675935 91.15204902729708 312
1739714675939 90.97178702368616 313
1739714675943 90.79188467951488 314
1739714675948 90.61234127262142 315
1739714675952 90.43315608230795 316
1739714675956 90.25432838933745 317
1739714675960 90.07585747593093 318
1739714675964 89.89774262576425 319
1739714675968 89.71998312396518 320
1739714675972 89.5425782571104 321
1739714675976 89.36552731322247 322
1739714675980 89.188829581767 323
1739714675984 89.01248435364937 324
1739714675989 88.8364909212121 325
1739714675992 88.66084857823162 326
1739714675997 88.4855566199155 327
1739714676001 88.31061434289937 328
1739714676005 88.13602104524402 329
1739714676010 87.96177602643246 330
1739714676014 87.78787858736703 331
1739714676018 87.61432803036638 332
1739714676022 87.44112365916259 333
1739714676026 87.26826477889831 334
1739714676030 87.09575069612377 335
1739714676034 86.92358071879396 336
1739714676038 86.75175415626559 337
1739714676042 86.58027031929441 338
1739714676046 86.40912852003216 339
1739714676050 86.23832807202372 340
1739714676054 86.06786829020433 341
1739714676058 85.89774849089659 342
1739714676063 85.72796799180774 343
1739714676067 85.55852611202666 344
1739714676071 85.38942217202114 345
1739714676075 85.22065549363505 346
1739714676079 85.05222540008539 347
1739714676083 84.88413121595956 348
1739714676087 84.7163722672124 349
1739714676092 84.54894788116367 350
1739714676096 84.38185738649486 351
1739714676100 84.2151001132467 352
1739714676104 84.04867539281615 353
1739714676108 83.88258255795375 354
1739714676113 83.71682094276073 355
1739714676117 83.5513898826863 356
1739714676121 83.38628871452481 357
1739714676125 83.22151677641305 358
1739714676129 83.05707340782746 359
1739714676133 82.89295794958137 360
1739714676137 82.7291697438222 361
1739714676141 82.56570813402882 362
1739714676145 82.40257246500872 363
1739714676149 82.2397620828953 364
1739714676154 82.07727633514513 365
1739714676158 81.91511457053535 366
1739714676162 81.75327613916075 367
1739714676166 81.59176039243115 368
1739714676171 81.43056668306882 369
1739714676175 81.26969436510552 370
1739714676179 81.10914279388007 371
1739714676183 80.94891132603546 372
1739714676187 80.78899931951631 373
1739714676191 80.62940613356614 374
1739714676196 80.47013112872462 375
1739714676200 80.31117366682508 376
1739714676204 80.15253311099171 377
1739714676209 79.99420882563693 378
1739714676212 79.83620017645879 379
1739714676216 79.67850653043824 380
1739714676221 79.52112725583665 381
1739714676225 79.36406172219299 382
1739714676229 79.20730930032136 383
1739714676233 79.0508693623082 384
1739714676238 78.89474128150995 385
1739714676242 78.73892443255012 386
1739714676246 78.58341819131692 387
1739714676250 78.42822193496052 388
1739714676254 78.27333504189062 389
1739714676258 78.11875689177361 390
1739714676262 77.96448686553029 391
1739714676266 77.81052434533302 392
1739714676270 77.65686871460338 393
1739714676274 77.50351935800943 394
1739714676278 77.35047566146322 395
1739714676283 77.19773701211827 396
1739714676286 77.04530279836699 397
1739714676290 76.89317240983806 398
1739714676295 76.74134523739406 399
1739714676299 76.58982067312878 400
1739714676303 76.43859811036478 401
1739714676308 76.28767694365085 402
1739714676312 76.13705656875945 403
1739714676317 75.98673638268427 404
1739714676322 75.83671578363771 405
1739714676326 75.68699417104831 406
1739714676330 75.53757094555833 407
1739714676334 75.38844550902118 408
1739714676339 75.23961726449913 409
1739714676343 75.09108561626054 410
1739714676347 74.9428499697776 411
1739714676351 74.79490973172379 412
1739714676355 74.64726430997143 413
1739714676360 74.49991311358923 414
1739714676364 74.35285555283981 415
1739714676369 74.20609103917722 416
1739714676373 74.05961898524457 417
1739714676378 73.9134388048716 418
1739714676382 73.76754991307217 419
1739714676386 73.62195172604187 420
1739714676390 73.47664366115562 421
1739714676394 73.33162513696522 422
1739714676404 73.18689557319692 423
1739714676408 73.04245439074911 424
1739714676412 72.89830101168982 425
1739714676415 72.75443485925439 426
1739714676419 72.6108553578429 427
1739714676423 72.46756193301809 428
1739714676427 72.32455401150274 429
1739714676431 72.18183102117739 430
1739714676436 72.03939239107793 431
1739714676440 71.89723755139323 432
1739714676444 71.75536593346287 433
1739714676448 71.61377696977462 434
1739714676452 71.47247009396222 435
1739714676456 71.33144474080297 436
1739714676460 71.1907003462155 437
1739714676463 71.05023634725717 438
1739714676467 70.91005218212204 439
1739714676471 70.77014729013842 440
1739714676475 70.63052111176646 441
1739714676479 70.49117308859597 442
1739714676483 70.35210266334406 443
1739714676487 70.21330927985274 444
1739714676491 70.07479238308679 445
1739714676496 69.93655141913136 446
1739714676500 69.79858583518966 447
1739714676504 69.66089507958067 448
1739714676507 69.523478601737 449
1739714676511 69.38633585220236 450
1739714676515 69.24946628262956 451
1739714676519 69.11286934577798 452
1739714676523 68.97654449551152 453
1739714676527 68.8404911867962 454
1739714676531 68.704708875698 455
1739714676535 68.56919701938057 456
1739714676539 68.43395507610292 457
1739714676543 68.2989825052173 458
1739714676547 68.16427876716688 459
1739714676551 68.02984332348356 460
1739714676555 67.89567563678573 461
1739714676559 67.76177517077602 462
1739714676563 67.62814139023914 463
1739714676567 67.49477376103961 464
1739714676571 67.3616717501196 465
1739714676575 67.22883482549669 466
1739714676579 67.09626245626171 467
1739714676584 66.96395411257649 468
1739714676588 66.83190926567173 469
1739714676592 66.70012738784477 470
1739714676597 66.56860795245748 471
1739714676601 66.43735043393394 472
1739714676605 66.30635430775845 473
1739714676609 66.17561905047324 474
1739714676614 66.04514413967634 475
1739714676618 65.91492905401942 476
1739714676622 65.78497327320567 477
1739714676626 65.65527627798761 478
1739714676630 65.52583755016498 479
1739714676634 65.39665657258254 480
1739714676638 65.267732829128 481
1739714676642 65.13906580472991 482
1739714676646 65.0106549853554 483
1739714676650 64.88249985800823 484
1739714676654 64.75459991072657 485
1739714676658 64.62695463258092 486
1739714676662 64.49956351367193 487
1739714676666 64.37242604512842 488
1739714676670 64.24554171910523 489
1739714676674 64.11891002878109 490
1739714676677 63.992530468356506 491
1739714676682 63.8664025330518 492
1739714676686 63.740525719104895 493
1739714676690 63.61489952376934 494
1739714676694 63.48952344531214 495
1739714676698 63.364396983011794 496
1739714676702 63.2395196371561 497
1739714676706 63.11489090904022 498
1739714676710 62.99051030096456 499
