1739718969345 90.96840691421043 0
1739718969372 43.319110273962615 1
1739718969399 11.974634759916356 2
1739718969426 8.982419177897114 3
1739718969453 4.51578000539477 4
1739718969479 2.5288950008470557 5
1739718969506 0.663105791170639 6
1739718969533 1.413757328969829 7
1739718969560 0.268118818998864 8
1739718969586 0.27682138690979824 9
1739718969612 0.08555838684656392 10
1739718969639 0.11658555930351128 11
1739718969667 0.005692394494401964 12
1739718969695 0.0007472364921883492 13
1739718969723 0.052218030023146844 14
1739718969750 0.020641707826872708 15
1739718969777 0.15293116745403168 16
1739718969804 0.016023271653869468 17
1739718969831 0.6059587029023994 18
1739718969858 0.0034129735514215366 19
1739718969885 0.12330340674198123 20
1739718969911 0.0014820124346505087 21
1739718969938 0.029626913406778106 22
1739718969965 0.15861047036198334 23
1739718969992 0.0018958537347536007 24
1739718970020 0.010510511687052382 25
1739718970047 2.4894560584291046e-05 26
1739718970075 0.05745641626043172 27
1739718970106 0.023928054069115023 28
1739718970137 0.025236575166957504 29
1739718970166 0.07434155841103876 30
1739718970195 0.0017391685944174692 31
1739718970224 0.062178610613525837 32
1739718970253 0.16159893913272194 33
1739718970281 0.09172881537074104 34
1739718970308 0.13152430126125061 35
1739718970335 0.0253567169517025 36
1739718970362 0.17128423111535634 37
1739718970389 0.0010392583786002125 38
1739718970416 0.3495360106452018 39
1739718970446 5.965284154353561e-05 40
1739718970474 0.00881986253319893 41
1739718970500 0.0011129306033680942 42
1739718970527 0.20406183015036183 43
1739718970554 0.2682339411061373 44
1739718970581 0.2248353592019699 45
1739718970608 0.27244146927185464 46
1739718970635 0.33189175272829996 47
1739718970662 0.10306382121458549 48
1739718970689 0.0027341088034248595 49
1739718970716 0.2536154010939407 50
1739718970743 0.3821613526193161 51
1739718970771 0.06339205496826324 52
1739718970798 0.09915188660537431 53
1739718970825 0.4026670807894686 54
1739718970853 0.22971222766829777 55
1739718970880 0.058892921152169875 56
1739718970908 0.1817153230678503 57
1739718970935 0.2764775422101611 58
1739718970963 0.00029298182874345054 59
1739718970991 0.06751308523238965 60
1739718971037 0.008549864868942518 61
1739718971078 0.15697862172177057 62
1739718971107 0.03228404082401579 63
1739718971136 0.7631017721014614 64
1739718971164 0.005235148194203701 65
1739718971194 0.5573639877632796 66
1739718971223 0.1364924425690003 67
1739718971256 0.18876419733578467 68
1739718971284 0.1511502728939246 69
1739718971313 0.0323900732768623 70
1739718971340 0.12797472447754119 71
1739718971369 0.06050124346807113 72
1739718971397 0.04139232476446693 73
1739718971424 0.040418371977953546 74
1739718971452 0.06291316873668269 75
1739718971479 0.10011413276304042 76
1739718971507 0.06271373113576481 77
1739718971535 0.006621471441320259 78
1739718971564 0.05469669202787394 79
1739718971593 0.03850553694443415 80
1739718971623 0.009294384019667576 81
1739718971652 0.0006763089157147517 82
1739718971681 0.025847336274116176 83
1739718971709 0.29692791084395703 84
1739718971737 0.023059290173129597 85
1739718971765 0.1620707469171131 86
1739718971792 0.15081389959617017 87
1739718971819 0.028424200670626214 88
1739718971846 0.0049566182213218665 89
1739718971873 0.11478872599903496 90
1739718971900 0.1554659360854397 91
1739718971927 0.009968530599918778 92
1739718971954 0.10439058834244234 93
1739718971980 0.2395492868508862 94
1739718972007 0.24123006807280975 95
1739718972034 0.04186084344560425 96
1739718972060 0.05329191428236145 97
1739718972087 5.8639354105331624e-05 98
1739718972114 0.0605572597856546 99
1739718972141 0.05126249811551331 100
1739718972168 0.003248195535459223 101
1739718972195 0.20789241516277207 102
1739718972224 0.27215911636942547 103
1739718972254 0.032596742533236286 104
1739718972283 0.011091361873826392 105
1739718972311 0.06979837228926723 106
1739718972339 0.18298691554196458 107
1739718972368 0.2871086197168174 108
1739718972396 0.25078727039202287 109
1739718972425 0.008910988811487733 110
1739718972453 0.0006162843471183846 111
1739718972481 0.003230348694156401 112
1739718972508 0.3202153129938501 113
1739718972534 0.02262892394894742 114
1739718972561 0.24429510312054717 115
1739718972588 0.02555170885516195 116
1739718972615 0.2675983111911808 117
1739718972642 0.0002297509605551172 118
1739718972669 0.04884474569877815 119
1739718972696 0.5644525597774457 120
1739718972723 0.30054394176848814 121
1739718972750 0.03437282554588839 122
1739718972777 0.026045836746084208 123
1739718972805 0.1437665644143906 124
1739718972833 0.031930433456642905 125
1739718972860 0.02715095669022706 126
1739718972889 0.10365931117750804 127
1739718972917 0.09897706318670246 128
1739718972944 0.12159105813548501 129
1739718972971 0.00195105935823109 130
1739718972998 0.12758860268709402 131
1739718973025 0.015581738266700972 132
1739718973052 8.973772495747664e-05 133
1739718973078 0.0028442367431267277 134
1739718973105 0.075376663476587 135
1739718973132 0.009027720329505686 136
1739718973158 0.18929565307201185 137
1739718973185 0.2947094247445516 138
1739718973212 0.04927140758224842 139
1739718973239 0.21566823355781653 140
1739718973266 0.013029898623840684 141
1739718973293 0.030940303392386036 142
1739718973319 0.3593256675187517 143
1739718973346 0.0010213648204161901 144
1739718973373 0.01982366345672994 145
1739718973400 0.010306295679383454 146
1739718973427 0.006517333580117515 147
1739718973454 0.10392306888708562 148
1739718973481 0.09620555655313177 149
1739718973509 0.03990940595878653 150
1739718973535 0.0013752917335540962 151
1739718973562 1.6463960287537393e-05 152
1739718973589 0.3569903186796282 153
1739718973616 0.4060587189029978 154
1739718973643 0.005433293963946221 155
1739718973670 0.12804636977042796 156
1739718973698 0.014331500788134886 157
1739718973727 0.34399749192995693 158
1739718973754 0.17180616221755204 159
1739718973782 0.3630933238470585 160
1739718973809 0.2076121053480884 161
1739718973837 0.2489370400000042 162
1739718973864 0.006836346318906931 163
1739718973891 0.421282889521885 164
1739718973919 0.012222869962818184 165
1739718973946 0.2318597821640017 166
1739718973973 0.08653998012691155 167
1739718973999 0.2822946218041235 168
1739718974027 4.350362186660625 169
1739718974056 0.19026890878773994 170
1739718974085 0.06405207432975939 171
1739718974113 0.4388930710648337 172
1739718974143 0.21926162165233143 173
1739718974171 4.266591408082144e-05 174
1739718974198 0.1950802642243386 175
1739718974225 0.01303314653961534 176
1739718974252 0.2904840206047074 177
1739718974279 0.30356981863870863 178
1739718974305 0.0014973575908562677 179
1739718974332 0.04571878610572179 180
1739718974359 0.16155108857199488 181
1739718974385 0.06400677569285372 182
1739718974413 0.04092254297347894 183
1739718974440 0.13272194358890946 184
1739718974468 0.0035871774326409205 185
1739718974497 0.0072232126311658216 186
1739718974525 0.1600151177986742 187
1739718974552 0.07714147717205098 188
1739718974580 0.07701290233896098 189
1739718974607 0.4005456841503648 190
1739718974634 0.016253822824687552 191
1739718974660 0.03267907165648942 192
1739718974689 0.038036415273127094 193
1739718974718 0.058606533130419164 194
1739718974746 0.10524939325946592 195
1739718974774 0.00041568982277302344 196
1739718974801 0.028750665050136362 197
1739718974828 0.004896833854025353 198
1739718974855 0.040666725825651215 199
1739718974882 1.460075167663517 200
1739718974909 0.03322990762314028 201
1739718974936 0.27838231201863767 202
1739718974963 0.02103803462072954 203
1739718974990 0.028620098089123004 204
1739718975017 0.21698615546579134 205
1739718975044 0.2539760554744139 206
1739718975071 0.08133685272138838 207
1739718975099 0.04763824053460925 208
1739718975127 0.005855124283147952 209
1739718975154 0.012988446004545356 210
1739718975181 0.00921348957460281 211
1739718975208 0.15938646968665848 212
1739718975235 0.28387010463796397 213
1739718975262 0.07123161643408836 214
1739718975289 0.011100523647279236 215
1739718975317 0.008471647112497186 216
1739718975345 0.00884456454656872 217
1739718975372 0.06650015733259176 218
1739718975400 0.0013016861134059255 219
1739718975427 0.0008682932679376434 220
1739718975455 0.0002374195520090163 221
1739718975482 0.024714302103386463 222
1739718975512 0.007241886176767824 223
1739718975540 0.008461132350622187 224
1739718975567 0.22973041923272713 225
1739718975595 3.2513258195271245e-06 226
1739718975623 0.031002228285116513 227
1739718975650 0.013034506252710274 228
1739718975678 0.029098460119226333 229
1739718975706 0.07356614627437764 230
1739718975734 0.16464159369121498 231
1739718975762 0.016058835991934847 232
1739718975790 0.0015734547561501344 233
1739718975845 0.1773447398202401 234
1739718975874 0.031843271919463095 235
1739718975903 0.1126189479384807 236
1739718975932 0.06359284893926839 237
1739718975961 0.0013756474835511104 238
1739718975990 0.22005012739092517 239
1739718976018 0.10210333869451539 240
1739718976045 0.07099494764103179 241
1739718976072 0.8025026996209162 242
1739718976100 0.0014051976767688167 243
1739718976127 0.03783551580918777 244
1739718976156 0.12459524727565147 245
1739718976185 0.06865218807500227 246
1739718976217 0.023776761769550698 247
1739718976246 0.03853954906336358 248
1739718976275 0.2733942545106498 249
1739718976304 0.001717290191307124 250
1739718976333 0.25861471133433006 251
1739718976360 0.05427248668236436 252
1739718976388 0.03113799706113615 253
1739718976415 0.2917928037678179 254
1739718976443 0.25978255170979636 255
1739718976470 0.0002671810944844638 256
1739718976498 0.1549369474449677 257
1739718976526 0.004737130055660304 258
1739718976552 0.07453031418552246 259
1739718976579 0.029953262723886383 260
1739718976607 0.004425737598224492 261
1739718976634 0.006876020497510238 262
1739718976660 0.02376201043391682 263
1739718976687 0.07398940999576595 264
1739718976714 0.05780124260091047 265
1739718976741 0.17815130362626413 266
1739718976767 0.005606948707441211 267
1739718976794 0.011958382592292078 268
1739718976820 0.056171435263470654 269
1739718976848 0.40299926305265615 270
1739718976875 0.006014442219347643 271
1739718976903 0.1451300945928494 272
1739718976930 0.004168869069684309 273
1739718976956 0.00016611254881657508 274
1739718976983 0.21454457563503251 275
1739718977010 0.5134590055579448 276
1739718977037 0.003978285850566625 277
1739718977064 0.21554423501564166 278
1739718977092 0.8848200950756403 279
1739718977120 0.011046790785802521 280
1739718977150 0.25662274199583285 281
1739718977178 0.23662640121294823 282
1739718977208 0.14874259686197536 283
1739718977245 0.0010444869527089528 284
1739718977273 0.005226954953182645 285
1739718977300 0.013764844468840931 286
1739718977328 0.047165066464343576 287
1739718977358 0.0025157093567046737 288
1739718977386 1.383285993900537 289
1739718977417 0.013094604201326902 290
1739718977445 0.002293242690341955 291
1739718977474 0.09904149494915213 292
1739718977502 0.012848099972539084 293
1739718977529 0.048783721155099186 294
1739718977557 0.11233400991639633 295
1739718977584 0.07625047897100133 296
1739718977614 0.26704514670458906 297
1739718977643 0.16921747973809986 298
1739718977673 0.27024662950850764 299
1739718977702 0.016780058620341032 300
1739718977730 0.2527047175767445 301
1739718977758 0.00282618356404915 302
1739718977787 0.034554227291622865 303
1739718977816 0.00015045793243900386 304
1739718977845 0.06217427424634891 305
1739718977873 0.008968260988573961 306
1739718977901 0.9086494825843735 307
1739718977928 0.44603032143807136 308
1739718977956 0.0007226253319106465 309
1739718977983 0.06390829756861648 310
1739718978009 0.0023468252624714485 311
1739718978037 0.05059280623112786 312
1739718978064 1.0829419283848942 313
1739718978090 0.009248357625970018 314
1739718978117 0.14939702755260784 315
1739718978144 0.0512885226381602 316
1739718978171 0.048924709179291245 317
1739718978198 0.07636013383456414 318
1739718978233 0.031543903558094465 319
1739718978260 0.001207107065444941 320
1739718978287 0.0036919625696905612 321
1739718978315 2.4663690351091794e-06 322
1739718978344 0.016207292929872556 323
1739718978371 0.053291326230659505 324
1739718978398 0.00519773490982611 325
1739718978426 0.0020232807695838143 326
1739718978453 0.0072751878472929864 327
1739718978480 0.07659324222424298 328
1739718978507 0.031073757426549626 329
1739718978534 0.0019386824353268867 330
1739718978561 0.008124535805769127 331
1739718978588 0.44937727860475396 332
1739718978614 0.1622574420166021 333
1739718978641 0.0030002513008498184 334
1739718978668 0.031795103470049296 335
1739718978696 0.02815342832427122 336
1739718978725 0.036895764005980256 337
1739718978754 0.023810381596718506 338
1739718978782 0.05228100082297732 339
1739718978810 0.28316183544466667 340
1739718978836 0.03445936110890246 341
1739718978863 0.8840376716492483 342
1739718978890 0.053232283720685156 343
1739718978918 0.13960093785501093 344
1739718978949 0.038113644109061165 345
1739718978977 0.9673615364123394 346
1739718979004 0.01275798354432276 347
1739718979033 0.027927841330108116 348
1739718979061 0.2644961891940143 349
1739718979088 0.017239346022370806 350
1739718979116 0.007626791566115621 351
1739718979144 0.05879748552184713 352
1739718979173 0.0075659375340389814 353
1739718979201 0.018489184200945002 354
1739718979230 0.44780409473289723 355
1739718979258 0.3813464443044134 356
1739718979287 0.0016071888706853707 357
1739718979316 0.002150090096698702 358
1739718979345 0.16515857130851314 359
1739718979373 0.07394496481421267 360
1739718979400 0.15940831564905358 361
1739718979428 0.18855783103415816 362
1739718979456 0.31408182644679594 363
1739718979483 0.49594176718376554 364
1739718979510 2.4408827533427502e-05 365
1739718979537 0.004203544048700393 366
1739718979564 0.008727493090884893 367
1739718979591 0.17477219975296973 368
1739718979618 0.0436927687682982 369
1739718979644 0.9615472703881791 370
1739718979671 0.6408298000915572 371
1739718979698 0.015057367301252216 372
1739718979726 0.0035918646569110734 373
1739718979754 0.10763413172784131 374
1739718979780 0.05366204428463731 375
1739718979809 0.012791868411276903 376
1739718979839 0.35682862918095737 377
1739718979868 0.5194143082856219 378
1739718979896 0.0034127406416031352 379
1739718979924 0.002177563115214417 380
1739718979953 0.0021163059933426284 381
1739718979981 0.04572572159873017 382
1739718980010 0.02023134498355533 383
1739718980038 0.003773009289778098 384
1739718980065 0.07487976799816744 385
1739718980092 0.39724495355331324 386
1739718980119 0.0032898311024048593 387
1739718980145 0.008062086039327062 388
1739718980172 0.22396142002476843 389
1739718980199 0.13673991306995842 390
1739718980226 0.1659854331879284 391
1739718980253 0.04515507423432867 392
1739718980280 0.028636575819746934 393
1739718980307 0.22996149644863628 394
1739718980335 0.1605223448763028 395
1739718980364 0.016547609105057533 396
1739718980391 0.012780109157967033 397
1739718980418 0.01446303311897099 398
1739718980447 0.33259984414877947 399
1739718980476 0.13429052864175287 400
1739718980503 0.0009241432568730439 401
1739718980531 0.5190196621297353 402
1739718980560 0.5415463069176162 403
1739718980588 0.05252808472459636 404
1739718980617 0.0013776556858986122 405
1739718980646 0.21932887391882433 406
1739718980675 0.025117730330375183 407
1739718980703 0.01194360000008023 408
1739718980731 0.0007203192722219471 409
1739718980759 0.22317515452905298 410
1739718980788 0.044377166351123265 411
1739718980818 0.028742148923151335 412
1739718980847 0.2907822283281681 413
1739718980874 0.0025506424010678127 414
1739718980903 0.03751887005597832 415
1739718980931 0.0006250973090745509 416
1739718980960 0.31360457883398574 417
1739718980988 2.3952729661188384e-05 418
1739718981016 0.3298243881766024 419
1739718981044 0.005539116174040949 420
1739718981072 0.0012726127281491044 421
1739718981100 1.0118392183847977 422
1739718981128 0.00025617544173987843 423
1739718981155 0.00132262429484747 424
1739718981183 0.35267017269629813 425
1739718981212 0.03949917269095943 426
1739718981241 0.05146781390016533 427
1739718981271 0.0009613659752840813 428
1739718981300 0.11539676105980012 429
1739718981328 0.044267226277254955 430
1739718981359 2.4075527915977046e-05 431
1739718981387 0.0006780508624263615 432
1739718981415 0.004061920644487483 433
1739718981443 0.019620482100952664 434
1739718981471 0.050791869284045166 435
1739718981499 0.004917606827051301 436
1739718981526 0.09519084956769451 437
1739718981554 0.4403466410499694 438
1739718981581 0.4702393158462673 439
1739718981609 0.0242572647489906 440
1739718981636 0.02565739150887536 441
1739718981663 0.0490343658034206 442
1739718981690 0.009292647069678079 443
1739718981717 0.1419881092043707 444
1739718981744 0.0015148338260965062 445
1739718981771 0.03574018752596516 446
1739718981798 0.44467597255822544 447
1739718981825 0.4090625395876709 448
1739718981853 0.00024204268862039932 449
1739718981880 0.3574775537094457 450
1739718981907 0.038968882965093994 451
1739718981935 0.16283394261515888 452
1739718981963 0.6302242533877177 453
1739718981991 0.025141273653182184 454
1739718982018 0.0035541477747946695 455
1739718982046 1.0734437235111063 456
1739718982073 0.01495272449820363 457
1739718982100 0.07662638297632351 458
1739718982126 0.004762272408749456 459
1739718982153 0.006814499819576597 460
1739718982180 0.02146019814234618 461
1739718982207 0.05902621584302693 462
1739718982234 0.0006569262146126936 463
1739718982262 0.020490056780518028 464
1739718982289 0.0007703327730215 465
1739718982316 0.07889550328170472 466
1739718982343 0.012574754677975973 467
1739718982373 0.041751165811973544 468
1739718982401 0.11487769657706373 469
1739718982429 0.036042064742735504 470
1739718982458 0.03143786264551424 471
1739718982486 0.18120851057713594 472
1739718982513 0.008445576962768361 473
1739718982540 0.0614499737164242 474
1739718982567 0.13927977842780453 475
1739718982594 0.015224982779119735 476
1739718982621 0.005024520644903706 477
1739718982647 0.16953458162200616 478
1739718982674 0.07037849490662214 479
1739718982702 0.014474490529516904 480
1739718982731 0.0530258238905179 481
1739718982760 0.012829775765262355 482
1739718982788 0.02846927473538919 483
1739718982815 0.017489945238265747 484
1739718982842 0.3975980806806218 485
1739718982869 0.08710830898797971 486
1739718982897 0.04388493856553837 487
1739718982923 0.08178615215111298 488
1739718982950 0.07575204995274198 489
1739718982977 0.04366116858423058 490
1739718983005 0.03719242764257883 491
1739718983035 0.05776699763825105 492
1739718983063 0.03281997468312313 493
1739718983091 0.504318228604701 494
1739718983120 0.21053723563688437 495
1739718983147 0.3949944082867407 496
1739718983173 0.1204852809110102 497
1739718983201 0.006379715527257194 498
1739718983228 0.022700294537982356 499
