1739716231254 150.1822290561704 0
1739716231260 122.69143505030752 1
1739716231266 112.65640382761791 2
1739716231271 95.51151571567429 3
1739716231276 84.03530041068949 4
1739716231281 70.92117635794547 5
1739716231286 60.99672596808705 6
1739716231291 52.087046203967354 7
1739716231295 44.64321461187415 8
1739716231300 38.57142364874683 9
1739716231305 33.136713034287666 10
1739716231309 29.329487441192114 11
1739716231314 24.318839968005403 12
1739716231319 20.42082248357443 13
1739716231324 19.75860849172993 14
1739716231329 15.085698053665467 15
1739716231334 14.627857437580387 16
1739716231339 12.574660239849495 17
1739716231343 10.70388038779833 18
1739716231348 8.983088360692514 19
1739716231352 7.8381140028810075 20
1739716231357 7.049292910934007 21
1739716231362 5.688460846784242 22
1739716231366 5.090431567198293 23
1739716231371 4.6319427283200865 24
1739716231376 3.9322432108518366 25
1739716231380 3.2518678492528226 26
1739716231385 3.1412232985851447 27
1739716231389 2.59878275214056 28
1739716231394 2.1217084397805297 29
1739716231399 2.307472362225156 30
1739716231404 1.7659112654414009 31
1739716231409 1.5185613663870976 32
1739716231414 1.325105225087633 33
1739716231419 1.0608982641258569 34
1739716231423 1.15857877175427 35
1739716231428 1.0035505611011701 36
1739716231432 0.8877498591963315 37
1739716231437 0.8219813119662838 38
1739716231442 0.7983392065369274 39
1739716231446 0.6779989019625446 40
1739716231451 0.8440150045308684 41
1739716231457 0.5372579618750187 42
1739716231461 0.539782506842243 43
1739716231466 0.4348910039254853 44
1739716231471 0.3542109952931974 45
1739716231476 0.3646996320989045 46
1739716231480 0.2525294043719805 47
1739716231485 0.3115359408919891 48
1739716231489 0.3388482167998425 49
1739716231493 0.34078691260484645 50
1739716231498 0.291993762427703 51
1739716231502 0.23138692534433375 52
1739716231507 0.2977825576497813 53
1739716231512 0.34317389334276166 54
1739716231516 0.27064476381469194 55
1739716231521 0.2996532177393724 56
1739716231526 0.3521781366382199 57
1739716231531 0.17311771999012218 58
1739716231536 0.28007102887300883 59
1739716231541 0.28116216510093944 60
1739716231545 0.24066701144526786 61
1739716231550 0.22540425516558826 62
1739716231554 0.2112961485146009 63
1739716231559 0.2570633729411254 64
1739716231564 0.19969749915153825 65
1739716231569 0.18115849993667457 66
1739716231574 0.23673784845679471 67
1739716231578 0.18066926947823386 68
1739716231584 0.22793554742508962 69
1739716231589 0.1952996111557857 70
1739716231594 0.21700812769529906 71
1739716231599 0.2455748641835662 72
1739716231604 0.26524557665801385 73
1739716231609 0.23877082591435125 74
1739716231614 0.17977866872205778 75
1739716231619 0.22441115888013866 76
1739716231624 0.2409840186551192 77
1739716231629 0.20053533601437393 78
1739716231633 0.21163580288808087 79
1739716231638 0.26216013658637116 80
1739716231643 0.21214343773074787 81
1739716231648 0.11294676757736728 82
1739716231653 0.17953014142288817 83
1739716231659 0.1793055056367692 84
1739716231664 0.25434496187040634 85
1739716231669 0.2453069917819703 86
1739716231674 0.24140700984958557 87
1739716231679 0.18936653546715396 88
1739716231684 0.16931414324367106 89
1739716231690 0.28930091183276824 90
1739716231694 0.21591112696448028 91
1739716231699 0.2141630572395621 92
1739716231704 0.2569486862326841 93
1739716231709 0.23347163979201643 94
1739716231714 0.21093678596820525 95
1739716231719 0.23772035972975533 96
1739716231724 0.17432703408041353 97
1739716231729 0.19624654989847665 98
1739716231734 0.17410928807602732 99
1739716231738 0.22940667509755908 100
1739716231743 0.13792674844807912 101
1739716231748 0.18598276857413767 102
1739716231753 0.24952391730281742 103
1739716231759 0.17327204611303812 104
1739716231764 0.2641020111093331 105
1739716231769 0.25514290080269025 106
1739716231774 0.2532951828692919 107
1739716231779 0.22512318194524852 108
1739716231785 0.19562167976280145 109
1739716231790 0.1405619820656198 110
1739716231795 0.19659783497966454 111
1739716231800 0.13418583095509024 112
1739716231805 0.22471641939655454 113
1739716231809 0.16523386813355528 114
1739716231814 0.13091856783068595 115
1739716231819 0.22452343409063943 116
