1739714370692 169.57031890620698 0
1739714370696 137.40364307000866 1
1739714370701 111.41777277339182 2
1739714370705 90.40027123124483 3
1739714370709 73.38644661523854 4
1739714370714 59.604640709665674 5
1739714370719 48.435242636876204 6
1739714370723 39.37937114802669 7
1739714370727 32.03456978157761 8
1739714370730 26.075719837339204 9
1739714370734 21.23991839036827 10
1739714370738 17.31442030665196 11
1739714370742 14.1269786784295 12
1739714370746 11.538080870094987 13
1739714370750 9.434693418714044 14
1739714370754 7.725214111045818 15
1739714370757 6.335393428150717 16
1739714370761 5.205036432254527 17
1739714370765 4.285334155381809 18
1739714370770 3.536703406678357 19
1739714370774 2.9270375854467314 20
1739714370778 2.4302899690729936 21
1739714370781 2.025326075404711 22
1739714370785 1.6949938620674827 23
1739714370789 1.4253703248963248 24
1739714370793 1.205150965959234 25
1739714370797 1.025154990831332 26
1739714370801 0.8779242607625758 27
1739714370804 0.7573982046954939 28
1739714370808 0.6586502785214579 29
1739714370812 0.5776742972304103 30
1739714370816 0.5112111828351317 31
1739714370821 0.4566084665440575 32
1739714370825 0.411706337952977 33
1739714370829 0.3747452119939252 34
1739714370833 0.34429073858616044 35
1739714370836 0.31917295292465103 36
1739714370841 0.2984368905603054 37
1739714370844 0.2813024987627975 38
1739714370848 0.2671320866960969 39
1739714370852 0.2554038899705064 40
1739714370856 0.2456905949773358 41
1739714370860 0.2376418870629761 42
1739714370863 0.23097026377775615 43
1739714370867 0.22543949801454416 44
1739714370871 0.22085525221038865 45
1739714370875 0.21705743908797795 46
1739714370879 0.21391400084740902 47
1739714370883 0.21131584067334866 48
1739714370887 0.20917269064477434 49
1739714370892 0.20740974084934458 50
1739714370897 0.20596488751500108 51
1739714370901 0.20478648473817096 52
1739714370905 0.20383150609443024 53
1739714370909 0.2030640400225505 54
1739714370912 0.2024540571534185 55
1739714370916 0.2019763993409618 56
1739714370920 0.20160994955309672 57
1739714370924 0.20133694941023111 58
1739714370928 0.2011424373520638 59
