1739716076463 38.37050805614096 0
1739716076469 9.302250148221692 1
1739716076475 2.6058907627844556 2
1739716076480 0.700908736231123 3
1739716076485 0.254169034464853 4
1739716076490 0.19040233162314096 5
1739716076494 0.14083589946256278 6
1739716076499 0.11687617953921266 7
1739716076504 0.10482078478660138 8
1739716076509 0.18376590673213133 9
1739716076513 0.20074033696372942 10
1739716076518 0.08589535259250328 11
1739716076523 0.12200439373067878 12
1739716076528 0.12448442032531537 13
1739716076534 0.09800633585701095 14
1739716076538 0.12571728913021177 15
1739716076543 0.14362429623256012 16
1739716076549 0.10318308367377672 17
1739716076554 0.11938078001171364 18
1739716076559 0.09329151838511839 19
1739716076564 0.12513862639644224 20
1739716076569 0.12685271675686308 21
1739716076574 0.19485460890336131 22
1739716076581 0.17421719519214515 23
1739716076588 0.11698404967652057 24
1739716076593 0.20858044427485564 25
1739716076598 0.1930281858809087 26
1739716076603 0.32396914516753805 27
1739716076608 0.18871802877776336 28
1739716076614 0.12986640213574194 29
1739716076619 0.10085400082291912 30
1739716076624 0.1429089772669907 31
1739716076630 0.11111920717301224 32
1739716076635 0.10914522277511207 33
1739716076640 0.11133124264980686 34
1739716076645 0.15246477242836035 35
1739716076650 0.14479664785688928 36
1739716076656 0.20709705452923985 37
1739716076663 0.13453072624545437 38
1739716076669 0.14439681767813245 39
1739716076674 0.12165958923071231 40
1739716076680 0.10709741110663855 41
1739716076685 0.156362116116657 42
1739716076691 0.08139400542082333 43
1739716076696 0.11044525717635191 44
1739716076701 0.1406619155735869 45
1739716076705 0.09946348756013147 46
1739716076710 0.1533632795338432 47
1739716076715 0.1051623157974367 48
1739716076720 0.13862957532639228 49
1739716076726 0.1346973717665739 50
1739716076731 0.1219595016238187 51
1739716076736 0.07797185821703953 52
1739716076741 0.1364885863375214 53
1739716076746 0.15058047183029252 54
1739716076752 0.10472266719811732 55
1739716076757 0.16733052002067675 56
1739716076763 0.12066895914874287 57
1739716076769 0.11092683410459407 58
1739716076775 0.1218474709156462 59
1739716076781 0.13771046003946355 60
1739716076786 0.10377074625570654 61
1739716076791 0.1400464323852815 62
1739716076796 0.14803417635300264 63
1739716076801 0.17069094166536156 64
1739716076806 0.17630643843822771 65
1739716076811 0.11171908430082515 66
1739716076817 0.1011875337653909 67
1739716076822 0.18506550334446709 68
1739716076828 0.1653850015733753 69
1739716076833 0.1642833543491895 70
1739716076839 0.1663880126319664 71
1739716076845 0.15095591781697776 72
1739716076850 0.20213040541936234 73
1739716076856 0.11228455940480264 74
1739716076862 0.1316791093521556 75
1739716076867 0.09142457772020272 76
1739716076872 0.1339120522123739 77
1739716076878 0.17590282156634177 78
1739716076882 0.10041308565136933 79
1739716076887 0.18089724241653285 80
1739716076892 0.10325743877614392 81
1739716076897 0.1593006692511452 82
1739716076902 0.14253559001551178 83
1739716076907 0.10145438907999507 84
1739716076912 0.1253332884604688 85
1739716076918 0.11862910538632393 86
1739716076925 0.11458309751823449 87
1739716076931 0.21657936643213582 88
1739716076936 0.11962819966964587 89
1739716076941 0.17180566761913 90
1739716076946 0.1473498603736519 91
1739716076950 0.11120451240283559 92
1739716076955 0.12882365369294185 93
1739716076960 0.09492773213635447 94
1739716076965 0.14797867832621667 95
1739716076969 0.15754991564214707 96
1739716076974 0.12148635529851613 97
1739716076979 0.14271458097054657 98
1739716076983 0.11732675719980121 99
1739716076989 0.1364521330903405 100
1739716076995 0.1335835595143782 101
1739716077017 0.12229372063657133 102
1739716077041 0.23666597692052743 103
1739716077047 0.15782460529090697 104
1739716077053 0.09251327398945965 105
1739716077057 0.11572792674614737 106
1739716077062 0.1567783445146269 107
1739716077066 0.10559035856435893 108
1739716077071 0.16957401374901193 109
1739716077076 0.13127597791867668 110
1739716077081 0.1071392100657777 111
1739716077085 0.0750018893831645 112
1739716077090 0.1164412058503501 113
1739716077096 0.08302839458152027 114
1739716077101 0.1496453743864166 115
1739716077107 0.16322690788938116 116
1739716077111 0.08611467552928771 117
1739716077116 0.22029073783443 118
1739716077120 0.11533437489692035 119
1739716077124 0.1145648227037307 120
1739716077129 0.16646172810643128 121
1739716077134 0.11556891991303866 122
1739716077138 0.16644924094792019 123
1739716077143 0.12963897741974922 124
1739716077148 0.12160981392248547 125
1739716077153 0.15316956514430702 126
1739716077158 0.14733107105423549 127
1739716077163 0.12382118750220365 128
1739716077167 0.11821239398256635 129
1739716077172 0.1964812926814811 130
1739716077176 0.1374125959506918 131
1739716077181 0.16583251010961692 132
1739716077186 0.15403813945498743 133
1739716077190 0.13661723978014068 134
1739716077195 0.28531644744126405 135
1739716077200 0.11255405004313923 136
1739716077204 0.0995433299564554 137
1739716077209 0.14031835403559856 138
1739716077214 0.11560886337358209 139
1739716077219 0.12384692242861349 140
1739716077224 0.13053632342272078 141
1739716077228 0.13339208884393128 142
1739716077233 0.09240898874617108 143
1739716077237 0.1557527875022027 144
1739716077242 0.08143806723358012 145
1739716077246 0.08004151124264103 146
1739716077250 0.10529359537638344 147
1739716077255 0.30271966315014115 148
1739716077260 0.09276876911972601 149
1739716077264 0.14232228796033283 150
1739716077269 0.16350274804272427 151
1739716077273 0.1637998808057211 152
1739716077278 0.10454512929712055 153
1739716077283 0.11893748896679866 154
1739716077288 0.21407319436565045 155
1739716077292 0.14699993015718918 156
1739716077297 0.13220538989652095 157
1739716077301 0.12606488386636489 158
1739716077305 0.14421848188930217 159
1739716077311 0.1736244658823839 160
1739716077315 0.08868800040555483 161
1739716077320 0.19721900194995107 162
1739716077325 0.11666685292493628 163
1739716077330 0.14371645698947277 164
1739716077334 0.11564468757552925 165
1739716077339 0.12160592199433322 166
1739716077344 0.09369911682674495 167
1739716077349 0.11873503691856498 168
1739716077353 0.15404967250894594 169
1739716077358 0.08024823469151655 170
1739716077362 0.10847150064629332 171
1739716077367 0.13226871912982555 172
1739716077371 0.10242885656606543 173
1739716077376 0.2144407752571267 174
1739716077380 0.09931755916427255 175
1739716077385 0.11879425929775912 176
1739716077389 0.08544353325684831 177
1739716077394 0.11718862933253575 178
1739716077398 0.14495232602820612 179
1739716077403 0.12316128416367449 180
1739716077407 0.08092375468247526 181
1739716077412 0.1541901189559334 182
1739716077416 0.14733876769370854 183
1739716077421 0.16297470071424702 184
1739716077425 0.1667721539757549 185
1739716077430 0.11411247168649473 186
1739716077434 0.17497677858925567 187
1739716077439 0.10175457713298285 188
1739716077443 0.10766343441279695 189
1739716077448 0.1419300759295408 190
1739716077453 0.14041659630162256 191
1739716077458 0.12347194134822231 192
1739716077463 0.15020225636660106 193
1739716077468 0.11447258053148941 194
1739716077473 0.12457121031394665 195
1739716077479 0.11623753448663203 196
1739716077483 0.19671556016464958 197
1739716077488 0.15344185831889037 198
1739716077492 0.09946182099582287 199
1739716077497 0.1476003353096775 200
1739716077501 0.16257534941627289 201
1739716077506 0.1264503390570945 202
1739716077511 0.16159519181626808 203
1739716077516 0.14095028850687308 204
1739716077521 0.10591583086402138 205
1739716077528 0.09633963399024568 206
1739716077532 0.10905155904595437 207
1739716077537 0.12427248080156772 208
1739716077542 0.09399537420011514 209
1739716077546 0.13978260686080995 210
1739716077551 0.1514725539414483 211
1739716077555 0.16083657232950585 212
1739716077560 0.09234545781010339 213
1739716077564 0.12998732977775684 214
1739716077569 0.12825175504888614 215
1739716077574 0.12250262227150266 216
1739716077579 0.10879114022798211 217
1739716077583 0.16945974714340886 218
1739716077588 0.1312333984895536 219
1739716077593 0.10249396662267105 220
1739716077597 0.13420187007730253 221
1739716077602 0.18676414532852811 222
1739716077607 0.11542029417906742 223
1739716077611 0.10377862966644279 224
1739716077616 0.1317549488979051 225
1739716077620 0.13085368533842243 226
1739716077625 0.14691933664545861 227
1739716077629 0.16563156270501828 228
1739716077633 0.17580497063172315 229
1739716077638 0.07157240064039667 230
1739716077643 0.1248797605087652 231
1739716077648 0.14672168406512656 232
1739716077652 0.1569158492161215 233
1739716077657 0.14851439620732715 234
1739716077666 0.14793061223773274 235
1739716077671 0.10220589765353263 236
1739716077676 0.18018759501211118 237
1739716077681 0.13764291718824276 238
1739716077686 0.1248900470068348 239
1739716077690 0.1044147288752317 240
1739716077694 0.153201862753472 241
1739716077699 0.2110638678197591 242
1739716077704 0.15054506513952245 243
1739716077708 0.14979451088154444 244
1739716077713 0.11901882989656634 245
1739716077718 0.1032519700908079 246
1739716077722 0.15099112398329867 247
1739716077727 0.10658138094337445 248
1739716077732 0.1723972528938412 249
1739716077736 0.15824955032599242 250
1739716077741 0.10765663078503386 251
1739716077745 0.12639088775935922 252
1739716077750 0.13581204019297707 253
1739716077755 0.1641379726749758 254
1739716077759 0.1387111833692762 255
1739716077764 0.1821122312271341 256
1739716077769 0.11608145067761973 257
1739716077774 0.10638087738506137 258
1739716077778 0.12738281244363114 259
1739716077783 0.12275286738074796 260
1739716077788 0.08043253071402598 261
1739716077792 0.15299007643097362 262
1739716077797 0.10209777941982122 263
1739716077801 0.14726223867163932 264
1739716077806 0.18988442819426016 265
1739716077810 0.1258708488310945 266
1739716077815 0.1437747843127348 267
1739716077820 0.07630584762441839 268
1739716077825 0.15792280221938573 269
1739716077829 0.1225842990480677 270
1739716077834 0.13674433394557028 271
1739716077838 0.12413800522035127 272
1739716077843 0.08933108270532157 273
1739716077847 0.14297095601127616 274
1739716077852 0.13341244414541126 275
1739716077857 0.1406235257006632 276
1739716077861 0.13334270877759843 277
1739716077866 0.14894744681785962 278
1739716077871 0.12546858489460144 279
1739716077876 0.11405018615637136 280
1739716077881 0.14085496672641526 281
1739716077885 0.10739948414161295 282
1739716077890 0.11684660029853208 283
1739716077895 0.185821058053711 284
1739716077899 0.14802201205849325 285
1739716077903 0.14847041827054652 286
1739716077908 0.18537108878079483 287
1739716077913 0.12024094006865634 288
1739716077917 0.1628042232917913 289
1739716077922 0.16066296138517752 290
1739716077927 0.18793431820884277 291
1739716077931 0.14301683481198155 292
1739716077935 0.11802897041757912 293
1739716077940 0.12599947339427936 294
1739716077944 0.08853261743246789 295
1739716077949 0.12594534352032527 296
1739716077954 0.13633367507317323 297
1739716077959 0.1626442639349408 298
1739716077963 0.14477362248400455 299
1739716077968 0.11491722269089323 300
1739716077973 0.11763109069328347 301
1739716077978 0.12739630942969438 302
1739716077983 0.1364024940320588 303
1739716077988 0.1444139425920311 304
1739716077992 0.10456847916913206 305
1739716077997 0.1660954173287023 306
1739716078002 0.11961450244498555 307
1739716078007 0.14470585638248606 308
1739716078012 0.160828806914714 309
1739716078017 0.10617434332501514 310
1739716078021 0.1337451969183488 311
1739716078026 0.1488514525971513 312
1739716078030 0.10931678873085203 313
1739716078035 0.0936161085683758 314
1739716078040 0.10325161186349588 315
1739716078044 0.1617985293733831 316
1739716078048 0.13803827168617988 317
1739716078054 0.2163663137036702 318
1739716078058 0.16484031333007448 319
1739716078062 0.12299865234527947 320
1739716078067 0.12148329040077364 321
1739716078071 0.16264995510052477 322
1739716078076 0.08456983298189522 323
1739716078081 0.1092836830737706 324
1739716078085 0.09520213947529457 325
1739716078090 0.1473729651434595 326
1739716078095 0.10874860210405451 327
1739716078100 0.1374779202057814 328
1739716078104 0.15346120761528603 329
1739716078109 0.1724754066799516 330
1739716078113 0.18155945018039238 331
1739716078118 0.1709480544627347 332
1739716078122 0.08374966620444704 333
1739716078127 0.12663567736104134 334
1739716078131 0.14600405664367164 335
1739716078136 0.1031412752989192 336
1739716078140 0.18361736027570133 337
1739716078145 0.1341362549522895 338
1739716078149 0.12115525366773845 339
1739716078154 0.11456131917506904 340
1739716078158 0.12049410196363208 341
1739716078163 0.17770334282974284 342
1739716078167 0.10354557338468051 343
1739716078172 0.10919065571414363 344
1739716078177 0.11788336215785768 345
1739716078181 0.16358083313355182 346
1739716078186 0.13590844038851632 347
1739716078190 0.12169713181261683 348
1739716078195 0.0848507108253683 349
1739716078199 0.12629648388510833 350
1739716078204 0.1197296481955044 351
1739716078209 0.10102305806301211 352
1739716078213 0.10582362956971476 353
1739716078218 0.08483997817476906 354
1739716078222 0.21733225439624296 355
1739716078227 0.11139807592308988 356
1739716078232 0.2108575882162951 357
1739716078236 0.1236604949786476 358
1739716078241 0.11606518245362611 359
1739716078245 0.13213392907448085 360
1739716078250 0.09374003854975785 361
1739716078254 0.16364014802037646 362
1739716078259 0.1453017433496808 363
1739716078264 0.11714170615501765 364
1739716078268 0.16343440060319148 365
1739716078273 0.10651453674350696 366
1739716078277 0.14702616390710427 367
1739716078282 0.16383780741926635 368
1739716078287 0.09772932623907918 369
1739716078292 0.15847876190710383 370
1739716078297 0.17110642551108934 371
1739716078301 0.1359548705719633 372
1739716078306 0.131563045722458 373
1739716078311 0.11615212752232058 374
1739716078315 0.0957470769781787 375
1739716078320 0.14657215988293484 376
1739716078324 0.13919418874894052 377
1739716078328 0.22224717332220695 378
1739716078333 0.15377041018826887 379
1739716078338 0.12397350650509345 380
1739716078342 0.09244420359146623 381
1739716078347 0.2080510233986279 382
1739716078351 0.11754009074101403 383
1739716078356 0.14774917331451629 384
1739716078360 0.13201253231898957 385
1739716078365 0.1372386833978691 386
1739716078370 0.13677854687372853 387
1739716078375 0.09345867314331051 388
1739716078380 0.10328268436190526 389
1739716078385 0.16704662424114786 390
1739716078390 0.21813877041451504 391
1739716078395 0.1140515618192987 392
1739716078399 0.1101132359189634 393
1739716078404 0.09229782274077616 394
1739716078408 0.18733175338326288 395
1739716078413 0.152924766851594 396
1739716078417 0.14285241161048254 397
1739716078422 0.20522112490286917 398
1739716078426 0.1378612914458631 399
1739716078431 0.10065776070695294 400
1739716078435 0.12439720141496272 401
1739716078440 0.15247585017197554 402
1739716078445 0.11007972878270951 403
1739716078450 0.14647608986207744 404
1739716078454 0.11890562473235622 405
1739716078459 0.09534636398804257 406
1739716078464 0.1497387835017667 407
1739716078468 0.1282933634451882 408
1739716078473 0.10206992305529516 409
1739716078478 0.18187628444044215 410
1739716078482 0.11589034752321921 411
1739716078487 0.09512747923788596 412
1739716078492 0.12395564595442703 413
1739716078496 0.17346286836936803 414
1739716078501 0.11566264210437976 415
1739716078505 0.13644638440012152 416
1739716078510 0.14771904826397894 417
1739716078515 0.1328873549908647 418
1739716078519 0.1314160338136859 419
1739716078524 0.16200895772096086 420
1739716078529 0.12897486973316608 421
1739716078534 0.3048671787768915 422
1739716078538 0.1239349244506979 423
1739716078543 0.13277115245686072 424
1739716078548 0.16066580343701717 425
1739716078552 0.1797192879724412 426
1739716078557 0.12407497256974578 427
1739716078561 0.11034012246956805 428
1739716078566 0.20090418675056781 429
1739716078570 0.1023114931467248 430
1739716078575 0.10189675896901379 431
1739716078580 0.2116021307654787 432
1739716078584 0.1300549246884306 433
1739716078589 0.13403087280433326 434
1739716078594 0.19616228354105777 435
1739716078598 0.1764595411450399 436
1739716078602 0.16990326003621206 437
1739716078607 0.15181196318024107 438
1739716078611 0.1888392972155489 439
1739716078615 0.20441350560420882 440
1739716078620 0.14693380790729452 441
1739716078624 0.15162027634506323 442
1739716078628 0.1447280261457663 443
1739716078633 0.14900421137256117 444
1739716078637 0.10412438951133253 445
1739716078641 0.1346130044313342 446
1739716078646 0.17229556141572874 447
1739716078651 0.1028681206334088 448
1739716078655 0.18739429693073004 449
1739716078660 0.09715090842732671 450
1739716078664 0.09915534209126371 451
1739716078669 0.1257262065264503 452
1739716078674 0.1925219708378656 453
1739716078679 0.15000594347291704 454
1739716078684 0.12292678052474987 455
1739716078688 0.18718495337637298 456
1739716078693 0.13353682093619676 457
1739716078697 0.12832315232474187 458
1739716078702 0.11425707115312563 459
1739716078707 0.11602840247344699 460
1739716078711 0.1593495749875728 461
1739716078715 0.10001686967360025 462
1739716078720 0.14090389087350366 463
1739716078725 0.12388250116717142 464
1739716078729 0.17037992973898577 465
1739716078734 0.19859786886737255 466
1739716078738 0.11987554073637455 467
1739716078743 0.09300443903564949 468
1739716078748 0.13122337515017005 469
1739716078752 0.16167122560171848 470
1739716078757 0.1209672248526963 471
1739716078761 0.08649131489405083 472
1739716078766 0.137007709015275 473
1739716078771 0.1115227240644697 474
1739716078775 0.10366463975833658 475
1739716078780 0.1533045219826949 476
1739716078785 0.11386288237436816 477
1739716078789 0.11920659469646655 478
1739716078794 0.1332441519103335 479
1739716078798 0.11077530101705178 480
1739716078802 0.1381470125579916 481
1739716078807 0.16529968561863298 482
1739716078811 0.10958616365666869 483
1739716078815 0.1209637830780204 484
1739716078820 0.10377542780333923 485
1739716078825 0.17405802912822416 486
1739716078829 0.1388036828775116 487
1739716078834 0.0937867806719975 488
1739716078838 0.07793011305402633 489
1739716078843 0.19015296458896663 490
1739716078848 0.19182714524868877 491
1739716078852 0.17583103976056402 492
1739716078857 0.09481530628612381 493
1739716078861 0.14481712000956481 494
1739716078866 0.13234827098173008 495
1739716078871 0.08767519756513649 496
1739716078875 0.15564166147134575 497
1739716078880 0.0728118201184895 498
1739716078885 0.0829180031446582 499
