1739718408214 122.78029156805552 0
1739718408246 0.6997564992317543 1
1739718408279 237.37157845430352 2
1739718408312 7556.779459173213 3
1739718408344 2.705726177473873 4
1739718408376 36.89096996988676 5
1739718408410 1.0896187593226556 6
1739718408443 0.7460278294453558 7
1739718408475 0.2735133412667215 8
1739718408507 352.4397087261451 9
1739718408540 820.5254797607571 10
1739718408572 0.017772618315741315 11
1739718408605 4353.785000700082 12
1739718408637 10066.553926595572 13
1739718408669 48.13642297742416 14
1739718408701 0.33795055912901256 15
1739718408733 0.8241988851007799 16
1739718408765 0.41292314573025357 17
1739718408798 2063.497611269704 18
1739718408830 446526120.8816819 19
1739718408861 475.1494661965733 20
1739718408894 7.822529855607492 21
1739718408927 0.0066558056792018335 22
1739718408959 13.611536571029307 23
1739718408992 76.98230163185998 24
1739718409024 16.913866542415562 25
1739718409057 59.881009082918624 26
1739718409089 76824.72197580566 27
1739718409121 15166087.559359036 28
1739718409153 1691883745.2346838 29
1739718409186 7063.864794067602 30
1739718409218 3.5824123521327107 31
1739718409250 3.0104909037717764 32
1739718409283 8.506308327872073 33
1739718409315 8.073007176081846 34
1739718409348 25534.84658414148 35
1739718409380 2260994.5010607815 36
1739718409413 1948267.920704251 37
1739718409446 13947640870.16043 38
1739718409478 10103.586867160288 39
1739718409511 411.4307824762505 40
1739718409543 943.1733192800441 41
1739718409576 0.41635006667454494 42
1739718409608 0.10435708057061363 43
1739718409639 0.091549478372113 44
1739718409671 15.524225937245463 45
1739718409703 0.11441508372696768 46
1739718409735 0.011213834920021412 47
1739718409767 164.96153278666537 48
1739718409799 4.212705077230822 49
1739718409831 57.639210939435344 50
1739718409863 0.028378119051160375 51
1739718409895 0.4968840015912934 52
1739718409927 3240.5604520879424 53
1739718409959 12.515786644940688 54
1739718409992 13.640692030500825 55
1739718410024 163092.70443048773 56
1739718410056 1477273.8979041318 57
1739718410088 11289.9597453805 58
1739718410120 530445429.3855492 59
1739718410152 25.191729835963397 60
1739718410185 4.6211477352674555 61
1739718410217 1344.0675403775313 62
1739718410249 4489.6813973230055 63
1739718410281 1715498320.4094582 64
1739718410314 206932173.25563437 65
1739718410346 1870.2373758202448 66
1739718410378 4103229.0736436206 67
1739718410411 181.54380719463362 68
1739718410443 46.32188422130275 69
1739718410475 1439.1604234434128 70
1739718410507 2.612568230971125 71
1739718410539 38148.06548022921 72
1739718410571 975481565990.0249 73
1739718410603 54286201985.23656 74
1739718410635 806.5706077973404 75
1739718410667 11994708185.183687 76
1739718410700 233290.8734898767 77
1739718410732 1910059.032317502 78
1739718410764 67950170.50280531 79
1739718410797 4028790.4526633774 80
1739718410830 15219777.329613686 81
1739718410863 3416290715.727325 82
1739718410897 1281587333.9704633 83
1739718410930 391937.28715465695 84
1739718410964 67911215.31337798 85
1739718410997 5407898761731162.0 86
1739718411030 4492887650.6692 87
1739718411064 198084707213.39954 88
1739718411097 40450.93006086328 89
1739718411130 5573049326.380811 90
1739718411163 900418898146.1664 91
1739718411196 3.546483139993049e+20 92
1739718411230 413699945.5548582 93
1739718411263 403712578901.42737 94
1739718411296 20467000037342.29 95
1739718411330 1648728852947.6562 96
1739718411363 1178908642.4662728 97
1739718411397 5833599828084.188 98
1739718411431 317446770073.5032 99
1739718411464 333696642.4520794 100
1739718411497 842224811.1081986 101
1739718411530 2468507358.953856 102
1739718411563 618962280.8990736 103
1739718411596 115357834421.5438 104
1739718411630 130013167636.34665 105
1739718411663 544151568.8104287 106
1739718411697 2678518607.820368 107
1739718411731 39591242.528660476 108
1739718411765 318355413491.51794 109
1739718411799 79445383.17866376 110
1739718411831 183587144682813.62 111
1739718411865 7782429213986.069 112
1739718411898 170760.37482362965 113
1739718411932 8079.215512566959 114
1739718411965 1024645.477303894 115
1739718411998 451452.2634793443 116
1739718412032 0.48949603941022335 117
1739718412065 2.43971317239184 118
1739718412097 24460430.456044205 119
1739718412130 1787.8386750137124 120
1739718412162 1148.8131859283467 121
1739718412194 40.06285737421075 122
1739718412227 16771998.19139771 123
1739718412259 51078.812177937245 124
1739718412291 130163.78613925567 125
1739718412323 9.259000691407428 126
1739718412355 95750025.36722195 127
1739718412388 291.0143713471274 128
1739718412421 128.00175547493234 129
1739718412453 3.834487867906305 130
1739718412486 52.7178607380706 131
1739718412519 86.25913999788406 132
1739718412552 1.2909501351335102 133
1739718412584 5216.313935150039 134
1739718412617 4.725852581638898 135
1739718412649 0.013782140827024133 136
1739718412681 8.243022171122634 137
1739718412714 839.7083061268946 138
1739718412746 0.01508903464421813 139
1739718412778 1095.4762054039663 140
1739718412811 8.130363646166721 141
1739718412843 5530326.638271354 142
1739718412875 366301.5310006888 143
1739718412908 2507.5534349684267 144
1739718412940 75317.17158065742 145
1739718412972 385.49468354509884 146
1739718413004 6.4093604162266296 147
1739718413036 0.009067043456087468 148
1739718413068 134.1368692115842 149
1739718413100 79149.26394646878 150
1739718413133 12130907.855157288 151
1739718413165 208.41758225191077 152
1739718413197 5.60358488179053 153
1739718413229 42786.33071424749 154
1739718413261 485.51548517489834 155
1739718413293 0.09273974834932859 156
1739718413325 1270891.2607500958 157
1739718413357 14.695065203693964 158
1739718413389 2935.334962068715 159
1739718413422 133.4623365668799 160
1739718413454 0.00020552114829302365 161
1739718413486 6006.168633632517 162
1739718413519 131558.6080817732 163
1739718413551 6076796193.810219 164
1739718413582 159860088.5226901 165
1739718413615 1508136.2525569687 166
1739718413647 98119568.51504554 167
1739718413679 7494927182.112706 168
1739718413711 281880638560242.75 169
1739718413744 502302052651.5917 170
1739718413777 89330023534304.84 171
1739718413809 89151678510.7504 172
1739718413841 0.37548929363325173 173
1739718413873 0.2531728289438626 174
1739718413906 1.9402175562773853 175
1739718413939 19542740526.91837 176
1739718413971 10799580640064.918 177
1739718414004 85492468659473.08 178
1739718414036 6049894388465355.0 179
1739718414069 116598133892.77731 180
1739718414102 361571.22538404824 181
1739718414135 7861.917912920983 182
1739718414167 1137292108.678493 183
1739718414200 16542315.61027127 184
1739718414233 294532441.3410314 185
1739718414265 21642241408.493137 186
1739718414297 4769599857.70877 187
1739718414330 226629.14863421643 188
1739718414362 763.8068335151676 189
1739718414395 2.3140047069325695 190
1739718414427 0.290503265732755 191
1739718414460 40.46498535991195 192
1739718414493 12832.375854373397 193
1739718414524 27.453032914795045 194
1739718414557 0.5837578551948214 195
1739718414589 87.70593880607107 196
1739718414621 2626657.347367425 197
1739718414653 32784059770.01579 198
1739718414685 4004500888.4562116 199
1739718414717 1153570505734.7927 200
1739718414750 4037503261649930.0 201
1739718414783 5.4183223663795096e+16 202
1739718414815 562296645303.0846 203
1739718414847 3174975873939221.0 204
1739718414879 4413559261805902.5 205
1739718414911 81391574.60219398 206
1739718414944 272.8982539734695 207
1739718414976 2.067454818887357 208
1739718415008 1529634.9349535583 209
1739718415041 3155727.930158074 210
1739718415073 473.2920248398927 211
1739718415105 1174.8369257452682 212
1739718415137 0.3558567660886393 213
1739718415170 31309.267142818793 214
1739718415202 268240.51411565725 215
1739718415235 199684336743.9934 216
1739718415267 3.809801323048617e+17 217
1739718415299 291700892142.93225 218
1739718415332 3477091.5333282426 219
1739718415365 67945597011.80571 220
1739718415397 2417.6008034851925 221
1739718415429 62488.433951753585 222
1739718415462 19582522240.648666 223
1739718415494 400674130.4509679 224
1739718415526 2522857.622259044 225
1739718415559 99367562.40722123 226
1739718415590 216321211.4106624 227
1739718415623 497897226.351446 228
1739718415655 6728425388681.577 229
1739718415687 374924392857.4028 230
1739718415719 12386195892.56976 231
1739718415752 4274.6801876590325 232
1739718415784 456.2687388276516 233
1739718415816 10.929241112469349 234
1739718415849 2.286401309924481 235
1739718415881 2376049.280770489 236
1739718415914 92470047292.23695 237
1739718415947 3864619.7382779587 238
1739718415979 777266.2601693203 239
1739718416011 72138551.10101056 240
1739718416043 179961905299943.28 241
1739718416075 37785219644958.65 242
1739718416107 1593165695.641331 243
1739718416139 36597737.45833448 244
1739718416172 0.360483636433852 245
1739718416204 3758.5630918047996 246
1739718416236 1871.836907973362 247
1739718416269 9662.682217646425 248
1739718416301 3094057.2693078485 249
1739718416333 362490433.8036904 250
1739718416365 2905.284127938214 251
1739718416397 97.47790989816632 252
1739718416429 734046918.3437655 253
1739718416462 3581266494543.882 254
1739718416494 88454989510.50516 255
1739718416526 138715.16578842083 256
1739718416558 328.01651154130633 257
1739718416590 1008804.5503689836 258
1739718416622 127.86980329454605 259
1739718416654 3.515854279728985 260
1739718416686 17.42616553980397 261
1739718416718 8115702.936752137 262
1739718416750 19868.56031168691 263
1739718416782 56.965799504509754 264
1739718416814 1.639296991312392 265
1739718416846 0.0420591503300951 266
1739718416880 0.007957885985736282 267
1739718416913 4.878639894377499 268
1739718416945 7902.021865196314 269
1739718416977 103.52647204805305 270
1739718417009 869.7284587306475 271
1739718417041 33625.78240471955 272
1739718417074 1609.9875739638505 273
1739718417106 15.275337680581286 274
1739718417138 1.8786625082459898 275
1739718417170 0.05688807716575784 276
1739718417202 204.30243007803057 277
1739718417235 290850.4851698178 278
1739718417268 9.01430476183982 279
1739718417300 6654052.869832831 280
1739718417332 2623.6596096555804 281
1739718417364 1906.1776420797657 282
1739718417397 60.322683306516595 283
1739718417429 165.7975845664083 284
1739718417462 8601272.981754735 285
1739718417493 65994295.59826565 286
1739718417526 22902.51605920315 287
1739718417557 9702.380584759523 288
1739718417589 0.03850161958855505 289
1739718417621 76.67277227300191 290
1739718417653 9.522707041129019 291
1739718417685 4660701.729036679 292
1739718417717 98255.19299048632 293
1739718417750 1986964.938423342 294
1739718417782 275301.8024469648 295
1739718417814 596.9973507012454 296
1739718417846 0.10584072788651801 297
1739718417878 1.63758764076405 298
1739718417911 1539405.8289060977 299
1739718417943 125857192.18225384 300
1739718417976 0.0310379480776246 301
1739718418009 0.5854941040337521 302
1739718418041 5.94913867257705 303
1739718418073 48.98331887524804 304
1739718418105 5535.763114739482 305
1739718418137 0.14724823906902876 306
1739718418169 816.473938037041 307
1739718418201 1607437585847.2224 308
1739718418233 46373023.295727134 309
1739718418265 16475802.317195743 310
1739718418297 8597486.536739876 311
1739718418329 10705222.948049199 312
1739718418362 5.464905518994672 313
1739718418394 66.56688024139294 314
1739718418427 0.14453976828932402 315
1739718418459 68751089.89915788 316
1739718418491 38616269.986872055 317
1739718418523 13865229475.544077 318
1739718418555 37616246512.44181 319
1739718418587 2831030507.437164 320
1739718418619 6.390794441608522e+17 321
1739718418651 2.6285379213897004e+23 322
1739718418683 2.1741675099512974e+28 323
1739718418715 5.669495939525547e+27 324
1739718418747 9.194607263680683e+23 325
1739718418780 2.5631604391777142e+17 326
1739718418812 1.3473542197130742e+16 327
1739718418843 1.333111470121574e+18 328
1739718418876 110942397910889.22 329
1739718418908 404370592810461.0 330
1739718418941 191310560013385.7 331
1739718418974 4337662896.534855 332
1739718419007 21780.60746972656 333
1739718419039 263530601.4636615 334
1739718419071 1612678155167492.0 335
1739718419103 14714818968.735268 336
1739718419135 283793190888.32886 337
1739718419168 33322392961900.695 338
1739718419200 1755726269473.5132 339
1739718419232 7988561022.381855 340
1739718419265 5394473.513937287 341
1739718419298 25.270209184361487 342
1739718419330 60.749766220304785 343
1739718419362 207296.4281007616 344
1739718419395 1510.2997261215662 345
1739718419428 1749312.0264678667 346
1739718419460 3124.0758350298015 347
1739718419493 646334332.7798558 348
1739718419525 483367.55299161904 349
1739718419557 78963.90459326482 350
1739718419589 1314714.3444352404 351
1739718419621 293599138.1133249 352
1739718419653 14310603.505691303 353
1739718419686 3256652798.934504 354
1739718419718 342826781.20741624 355
1739718419750 8220011.310557405 356
1739718419783 564473623847.6299 357
1739718419815 599310682477.2931 358
1739718419847 1.8713551038415704e+16 359
1739718419880 213021269.96873388 360
1739718419912 68398.99051933961 361
1739718419945 6852.507070113059 362
1739718419977 186469.19464804608 363
1739718420009 4183010.618083011 364
1739718420041 1237.9982082726951 365
1739718420115 0.8971661882243807 366
1739718420148 9.977770291581754 367
1739718420180 0.008872459601885126 368
1739718420212 1034.821114191546 369
1739718420244 0.03506242412538819 370
1739718420276 5.377692723944045 371
1739718420309 5.616219407417525 372
1739718420341 2.911720022182617 373
1739718420373 1.3378985573630202 374
1739718420405 10.117408778812411 375
1739718420437 22508.716462303422 376
1739718420470 0.18602414172235168 377
1739718420502 34.4762243525447 378
1739718420534 1044.1352770059955 379
1739718420566 1344453.2296467905 380
1739718420598 3.1771265005461844 381
1739718420630 4004.0147540347543 382
1739718420662 967099005.2383181 383
1739718420695 193432911.776216 384
1739718420727 3383115994.3382835 385
1739718420759 5.242349401985467e+17 386
1739718420791 4674638978904.9 387
1739718420823 26517407749634.24 388
1739718420855 2.1613021110752387e+19 389
1739718420893 4.253778389541843e+19 390
1739718420926 850251613363194.4 391
1739718420963 1.0387780666783613e+22 392
1739718420996 1.7037522121362014e+26 393
1739718421029 1.7860560550939512e+25 394
1739718421061 9.693855956992292e+21 395
1739718421094 4.181697209234843e+24 396
1739718421126 6.399711260096443e+20 397
1739718421158 2.694222601268331e+24 398
1739718421191 2.9556038733241077e+26 399
1739718421223 2.5642829086680516e+23 400
1739718421255 1.305333915067445e+26 401
1739718421288 9.811725543518948e+22 402
1739718421320 2.654213271422287e+19 403
1739718421352 1012617542674305.8 404
1739718421384 4604330745945.008 405
1739718421416 28610942500195.223 406
1739718421448 3043799229486.643 407
1739718421480 6511230068852358.0 408
1739718421512 11194140051.68477 409
1739718421543 1350441405.4308918 410
1739718421576 63630993.946937166 411
1739718421608 43873575693.22675 412
1739718421640 187775069841580.94 413
1739718421671 1103596456308124.5 414
1739718421703 680848820309.3722 415
1739718421735 1.721942740124623e+17 416
1739718421767 1.6125572736819462e+19 417
1739718421800 2398076532226049.0 418
1739718421831 4422665324531.634 419
1739718421863 1828527.2422122806 420
1739718421895 169.2676752038274 421
1739718421928 5.077733999334645 422
1739718421960 20307.100879601712 423
1739718421992 0.9638394213946945 424
1739718422024 10032.621404366473 425
1739718422055 5440.365807393996 426
1739718422088 45723.54300092268 427
1739718422121 21.1309930061132 428
1739718422153 0.0016403581386194147 429
1739718422185 0.7096946083697029 430
1739718422219 915740675.5975434 431
1739718422251 3147194856.902918 432
1739718422284 7886807124.239484 433
1739718422316 2.513660415106238e+18 434
1739718422348 9.758356696772055e+17 435
1739718422380 6044710112844.137 436
1739718422413 123812729119.20287 437
1739718422444 1276089.2829268835 438
1739718422477 1519.953431396346 439
1739718422510 1526.2574286333445 440
1739718422542 12.770343703705361 441
1739718422574 10.19688636767035 442
1739718422607 387.0433072330109 443
1739718422638 54.430421016995815 444
1739718422670 23.999271246920564 445
1739718422701 0.7135997796927166 446
1739718422733 1534.9363738129778 447
1739718422765 0.05806456690239795 448
1739718422798 96.1294831843122 449
1739718422831 7708899061.815583 450
1739718422863 8801.94850185682 451
1739718422895 13790766.688070105 452
1739718422927 728936.3804760597 453
1739718422959 26306.455204812275 454
1739718422991 272377523.53288275 455
1739718423023 2359324.227081982 456
1739718423056 3560102563609.378 457
1739718423088 6666957777032647.0 458
1739718423120 93372349094648.02 459
1739718423152 894369106788.7225 460
1739718423185 129181.07128693807 461
1739718423217 75539.96199590754 462
1739718423250 114328880397.03236 463
1739718423282 606153795086.1406 464
1739718423314 927642569.7340895 465
1739718423346 473183558.88811404 466
1739718423378 73756023.52758668 467
1739718423410 546932515156.7367 468
1739718423443 45312479.22161101 469
1739718423475 302244500.4861171 470
1739718423507 154011.96290960436 471
1739718423540 405433826485.1834 472
1739718423572 1.923450348866794e+16 473
1739718423605 1190501668397327.8 474
1739718423638 26129025704137.402 475
1739718423672 740011138529676.0 476
1739718423705 2.034008626429701e+21 477
1739718423739 1.6080020319805503e+21 478
1739718423771 6.025633362555024e+19 479
1739718423803 1.3715750787633652e+22 480
1739718423835 7.552250729008128e+20 481
1739718423866 7.939943225846184e+16 482
1739718423898 2.6926695095721754e+29 483
1739718423930 7.194634459710679e+30 484
1739718423962 1.4611085812511577e+27 485
1739718423994 1.200504402709628e+31 486
1739718424027 7.293385526637978e+26 487
1739718424059 1.3902934873033614e+32 488
1739718424091 5.268627291060516e+31 489
1739718424123 1.137261060238091e+24 490
1739718424155 3.210976464453975e+17 491
1739718424186 1.1880917321003553e+23 492
1739718424218 2330924331541318.5 493
1739718424251 3.042666106690589e+18 494
1739718424284 4.104233558106791e+17 495
1739718424317 82432341482.30118 496
1739718424351 8393281.892198052 497
1739718424383 57.45693542826537 498
1739718424416 0.05278642662685812 499
