1739715291935 169.52315328680058 0
1739715291941 169.4995781227669 1
1739715291945 169.46893452665506 2
1739715291950 169.43617506307643 3
1739715291955 169.4027855503468 4
1739715291959 169.36921173772095 5
1739715291964 169.33558734951444 6
1739715291969 169.30195250213518 7
1739715291973 169.26831922956646 8
1739715291977 169.23469114105563 9
1739715291982 169.20106931842736 10
1739715291987 169.16745408527916 11
1739715291991 169.1338455377403 12
1739715291995 169.1002437037 13
1739715292000 169.0666485905754 14
1739715292004 169.03306019964225 15
1739715292008 168.99947853033422 16
1739715292012 168.96590358153233 17
1739715292017 168.93233535195216 18
1739715292022 168.89877384025988 19
1739715292026 168.86521904510678 20
1739715292030 168.8316709651402 21
1739715292034 168.79812959900633 22
1739715292039 168.76459494535112 23
1739715292043 168.73106700282085 24
1739715292047 168.697545770062 25
1739715292052 168.66403124572122 26
1739715292056 168.63052342844554 27
1739715292061 168.59702231688217 28
1739715292065 168.56352790967867 29
1739715292069 168.53004020548286 30
1739715292074 168.49655920294285 31
1739715292078 168.46308490070703 32
1739715292082 168.42961729742393 33
1739715292087 168.3961563917426 34
1739715292092 168.36270218231223 35
1739715292096 168.3292546677822 36
1739715292100 168.29581384680233 37
1739715292104 168.2623797180227 38
1739715292108 168.22895228009347 39
1739715292112 168.19553153166538 40
1739715292117 168.16211747138917 41
1739715292121 168.12871009791598 42
1739715292126 168.09530940989734 43
1739715292131 168.06191540598482 44
1739715292135 168.02852808483044 45
1739715292141 167.99514744508636 46
1739715292145 167.9617734854052 47
1739715292149 167.92840620443968 48
1739715292153 167.89504560084288 49
1739715292157 167.8616916732681 50
1739715292162 167.82834442036904 51
1739715292166 167.79500384079958 52
1739715292171 167.76166993321385 53
1739715292175 167.72834269626628 54
1739715292180 167.6950221286116 55
1739715292188 167.66170822890484 56
1739715292192 167.62840099580126 57
1739715292197 167.59510042795637 58
1739715292201 167.561806524026 59
1739715292206 167.52851928266625 60
1739715292210 167.4952387025335 61
1739715292214 167.4619647822844 62
1739715292219 167.42869752057587 63
1739715292223 167.39543691606505 64
1739715292228 167.36218296740947 65
1739715292232 167.32893567326687 66
1739715292237 167.29569503229524 67
1739715292241 167.2624610431529 68
1739715292246 167.2292337044984 69
1739715292250 167.19601301499057 70
1739715292254 167.1627989732886 71
1739715292258 167.12959157805182 72
1739715292262 167.09639082793987 73
1739715292267 167.06319672161274 74
1739715292271 167.03000925773063 75
1739715292275 166.996828434954 76
1739715292279 166.96365425194372 77
1739715292284 166.93048670736067 78
1739715292288 166.89732579986628 79
1739715292293 166.8641715281221 80
1739715292297 166.83102389078994 81
1739715292302 166.79788288653202 82
1739715292306 166.76474851401068 83
1739715292310 166.73162077188863 84
1739715292315 166.6984996588288 85
1739715292319 166.66538517349446 86
1739715292324 166.63227731454907 87
1739715292328 166.5991760806564 88
1739715292332 166.56608147048055 89
1739715292337 166.53299348268584 90
1739715292341 166.49991211593678 91
1739715292345 166.46683736889827 92
1739715292349 166.43376924023553 93
1739715292353 166.4007077286139 94
1739715292358 166.36765283269906 95
1739715292362 166.33460455115699 96
1739715292367 166.30156288265394 97
1739715292371 166.26852782585644 98
1739715292375 166.2354993794312 99
1739715292379 166.20247754204527 100
1739715292383 166.16946231236608 101
1739715292387 166.1364536890611 102
1739715292391 166.1034516707983 103
1739715292395 166.07045625624576 104
1739715292399 166.0374674440719 105
1739715292404 166.00448523294543 106
1739715292408 165.97150962153535 107
1739715292413 165.93854060851078 108
1739715292417 165.9055781925413 109
1739715292421 165.87262237229672 110
1739715292425 165.83967314644698 111
1739715292429 165.8067305136625 112
1739715292433 165.77379447261382 113
1739715292438 165.74086502197184 114
1739715292442 165.70794216040767 115
1739715292446 165.6750258865928 116
1739715292450 165.64211619919874 117
1739715292455 165.6092130968976 118
1739715292459 165.5763165783615 119
1739715292464 165.54342664226303 120
1739715292468 165.5105432872749 121
1739715292472 165.47766651207016 122
1739715292477 165.44479631532212 123
1739715292481 165.41193269570434 124
1739715292485 165.3790756518907 125
1739715292489 165.34622518255534 126
1739715292493 165.31338128637265 127
1739715292497 165.28054396201725 128
1739715292501 165.2477132081641 129
1739715292505 165.21488902348847 130
1739715292510 165.18207140666573 131
1739715292514 165.14926035637174 132
1739715292518 165.11645587128245 133
1739715292523 165.08365795007418 134
1739715292527 165.0508665914235 135
1739715292532 165.01808179400723 136
1739715292536 164.98530355650252 137
1739715292541 164.95253187758664 138
1739715292545 164.91976675593733 139
1739715292549 164.88700819023248 140
1739715292553 164.85425617915027 141
1739715292557 164.82151072136918 142
1739715292561 164.78877181556794 143
1739715292565 164.75603946042546 144
1739715292569 164.72331365462114 145
1739715292574 164.69059439683443 146
1739715292578 164.65788168574517 147
1739715292582 164.62517552003345 148
1739715292586 164.5924758983796 149
1739715292590 164.55978281946426 150
1739715292595 164.52709628196828 151
1739715292600 164.49441628457285 152
1739715292604 164.46174282595936 153
1739715292609 164.42907590480957 154
1739715292613 164.39641551980543 155
1739715292617 164.36376166962913 156
1739715292622 164.3311143529632 157
1739715292626 164.29847356849044 158
1739715292631 164.2658393148939 159
1739715292635 164.23321159085683 160
1739715292639 164.2005903950629 161
1739715292643 164.16797572619592 162
1739715292647 164.13536758294 163
1739715292652 164.10276596397955 164
1739715292656 164.07017086799922 165
1739715292660 164.03758229368398 166
1739715292664 164.005000239719 167
1739715292668 163.97242470478974 168
1739715292673 163.93985568758194 169
1739715292677 163.90729318678157 170
1739715292681 163.874737201075 171
1739715292685 163.8421877291487 172
1739715292690 163.8096447696895 173
1739715292694 163.77710832138447 174
1739715292698 163.74457838292096 175
1739715292702 163.71205495298662 176
1739715292707 163.67953803026927 177
1739715292711 163.64702761345714 178
1739715292715 163.61452370123862 179
1739715292720 163.58202629230237 180
1739715292724 163.54953538533735 181
1739715292728 163.5170509790329 182
1739715292732 163.48457307207835 183
1739715292736 163.45210166316355 184
1739715292741 163.41963675097855 185
1739715292745 163.3871783342136 186
1739715292749 163.35472641155928 187
1739715292753 163.32228098170646 188
1739715292757 163.28984204334617 189
1739715292762 163.25740959516986 190
1739715292766 163.2249836358691 191
1739715292770 163.19256416413586 192
1739715292774 163.16015117866223 193
1739715292778 163.12774467814071 194
1739715292783 163.09534466126402 195
1739715292788 163.0629511267251 196
1739715292793 163.0305640732172 197
1739715292797 162.99818349943382 198
1739715292803 162.96580940406872 199
1739715292807 162.93344178581603 200
1739715292811 162.90108064336997 201
1739715292816 162.86872597542512 202
1739715292820 162.83637778067634 203
1739715292824 162.80403605781882 204
1739715292829 162.7717008055478 205
1739715292833 162.73937202255905 206
1739715292838 162.70704970754838 207
1739715292842 162.67473385921204 208
1739715292847 162.64242447624642 209
1739715292851 162.6101215573483 210
1739715292856 162.5778251012146 211
1739715292860 162.54553510654256 212
1739715292864 162.51325157202973 213
1739715292868 162.48097449637385 214
1739715292873 162.44870387827302 215
1739715292877 162.4164397164255 216
1739715292881 162.38418200952987 217
1739715292885 162.35193075628493 218
1739715292889 162.31968595538987 219
1739715292894 162.28744760554406 220
1739715292898 162.2552157054471 221
1739715292902 162.22299025379888 222
1739715292906 162.19077124929962 223
1739715292910 162.1585586906497 224
1739715292914 162.12635257654986 225
1739715292919 162.09415290570107 226
1739715292923 162.06195967680455 227
1739715292927 162.0297728885618 228
1739715292931 161.99759253967463 229
1739715292935 161.96541862884501 230
1739715292940 161.93325115477526 231
1739715292944 161.90109011616792 232
1739715292948 161.86893551172585 233
1739715292953 161.8367873401521 234
1739715292957 161.80464560015008 235
1739715292962 161.77251029042338 236
1739715292966 161.74038140967588 237
1739715292971 161.7082589566117 238
1739715292976 161.67614292993537 239
1739715292980 161.6440333283515 240
1739715292985 161.611930150565 241
1739715292990 161.5798333952811 242
1739715292995 161.5477430612053 243
1739715292999 161.51565914704332 244
1739715293004 161.48358165150128 245
1739715293008 161.45151057328525 246
1739715293012 161.41944591110183 247
1739715293017 161.38738766365788 248
1739715293021 161.35533582966048 249
1739715293026 161.32329040781687 250
1739715293031 161.29125139683464 251
1739715293035 161.2592187954218 252
1739715293039 161.22719260228624 253
1739715293043 161.19517281613648 254
1739715293048 161.16315943568117 255
1739715293052 161.1311524596292 256
1739715293057 161.0991518866897 257
1739715293061 161.06715771557222 258
1739715293065 161.03516994498634 259
1739715293069 161.0031885736421 260
1739715293074 160.9712136002497 261
1739715293078 160.93924502351962 262
1739715293082 160.90728284216272 263
1739715293087 160.87532705488985 264
1739715293091 160.84337766041244 265
1739715293095 160.811434657442 266
1739715293100 160.7794980446903 267
1739715293104 160.74756782086945 268
1739715293109 160.7156439846918 269
1739715293113 160.68372653486995 270
1739715293118 160.6518154701167 271
1739715293122 160.61991078914522 272
1739715293127 160.58801249066897 273
1739715293133 160.5561205734015 274
1739715293140 160.52423503605672 275
1739715293145 160.4923558773489 276
1739715293150 160.46048309599246 277
1739715293154 160.42861669070209 278
1739715293159 160.39675666019266 279
1739715293163 160.3649030031796 280
1739715293168 160.3330557183782 281
1739715293172 160.30121480450433 282
1739715293177 160.269380260274 283
1739715293182 160.2375520844035 284
1739715293186 160.20573027560928 285
1739715293196 160.1739148326083 286
1739715293201 160.1421057541175 287
1739715293205 160.1103030388542 288
1739715293209 160.07850668553607 289
1739715293214 160.04671669288095 290
1739715293218 160.01493305960693 291
1739715293222 159.9831557844324 292
1739715293226 159.95138486607598 293
1739715293231 159.9196203032566 294
1739715293235 159.8878620946934 295
1739715293240 159.85611023910582 296
1739715293245 159.82436473521358 297
1739715293249 159.79262558173653 298
1739715293253 159.76089277739493 299
1739715293258 159.7291663209093 300
1739715293262 159.69744621100034 301
1739715293266 159.665732446389 302
1739715293271 159.6340250257966 303
1739715293275 159.6023239479446 304
1739715293280 159.57062921155483 305
1739715293284 159.53894081534926 306
1739715293288 159.5072587580503 307
1739715293292 159.47558303838045 308
1739715293296 159.44391365506252 309
1739715293301 159.41225060681955 310
1739715293305 159.38059389237503 311
1739715293310 159.3489435104524 312
1739715293314 159.3172994597756 313
1739715293319 159.2856617390688 314
1739715293323 159.25403034705633 315
1739715293328 159.22240528246286 316
1739715293332 159.1907865440133 317
1739715293337 159.15917413043277 318
1739715293341 159.12756804044676 319
1739715293345 159.0959682727809 320
1739715293349 159.06437482616127 321
1739715293354 159.03278769931396 322
1739715293358 159.00120689096542 323
1739715293362 158.9696323998425 324
1739715293367 158.9380642246721 325
1739715293371 158.9065023641815 326
1739715293375 158.87494681709822 327
1739715293379 158.84339758215003 328
1739715293383 158.81185465806496 329
1739715293387 158.78031804357127 330
1739715293392 158.74878773739758 331
1739715293396 158.7172637382726 332
1739715293400 158.68574604492548 333
1739715293405 158.65423465608558 334
1739715293409 158.62272957048242 335
1739715293413 158.59123078684584 336
1739715293417 158.55973830390596 337
1739715293421 158.52825212039323 338
1739715293425 158.49677223503818 339
1739715293430 158.46529864657177 340
1739715293434 158.43383135372505 341
1739715293439 158.40237035522955 342
1739715293443 158.37091564981685 343
1739715293448 158.3394672362189 344
1739715293452 158.30802511316784 345
1739715293456 158.2765892793962 346
1739715293461 158.24515973363663 347
1739715293465 158.2137364746221 348
1739715293469 158.1823195010858 349
1739715293473 158.15090881176124 350
1739715293477 158.11950440538217 351
1739715293482 158.08810628068252 352
1739715293487 158.0567144363966 353
1739715293491 158.0253288712589 354
1739715293495 157.99394958400427 355
1739715293500 157.9625765733676 356
1739715293504 157.93120983808427 357
1739715293508 157.8998493768898 358
1739715293512 157.86849518852 359
1739715293516 157.83714727171093 360
1739715293520 157.80580562519893 361
1739715293525 157.7744702477205 362
1739715293530 157.7431411380126 363
1739715293534 157.71181829481228 364
1739715293539 157.6805017168568 365
1739715293543 157.64919140288393 366
1739715293547 157.6178873516314 367
1739715293551 157.58658956183743 368
1739715293556 157.55529803224036 369
1739715293560 157.52401276157883 370
1739715293564 157.49273374859177 371
1739715293568 157.46146099201835 372
1739715293572 157.43019449059787 373
1739715293577 157.39893424307016 374
1739715293581 157.36768024817502 375
1739715293585 157.33643250465272 376
1739715293589 157.3051910112437 377
1739715293594 157.2739557666886 378
1739715293598 157.24272676972845 379
1739715293602 157.2115040191044 380
1739715293606 157.18028751355803 381
1739715293610 157.14907725183093 382
1739715293615 157.1178732326652 383
1739715293619 157.086675454803 384
1739715293623 157.05548391698696 385
1739715293627 157.02429861795966 386
1739715293632 156.99311955646425 387
1739715293636 156.96194673124396 388
1739715293641 156.9307801410423 389
1739715293645 156.8996197846031 390
1739715293649 156.86846566067035 391
1739715293654 156.8373177679884 392
1739715293658 156.80617610530174 393
1739715293663 156.77504067135524 394
1739715293667 156.74391146489396 395
1739715293671 156.71278848466318 396
1739715293675 156.68167172940852 397
1739715293680 156.6505611978758 398
1739715293684 156.6194568888111 399
1739715293689 156.5883588009608 400
1739715293693 156.55726693307153 401
1739715293697 156.52618128389008 402
1739715293701 156.49510185216357 403
1739715293710 156.46402863663945 404
1739715293722 156.43296163606527 405
1739715293726 156.40190084918893 406
1739715293730 156.3708462747586 407
1739715293734 156.33979791152265 408
1739715293739 156.30875575822972 409
1739715293743 156.27771981362878 410
1739715293748 156.24669007646887 411
1739715293752 156.21566654549954 412
1739715293756 156.18464921947037 413
1739715293761 156.15363809713133 414
1739715293765 156.12263317723261 415
1739715293770 156.09163445852462 416
1739715293774 156.06064193975809 417
1739715293778 156.0296556196839 418
1739715293783 155.9986754970533 419
1739715293787 155.9677015706178 420
1739715293791 155.93673383912906 421
1739715293796 155.90577230133903 422
1739715293800 155.8748169559999 423
1739715293805 155.84386780186426 424
1739715293812 155.8129248376848 425
1739715293819 155.78198806221442 426
1739715293824 155.75105747420648 427
1739715293829 155.72013307241446 428
1739715293833 155.68921485559207 429
1739715293838 155.65830282249325 430
1739715293842 155.62739697187243 431
1739715293847 155.596497302484 432
1739715293852 155.56560381308276 433
1739715293856 155.53471650242372 434
1739715293861 155.5038353692622 435
1739715293865 155.47296041235373 436
1739715293869 155.44209163045403 437
1739715293874 155.4112290223192 438
1739715293879 155.38037258670553 439
1739715293884 155.3495223223695 440
1739715293889 155.31867822806797 441
1739715293898 155.287840302558 442
1739715293903 155.2570085445969 443
1739715293907 155.22618295294222 444
1739715293912 155.1953635263518 445
1739715293916 155.16455026358364 446
1739715293921 155.13374316339613 447
1739715293925 155.10294222454783 448
1739715293930 155.07214744579755 449
1739715293935 155.04135882590444 450
1739715293939 155.01057636362776 451
1739715293943 154.97980005772718 452
1739715293948 154.94902990696244 453
1739715293952 154.9182659100937 454
1739715293956 154.8875080658813 455
1739715293961 154.85675637308586 456
1739715293965 154.82601083046825 457
1739715293970 154.7952714367895 458
1739715293974 154.764538190811 459
1739715293978 154.73381109129448 460
1739715293982 154.7030901370017 461
1739715293987 154.67237532669478 462
1739715293991 154.64166665913612 463
1739715293995 154.61096413308832 464
1739715293999 154.5802677473143 465
1739715294003 154.54957750057716 466
1739715294008 154.51889339164032 467
1739715294012 154.48821541926733 468
1739715294016 154.45754358222217 469
1739715294020 154.42687787926894 470
1739715294024 154.3962183091721 471
1739715294028 154.36556487069618 472
1739715294033 154.33491756260614 473
1739715294037 154.30427638366714 474
1739715294042 154.27364133264462 475
1739715294046 154.24301240830408 476
1739715294050 154.2123896094116 477
1739715294055 154.18177293473323 478
1739715294059 154.15116238303546 479
1739715294063 154.12055795308487 480
1739715294067 154.08995964364843 481
1739715294071 154.05936745349325 482
1739715294076 154.02878138138684 483
1739715294080 153.99820142609673 484
1739715294085 153.96762758639102 485
1739715294089 153.93705986103774 486
1739715294093 153.90649824880535 487
1739715294097 153.87594274846256 488
1739715294102 153.8453933587782 489
1739715294106 153.81485007852154 490
1739715294110 153.78431290646205 491
1739715294114 153.75378184136926 492
1739715294119 153.72325688201323 493
1739715294123 153.69273802716404 494
1739715294127 153.6622252755922 495
1739715294131 153.63171862606833 496
1739715294135 153.60121807736346 497
1739715294140 153.57072362824871 498
1739715294144 153.5402352774955 499
