1739714582710 169.3217676079807 0
1739714582714 137.1109358638492 1
1739714582718 111.09961494500922 2
1739714582723 90.08397074415919 3
1739714582730 73.09653307336431 4
1739714582735 59.358920644947034 5
1739714582740 48.24434765062535 6
1739714582744 39.247762374683965 7
1739714582748 31.961988092003367 8
1739714582752 26.05861366645578 9
1739714582756 21.272660445819398 10
1739714582761 17.390262337516706 11
1739714582766 14.238756695281321 12
1739714582770 11.67870801536555 13
1739714582774 9.597483600159642 14
1739714582778 7.904076829701207 15
1739714582782 6.524934243798938 16
1739714582785 5.400590810499663 17
1739714582790 4.482956206698572 18
1739714582794 3.733125706002783 19
1739714582797 3.1196139399601424 20
1739714582801 2.616929609150542 21
1739714582805 2.2044251455513315 22
1739714582809 1.8653681396800483 23
1739714582813 1.5861916601547612 24
1739714582817 1.3558889004107006 25
1739714582821 1.1655242803067027 26
1739714582825 1.0078385243424384 27
1739714582829 0.8769295862224611 28
1739714582833 0.7679947949571402 29
1739714582838 0.6771224242328894 30
1739714582842 0.6011231661525953 31
1739714582846 0.5373938287389153 32
1739714582851 0.4838070592828345 33
1739714582855 0.4386220915871509 34
1739714582859 0.40041247991554707 35
1739714582864 0.36800756076556157 36
1739714582868 0.3404450115182328 37
1739714582872 0.31693238166962745 38
1739714582876 0.2968158811773039 39
1739714582880 0.27955504037436657 40
1739714582884 0.26470212216978845 41
1739714582888 0.25188538216907175 42
1739714582892 0.24079544583630744 43
1739714582896 0.231174211880607 44
1739714582901 0.22280580414139803 45
1739714582905 0.2155091855755799 46
1739714582910 0.2091321217147745 47
1739714582915 0.20354624055145393 48
1739714582921 0.19864298396200694 49
1739714582927 0.19433028468805272 50
1739714582932 0.1905298343540521 51
1739714582937 0.18717483343512176 52
1739714582942 0.18420813466255426 53
1739714582946 0.18158070800086512 54
1739714582950 0.17925036880385758 55
1739714582954 0.17718072166733434 56
1739714582958 0.17534028133431473 57
1739714582962 0.1737017391720817 58
1739714582966 0.17224134954944692 59
1739714582971 0.17093841515626199 60
1739714582975 0.16977485413452742 61
1739714582979 0.16873483500025202 62
1739714582984 0.1678044678641683 63
1739714582988 0.1669715425176078 64
1739714582992 0.16622530562670168 65
1739714582996 0.16555627064545786 66
1739714583001 0.16495605517473133 67
1739714583005 0.1644172414066754 68
1739714583010 0.16393325604123585 69
1739714583014 0.1634982666735329 70
1739714583019 0.16310709215361938 71
1739714583023 0.16275512483344567 72
1739714583027 0.16243826295635913 73
1739714583031 0.1621528517254711 74
1739714583036 0.16189563181967245 75
1739714583040 0.16166369431862734 76
1739714583045 0.1614544411581334 77
1739714583049 0.1612655503703854 78
1739714583053 0.16109494547489517 79
1739714583057 0.1609407684788285 80
1739714583061 0.16080135602361395 81
1739714583065 0.1606752182803015 82
1739714583069 0.16056102025158916 83
1739714583073 0.16045756518529797 84
1739714583077 0.1603637798438369 85
1739714583081 0.1602787014080647 86
1739714583085 0.16020146582281322 87
1739714583089 0.16013129741607907 88
1739714583093 0.1600674996450906 89
1739714583097 0.16000944684073073 90
1739714583101 0.15995657683754622 91
1739714583105 0.15990838439022118 92
1739714583109 0.15986441528922282 93
1739714583114 0.15982426109861889 94
1739714583118 0.15978755444802586 95
1739714583122 0.15975396481852625 96
1739714583126 0.1597231947691936 97
1739714583130 0.15969497655695458 98
1739714583134 0.15966906910775855 99
1739714583138 0.15964525530173113 100
1739714583142 0.15962333953905788 101
1739714583146 0.15960314555703128 102
1739714583150 0.15958451447184574 103
1739714583154 0.15956730302164143 104
1739714583158 0.15955138198977473 105
1739714583162 0.1595366347895498 106
1739714583166 0.15952295619367232 107
1739714583169 0.15951025119340342 108
1739714583173 0.15949843397402635 109
1739714583177 0.15948742699462165 110
1739714583181 0.15947716016140498 111
1739714583185 0.15946757008501644 112
1739714583189 0.15945859941313348 113
1739714583192 0.1594501962306868 114
1739714583196 0.1594423135207754 115
1739714583200 0.1594349086800474 116
1739714583205 0.1594279430830009 117
1739714583209 0.15942138169021836 118
1739714583213 0.15941519269603627 119
1739714583218 0.1594093472116615 120
1739714583222 0.15940381898010889 121
1739714583225 0.15939858411973049 122
1739714583229 0.15939362089344467 123
1739714583233 0.1593889095010428 124
1739714583237 0.1593844318922477 125
1739714583241 0.15938017159840867 126
1739714583245 0.15937611358096243 127
1739714583249 0.15937224409495665 128
1739714583254 0.15936855056611499 129
1739714583258 0.15936502148007958 130
1739714583263 0.15936164628260172 131
1739714583267 0.15935841528958092 132
1739714583271 0.15935531960595936 133
1739714583276 0.15935235105257883 134
1739714583280 0.1593495021002087 135
1739714583284 0.15934676581001864 136
1739714583288 0.15934413577984916 137
1739714583292 0.1593416060957117 138
1739714583296 0.1593391712879829 139
1739714583300 0.15933682629182638 140
1739714583304 0.1593345664114317 141
1739714583308 0.1593323872876742 142
1739714583312 0.15933028486887238 143
1739714583315 0.1593282553843241 144
1739714583319 0.15932629532034942 145
1739714583324 0.15932440139859536 146
1739714583327 0.1593225705563766 147
1739714583332 0.15932079992885345 148
1739714583336 0.1593190868328648 149
1739714583340 0.159317428752257 150
1739714583344 0.15931582332455987 151
1739714583348 0.15931426832887727 152
1739714583352 0.15931276167487754 153
1739714583356 0.15931130139278035 154
