1739715322365 170.4482913225127 0
1739715322370 170.15329672102285 1
1739715322376 169.82566246414171 2
1739715322381 169.48876465205328 3
1739715322386 169.1496174019348 4
1739715322390 168.81032422925065 5
1739715322394 168.4715150862821 6
1739715322398 168.13337776319338 7
1739715322403 167.7959673774095 8
1739715322407 167.45929923955114 9
1739715322411 167.1233767188085 10
1739715322420 166.78819960421444 11
1739715322424 166.4537666135189 12
1739715322430 166.1200761459938 13
1739715322435 165.78712650831193 14
1739715322440 165.45491598231655 15
1739715322446 165.12344284534893 16
1739715322451 164.79270537633994 17
1739715322456 164.4627018576309 18
1739715322461 164.13343057551182 19
1739715322465 163.80488982037596 20
1739715322470 163.47707788675845 21
1739715322475 163.14999307334045 22
1739715322480 162.82363368294313 23
1739715322484 162.49799802251832 24
1739715322489 162.1730844031384 25
1739715322494 161.8488911399858 26
1739715322499 161.52541655234273 27
1739715322503 161.20265896358052 28
1739715322507 160.88061670114925 29
1739715322512 160.5592880965675 30
1739715322517 160.23867148541157 31
1739715322522 159.91876520730557 32
1739715322527 159.59956760591086 33
1739715322531 159.2810770289157 34
1739715322535 158.9632918280252 35
1739715322540 158.64621035895078 36
1739715322545 158.3298309814003 37
1739715322549 158.01415205906756 38
1739715322554 157.6991719596223 39
1739715322559 157.38488905470007 40
1739715322565 157.0713017198921 41
1739715322570 156.75840833473512 42
1739715322576 156.4462072827016 43
1739715322581 156.13469695118934 44
1739715322586 155.8238757315119 45
1739715322591 155.51374201888817 46
1739715322596 155.2042942124328 47
1739715322601 154.89553071514618 48
1739715322605 154.58744993390448 49
1739715322610 154.2800502794499 50
1739715322614 153.97333016638075 51
1739715322618 153.66728801314164 52
1739715322623 153.36192224201383 53
1739715322627 153.05723127910534 54
1739715322631 152.7532135543413 55
1739715322636 152.44986750145418 56
1739715322641 152.14719155797422 57
1739715322645 151.8451841652197 58
1739715322650 151.54384376828736 59
1739715322654 151.24316881604278 60
1739715322658 150.9431577611109 61
1739715322662 150.64380905986633 62
1739715322666 150.3451211724239 63
1739715322671 150.04709256262927 64
1739715322676 149.7497216980493 65
1739715322680 149.4530070499628 66
1739715322685 149.15694709335088 67
1739715322689 148.8615403068877 68
1739715322694 148.56678517293122 69
1739715322698 148.27268017751362 70
1739715322702 147.9792238103322 71
1739715322706 147.68641456473995 72
1739715322710 147.3942509377364 73
1739715322714 147.1027314299582 74
1739715322718 146.81185454567026 75
1739715322723 146.52161879275613 76
1739715322728 146.2320226827092 77
1739715322732 145.94306473062332 78
1739715322737 145.6547434551838 79
1739715322741 145.3670573786584 80
1739715322745 145.0800050268881 81
1739715322750 144.79358492927813 82
1739715322754 144.50779561878895 83
1739715322758 144.22263563192737 84
1739715322763 143.93810350873736 85
1739715322767 143.65419779279136 86
1739715322771 143.37091703118122 87
1739715322775 143.08825977450923 88
1739715322781 142.80622457687946 89
1739715322785 142.52480999588877 90
1739715322789 142.24401459261802 91
1739715322793 141.9638369316233 92
1739715322798 141.6842755809271 93
1739715322802 141.4053291120097 94
1739715322806 141.12699609980012 95
1739715322810 140.84927512266785 96
1739715322814 140.57216476241388 97
1739715322818 140.29566360426213 98
1739715322823 140.01977023685075 99
1739715322827 139.74448325222366 100
1739715322831 139.4698012458218 101
1739715322835 139.19572281647467 102
1739715322840 138.92224656639175 103
1739715322844 138.649371101154 104
1739715322848 138.37709502970532 105
1739715322852 138.10541696434416 106
1739715322857 137.83433552071497 107
1739715322862 137.5638493177999 108
1739715322866 137.29395697791023 109
1739715322870 137.02465712667814 110
1739715322874 136.7559483930483 111
1739715322879 136.4878294092695 112
1739715322883 136.2202988108863 113
1739715322888 135.95335523673094 114
1739715322892 135.68699732891486 115
1739715322896 135.4212237328204 116
1739715322901 135.15603309709292 117
1739715322905 134.8914240736322 118
1739715322909 134.6273953175845 119
1739715322913 134.3639454873343 120
1739715322918 134.10107324449618 121
1739715322922 133.83877725390676 122
1739715322926 133.57705618361655 123
1739715322930 133.31590870488182 124
1739715322935 133.05533349215673 125
1739715322939 132.79532922308505 126
1739715322943 132.53589457849236 127
1739715322948 132.277028242378 128
1739715322952 132.0187289019071 129
1739715322956 131.76099524740255 130
1739715322960 131.5038259723372 131
1739715322965 131.24721977332592 132
1739715322969 130.9911753501177 133
1739715322973 130.73569140558777 134
1739715322978 130.48076664572983 135
1739715322982 130.22639977964815 136
1739715322986 129.9725895195499 137
1739715322990 129.71933458073715 138
1739715322994 129.4666336815993 139
1739715322999 129.21448554360535 140
1739715323004 128.96288889129605 141
1739715323009 128.71184245227633 142
1739715323013 128.46134495720756 143
1739715323017 128.2113951397999 144
1739715323021 127.96199173680466 145
1739715323026 127.71313348800676 146
1739715323030 127.46481913621705 147
1739715323034 127.21704742726476 148
1739715323038 126.96981710999 149
1739715323042 126.72312693623611 150
1739715323047 126.47697566084227 151
1739715323051 126.23136204163593 152
1739715323055 125.98628483942541 153
1739715323059 125.74174281799233 154
1739715323063 125.49773474408433 155
1739715323067 125.25425938740744 156
1739715323071 125.01131552061898 157
1739715323076 124.76890191931989 158
1739715323080 124.52701736204756 159
1739715323085 124.28566063026845 160
1739715323089 124.04483050837075 161
1739715323094 123.80452578365708 162
1739715323098 123.56474524633727 163
1739715323103 123.32548768952101 164
1739715323108 123.0867519092107 165
1739715323113 122.84853670429418 166
1739715323117 122.61084087653751 167
1739715323122 122.37366323057788 168
1739715323127 122.1370025739163 169
1739715323132 121.9008577169106 170
1739715323136 121.66522747276827 171
1739715323141 121.4301106575392 172
1739715323145 121.19550609010885 173
1739715323149 120.96141259219101 174
1739715323154 120.72782898832075 175
1739715323160 120.49475410584746 176
1739715323165 120.2621867749278 177
1739715323170 120.03012582851872 178
1739715323174 119.79857010237043 179
1739715323178 119.56751843501951 180
1739715323182 119.33696966778194 181
1739715323187 119.10692264474618 182
1739715323191 118.87737621276628 183
1739715323195 118.64832922145496 184
1739715323200 118.41978052317675 185
1739715323205 118.19172897304121 186
1739715323209 117.96417342889599 187
1739715323214 117.73711275132007 188
1739715323218 117.51054580361703 189
1739715323222 117.28447145180812 190
1739715323227 117.05888856462566 191
1739715323232 116.83379601350617 192
1739715323236 116.60919267258375 193
1739715323240 116.38507741868327 194
1739715323245 116.1614491313138 195
1739715323249 115.93830669266181 196
1739715323254 115.71564898758461 197
1739715323258 115.49347490360374 198
1739715323262 115.27178333089816 199
1739715323267 115.05057316229791 200
1739715323271 114.8298432932773 201
1739715323275 114.60959262194854 202
1739715323280 114.389820049055 203
1739715323285 114.17052447796483 204
1739715323289 113.95170481466432 205
1739715323293 113.73335996775155 206
1739715323297 113.51548884842973 207
1739715323302 113.29809037050089 208
1739715323306 113.08116345035931 209
1739715323311 112.86470700698523 210
1739715323315 112.64871996193827 211
1739715323320 112.43320123935115 212
1739715323324 112.21814976592329 213
1739715323328 112.0035644709144 214
1739715323332 111.78944428613815 215
1739715323336 111.57578814595594 216
1739715323340 111.36259498727041 217
1739715323344 111.14986374951923 218
1739715323348 110.93759337466888 219
1739715323352 110.72578280720828 220
1739715323356 110.51443099414257 221
1739715323360 110.30353688498693 222
1739715323365 110.09309943176028 223
1739715323369 109.88311758897922 224
1739715323373 109.67359031365166 225
1739715323378 109.46451656527073 226
1739715323384 109.25589530580875 227
1739715323390 109.04772549971086 228
1739715323394 108.84000611388912 229
1739715323399 108.63273611771628 230
1739715323403 108.42591448301975 231
1739715323408 108.21954018407546 232
1739715323413 108.01361219760183 233
1739715323418 107.80812950275384 234
1739715323427 107.60309108111686 235
1739715323432 107.39849591670065 236
1739715323436 107.1943429959335 237
1739715323441 106.99063130765609 238
1739715323446 106.78735984311561 239
1739715323453 106.58452759595987 240
1739715323458 106.3821335622312 241
1739715323462 106.1801767403607 242
1739715323467 105.97865613116224 243
1739715323471 105.77757073782668 244
1739715323477 105.57691956591586 245
1739715323482 105.37670162335677 246
1739715323487 105.17691592043593 247
1739715323492 104.97756146979319 248
1739715323497 104.77863728641626 249
1739715323502 104.58014238763468 250
1739715323506 104.38207579311427 251
1739715323511 104.18443652485104 252
1739715323515 103.98722360716584 253
1739715323520 103.79043606669826 254
1739715323525 103.59407293240119 255
1739715323529 103.39813323553489 256
1739715323533 103.20261600966147 257
1739715323538 103.00752029063912 258
1739715323542 102.81284511661653 259
1739715323546 102.61858952802713 260
1739715323551 102.42475256758357 261
1739715323556 102.23133328027198 262
1739715323560 102.03833071334657 263
1739715323564 101.84574391632377 264
1739715323574 101.65357194097693 265
1739715323579 101.46181384133051 266
1739715323584 101.27046867365479 267
1739715323589 101.07953549646011 268
1739715323593 100.88901337049148 269
1739715323597 100.69890135872306 270
1739715323601 100.50919852635268 271
1739715323605 100.31990394079625 272
1739715323610 100.13101667168254 273
1739715323615 99.9425357908475 274
1739715323619 99.75446037232896 275
1739715323623 99.5667894923612 276
1739715323628 99.37952222936943 277
1739715323632 99.1926576639646 278
1739715323637 99.00619487893785 279
1739715323641 98.82013295925526 280
1739715323645 98.63447099205243 281
1739715323649 98.44920806662918 282
1739715323654 98.26434327444426 283
1739715323658 98.07987570910997 284
1739715323662 97.89580446638689 285
1739715323667 97.71212864417869 286
1739715323671 97.52884734252672 287
1739715323676 97.34595966360487 288
1739715323680 97.16346471171427 289
1739715323685 96.98136159327808 290
1739715323689 96.79964941683635 291
1739715323695 96.61832729304062 292
1739715323701 96.43739433464903 293
1739715323707 96.25684965652087 294
1739715323711 96.07669237561161 295
1739715323716 95.8969216109677 296
1739715323721 95.7175364837213 297
1739715323726 95.53853611708547 298
1739715323730 95.35991963634874 299
1739715323735 95.18168616887019 300
1739715323739 95.00383484407439 301
1739715323743 94.82636479344623 302
1739715323747 94.64927515052595 303
1739715323752 94.47256505090407 304
1739715323756 94.29623363221633 305
1739715323761 94.12028003413873 306
1739715323765 93.94470339838252 307
1739715323773 93.76950286868917 308
1739715323784 93.59467759082547 309
1739715323789 93.42022671257845 310
1739715323793 93.24614938375052 311
1739715323797 93.07244475615457 312
1739715323802 92.8991119836089 313
1739715323807 92.72615022193247 314
1739715323811 92.55355862893985 315
1739715323819 92.38133636443646 316
1739715323825 92.2094825902136 317
1739715323831 92.0379964700437 318
1739715323837 91.86687716967526 319
1739715323842 91.69612385682831 320
1739715323847 91.52573570118933 321
1739715323853 91.35571187440654 322
1739715323860 91.18605155008512 323
1739715323867 91.01675390378239 324
1739715323872 90.847818113003 325
1739715323876 90.67924335719425 326
1739715323881 90.51102881774128 327
1739715323886 90.34317367796233 328
1739715323890 90.17567712310402 329
1739715323895 90.00853834033664 330
1739715323899 89.84175651874949 331
1739715323905 89.6753308493461 332
1739715323909 89.50926052503958 333
1739715323914 89.34354474064801 334
1739715323919 89.17818269288975 335
1739715323923 89.01317358037872 336
1739715323928 88.84851660361993 337
1739715323933 88.68421096500465 338
1739715323938 88.52025586880609 339
1739715323942 88.35665052117446 340
1739715323947 88.19339413013265 341
1739715323951 88.03048590557157 342
1739715323956 87.8679250592455 343
1739715323960 87.70571080476772 344
1739715323965 87.54384235760584 345
1739715323970 87.38231893507728 346
1739715323975 87.22113975634481 347
1739715323979 87.06030404241207 348
1739715323984 86.89981101611893 349
1739715323989 86.73965990213716 350
1739715323994 86.5798499269659 351
1739715323998 86.42038031892724 352
1739715324003 86.2612503081617 353
1739715324007 86.10245912662386 354
1739715324012 85.94400600807788 355
1739715324016 85.78589018809315 356
1739715324021 85.6281109040399 357
1739715324025 85.4706673950847 358
1739715324030 85.31355890218619 359
1739715324034 85.15678466809065 360
1739715324038 85.00034393732767 361
1739715324042 84.84423595620582 362
1739715324047 84.68845997280825 363
1739715324051 84.53301523698848 364
1739715324055 84.37790100036592 365
1739715324059 84.22311651632178 366
1739715324063 84.06866103999454 367
1739715324068 83.91453382827592 368
1739715324072 83.76073413980639 369
1739715324076 83.60726123497105 370
1739715324080 83.45411437589532 371
1739715324084 83.30129282644073 372
1739715324088 83.14879585220072 373
1739715324092 82.99662272049629 374
1739715324096 82.84477270037203 375
1739715324101 82.69324506259167 376
1739715324105 82.54203907963411 377
1739715324110 82.39115402568909 378
1739715324114 82.2405891766531 379
1739715324118 82.09034381012529 380
1739715324122 81.94041720540318 381
1739715324126 81.79080864347863 382
1739715324133 81.64151740703369 383
1739715324139 81.49254278043654 384
1739715324144 81.34388404973733 385
1739715324149 81.19554050266407 386
1739715324154 81.04751142861865 387
1739715324159 80.89979611867264 388
1739715324164 80.75239386556342 389
1739715324169 80.60530396368988 390
1739715324174 80.4585257091086 391
1739715324178 80.31205839952975 392
1739715324183 80.165901334313 393
1739715324188 80.02005381446364 394
1739715324194 79.87451514262851 395
1739715324199 79.72928462309198 396
1739715324203 79.58436156177206 397
1739715324208 79.43974526621633 398
1739715324213 79.29543504559817 399
1739715324217 79.15143021071252 400
1739715324222 79.00773007397221 401
1739715324226 78.86433394940393 402
1739715324231 78.72124115264425 403
1739715324235 78.5784510009359 404
1739715324240 78.4359628131236 405
1739715324244 78.29377590965042 406
1739715324248 78.15188961255379 407
1739715324253 78.01030324546161 408
1739715324257 77.86901613358847 409
1739715324261 77.72802760373173 410
1739715324265 77.5873369842678 411
1739715324270 77.44694360514805 412
1739715324274 77.3068467978953 413
1739715324278 77.16704589559986 414
1739715324282 77.02754023291571 415
1739715324286 76.88832914605675 416
1739715324291 76.74941197279303 417
1739715324296 76.6107880524469 418
1739715324300 76.4724567258894 419
1739715324305 76.33441733553637 420
1739715324310 76.19666922534473 421
1739715324314 76.05921174080886 422
1739715324318 75.92204422895662 423
1739715324323 75.78516603834595 424
1739715324329 75.64857651906095 425
1739715324334 75.51227502270828 426
1739715324339 75.37626090241335 427
1739715324345 75.2405335128169 428
1739715324350 75.105092210071 429
1739715324355 74.96993635183564 430
1739715324359 74.835065297275 431
1739715324364 74.70047840705377 432
1739715324368 74.56617504333353 433
1739715324373 74.43215456976924 434
1739715324377 74.29841635150547 435
1739715324382 74.16495975517283 436
1739715324386 74.0317841488845 437
1739715324391 73.89888890223249 438
1739715324396 73.76627338628411 439
1739715324400 73.63393697357849 440
1739715324404 73.50187903812284 441
1739715324409 73.37009895538908 442
1739715324413 73.23859610231021 443
1739715324418 73.10736985727677 444
1739715324422 72.97641960013335 445
1739715324431 72.84574471217506 446
1739715324435 72.71534457614402 447
1739715324440 72.5852185762259 448
1739715324444 72.45536609804635 449
1739715324448 72.3257865286676 450
1739715324453 72.19647925658495 451
1739715324458 72.06744367172328 452
1739715324462 71.93867916543373 453
1739715324466 71.81018513049005 454
1739715324471 71.68196096108531 455
1739715324476 71.55400605282847 456
1739715324481 71.42631980274085 457
1739715324485 71.29890160925285 458
1739715324489 71.17175087220046 459
1739715324494 71.04486699282191 460
1739715324498 70.91824937375426 461
1739715324503 70.79189741903008 462
1739715324507 70.66581053407396 463
1739715324511 70.53998812569925 464
1739715324515 70.41442960210472 465
1739715324521 70.28913437287116 466
1739715324525 70.16410184895803 467
1739715324529 70.03933144270023 468
1739715324534 69.9148225678047 469
1739715324539 69.79057463934713 470
1739715324543 69.66658707376862 471
1739715324547 69.5428592888725 472
1739715324552 69.41939070382092 473
1739715324557 69.29618073913164 474
1739715324561 69.17322881667477 475
1739715324566 69.05053435966944 476
1739715324570 68.92809679268063 477
1739715324575 68.80591554161587 478
1739715324579 68.68399003372201 479
1739715324583 68.56231969758207 480
1739715324587 68.44090396311188 481
1739715324591 68.31974226155697 482
1739715324595 68.19883402548936 483
1739715324599 68.07817868880431 484
1739715324604 67.9577756867172 485
1739715324608 67.83762445576026 486
1739715324612 67.71772443377951 487
1739715324616 67.59807505993153 488
1739715324620 67.47867577468027 489
1739715324625 67.359526019794 490
1739715324629 67.24062523834208 491
1739715324633 67.12197287469185 492
1739715324637 67.00356837450553 493
1739715324642 66.88541118473712 494
1739715324646 66.76750075362922 495
1739715324650 66.64983653070998 496
1739715324655 66.53241796678998 497
1739715324659 66.41524451395915 498
1739715324663 66.29831562558375 499
