1739714630795 169.5236607181885 0
1739714630802 166.15546717790698 1
1739714630821 162.85515986929795 2
1739714630830 159.62133709546683 3
1739714630836 156.45262758890394 4
1739714630840 153.34768978308384 5
1739714630844 150.3052111044766 6
1739714630849 147.32390728427967 7
1739714630853 144.40252168920657 8
1739714630857 141.5398246706966 9
1739714630861 138.73461293193247 10
1739714630865 135.98570891207837 11
1739714630869 133.2919601871728 12
1739714630874 130.652238887134 13
1739714630879 128.06544112835473 14
1739714630882 125.53048646138515 15
1739714630887 123.04631733322033 16
1739714630892 120.61189856372839 17
1739714630896 118.22621683577208 18
1739714630901 115.888280198594 19
1739714630907 113.59711758405136 20
1739714630911 111.35177833530189 21
1739714630916 109.15133174755748 22
1739714630921 106.99486662053573 23
1739714630928 104.88149082225368 24
1739714630938 102.81033086382085 25
1739714630944 100.780531484901 26
1739714630949 98.79125524952426 27
1739714630953 96.84168215194232 28
1739714630956 94.93100923223106 29
1739714630960 93.05845020135445 30
1739714630964 91.22323507541468 31
1739714630969 89.4246098188226 32
1739714630973 87.6618359961318 33
1739714630977 85.93419043228897 34
1739714630981 84.24096488106115 35
1739714630985 82.58146570140929 36
1739714630992 80.95501354158498 37
1739714630997 79.36094303073487 38
1739714631001 77.79860247780455 39
1739714631006 76.26735357754097 40
1739714631010 74.7665711233985 41
1739714631016 73.29564272716071 42
1739714631020 71.85396854509597 43
1739714631024 70.44096101047099 44
1739714631028 69.05604457225165 45
1739714631032 67.6986554398271 46
1739714631037 66.36824133359669 47
1739714631041 65.06426124126614 48
1739714631045 63.786185179703104 49
1739714631049 62.533493962207146 50
1739714631053 61.3056789710542 51
1739714631058 60.10224193517939 52
1739714631062 58.922694712866296 53
1739714631067 57.76655907931549 54
1739714631071 56.63336651896787 55
1739714631076 55.522658022463304 56
1739714631080 54.4339838881178 57
1739714631084 53.36690352780639 58
1739714631088 52.320985277142036 59
1739714631093 51.29580620984427 60
1739714631097 50.29095195619426 61
1739714631101 49.3060165254761 62
1739714631105 48.34060213230687 63
1739714631110 47.39431902676125 64
1739714631115 46.466785328198405 65
1739714631119 45.55762686270234 66
1739714631123 44.66647700404884 67
1739714631127 43.7929765181147 68
1739714631131 42.93677341064752 69
1739714631135 42.09752277831623 70
1739714631139 41.27488666296517 71
1739714631143 40.468533908996065 72
1739714631147 39.67814002380512 73
1739714631151 38.903387041203494 74
1739714631155 38.143963387752194 75
1739714631158 37.39956375194358 76
1739714631162 36.66988895616422 77
1739714631166 35.95464583137469 78
1739714631170 35.253547094444315 79
1739714631174 34.56631122808034 80
1739714631178 33.89266236329226 81
1739714631182 33.232330164333874 82
1739714631186 32.58504971606708 83
1739714631190 31.950561413692878 84
1739714631194 31.328610854796253 85
1739714631197 30.718948733653153 86
1739714631201 30.12133073774913 87
1739714631205 29.535517446460197 88
1739714631209 28.96127423184812 89
1739714631213 28.39837116152305 90
1739714631217 27.846582903527988 91
1739714631221 27.30568863320064 92
1739714631225 26.77547194196884 93
1739714631229 26.25572074803762 94
1739714631234 25.746227208926296 95
1739714631238 25.246787635815217 96
1739714631243 24.757202409662906 97
1739714631247 24.277275899055105 98
1739714631251 23.806816379748277 99
1739714631256 23.345635955870733 100
1739714631260 22.893550482745994 101
1739714631264 22.450379491303053 102
1739714631268 22.0159461140399 103
1739714631271 21.59007701250659 104
1739714631275 21.172602306275685 105
1739714631280 20.763355503368153 106
1739714631283 20.362173432103667 107
1739714631288 19.968896174345147 108
1739714631292 19.583367000107884 109
1739714631296 19.20543230350418 110
1739714631300 18.83494153999554 111
1739714631304 18.47174716492448 112
1739714631308 18.11570457329912 113
1739714631312 17.766672040804252 114
1739714631317 17.42451066601286 115
1739714631321 17.089084313773157 116
1739714631325 16.76025955974626 117
1739714631329 16.43790563607062 118
1739714631333 16.12189437812943 119
1739714631337 15.81210017239822 120
1739714631341 15.508399905349942 121
1739714631345 15.210672913395575 122
1739714631350 14.918800933838751 123
1739714631354 14.632668056823247 124
1739714631358 14.352160678252915 125
1739714631362 14.077167453663654 126
1739714631366 13.807579253027944 127
1739714631370 13.543289116472462 128
1739714631374 13.284192210890211 129
1739714631378 13.030185787428223 130
1739714631382 12.781169139833358 131
1739714631386 12.53704356363807 132
1739714631389 12.297712316169083 133
1739714631393 12.063080577362038 134
1739714631397 11.833055411365518 135
1739714631401 11.60754572891824 136
1739714631405 11.386462250483683 137
1739714631409 11.169717470126438 138
1739714631413 10.957225620115326 139
1739714631417 10.748902636238233 140
1739714631422 10.544666123814212 141
1739714631426 10.34443532438862 142
1739714631430 10.148131083097326 143
1739714631434 9.955675816686334 144
1739714631438 9.766993482173547 145
1739714631442 9.582009546139428 146
1739714631446 9.400650954633969 147
1739714631450 9.22284610368735 148
1739714631454 9.048524810411905 149
1739714631458 8.8776182846836 150
1739714631462 8.71005910139108 151
1739714631465 8.545781173240885 152
1739714631470 8.384719724107464 153
1739714631475 8.226811262917074 154
1739714631479 8.071993558054617 155
1739714631484 7.920205612282893 156
1739714631487 7.771387638163913 157
1739714631491 7.625481033972133 158
1739714631495 7.482428360089563 159
1739714631499 7.342173315873161 160
1739714631503 7.204660716984855 161
1739714631507 7.0698364731749415 162
1739714631511 6.937647566509623 163
1739714631516 6.808042030033828 164
1739714631520 6.680968926860464 165
1739714631524 6.556378329677534 166
1739714631528 6.434221300664661 167
1739714631532 6.31444987181093 168
1739714631535 6.1970170256256685 169
1739714631539 6.081876676234622 170
1739714631543 5.9689836508534775 171
1739714631547 5.858293671631257 172
1739714631551 5.749763337856258 173
1739714631555 5.643350108517005 174
1739714631559 5.5390122852113155 175
1739714631563 5.436708995396331 176
1739714631567 5.336400175972793 177
1739714631570 5.238046557196694 178
1739714631575 5.141609646911953 179
1739714631578 5.047051715097443 180
1739714631582 4.954335778722213 181
1739714631586 4.863425586902675 182
1739714631590 4.774285606355779 183
1739714631595 4.68688100714202 184
1739714631599 4.601177648692808 185
1739714631603 4.517142066116185 186
1739714631608 4.434741456775533 187
1739714631612 4.353943667135654 188
1739714631616 4.274717179870992 189
1739714631620 4.197031101230687 190
1739714631624 4.120855148655305 191
1739714631628 4.046159638640229 192
1739714631632 3.9729154748408515 193
1739714631636 3.901094136414563 194
1739714631640 3.830667666594951 195
1739714631643 3.7616086614935225 196
1739714631647 3.693890259124349 197
1739714631652 3.627486128647284 198
1739714631656 3.562370459825257 199
1739714631660 3.4985179526914787 200
1739714631664 3.4359038074223007 201
1739714631668 3.374503714411609 202
1739714631672 3.3142938445428354 203
1739714631676 3.2552508396544715 204
1739714631681 3.197351803195349 205
1739714631685 3.140574291065847 206
1739714631689 3.0848963026413494 207
1739714631694 3.0302962719742617 208
1739714631697 2.976753059171059 209
1739714631701 2.9242459419408813 210
1739714631705 2.872754607312223 211
1739714631709 2.8222591435143647 212
1739714631713 2.7727400320203253 213
1739714631717 2.7241781397479743 214
1739714631721 2.6765547114163413 215
1739714631726 2.6298513620538397 216
1739714631730 2.5840500696554862 217
1739714631734 2.539133167986123 218
1739714631738 2.495083339526735 219
1739714631742 2.4518836085609736 220
1739714631746 2.4095173343991485 221
1739714631750 2.367968204736881 222
1739714631754 2.3272202291458304 223
1739714631758 2.2872577326937416 224
1739714631764 2.248065349691329 225
1739714631769 2.209628017563465 226
1739714631773 2.171930970842117 227
1739714631778 2.134959735278691 228
1739714631782 2.0987001220733905 229
1739714631787 2.063138222219206 230
1739714631791 2.0282604009583145 231
1739714631795 1.9940532923486118 232
1739714631799 1.960503793938216 233
1739714631803 1.9275990615457614 234
1739714631807 1.895326504144361 235
1739714631811 1.863673778847267 236
1739714631816 1.8326287859930626 237
1739714631820 1.8021796643285548 238
1739714631824 1.7723147862872712 239
1739714631829 1.7430227533617921 240
1739714631833 1.714292391567971 241
1739714631837 1.686112746999237 242
1739714631841 1.6584730814691866 243
1739714631846 1.6313628682407038 244
1739714631851 1.6047717878398848 245
1739714631855 1.5786897239531055 246
1739714631859 1.5531067594055128 247
1739714631863 1.5280131722194246 248
1739714631867 1.5033994317509267 249
1739714631871 1.479256194903213 250
1739714631876 1.4555743024150614 251
1739714631880 1.43234477522303 252
1739714631883 1.409558810895844 253
1739714631887 1.3872077801395553 254
1739714631891 1.3652832233720924 255
1739714631895 1.343776847365769 256
1739714631899 1.3226805219564648 257
1739714631903 1.3019862768180772 258
1739714631908 1.281686298301042 259
1739714631913 1.2617729263335236 260
1739714631920 1.24223865138417 261
1739714631927 1.2230761114850726 262
1739714631937 1.2042780893138525 263
1739714631941 1.1858375093335878 264
1739714631945 1.167747434989547 265
1739714631949 1.1500010659614883 266
1739714631952 1.1325917354704966 267
1739714631956 1.1155129076392387 268
1739714631960 1.098758174904595 269
1739714631964 1.082321255481597 270
1739714631968 1.0661959908776917 271
1739714631972 1.050376343456292 272
1739714631975 1.0348563940486541 273
1739714631979 1.0196303396131383 274
1739714631983 1.0046924909408572 275
1739714631987 0.9900372704068552 276
1739714631995 0.9756592097658772 277
1739714632000 0.9615529479918258 278
1739714632004 0.9477132291600816 279
1739714632009 0.9341349003718115 280
1739714632013 0.9208129097194182 281
1739714632018 0.9077423042923358 282
1739714632022 0.8949182282223657 283
1739714632026 0.8823359207677446 284
1739714632030 0.8699907144352204 285
1739714632034 0.8578780331393251 286
1739714632038 0.8459933903981577 287
1739714632042 0.8343323875649015 288
1739714632046 0.8228907120944252 289
1739714632050 0.8116641358442079 290
1739714632054 0.8006485134089509 291
1739714632058 0.7898397804882009 292
1739714632063 0.7792339522862918 293
1739714632067 0.7688271219440275 294
1739714632071 0.7586154590014098 295
1739714632075 0.7485952078908429 296
1739714632079 0.7387626864601798 297
1739714632083 0.729114284525041 298
1739714632087 0.7196464624497941 299
1739714632090 0.7103557497566634 300
1739714632094 0.7012387437623723 301
1739714632098 0.6922921082418104 302
1739714632102 0.6835125721181434 303
1739714632106 0.6748969281788847 304
1739714632110 0.6664420318173845 305
1739714632114 0.6581447997992517 306
1739714632118 0.6500022090531882 307
1739714632122 0.6420112954857771 308
1739714632127 0.6341691528197365 309
1739714632131 0.6264729314551656 310
1739714632135 0.6189198373533532 311
1739714632139 0.6115071309426604 312
1739714632143 0.6042321260460828 313
1739714632147 0.5970921888300285 314
1739714632151 0.5900847367739056 315
1739714632156 0.5832072376601104 316
1739714632160 0.5764572085839965 317
1739714632163 0.5698322149834325 318
1739714632167 0.5633298696875821 319
1739714632171 0.5569478319844859 320
1739714632175 0.5506838067071066 321
1739714632179 0.5445355433374525 322
1739714632183 0.5385008351284161 323
1739714632187 0.5325775182430045 324
1739714632190 0.5267634709105767 325
1739714632194 0.5210566125997849 326
1739714632198 0.5154549032078616 327
1739714632202 0.5099563422659693 328
1739714632206 0.5045589681602209 329
1739714632210 0.499260857368135 330
1739714632213 0.4940601237101942 331
1739714632217 0.48895491761618337 332
1739714632222 0.48394342540603746 333
1739714632225 0.4790238685849155 334
1739714632229 0.47419450315220496 335
1739714632233 0.46945361892418863 336
1739714632237 0.4647995388700905 337
1739714632241 0.46023061846125013 338
1739714632245 0.45574524503316693 339
1739714632249 0.45134183716014226 340
1739714632252 0.4470188440422727 341
1739714632256 0.4427747449045806 342
1739714632260 0.4386080484079831 343
1739714632264 0.4345172920719267 344
1739714632268 0.43050104170840897 345
1739714632271 0.42655789086719204 346
1739714632275 0.4226864602919635 347
1739714632279 0.4188853973872529 348
1739714632283 0.415153375695855 349
1739714632287 0.4114890943865913 350
1739714632291 0.40789127775217665 351
1739714632295 0.4043586747170073 352
1739714632299 0.4008900583546521 353
1739714632303 0.39748422541488426 354
1739714632308 0.3941399958600424 355
1739714632312 0.3908562124105425 356
1739714632316 0.38763174009936013 357
1739714632320 0.3844654658353044 358
1739714632324 0.3813562979749136 359
1739714632328 0.37830316590278884 360
1739714632332 0.375305019620216 361
1739714632336 0.3723608293419041 362
1739714632339 0.3694695851006613 363
1739714632343 0.3666302963598987 364
1739714632347 0.36384199163374525 365
1739714632351 0.36110371811467823 366
1739714632355 0.358414541308473 367
1739714632359 0.35577354467637895 368
1739714632363 0.3531798292843257 369
1739714632367 0.3506325134590539 370
1739714632370 0.3481307324510235 371
1739714632375 0.34567363810396917 372
1739714632379 0.3432603985309617 373
1739714632383 0.3408901977968606 374
1739714632387 0.33856223560701226 375
1739714632392 0.3362757270020936 376
1739714632396 0.3340299020589599 377
1739714632400 0.3318240055973853 378
1739714632404 0.32965729689258216 379
1739714632408 0.3275290493933824 380
1739714632412 0.3254385504459686 381
1739714632416 0.3233851010230331 382
1739714632420 0.3213680154582886 383
1739714632424 0.3193866211861937 384
1739714632429 0.317440258486796 385
1739714632433 0.31552828023561835 386
1739714632437 0.3136500516584386 387
1739714632442 0.31180495009091713 388
1739714632446 0.3099923647429376 389
1739714632450 0.30821169646760305 390
1739714632454 0.3064623575347524 391
1739714632458 0.3047437714089519 392
1739714632461 0.30305537253183457 393
1739714632465 0.30139660610873764 394
1739714632469 0.299766927899518 395
1739714632473 0.29816580401349424 396
1739714632477 0.2965927107084077 397
1739714632482 0.2950471341933402 398
1739714632486 0.2935285704355096 399
1739714632490 0.2920365249708466 400
1739714632494 0.29057051271831236 401
1739714632498 0.28913005779784373 402
1739714632502 0.2877146933518945 403
1739714632507 0.2863239613704622 404
1739714632511 0.28495741251956774 405
1739714632515 0.28361460597308363 406
1739714632519 0.282295109247887 407
1739714632523 0.2809984980422238 408
1739714632527 0.2797243560772654 409
1739714632531 0.27847227494176313 410
1739714632536 0.27724185393974976 411
1739714632539 0.27603269994123947 412
1739714632543 0.2748444272358402 413
1739714632548 0.2736766573892549 414
1739714632552 0.2725290191025812 415
1739714632556 0.27140114807437865 416
1739714632560 0.2702926868654373 417
1739714632564 0.2692032847661934 418
1739714632568 0.2681325976667534 419
1739714632571 0.2670802879294515 420
1739714632575 0.2660460242639122 421
1739714632579 0.26502948160456313 422
1739714632584 0.26403034099053563 423
1739714632588 0.263048289447929 424
1739714632592 0.2620830198743694 425
1739714632596 0.26113423092583904 426
1739714632600 0.26020162690571397 427
1739714632604 0.2592849176559705 428
1739714632608 0.2583838184505303 429
1739714632612 0.2574980498906815 430
1739714632616 0.2566273378025545 431
1739714632620 0.25577141313659263 432
1739714632625 0.25493001186900005 433
1739714632629 0.2541028749051076 434
1739714632634 0.25328974798462717 435
1739714632639 0.25249038158876674 436
1739714632643 0.2517045308491506 437
1739714632647 0.25093195545852265 438
1739714632651 0.2501724195831982 439
1739714632655 0.2494256917772143 440
1739714632659 0.24869154489816894 441
1739714632663 0.24796975602469448 442
1739714632667 0.24726010637554618 443
1739714632671 0.2465623812302683 444
1739714632675 0.24587636985140554 445
1739714632679 0.24520186540824007 446
1739714632684 0.24453866490200307 447
1739714632688 0.24388656909255654 448
1739714632692 0.2432453824264985 449
1739714632696 0.24261491296667134 450
1739714632701 0.24199497232304076 451
1739714632705 0.2413853755849258 452
1739714632708 0.24078594125454672 453
1739714632713 0.2401964911818698 454
1739714632717 0.23961685050071224 455
1739714632720 0.23904684756610106 456
1739714632724 0.23848631389284922 457
1739714632729 0.2379350840953193 458
1739714632733 0.23739299582836967 459
1739714632737 0.2368598897294424 460
1739714632741 0.23633560936177828 461
1739714632745 0.23582000115873522 462
1739714632749 0.23531291436919602 463
1739714632753 0.23481420100402653 464
1739714632757 0.23432371578357886 465
1739714632762 0.23384131608621733 466
1739714632766 0.23336686189783745 467
1739714632770 0.23290021576237263 468
1739714632774 0.23244124273325298 469
1739714632778 0.23198981032581192 470
1739714632782 0.23154578847061688 471
1739714632787 0.23110904946770108 472
1739714632791 0.23067946794168265 473
1739714632795 0.23025692079776056 474
1739714632799 0.2298412871785535 475
1739714632803 0.22943244842178506 476
1739714632807 0.2290302880187791 477
1739714632811 0.22863469157376623 478
1739714632815 0.22824554676397762 479
1739714632820 0.22786274330050307 480
1739714632824 0.22748617288991727 481
1739714632828 0.22711572919664139 482
1739714632832 0.22675130780603717 483
1739714632836 0.2263928061882091 484
1739714632841 0.22604012366251225 485
1739714632845 0.22569316136274223 486
1739714632849 0.22535182220299754 487
1739714632853 0.22501601084420336 488
1739714632857 0.22468563366128017 489
1739714632861 0.22436059871094705 490
1739714632865 0.22404081570014403 491
1739714632869 0.2237261959550685 492
1739714632873 0.2234166523908018 493
1739714632877 0.22311209948152758 494
1739714632880 0.22281245323132037 495
1739714632884 0.22251763114549997 496
1739714632888 0.2222275522025339 497
1739714632892 0.2219421368264835 498
1739714632896 0.22166130685997976 499
