1739716375081 40.63261927813619 0
1739716375087 9.720298171984995 1
1739716375093 2.2935288533363676 2
1739716375099 0.7339440713752745 3
1739716375104 0.32474361773927357 4
1739716375109 0.16268199234573466 5
1739716375114 0.14143644648266293 6
1739716375119 0.15120106110071463 7
1739716375124 0.09976349418205491 8
1739716375129 0.1294055902772649 9
1739716375134 0.1199591523229852 10
1739716375139 0.11917281438908746 11
1739716375144 0.1481709730675575 12
1739716375149 0.16034607968272468 13
1739716375155 0.08310932889224261 14
1739716375161 0.09174806507505369 15
1739716375166 0.11061098099440791 16
1739716375172 0.10720722555466608 17
1739716375177 0.11952604898567677 18
1739716375184 0.13704890049752466 19
1739716375190 0.14760864449406466 20
1739716375195 0.09093416409823288 21
1739716375201 0.12393757719215016 22
1739716375205 0.13700910225208457 23
1739716375210 0.1322978910139509 24
1739716375215 0.12590839030126746 25
1739716375220 0.10654403661986662 26
1739716375225 0.11549273989901651 27
1739716375230 0.11311357823451462 28
1739716375237 0.12903321992628144 29
1739716375244 0.09397581149818082 30
1739716375249 0.11627641549881619 31
1739716375254 0.3253664304838124 32
1739716375260 0.11538757077142187 33
1739716375265 0.1165493189946664 34
1739716375270 0.20990985193633693 35
1739716375275 0.16491871903017383 36
1739716375282 0.15973822527304907 37
1739716375288 0.13993866510506398 38
1739716375294 0.1852660282677146 39
1739716375299 0.207178204243851 40
1739716375304 0.18161639449540348 41
1739716375309 0.09340829950776777 42
1739716375313 0.18718534476111504 43
1739716375319 0.12164418102771338 44
1739716375323 0.16723265195598655 45
1739716375328 0.11857946086077191 46
1739716375333 0.1302128346835511 47
1739716375338 0.09667842356335642 48
1739716375343 0.1452326084777078 49
1739716375348 0.1439941497270844 50
1739716375353 0.1396959423675146 51
1739716375358 0.18375141200693798 52
1739716375364 0.0890478310804161 53
1739716375369 0.219349013272719 54
1739716375374 0.11213907617670246 55
1739716375379 0.1039282825937143 56
1739716375384 0.15309792983072745 57
1739716375389 0.12401887522814393 58
1739716375393 0.12633539725703455 59
1739716375398 0.13696285877914138 60
1739716375403 0.1433932495356305 61
1739716375408 0.19576305628976295 62
1739716375413 0.10948880940933173 63
1739716375417 0.09718675241216292 64
1739716375422 0.16242440652417747 65
1739716375427 0.07916027711349714 66
1739716375432 0.1053910685912737 67
1739716375437 0.18448166474746372 68
1739716375442 0.2371856935656739 69
1739716375447 0.133100828813783 70
1739716375451 0.18666178920325086 71
1739716375456 0.09891268598194793 72
1739716375460 0.1609460778506116 73
1739716375465 0.13595309938233544 74
1739716375470 0.10957379300470882 75
1739716375475 0.13783734780004156 76
1739716375480 0.08746981371210166 77
1739716375485 0.12330996838193306 78
1739716375490 0.13306687478394658 79
1739716375495 0.12640713531270115 80
1739716375499 0.15421467009476636 81
1739716375504 0.16180929310518524 82
1739716375509 0.12918231601703226 83
1739716375514 0.1325693657307901 84
1739716375519 0.10173484760736899 85
1739716375524 0.1068372157209098 86
1739716375529 0.0941082514025312 87
1739716375534 0.12745663315762315 88
1739716375539 0.13113748527017705 89
1739716375544 0.10480784304729346 90
1739716375549 0.10588347977912227 91
1739716375554 0.1212292631417313 92
1739716375558 0.0938290632955151 93
1739716375563 0.1706053042488445 94
1739716375568 0.09598927462784444 95
1739716375573 0.1086969029986095 96
1739716375577 0.1614524528070997 97
1739716375582 0.1133623675650461 98
1739716375587 0.10587512905239152 99
1739716375603 0.17587877707482116 100
1739716375627 0.10237787855604887 101
1739716375641 0.07830126847374833 102
1739716375650 0.15404094605297872 103
1739716375656 0.11660226527100356 104
1739716375661 0.12912069450389166 105
1739716375666 0.11685298184662321 106
1739716375671 0.09607770594876655 107
1739716375675 0.10053979546370806 108
1739716375680 0.08976386112712484 109
1739716375686 0.1317394779930876 110
1739716375691 0.095398231542207 111
1739716375696 0.0775742411821665 112
1739716375701 0.16304788916345714 113
1739716375706 0.17028513466848177 114
1739716375711 0.11769838754399246 115
1739716375716 0.15273872908744687 116
1739716375720 0.16589384926653802 117
1739716375725 0.13336242193746498 118
1739716375730 0.1744729868005624 119
1739716375734 0.1767827197712459 120
1739716375739 0.11191389492475681 121
1739716375744 0.08728040528606862 122
1739716375749 0.14645880259123936 123
1739716375754 0.10054271942794084 124
1739716375759 0.0944831643301996 125
1739716375764 0.11257711639617832 126
1739716375769 0.1303361189205777 127
1739716375773 0.0934944490569373 128
1739716375778 0.12952197883585342 129
1739716375783 0.1035000379613798 130
1739716375787 0.12974093507666573 131
1739716375792 0.13424092070966012 132
1739716375797 0.33236513735801926 133
1739716375802 0.09806983645434147 134
1739716375807 0.1485196834594849 135
1739716375812 0.17631313476695346 136
1739716375817 0.09455731719496002 137
1739716375822 0.08436441422719347 138
1739716375829 0.13378628844030144 139
1739716375834 0.09866663301668613 140
1739716375839 0.14131539252011918 141
1739716375843 0.10293108450927421 142
1739716375848 0.1979117070552812 143
1739716375853 0.08666318227100867 144
1739716375857 0.10882766015131365 145
1739716375862 0.12918423587331895 146
1739716375867 0.13228556691922766 147
1739716375872 0.20744039697896058 148
1739716375878 0.1015231910141893 149
1739716375883 0.13475878702004077 150
1739716375888 0.11635649637078582 151
1739716375893 0.14163297026600838 152
1739716375898 0.1892801312255127 153
1739716375903 0.12382057609631812 154
1739716375908 0.13759587851016497 155
1739716375913 0.12230110093406762 156
1739716375918 0.1016914595677476 157
1739716375924 0.12915211567535848 158
1739716375929 0.12040298273153847 159
1739716375935 0.15983502483705306 160
1739716375941 0.098864465993355 161
1739716375947 0.08066899856648219 162
1739716375952 0.08452453048239927 163
1739716375957 0.17252866539707776 164
1739716375962 0.13763205887265764 165
1739716375967 0.13121708413982694 166
1739716375973 0.17605058622395348 167
1739716375978 0.12476292619851584 168
1739716375983 0.1103192620559676 169
1739716375989 0.11176109224902535 170
1739716375994 0.1716867323980841 171
1739716375999 0.1343480016509214 172
1739716376005 0.06305383404103916 173
1739716376010 0.11047947919420008 174
1739716376015 0.12490784029483408 175
1739716376020 0.1579910478457762 176
1739716376025 0.14382109907886165 177
1739716376030 0.1296367836225518 178
1739716376035 0.13523701025978802 179
1739716376040 0.12476338137198849 180
1739716376045 0.14310219317796183 181
1739716376050 0.10391391471184615 182
1739716376056 0.08238029827133904 183
1739716376061 0.10291820344317865 184
1739716376065 0.1913255471775777 185
1739716376070 0.12122696911268932 186
1739716376075 0.12994236216237862 187
1739716376080 0.14313742989286354 188
1739716376085 0.1422338960094376 189
1739716376091 0.15403225581709287 190
1739716376096 0.10750102272147241 191
1739716376101 0.14651136367396564 192
1739716376106 0.15973656349435147 193
1739716376111 0.12089075760826612 194
1739716376116 0.10045144045793865 195
1739716376120 0.11736489951849223 196
1739716376125 0.1048799438531652 197
1739716376130 0.13400680093899292 198
1739716376135 0.09361795340072701 199
1739716376139 0.1275705929108292 200
1739716376144 0.18512100989704172 201
1739716376149 0.11671230068924644 202
1739716376154 0.18568861965288375 203
1739716376159 0.12789969904267406 204
1739716376163 0.10706466095445785 205
1739716376168 0.14173952844119783 206
1739716376173 0.09943723423800715 207
1739716376178 0.1591636306242985 208
1739716376183 0.09240103836888604 209
1739716376188 0.08654710723474135 210
1739716376192 0.16051087337865 211
1739716376197 0.11624004552831443 212
1739716376202 0.18246987427630404 213
1739716376207 0.20349644572579964 214
1739716376212 0.0770681214151323 215
1739716376217 0.18164230826773842 216
1739716376222 0.1357816696963081 217
1739716376227 0.14040723882006836 218
1739716376232 0.101036822930272 219
1739716376237 0.07594327857862679 220
1739716376241 0.11887353656911281 221
1739716376247 0.11404347859939905 222
1739716376256 0.10441622893876602 223
1739716376267 0.1401934259506686 224
1739716376272 0.14671551443151118 225
1739716376278 0.172991991545926 226
1739716376286 0.10589991479692591 227
1739716376293 0.1490812050862184 228
1739716376301 0.1136935500086904 229
1739716376306 0.2972419328323852 230
1739716376312 0.12324566562596517 231
1739716376318 0.10373931890576508 232
1739716376323 0.15955269188492735 233
1739716376328 0.1442178593199691 234
1739716376336 0.15310984011522366 235
1739716376345 0.1287395346968508 236
1739716376352 0.11386817199584506 237
1739716376358 0.12539838813920876 238
1739716376363 0.12589388379160116 239
1739716376368 0.15090410649685942 240
1739716376373 0.08971253045709307 241
1739716376378 0.18028924512528058 242
1739716376382 0.09481696488707472 243
1739716376387 0.14404231430350958 244
1739716376392 0.14416375289590314 245
1739716376398 0.15111786287936732 246
1739716376403 0.1314291837056874 247
1739716376408 0.11410424272654886 248
1739716376413 0.13227078590520774 249
1739716376418 0.31062950576814374 250
1739716376423 0.10602883825850964 251
1739716376428 0.16371471471322915 252
1739716376433 0.15070099542322668 253
1739716376438 0.14530561437141118 254
1739716376443 0.14031406149841394 255
1739716376448 0.11369717668642211 256
1739716376454 0.1937201996319173 257
1739716376458 0.1533284050300047 258
1739716376464 0.1146308722565497 259
1739716376470 0.1222560453232859 260
1739716376476 0.10152593913353077 261
1739716376481 0.10984323662628438 262
1739716376487 0.10744381950371393 263
1739716376492 0.10915835028682731 264
1739716376498 0.10003331415334656 265
1739716376503 0.13712519407320475 266
1739716376508 0.14778087428079156 267
1739716376514 0.12779404858077134 268
1739716376523 0.1552320603483842 269
1739716376528 0.13380688908702706 270
1739716376533 0.10642429378788544 271
1739716376538 0.1155159768745098 272
1739716376543 0.11114475375284394 273
1739716376548 0.09050700020505979 274
1739716376552 0.13203682705549247 275
1739716376557 0.15216396630816095 276
1739716376563 0.09911649035554687 277
1739716376569 0.37427960082802375 278
1739716376574 0.1092829722024283 279
1739716376579 0.1345725878339305 280
1739716376584 0.11958563841978265 281
1739716376589 0.12288948977123335 282
1739716376594 0.18414882912981315 283
1739716376599 0.14376931612016863 284
1739716376604 0.11355677010855762 285
1739716376609 0.11329075635309648 286
1739716376615 0.185433435072739 287
1739716376620 0.1118310784088764 288
1739716376625 0.19723337224601795 289
1739716376630 0.09928977187382809 290
1739716376635 0.07884099835984458 291
1739716376641 0.16479133052343004 292
1739716376646 0.09135003598133327 293
1739716376651 0.1297511266393939 294
1739716376656 0.18926093905009336 295
1739716376661 0.13161271727832394 296
1739716376666 0.11788230494772448 297
1739716376671 0.15404293634203806 298
1739716376675 0.10493827856380801 299
1739716376681 0.1142091719521461 300
1739716376686 0.11977927537604222 301
1739716376691 0.11921369985060667 302
1739716376696 0.10660272116749805 303
1739716376701 0.12156180133935336 304
1739716376706 0.11731847963556324 305
1739716376711 0.15954934121573042 306
1739716376717 0.1590347877445971 307
1739716376722 0.09090314985619738 308
1739716376728 0.13314191539083883 309
1739716376735 0.1608361577984955 310
1739716376741 0.13544613853948997 311
1739716376746 0.15031352737661302 312
1739716376751 0.11632510007481801 313
1739716376756 0.12014889617057362 314
1739716376761 0.12621447030992225 315
1739716376766 0.15362982865547953 316
1739716376771 0.1458846395854785 317
1739716376775 0.15996037836546775 318
1739716376780 0.10461630832259289 319
1739716376784 0.10486486981995208 320
1739716376789 0.1580056776046706 321
1739716376794 0.11226046738601499 322
1739716376799 0.16481041668249394 323
1739716376804 0.1922073626932715 324
1739716376809 0.1426414888944183 325
1739716376814 0.13702939931410418 326
1739716376819 0.14227186141151088 327
1739716376824 0.1207111303375116 328
1739716376834 0.0828117352614426 329
1739716376839 0.11423342567143412 330
1739716376844 0.1212890753776494 331
1739716376849 0.12070043325620317 332
1739716376854 0.11384205293128842 333
1739716376859 0.14213780214479008 334
1739716376864 0.18059828965491756 335
1739716376869 0.12192033478942799 336
1739716376873 0.0955642596816596 337
1739716376878 0.11438970408105527 338
1739716376883 0.1336157094188814 339
1739716376888 0.1325601987592025 340
1739716376893 0.09275224045099185 341
1739716376897 0.19605092311760342 342
1739716376902 0.11443004100933782 343
1739716376907 0.15767653646398033 344
1739716376913 0.07878879768472002 345
1739716376918 0.10483125926478672 346
1739716376923 0.13495285368369392 347
1739716376928 0.15061654341883124 348
1739716376932 0.11580425775657428 349
1739716376938 0.11649986264890053 350
1739716376942 0.10351781073587364 351
1739716376947 0.11432489620237683 352
1739716376952 0.10072863945265807 353
1739716376958 0.11097427138043185 354
1739716376963 0.14849836886905593 355
1739716376968 0.11687083630811204 356
1739716376973 0.11402727885577102 357
1739716376978 0.13049029981581378 358
1739716376983 0.09842451918672251 359
1739716376989 0.1448621176320975 360
1739716376993 0.17284751746725238 361
1739716376999 0.12235405966174373 362
1739716377004 0.28336339471267336 363
1739716377008 0.17976010510949966 364
1739716377013 0.12710873206613674 365
1739716377018 0.1527648754200993 366
1739716377022 0.15325853909348244 367
1739716377027 0.13546287610437216 368
1739716377032 0.15013773312406045 369
1739716377037 0.13720749272195595 370
1739716377041 0.18687367695760523 371
1739716377046 0.12547411399756733 372
1739716377051 0.12004955550357396 373
1739716377056 0.13220598109453316 374
1739716377061 0.1583938936330323 375
1739716377066 0.15597026465095842 376
1739716377071 0.09836941312165048 377
1739716377075 0.13936474556560524 378
1739716377080 0.12560492044817834 379
1739716377084 0.1229055507004283 380
1739716377089 0.11318904210764721 381
1739716377096 0.13226846484543922 382
1739716377101 0.15029785836751247 383
1739716377107 0.15591528174561028 384
1739716377112 0.08717379190016643 385
1739716377117 0.14593364410063145 386
1739716377122 0.1654309033899637 387
1739716377127 0.19798375808361418 388
1739716377131 0.1487641477132568 389
1739716377136 0.09677753255565494 390
1739716377141 0.09486120618077677 391
1739716377146 0.14575824360899994 392
1739716377151 0.12574912766619722 393
1739716377156 0.10528701989020191 394
1739716377161 0.1073440742293112 395
1739716377166 0.11410209152067818 396
1739716377170 0.1666077731432062 397
1739716377175 0.16534242399223845 398
1739716377180 0.0934549228077049 399
1739716377185 0.1620131155955586 400
1739716377190 0.14197192547410423 401
1739716377195 0.10844930384841174 402
1739716377200 0.11573363421379708 403
1739716377205 0.13606660510386268 404
1739716377210 0.18824078756414322 405
1739716377214 0.14302128552585314 406
1739716377219 0.12848628973346385 407
1739716377224 0.14256271520906583 408
1739716377229 0.1173541153391249 409
1739716377233 0.21581655141992803 410
1739716377238 0.17792684447980228 411
1739716377243 0.14416606463671908 412
1739716377248 0.15793802829169196 413
1739716377253 0.17382335084785233 414
1739716377258 0.13672981727043518 415
1739716377262 0.15535632089778267 416
1739716377267 0.1447600758010065 417
1739716377272 0.09747724005366887 418
1739716377277 0.16745630309215961 419
1739716377281 0.09801429612192511 420
1739716377286 0.1629723317872746 421
1739716377291 0.10569783335713004 422
1739716377296 0.18962756780855217 423
1739716377301 0.11664245914467994 424
1739716377306 0.12905363955082114 425
1739716377311 0.19501824801440845 426
1739716377316 0.11652233803209194 427
1739716377321 0.10075566868694408 428
1739716377325 0.10237557700977466 429
1739716377330 0.09830992813288696 430
1739716377334 0.08764743926778949 431
1739716377339 0.1508417780870616 432
1739716377344 0.10181259762172021 433
1739716377349 0.1776231643668094 434
1739716377354 0.1382732416533188 435
1739716377359 0.08336379968890173 436
1739716377364 0.17531093927529767 437
1739716377369 0.09844599670445577 438
1739716377374 0.16101658803938707 439
1739716377378 0.13383895540531476 440
1739716377383 0.1868615429439593 441
1739716377388 0.11911034237648231 442
1739716377392 0.10613085118903426 443
1739716377397 0.1609446085110789 444
1739716377402 0.11903334375388654 445
1739716377407 0.06718658275118697 446
1739716377412 0.13609653818536177 447
1739716377416 0.11638173097677047 448
1739716377421 0.10283591299235478 449
1739716377426 0.23453046933322091 450
1739716377431 0.1469941135567225 451
1739716377436 0.1707652137933957 452
1739716377441 0.16312152800400134 453
1739716377446 0.08323070068034358 454
1739716377450 0.11940110371062797 455
1739716377455 0.14489706559182736 456
1739716377460 0.1188501491769776 457
1739716377465 0.10725282475082368 458
1739716377469 0.12473624499348171 459
1739716377474 0.10983810088511886 460
1739716377479 0.17355852428830867 461
1739716377484 0.11062613011855445 462
1739716377489 0.1480057216473272 463
1739716377493 0.11043026197883421 464
1739716377498 0.11624138180646383 465
1739716377504 0.1800224434504718 466
1739716377508 0.1434764621312164 467
1739716377513 0.13015453943293273 468
1739716377518 0.09654999250584238 469
1739716377523 0.13658511687499925 470
1739716377528 0.10731238463190829 471
1739716377533 0.12961480453474014 472
1739716377538 0.11368175287479204 473
1739716377542 0.1643474211757151 474
1739716377547 0.1372284627532358 475
1739716377552 0.12116161361007163 476
1739716377557 0.08801561747814912 477
1739716377562 0.15530445150480168 478
1739716377566 0.15709832871488436 479
1739716377571 0.16587386128730164 480
1739716377576 0.11478727523023499 481
1739716377581 0.11905429333251548 482
1739716377585 0.16219264382051382 483
1739716377590 0.11984921349564714 484
1739716377597 0.11533689352232793 485
1739716377604 0.11507325404639046 486
1739716377611 0.11611176016411065 487
1739716377616 0.10185048780099792 488
1739716377621 0.08979872236715265 489
1739716377627 0.1358118805039657 490
1739716377632 0.10259190206341144 491
1739716377638 0.09170368677845243 492
1739716377643 0.10309959585673391 493
1739716377648 0.09272882046358925 494
1739716377654 0.19991670147774532 495
1739716377659 0.17224179835951156 496
1739716377663 0.14352257433147203 497
1739716377668 0.3279855513853121 498
1739716377673 0.14231455473587035 499
