1739719041622 65.6598178428046 0
1739719041648 42.82100960550017 1
1739719041674 20.188808625842864 2
1739719041700 19.48985669778099 3
1739719041725 1.4081173363979913 4
1739719041750 0.3527233234625076 5
1739719041776 1.89975517884725 6
1739719041801 1.1080465659845586 7
1739719041827 2.9373706623811406 8
1739719041852 0.45931427713303213 9
1739719041878 0.15737729941902015 10
1739719041903 1.1747969545108863 11
1739719041928 0.07155649559628001 12
1739719041954 0.18006122586925938 13
1739719041979 8.850121757777783e-06 14
1739719042005 1.5708049072050823 15
1739719042030 0.02372255124101227 16
1739719042055 0.061429485849312716 17
1739719042080 0.03445046453944884 18
1739719042105 0.2689765794264953 19
1739719042130 0.13737011287774853 20
1739719042155 0.3152208158048026 21
1739719042181 0.09188448893273689 22
1739719042206 0.03771160706655806 23
1739719042232 0.026127611784711957 24
1739719042258 0.0004912027364975368 25
1739719042284 0.15322160221721848 26
1739719042309 0.016246725540572972 27
1739719042335 1.3567184291907104 28
1739719042360 0.40534824721573276 29
1739719042385 0.3972862623823016 30
1739719042411 0.026040992120479986 31
1739719042436 0.047319349180293416 32
1739719042461 0.19361652399220516 33
1739719042487 0.5676913755839796 34
1739719042512 0.014067851333163411 35
1739719042537 0.011494072219498835 36
1739719042562 0.4216773620274627 37
1739719042588 0.004146193619045032 38
1739719042613 0.2625618414504203 39
1739719042638 0.37874474641479833 40
1739719042664 0.11551686762630274 41
1739719042689 0.1106236625297118 42
1739719042715 0.002894150531400765 43
1739719042740 0.8295609931079826 44
1739719042765 0.12408182949029714 45
1739719042791 0.044753081825135876 46
1739719042817 0.022102055432762297 47
1739719042843 0.005619437595979391 48
1739719042868 0.001506081474254324 49
1739719042894 1.0236920544927095 50
1739719042919 0.019286467455248868 51
1739719042945 0.27055341357755547 52
1739719042971 0.7765686795099916 53
1739719042996 0.07873664539715292 54
1739719043022 0.12665919206556892 55
1739719043047 0.0615865845366724 56
1739719043071 0.39405803482959917 57
1739719043097 0.027895812109568145 58
1739719043122 0.34493645830875874 59
1739719043147 0.005235028885841023 60
1739719043173 0.050477388392938825 61
1739719043198 0.1348979812118088 62
1739719043224 0.00910888321742589 63
1739719043249 0.03696036649489179 64
1739719043275 0.051313039010142274 65
1739719043301 0.01504248698054083 66
1739719043327 0.03987955181380014 67
1739719043351 0.2620550220267753 68
1739719043377 0.5575730156161479 69
1739719043403 0.020616901527829662 70
1739719043428 0.05648876199568054 71
1739719043453 0.26521937818192604 72
1739719043478 0.06499601345233702 73
1739719043504 0.05456360937443243 74
1739719043529 0.06500617216557082 75
1739719043554 0.011080899083777847 76
1739719043579 0.04882325638029932 77
1739719043605 0.04863492163183844 78
1739719043630 0.08721445993895997 79
1739719043654 0.1687404707205897 80
1739719043679 0.014365923536401228 81
1739719043705 0.4950022501346882 82
1739719043730 0.004102453007393267 83
1739719043755 0.12105356333791668 84
1739719043781 0.11860960048883325 85
1739719043806 0.19031893028762553 86
1739719043831 0.07489548173898357 87
1739719043856 0.014213179578135431 88
1739719043881 0.09362846328916338 89
1739719043907 0.11543592714376498 90
1739719043932 0.1899907663783807 91
1739719043958 0.028964995592050055 92
1739719043983 0.3475211679543123 93
1739719044009 0.30365020755680905 94
1739719044034 0.01289483862514854 95
1739719044060 0.22384117342893572 96
1739719044085 0.2812148100703103 97
1739719044111 0.8212518851850259 98
1739719044136 0.6295732400142368 99
1739719044161 0.4842690453136963 100
1739719044187 0.2379648987947136 101
1739719044213 0.04512525716991515 102
1739719044238 0.05661283631464739 103
1739719044263 0.0004295308129305144 104
1739719044289 0.12421832079127738 105
1739719044315 0.12111158758268319 106
1739719044340 0.6828195789660182 107
1739719044365 0.04238397735639942 108
1739719044390 0.002187702673940871 109
1739719044415 0.0009845154576677542 110
1739719044440 0.08611501580131113 111
1739719044466 0.26113779624933275 112
1739719044491 0.003093794258899307 113
1739719044517 0.0077394992691836055 114
1739719044542 0.05501349312202479 115
1739719044567 0.020517367877475115 116
1739719044593 0.07346594065933768 117
1739719044618 0.00020730666306592195 118
1739719044644 0.007854189787546083 119
1739719044669 0.12764261981939365 120
1739719044694 0.6397757595991441 121
1739719044720 0.30425200300608407 122
1739719044745 0.003925305216236683 123
1739719044770 1.4750235209722504e-05 124
1739719044796 0.21550511874370215 125
1739719044821 0.045281109516233084 126
1739719044847 0.01164560784038587 127
1739719044872 0.022965744207756232 128
1739719044898 0.5586940706336883 129
1739719044924 0.2925509508980561 130
1739719044949 0.25035540169939086 131
1739719044975 0.016113443831756218 132
1739719045000 0.05107135086754862 133
1739719045026 0.017685901752459057 134
1739719045051 0.4999073242592233 135
1739719045076 1.0078092849429219 136
1739719045101 0.08158740974074243 137
1739719045126 0.002417945239726995 138
1739719045152 0.0767699122630655 139
1739719045177 0.013679823087680346 140
1739719045203 0.044561857614973305 141
1739719045232 0.062066950496283184 142
1739719045257 0.0034573371479100245 143
1739719045283 0.0012628447611267347 144
1739719045308 0.4122216934726906 145
1739719045333 0.009875972536640675 146
1739719045359 0.0010317576551383979 147
1739719045384 0.0009741543548270114 148
1739719045410 0.47839140458610774 149
1739719045436 1.0248293833145632 150
1739719045461 0.038314495281575725 151
1739719045486 0.22224518151601055 152
1739719045511 0.2574889814149662 153
1739719045536 0.12641038704941177 154
1739719045561 0.011681592443805929 155
1739719045586 0.5349449660892391 156
1739719045612 0.4961470622990277 157
1739719045636 0.12767265464495076 158
1739719045662 0.0009427891236841096 159
1739719045687 0.09072085763540044 160
1739719045712 0.5152685570305846 161
1739719045737 0.0002349499038480133 162
1739719045763 0.0004665791568897681 163
1739719045788 0.01566268565452438 164
1739719045814 0.2399136216637183 165
1739719045839 0.11706776962543403 166
1739719045864 0.0010127852209773078 167
1739719045889 0.15014585256971408 168
1739719045914 0.7020787256237724 169
1739719045939 0.019526448156050313 170
1739719045964 0.0006206977610363608 171
1739719045989 0.33941027253216605 172
1739719046014 0.023616378264888944 173
1739719046039 0.08750293095028876 174
1739719046065 0.019339762024353172 175
1739719046090 0.08876442995301252 176
1739719046115 0.18460285236931503 177
1739719046140 0.0013062013769921887 178
1739719046166 0.004630964441327228 179
1739719046191 0.6101179068143571 180
1739719046216 0.7411745461002345 181
1739719046242 0.0003838958507399741 182
1739719046267 0.6405667242681593 183
1739719046292 0.008798858193991415 184
1739719046317 0.015144242096784328 185
1739719046343 1.5359761992098184 186
1739719046368 0.01838880902810583 187
1739719046392 0.040452375347312136 188
1739719046417 0.009802397571520837 189
1739719046442 0.1764369169311836 190
1739719046467 0.4759390069553057 191
1739719046492 0.07241922693035491 192
1739719046517 0.31424897126267276 193
1739719046542 0.012638545068325265 194
1739719046567 0.05127332919556206 195
1739719046592 0.7530878954411879 196
1739719046618 0.005921558746470593 197
1739719046643 0.1477470742013946 198
1739719046668 0.3298633261141495 199
1739719046693 0.11535039317377212 200
1739719046717 0.0003377884804309284 201
1739719046742 0.10947990916199553 202
1739719046767 0.0011029674467462876 203
1739719046792 0.01865404211715682 204
1739719046818 0.3719419207670722 205
1739719046843 0.07993041003293497 206
1739719046868 0.11436368317783763 207
1739719046893 0.00010632534811568119 208
1739719046918 0.0026204606078845433 209
1739719046944 0.04327627076201225 210
1739719046969 0.22524501489691148 211
1739719046994 0.06383590975531044 212
1739719047020 0.005775746824093245 213
1739719047045 0.01388014944448672 214
1739719047070 0.1895285783168829 215
1739719047095 0.06592624203536673 216
1739719047120 0.0014729889770585525 217
1739719047145 0.12939528460844493 218
1739719047170 0.3490266564953784 219
1739719047195 0.1601016981961755 220
1739719047220 0.0010285735733595518 221
1739719047245 0.4820862597503506 222
1739719047270 0.020698520419062328 223
1739719047296 0.13453242741881455 224
1739719047321 0.0212763642260643 225
1739719047346 0.175592402214228 226
1739719047372 1.0608164004817182 227
1739719047396 0.17988473917345243 228
1739719047422 0.0037874281109583127 229
1739719047447 0.02351602115015844 230
1739719047472 0.0024277362445988084 231
1739719047497 0.029426443869189203 232
1739719047523 0.0003659591807425443 233
1739719047549 0.42082024803010804 234
1739719047575 0.589416172504343 235
1739719047600 0.27869815036579065 236
1739719047625 0.0028424506972717116 237
1739719047650 0.3402455230815758 238
1739719047675 0.5467715360661268 239
1739719047700 0.11566397530629839 240
1739719047725 0.01659085235084113 241
1739719047750 0.6720807900571254 242
1739719047775 0.041799951493892123 243
1739719047800 0.07042999878783414 244
1739719047825 0.20534976743031405 245
1739719047850 0.07223911562947274 246
1739719047875 0.19712972972006362 247
1739719047900 0.6585678906535969 248
1739719047925 1.1309759368416994 249
1739719047951 0.2948951756776307 250
1739719047975 1.1165187566182468 251
1739719048001 0.008482631160043863 252
1739719048026 0.4188787704781711 253
1739719048051 0.5108212024873565 254
1739719048076 0.013343282001942621 255
1739719048101 0.259582492993114 256
1739719048127 0.005029477732801024 257
1739719048152 0.39055108124481147 258
1739719048176 0.2576962176130739 259
1739719048201 0.007673310651046248 260
1739719048226 0.171846879582927 261
1739719048251 0.021005543955415425 262
1739719048276 0.7138699476221734 263
1739719048302 4.4111509770841863e-05 264
1739719048327 0.038931192307405514 265
1739719048352 0.901402588351907 266
1739719048378 0.1625534660427764 267
1739719048403 4.818901125168389e-05 268
1739719048428 0.07056152746971978 269
1739719048453 0.00921555385612158 270
1739719048478 0.24608369612606595 271
1739719048503 0.07366215585223675 272
1739719048528 0.2688119956366038 273
1739719048554 0.2232162572471932 274
1739719048579 0.003958886673752957 275
1739719048605 0.04331676261652303 276
1739719048630 0.009886726492481868 277
1739719048655 0.034900246165392355 278
1739719048680 0.043578068854274135 279
1739719048705 0.20842179618792608 280
1739719048730 0.1363253712172783 281
1739719048755 0.0038689328014865788 282
1739719048781 0.27315469706333656 283
1739719048806 0.7374279521606313 284
1739719048831 0.00029299210601301727 285
1739719048857 0.035935454535171316 286
1739719048882 0.22038109133418915 287
1739719048907 1.1131790404742785 288
1739719048933 0.6931727910167578 289
1739719048958 0.006004130140019808 290
1739719048983 9.160458427099541e-05 291
1739719049008 0.25676507353710293 292
1739719049034 0.0006547185141963806 293
1739719049060 0.031872143893358774 294
1739719049085 0.07184829493141061 295
1739719049110 0.2811065422639392 296
1739719049136 0.032884816723656514 297
