1739714580011 169.57031890620698 0
1739714580016 137.17523803180651 1
1739714580021 111.04747332449243 2
1739714580026 89.9295329803367 3
1739714580031 72.84909906285124 4
1739714580036 59.02747964684702 5
1739714580041 47.838975136712065 6
1739714580047 38.779629975346154 7
1739714580052 31.4428645954038 8
1739714580056 25.50027174444186 9
1739714580061 20.68636458522439 10
1739714580065 16.78639467281244 11
1739714580069 13.626582249164397 12
1739714580073 11.066258382957685 13
1739714580077 8.991531785607618 14
1739714580081 7.3101770205773935 15
1739714580085 5.947504303140596 16
1739714580089 4.843019975482663 17
1739714580093 3.947724906255268 18
1739714580097 3.221928162736107 19
1739714580101 2.6334772217398177 20
1739714580105 2.156325096184903 21
1739714580110 1.7693700842578917 22
1739714580114 1.4555161800185947 23
1739714580118 1.2009121242394194 24
1739714580123 0.9943350975497419 25
1739714580128 0.8266915406099795 26
1739714580132 0.6906128275886916 27
1739714580136 0.5801277593770583 28
1739714580140 0.4903972742679982 29
1739714580145 0.41749955124675625 30
1739714580149 0.3582559295889825 31
1739714580153 0.310089889078772 32
1739714580157 0.27091280942093193 33
1739714580162 0.23903142129970315 34
1739714580166 0.21307282840371336 35
1739714580170 0.1919237627888584 36
1739714580174 0.17468137015182938 37
1739714580178 0.16061333524439328 38
1739714580182 0.14912557369252688 39
1739714580186 0.13973605345447496 40
1739714580190 0.13205358208750298 41
1739714580194 0.1257606170659283 42
1739714580198 0.12059933546024049 43
1739714580202 0.11636034433203284 44
1739714580207 0.11287353068766415 45
1739714580211 0.11000064500178108 46
1739714580216 0.10762928941124918 47
1739714580220 0.10566804412600272 48
1739714580225 0.10404251618801687 49
1739714580229 0.10269213568672687 50
1739714580234 0.10156755773401127 51
1739714580239 0.10062855539279454 52
1739714580243 0.0998423105379567 53
1739714580248 0.09918202727649714 54
1739714580252 0.09862580685153621 55
1739714580257 0.09815573453808904 56
1739714580260 0.0977571384231738 57
1739714580265 0.09741798756624497 58
1739714580268 0.09712840319643776 59
1739714580272 0.09688026159465425 60
1739714580276 0.09666687135306122 61
1739714580280 0.09648271098190196 62
1739714580284 0.09632321548927719 63
1739714580288 0.09618460271173183 64
1739714580292 0.09606373191763849 65
1739714580296 0.09595798861896068 66
1739714580300 0.09586519067270408 67
1739714580304 0.09578351168205944 68
1739714580309 0.09571141846006566 69
1739714580313 0.09564761992893546 70
1739714580317 0.09559102532301086 71
1739714580321 0.0955407099645448 72
1739714580326 0.09549588720688083 73
1739714580330 0.09545588540349437 74
1739714580335 0.09542012897542389 75
1739714580339 0.09538812282327777 76
1739714580343 0.09535943947092065 77
1739714580347 0.09533370844230635 78
1739714580351 0.09531060746575366 79
1739714580355 0.0952898551753439 80
1739714580359 0.09527120504033014 81
1739714580363 0.0952544403031828 82
1739714580368 0.09523936974731033 83
1739714580372 0.09522582414834813 84
1739714580376 0.09521365328962984 85
1739714580380 0.09520272344419486 86
1739714580384 0.09519291524338287 87
1739714580388 0.09518412186648118 88
1739714580392 0.09517624749763644 89
1739714580396 0.09516920600582407 90
1739714580400 0.09516291981148382 91
1739714580404 0.0951573189098207 92
1739714580408 0.09515234002598524 93
1739714580412 0.09514792588162614 94
1739714580416 0.09514402455580094 95
1739714580421 0.09514058892610947 96
1739714580425 0.09513757617826357 97
1739714580429 0.09513494737425557 98
