1739718113084 75.53198900658496 0
1739718113110 36.66086791060059 1
1739718113137 13.71522825831518 2
1739718113163 11.724968265785057 3
1739718113189 1.9274531690169991 4
1739718113215 3.007426716089511 5
1739718113241 1.4181605401122708 6
1739718113268 0.9180581746000742 7
1739718113294 0.7565776241173778 8
1739718113320 0.0011283250476147974 9
1739718113347 0.09678913371740631 10
1739718113372 0.007838371876459029 11
1739718113398 0.038678549071943666 12
1739718113425 0.2435705907822219 13
1739718113451 0.06523242641069271 14
1739718113479 0.03026837094278988 15
1739718113505 0.3438032989981388 16
1739718113531 0.27570109806546245 17
1739718113558 0.030287478069068348 18
1739718113584 0.0009351226308446086 19
1739718113611 0.2290707457373352 20
1739718113639 0.03627928334848303 21
1739718113667 0.048631625722119 22
1739718113695 0.003138359350821636 23
1739718113724 0.23458648600893683 24
1739718113752 0.052436594770708625 25
1739718113779 0.09599596275693845 26
1739718113806 0.0035398223262699336 27
1739718113832 0.07182412897149013 28
1739718113858 0.24872624630028262 29
1739718113885 0.13923919618520525 30
1739718113914 0.24270989079335215 31
1739718113943 0.3092802132896927 32
1739718113970 0.00509118224647162 33
1739718113998 0.7373181469460857 34
1739718114026 0.13956554945131347 35
1739718114053 0.022899833946810565 36
1739718114080 0.1187594098906497 37
1739718114107 0.04790050321279787 38
1739718114133 0.49543681691893016 39
1739718114158 0.4491005853799322 40
1739718114185 0.12577085470392052 41
1739718114211 0.007304789012734438 42
1739718114237 0.06772046920838144 43
1739718114263 0.3304459940333798 44
1739718114291 0.00012216265675548814 45
1739718114317 0.09678575041335936 46
1739718114344 0.1421665696500165 47
1739718114370 0.03471529226989106 48
1739718114396 0.04745308777649659 49
1739718114422 0.4017867397649176 50
1739718114448 0.014324011205398291 51
1739718114474 0.021541814634316907 52
1739718114500 0.3251613634795911 53
1739718114526 0.13187206018881348 54
1739718114552 0.022633616100428588 55
1739718114578 0.04729501543927688 56
1739718114605 0.6303112695889734 57
1739718114631 0.24918329443771878 58
1739718114657 0.2639099770029839 59
1739718114683 0.48801202294100116 60
1739718114709 0.2764828521470868 61
1739718114735 1.361386602291617 62
1739718114761 0.0020489742101291457 63
1739718114787 0.483271721214792 64
1739718114813 0.005815813597693712 65
1739718114840 0.006348765216964929 66
1739718114866 0.10922053112424471 67
1739718114892 0.48779222934421257 68
1739718114918 0.03174951602741455 69
1739718114944 0.09009124341336294 70
1739718114971 0.011033732820678566 71
1739718114998 0.008182232371349057 72
1739718115024 0.005398256912672425 73
1739718115050 0.21490010647538996 74
1739718115095 0.01010879891828558 75
1739718115123 0.7665079055142962 76
1739718115150 0.9260031574186882 77
1739718115178 0.07558517020080568 78
1739718115205 0.00035890844843091687 79
1739718115233 0.06707509564651332 80
1739718115260 0.11208518176644862 81
1739718115286 0.2872782090965918 82
1739718115312 0.008095168054601781 83
1739718115339 0.330159373311384 84
1739718115369 0.030026359383070488 85
1739718115395 0.05763840802412773 86
1739718115421 0.2960126643427511 87
1739718115446 0.003395202428631025 88
1739718115472 0.40001490719733923 89
1739718115498 0.004981991531917055 90
1739718115525 0.1787859536432874 91
