1739716228796 148.61363949528734 0
1739716228802 127.5090003613547 1
1739716228808 108.68686732155784 2
1739716228814 93.84720358123037 3
1739716228820 80.04296497774554 4
1739716228825 71.04407083402792 5
1739716228831 61.440467089252294 6
1739716228838 54.16399017101856 7
1739716228846 45.97073965293335 8
1739716228853 40.072214228805294 9
1739716228859 34.246077105562506 10
1739716228867 27.688934402013796 11
1739716228874 24.90046991366475 12
1739716228880 22.997636862236494 13
1739716228887 19.286915890392148 14
1739716228894 16.369950605041875 15
1739716228901 14.789627223720286 16
1739716228908 12.935013851645925 17
1739716228914 10.533830370083638 18
1739716228922 9.017281349318067 19
1739716228928 8.070273745188393 20
1739716228934 7.249648954815513 21
1739716228940 5.707861484578409 22
1739716228946 5.022017850883754 23
1739716228951 4.509847363828741 24
1739716228975 3.6171704033365346 25
1739716228991 3.207619356098164 26
1739716228999 3.1732428484141333 27
1739716229005 2.475324537439542 28
1739716229011 2.281194230623909 29
1739716229018 2.066373710004202 30
1739716229025 1.6624002585455426 31
1739716229032 1.3839058578502768 32
1739716229038 1.2854707376578538 33
1739716229044 1.0099583748942174 34
1739716229050 0.922212944125458 35
1739716229056 0.8367456437786907 36
1739716229062 0.7831461649601184 37
1739716229067 0.6807286554684101 38
1739716229073 0.6448574277344358 39
1739716229079 0.4867238836014203 40
1739716229084 0.5636101882647979 41
1739716229090 0.4166300418200172 42
1739716229097 0.44223752225936175 43
1739716229103 0.39456667271027296 44
1739716229109 0.25709466636063033 45
1739716229115 0.24436772890323014 46
1739716229121 0.2764379097492574 47
1739716229126 0.247901157428529 48
1739716229132 0.20923697845093403 49
1739716229137 0.20911016174747962 50
1739716229143 0.17345821193839367 51
1739716229148 0.16914151351829845 52
1739716229154 0.12119940236734571 53
1739716229161 0.10099976206674734 54
1739716229167 0.1159728976178629 55
1739716229173 0.14543541970683901 56
1739716229178 0.13326705860725124 57
1739716229184 0.09755407444797105 58
1739716229190 0.12879684818314965 59
1739716229196 0.10187599610525538 60
1739716229202 0.0964193158825521 61
1739716229207 0.10728539778708018 62
1739716229213 0.12226315177231771 63
1739716229219 0.10602482899858766 64
1739716229227 0.23649265134767056 65
1739716229234 0.08027453574236883 66
1739716229240 0.11439459370773228 67
1739716229246 0.10681735550156685 68
1739716229252 0.06428711658216357 69
1739716229257 0.06235238030969071 70
1739716229262 0.057785858338944486 71
1739716229268 0.0699161772122695 72
1739716229273 0.05847731316757006 73
1739716229279 0.06416975160739125 74
1739716229285 0.09306924904216989 75
1739716229290 0.06979592057901032 76
1739716229296 0.08177304906264833 77
1739716229301 0.08235378191461855 78
1739716229307 0.09101765502676526 79
1739716229312 0.055938468558186794 80
1739716229318 0.14172820739788536 81
1739716229323 0.08011475960618931 82
1739716229328 0.10409730506698311 83
1739716229333 0.09181525857958978 84
1739716229338 0.0770432732050912 85
1739716229344 0.10606275506813544 86
1739716229349 0.07386573052679006 87
1739716229354 0.08470044608586581 88
1739716229359 0.05884096274362229 89
1739716229365 0.06887229616031475 90
1739716229370 0.11292417005835015 91
1739716229376 0.10275964918529548 92
1739716229382 0.09566762704580642 93
1739716229387 0.06084663357187593 94
1739716229393 0.06890678016398843 95
1739716229398 0.0786174149179866 96
1739716229404 0.10621523846843886 97
1739716229409 0.08994054663708922 98
1739716229415 0.07075276629389253 99
1739716229420 0.16607465496381443 100
1739716229426 0.07091729272097413 101
1739716229431 0.12042026841684943 102
