1739714609723 169.570318906207 0
1739714609727 166.17449657262324 1
1739714609731 162.87919163581032 2
1739714609736 159.6499994506166 3
1739714609740 156.4855693609254 4
1739714609745 153.38457936670792 5
1739714609749 150.34573546667687 6
1739714609752 147.36777101827033 7
1739714609757 144.4494461144135 8
1739714609761 141.58954697652723 9
1739714609765 138.78688536327243 10
1739714609769 136.04029799453818 11
1739714609773 133.34864599020096 12
1739714609777 130.7108143231992 13
1739714609781 128.1257112864847 14
1739714609785 125.59226797342849 15
1739714609789 123.10943777127498 16
1739714609792 120.67619586725186 17
1739714609796 118.29153876695864 18
1739714609809 115.95448382466978 19
1739714609813 113.66406878520155 20
1739714609817 111.41935133700443 21
1739714609821 109.21940867615459 22
1739714609825 107.06333708092988 23
1739714609829 104.95025149666672 24
1739714609833 102.87928513060434 25
1739714609837 100.8495890564338 26
1739714609841 98.86033182827862 27
1739714609845 96.91069910384283 28
1739714609849 94.99989327647171 29
1739714609853 93.12713311587913 30
1739714609857 91.29165341730314 31
1739714609861 89.49270465885994 32
1739714609864 87.72955266687377 33
1739714609868 86.00147828896753 34
1739714609872 84.30777707470611 35
1739714609876 82.64775896359086 36
1739714609880 81.02074798021088 37
1739714609884 79.42608193636204 38
1739714609889 77.8631121399511 39
1739714609893 76.33120311050882 40
1739714609896 74.8297323011401 41
1739714609901 73.35808982674536 42
1739714609905 71.91567819835275 43
1739714609909 70.50191206340526 44
1739714609912 69.11621795185128 45
1739714609916 67.75803402789288 46
1739714609920 66.42680984724925 47
1739714609925 65.12200611979769 48
1739714609929 63.843094477458685 49
1739714609933 62.58955724719518 50
1739714609938 61.360887229000106 51
1739714609942 60.1565874787503 52
1739714609946 58.97617109580788 53
1739714609950 57.81916101525391 54
1739714609954 56.68508980464264 55
1739714609958 55.57349946516711 56
1739714609962 54.48394123713132 57
1739714609966 53.41597540962519 58
1739714609970 52.36917113430358 59
1739714609974 51.34310624317146 60
1739714609978 50.33736707028161 61
1739714609982 49.35154827725244 62
1739714609986 48.38525268251721 63
1739714609990 47.43809109421747 64
1739714609993 46.509682146656324 65
1739714609997 45.599652140229374 66
1739714610001 44.707634884753176 67
1739714610005 43.833271546113366 68
1739714610009 42.97621049615652 69
1739714610013 42.136107165751966 70
1739714610017 41.312623900951536 71
1739714610021 40.50542982217713 72
1739714610025 39.7142006863678 73
1739714610030 38.93861875202004 74
1739714610034 38.178372647055994 75
1739714610038 37.43315723945689 76
1739714610042 36.702673510599666 77
1739714610046 35.986628431237115 78
1739714610050 35.28473484006258 79
1739714610054 34.596711324802435 80
1739714610058 33.92228210578059 81
1739714610061 33.26117692190051 82
1739714610065 32.6131309189919 83
1739714610070 31.977884540470495 84
1739714610074 31.35518342026019 85
1739714610078 30.744778277928567 86
1739714610082 30.146424815987572 87
1739714610086 29.55988361931262 88
1739714610090 28.98492005663425 89
1739714610094 28.42130418405761 90
1739714610098 27.868810650566232 91
1739714610101 27.327218605467472 92
1739714610105 26.79631160773796 93
1739714610109 26.275877537228475 94
1739714610112 25.765708507688483 95
1739714610116 25.2656007815717 96
1739714610121 24.775354686584663 97
1739714610124 24.294774533941435 98
1739714610129 23.823668538288132 99
1739714610133 23.361848739262193 100
1739714610137 22.9091309246515 101
1739714610141 22.46533455512014 102
1739714610145 22.030282690467143 103
1739714610150 21.603801917386683 104
1739714610154 21.185722278697675 105
1739714610158 20.775877204012268 106
1739714610162 20.37410344181304 107
1739714610166 19.980240992909444 108
1739714610171 19.59413304524472 109
1739714610174 19.215625910025096 110
1739714610179 18.844568959143785 111
1739714610182 18.480814563872975 112
1739714610186 18.124218034797114 113
1739714610190 17.77463756296222 114
1739714610194 17.43193416221562 115
1739714610198 17.09597161271171 116
1739714610202 16.76661640555956 117
1739714610205 16.44373768858879 118
1739714610209 16.127207213210575 119
1739714610213 15.816899282351363 120
1739714610217 15.512690699437051 121
1739714610221 15.214460718406214 122
1739714610225 14.922090994730878 123
1739714610228 14.635465537424633 124
1739714610232 14.354470662017425 125
1739714610236 14.078994944477419 126
1739714610240 13.8089291760605 127
1739714610244 13.544166319068319 128
1739714610248 13.284601463496516 129
1739714610252 13.03013178455473 130
1739714610255 12.780656501040685 131
1739714610259 12.53607683455098 132
1739714610263 12.296295969511375 133
1739714610267 12.061219014009998 134
1739714610271 11.830752961417094 135
1739714610275 11.60480665277532 136
1739714610278 11.383290739944803 137
1739714610282 11.166117649487843 138
1739714610287 10.95320154727803 139
1739714610291 10.744458303819217 140
1739714610295 10.539805460259732 141
1739714610299 10.339162195088115 142
1739714610303 10.142449291496083 143
1739714610307 9.949589105395631 144
1739714610311 9.760505534076785 145
1739714610315 9.575123985493095 146
1739714610319 9.393371348162187 147
1739714610322 9.215175961668997 148
1739714610326 9.04046758775929 149
1739714610330 8.869177382011886 150
1739714610335 8.701237866077559 151
1739714610339 8.536582900473446 152
1739714610344 8.37514765792152 153
1739714610348 8.216868597220412 154
1739714610352 8.061683437639555 155
1739714610356 7.909531133825356 156
1739714610360 7.76035185120899 157
1739714610363 7.614086941905618 158
1739714610367 7.47067892109531 159
1739714610371 7.330071443875921 160
1739714610375 7.1922092825782835 161
1739714610379 7.057038304534679 162
1739714610383 6.9245054502912025 163
1739714610387 6.794558712255324 164
1739714610391 6.667147113769746 165
1739714610395 6.5422206886040986 166
1739714610398 6.419730460855972 167
1739714610402 6.299628425253178 168
1739714610406 6.181867527849136 169
1739714610410 6.0664016471034845 170
1739714610415 5.953185575340154 171
1739714610419 5.842175000575485 172
1739714610423 5.733326488708771 173
1739714610427 5.62659746606806 174
1739714610431 5.5219462023041315 175
1739714610435 5.419331793625578 176
1739714610440 5.3187141463682 177
1739714610444 5.220053960892065 178
1739714610448 5.1233127157995915 179
1739714610452 5.028452652468215 180
1739714610456 4.935436759891495 181
1739714610459 4.844228759822239 182
1739714610463 4.754793092211863 183
1739714610468 4.667094900939808 184
1739714610472 4.581100019827454 185
1739714610476 4.49677495893064 186
1739714610480 4.414086891105329 187
1739714610484 4.333003638840877 188
1739714610488 4.2534936613557 189
1739714610492 4.175526041949899 190
1739714610496 4.099070475609834 191
1739714610500 4.024097256859602 192
1739714610504 3.950577267854415 193
1739714610509 3.878481966711157 194
1739714610513 3.80778337607124 195
1739714610516 3.738454071891263 196
1739714610520 3.6704671724567883 197
1739714610524 3.6037963276149263 198
1739714610528 3.538415708221186 199
1739714610532 3.4742999957964895 200
1739714610536 3.411424372389991 201
1739714610540 3.349764510643763 202
1739714610544 3.2892965640551313 203
1739714610548 3.229997157432882 204
1739714610552 3.1718433775433605 205
1739714610556 3.114812763942729 206
1739714610561 3.0588832999916598 207
1739714610565 3.0040334040487813 208
1739714610570 2.950241920839388 209
1739714610574 2.8974881129958385 210
1739714610578 2.8457516527662943 211
1739714610583 2.795012613888346 212
1739714610586 2.7452514636243546 213
1739714610590 2.6964490549551856 214
1739714610594 2.648586618929211 215
1739714610599 2.601645757163513 216
1739714610603 2.55560843449421 217
1739714610607 2.5104569717729452 218
1739714610611 2.466174038806659 219
1739714610615 2.422742647437714 220
1739714610619 2.3801461447616665 221
1739714610623 2.33836820647987 222
1739714610627 2.2973928303842612 223
1739714610630 2.2572043299716498 224
1739714610635 2.2177873281850204 225
1739714610639 2.179126751279212 226
1739714610643 2.1412078228085734 227
1739714610647 2.104016057734106 228
1739714610651 2.067537256647789 229
1739714610655 2.03175750011164 230
1739714610659 1.9966631431093556 231
1739714610663 1.9622408096082125 232
1739714610667 1.9284773872289922 233
1739714610671 1.8953600220219273 234
1739714610674 1.862876113346364 235
1739714610678 1.8310133088522624 236
1739714610683 1.7997594995613342 237
1739714610687 1.7691028150460106 238
1739714610692 1.7390316187040966 239
1739714610695 1.7095345031274216 240
1739714610699 1.68060028556239 241
1739714610703 1.6522180034608158 242
1739714610707 1.6243769101190704 243
1739714610711 1.5970664704039113 244
1739714610715 1.5702763565631668 245
1739714610719 1.5439964441196672 246
1739714610723 1.5182168078467317 247
1739714610727 1.4929277178235676 248
1739714610731 1.4681196355690243 249
1739714610735 1.4437832102521404 250
1739714610739 1.4199092749779387 251
1739714610743 1.3964888431469715 252
1739714610747 1.3735131048871598 253
1739714610750 1.3509734235565032 254
1739714610754 1.3288613323151963 255
1739714610759 1.307168530765849 256
1739714610763 1.2858868816603632 257
1739714610766 1.265008407672231 258
1739714610770 1.2445252882328919 259
1739714610775 1.22442985643089 260
1739714610779 1.204714595972609 261
1739714610783 1.1853721382032996 262
1739714610787 1.1663952591872557 263
1739714610790 1.1477768768459784 264
1739714610794 1.129510048153059 265
1739714610798 1.111587966384817 266
1739714610802 1.0940039584254548 267
1739714610806 1.0767514821256936 268
1739714610817 1.0598241237138428 269
1739714610821 1.0432155952582356 270
1739714610825 1.0269197321800054 271
1739714610829 1.0109304908152066 272
1739714610833 0.9952419460253376 273
1739714610837 0.9798482888552401 274
1739714610841 0.9647438242374652 275
1739714610844 0.9499229687421871 276
1739714610849 0.935380248371751 277
1739714610853 0.9211102963989662 278
1739714610857 0.9071078512482766 279
1739714610861 0.8933677544189567 280
1739714610865 0.879884948449505 281
1739714610869 0.866654474922375 282
1739714610873 0.853671472508336 283
1739714610877 0.8409311750495487 284
1739714610881 0.8284289096806969 285
1739714610885 0.816160094987362 286
1739714610889 0.8041202392008986 287
1739714610893 0.7923049384291294 288
1739714610897 0.7807098749220734 289
1739714610901 0.7693308153721077 290
1739714610904 0.7581636092477828 291
1739714610908 0.7472041871606858 292
1739714610913 0.7364485592646767 293
1739714610917 0.7258928136868461 294
1739714610921 0.7155331149895638 295
1739714610925 0.705365702663031 296
1739714610932 0.695386889647675 297
1739714610937 0.6855930608858573 298
1739714610942 0.67598067190225 299
1739714610946 0.6665462474123607 300
1739714610951 0.6572863799586266 301
1739714610955 0.648197728573509 302
1739714610958 0.6392770174691093 303
1739714610962 0.6305210347527128 304
1739714610966 0.6219266311677868 305
1739714610971 0.6134907188599253 306
1739714610975 0.6052102701672145 307
1739714610978 0.5970823164345864 308
1739714610982 0.5891039468516259 309
1739714610986 0.5812723073134104 310
1739714610990 0.573584599303886 311
1739714610994 0.5660380788013951 312
1739714610998 0.5586300552058199 313
1739714611002 0.5513578902870153 314
1739714611006 0.5442189971540301 315
1739714611010 0.5372108392447457 316
1739714611014 0.5303309293355141 317
1739714611018 0.5235768285703923 318
1739714611022 0.5169461455096038 319
1739714611026 0.5104365351968205 320
1739714611029 0.5040456982449047 321
1739714611033 0.4977713799397468 322
1739714611037 0.49161136936183264 323
1739714611041 0.48556349852520553 324
1739714611045 0.4796256415334342 325
1739714611049 0.47379571375230256 326
1739714611053 0.4680716709988663 327
1739714611057 0.46245150874653923 328
1739714611061 0.4569332613459018 329
1739714611065 0.45151500126093314 330
1739714611068 0.44619483832034273 331
1739714611072 0.44097091898369506 332
1739714611077 0.4358414256220681 333
1739714611081 0.4308045758129159 334
1739714611085 0.4258586216488867 335
1739714611089 0.4210018490602876 336
1739714611093 0.4162325771509755 337
1739714611096 0.41154915754733146 338
1739714611100 0.4069499737601433 339
1739714611104 0.40243344055906793 340
1739714611108 0.3979980033594858 341
1739714611112 0.3936421376214484 342
1739714611116 0.38936434826050764 343
1739714611120 0.3851631690701951 344
1739714611124 0.3810371621559003 345
1739714611128 0.376984917379937 346
1739714611132 0.37300505181757726 347
1739714611136 0.36909620922381287 348
1739714611140 0.36525705951066967 349
1739714611145 0.3614862982348225 350
1739714611149 0.35778264609534927 351
1739714611154 0.3541448484413884 352
1739714611158 0.35057167478951085 353
1739714611162 0.34706191835064315 354
1739714611166 0.3436143955663049 355
1739714611170 0.3402279456540135 356
1739714611174 0.3369014301616613 357
1739714611179 0.3336337325306745 358
1739714611184 0.3304237576678101 359
1739714611188 0.3272704315253861 360
1739714611192 0.32417270068980614 361
1739714611197 0.321129531978189 362
1739714611201 0.318139912042971 363
1739714611205 0.3152028469842873 364
1739714611209 0.31231736197001525 365
1739714611213 0.3094825008633009 366
1739714611217 0.30669732585743664 367
1739714611221 0.30396091711792883 368
1739714611226 0.30127237243162674 369
1739714611231 0.2986308068627752 370
1739714611235 0.29603535241583234 371
1739714611239 0.29348515770494205 372
1739714611243 0.29097938762992004 373
1739714611248 0.28851722305862154 374
1739714611252 0.2860978605155643 375
1739714611256 0.283720511876696 376
1739714611260 0.2813844040701601 377
1739714611265 0.2790887787829709 378
1739714611269 0.2768328921734493 379
1739714611272 0.2746160145893351 380
1739714611276 0.27243743029144024 381
1739714611280 0.2702964371827522 382
1739714611284 0.26819234654285584 383
1739714611288 0.266124482767596 384
1739714611292 0.26409218311385607 385
1739714611296 0.2620947974493649 386
1739714611300 0.2601316880074199 387
1739714611305 0.25820222914643953 388
1739714611310 0.25630580711424694 389
1739714611314 0.2544418198169868 390
1739714611318 0.25260967659258576 391
1739714611322 0.2508087979886752 392
1739714611327 0.2490386155448738 393
1739714611331 0.24729857157934956 394
1739714611341 0.24558811897957936 395
1739714611376 0.24390672099722535 396
1739714611389 0.24225385104703717 397
1739714611401 0.24062899250970468 398
1739714611407 0.23903163853858853 399
1739714611412 0.23746129187024412 400
1739714611419 0.23591746463866883 401
1739714611423 0.2343996781931985 402
1739714611429 0.23290746291997205 403
1739714611434 0.23144035806691762 404
1739714611439 0.22999791157215171 405
1739714611444 0.2285796798957684 406
1739714611449 0.22718522785491763 407
1739714611454 0.22581412846212176 408
1739714611458 0.22446596276676298 409
1739714611463 0.223140319699689 410
1739714611468 0.2218367959208501 411
1739714611472 0.22055499566994483 412
1739714611476 0.21929453061997625 413
1739714611480 0.21805501973368788 414
1739714611484 0.2168360891228144 415
1739714611488 0.215637371910086 416
1739714611492 0.2144585080939457 417
1739714611496 0.21329914441590442 418
1739714611500 0.21215893423050766 419
1739714611505 0.21103753737784037 420
1739714611509 0.2099346200585308 421
1739714611512 0.2088498547112061 422
1739714611516 0.20778291989233924 423
1739714611520 0.20673350015845643 424
1739714611524 0.20570128595064224 425
1739714611528 0.2046859734813107 426
1739714611532 0.20368726462318562 427
1739714611536 0.20270486680045943 428
1739714611539 0.2017384928820769 429
1739714611543 0.200787861077102 430
1739714611547 0.19985269483213972 431
1739714611551 0.19893272273075213 432
1739714611555 0.19802767839485114 433
1739714611559 0.19713730038800822 434
1739714611563 0.1962613321206599 435
1739714611567 0.1953995217571616 436
1739714611570 0.1945516221246559 437
1739714611574 0.19371739062372595 438
1739714611578 0.19289658914078572 439
1739714611581 0.19208898396218382 440
1739714611585 0.19129434568998271 441
1739714611590 0.19051244915938184 442
1739714611594 0.18974307335775398 443
1739714611598 0.18898600134525192 444
1739714611602 0.18824102017697394 445
1739714611606 0.18750792082664058 446
1739714611610 0.1867864981117599 447
1739714611614 0.18607655062024916 448
1739714611618 0.1853778806384942 449
1739714611622 0.18469029408079748 450
1739714611626 0.18401360042020823 451
1739714611630 0.18334761262070315 452
1739714611634 0.18269214707067488 453
1739714611637 0.18204702351772506 454
1739714611641 0.18141206500472512 455
1739714611645 0.18078709780711444 456
1739714611649 0.1801719513714243 457
1739714611654 0.17956645825499706 458
1739714611658 0.17897045406687156 459
1739714611662 0.1783837774098235 460
1739714611665 0.17780626982352962 461
1739714611669 0.17723777572883406 462
1739714611673 0.17667814237310134 463
1739714611678 0.17612721977662602 464
1739714611682 0.17558486068008491 465
1739714611686 0.17505092049301155 466
1739714611690 0.17452525724326354 467
1739714611694 0.1740077315274762 468
1739714611698 0.173498206462475 469
1739714611703 0.1729965476376306 470
1739714611706 0.17250262306813488 471
1739714611711 0.17201630314918603 472
1739714611714 0.17153746061105662 473
1739714611718 0.17106597047503944 474
1739714611722 0.17060171001023655 475
1739714611726 0.1701445586911917 476
1739714611731 0.16969439815634005 477
1739714611735 0.16925111216726343 478
1739714611739 0.16881458656873125 479
1739714611743 0.16838470924951565 480
1739714611749 0.16796137010396306 481
1739714611754 0.1675444609943105 482
1739714611759 0.16713387571372484 483
1739714611763 0.16672950995006278 484
1739714611768 0.16633126125032704 485
1739714611773 0.16593902898580537 486
1739714611778 0.16555271431788912 487
1739714611782 0.16517222016454525 488
1739714611787 0.164797451167438 489
1739714611791 0.16442831365968358 490
1739714611797 0.16406471563422734 491
1739714611802 0.16370656671282646 492
1739714611807 0.16335377811563492 493
1739714611811 0.1630062626313715 494
1739714611816 0.16266393458806092 495
1739714611823 0.16232670982434153 496
1739714611827 0.161994505661322 497
1739714611832 0.16166724087497836 498
1739714611836 0.16134483566908683 499
