1739714655430 169.52366071818852 0
1739714655435 169.1828923961463 1
1739714655440 168.842883683623 2
1739714655445 168.5036327889162 3
1739714655450 168.16513792478906 4
1739714655454 167.8273973084587 5
1739714655458 167.49040916158415 6
1739714655462 167.1541717102543 7
1739714655466 166.8186831849762 8
1739714655470 166.483941820663 9
1739714655475 166.1499458566224 10
1739714655479 165.81669353654473 11
1739714655483 165.48418310849115 12
1739714655487 165.1524128248821 13
1739714655491 164.8213809424855 14
1739714655495 164.49108572240522 15
1739714655500 164.16152543006933 16
1739714655503 163.83269833521882 17
1739714655507 163.50460271189567 18
1739714655511 163.1772368384317 19
1739714655516 162.850598997437 20
1739714655520 162.52468747578837 21
1739714655524 162.19950056461812 22
1739714655529 161.87503655930252 23
1739714655533 161.55129375945072 24
1739714655538 161.22827046889327 25
1739714655542 160.90596499567084 26
1739714655547 160.5843756520231 27
1739714655552 160.2635007543776 28
1739714655556 159.94333862333824 29
1739714655561 159.6238875836747 30
1739714655565 159.30514596431087 31
1739714655570 158.987112098314 32
1739714655574 158.6697843228837 33
1739714655578 158.3531609793408 34
1739714655582 158.03724041311665 35
1739714655586 157.72202097374173 36
1739714655590 157.40750101483533 37
1739714655595 157.09367889409424 38
1739714655599 156.7805529732821 39
1739714655603 156.46812161821862 40
1739714655607 156.15638319876868 41
1739714655611 155.84533608883163 42
1739714655616 155.53497866633086 43
1739714655620 155.2253093132027 44
1739714655624 154.9163264153859 45
1739714655629 154.60802836281132 46
1739714655634 154.30041354939098 47
1739714655638 153.99348037300757 48
1739714655643 153.68722723550422 49
1739714655648 153.38165254267366 50
1739714655654 153.07675470424786 51
1739714655659 152.77253213388775 52
1739714655664 152.46898324917277 53
1739714655668 152.1661064715903 54
1739714655672 151.86390022652557 55
1739714655677 151.56236294325132 56
1739714655682 151.26149305491737 57
1739714655688 150.9612889985405 58
1739714655692 150.6617492149944 59
1739714655697 150.362872148999 60
1739714655701 150.06465624911087 61
1739714655705 149.7670999677127 62
1739714655709 149.4702017610034 63
1739714655714 149.17396008898803 64
1739714655718 148.8783734154676 65
1739714655722 148.58344020802932 66
1739714655726 148.28915893803637 67
1739714655731 147.9955280806181 68
1739714655735 147.7025461146601 69
1739714655739 147.4102115227942 70
1739714655744 147.1185227913889 71
1739714655748 146.82747841053904 72
1739714655753 146.53707687405645 73
1739714655757 146.24731667946 74
1739714655761 145.95819632796582 75
1739714655765 145.66971432447775 76
1739714655769 145.3818691775772 77
1739714655774 145.09465939951414 78
1739714655778 144.80808350619694 79
1739714655782 144.522140017183 80
1739714655786 144.2368274556692 81
1739714655790 143.95214434848208 82
1739714655794 143.66808922606876 83
1739714655798 143.38466062248693 84
1739714655802 143.10185707539583 85
1739714655806 142.81967712604654 86
1739714655810 142.53811931927268 87
1739714655814 142.25718220348094 88
1739714655818 141.9768643306418 89
1739714655822 141.6971642562801 90
1739714655827 141.41808053946596 91
1739714655831 141.13961174280516 92
1739714655835 140.86175643243018 93
1739714655839 140.58451317799083 94
1739714655843 140.307880552645 95
1739714655847 140.03185713304975 96
1739714655852 139.7564414993518 97
1739714655856 139.48163223517872 98
1739714655861 139.20742792762962 99
1739714655865 138.93382716726623 100
1739714655869 138.66082854810378 101
1739714655873 138.38843066760202 102
1739714655877 138.11663212665616 103
1739714655881 137.84543152958807 104
1739714655885 137.5748274841371 105
1739714655889 137.3048186014514 106
1739714655893 137.03540349607889 107
1739714655897 136.76658078595844 108
1739714655901 136.49834909241108 109
1739714655905 136.2307070401311 110
1739714655910 135.96365325717733 111
1739714655913 135.69718637496433 112
1739714655917 135.43130502825372 113
1739714655921 135.16600785514538 114
1739714655925 134.9012934970689 115
1739714655929 134.6371605987748 116
1739714655933 134.37360780832594 117
1739714655937 134.11063377708882 118
1739714655941 133.8482371597252 119
1739714655944 133.5864166141833 120
1739714655949 133.32517080168944 121
1739714655953 133.06449838673942 122
1739714655957 132.80439803709015 123
1739714655961 132.544868423751 124
1739714655965 132.2859082209755 125
1739714655969 132.0275161062529 126
1739714655973 131.7696907602998 127
1739714655977 131.51243086705165 128
1739714655981 131.25573511365462 129
1739714655985 130.999602190457 130
1739714655989 130.74403079100125 131
1739714655994 130.48901961201534 132
1739714655998 130.23456735340486 133
1739714656002 129.98067271824448 134
1739714656006 129.72733441277003 135
1739714656011 129.4745511463701 136
1739714656015 129.22232163157793 137
1739714656019 128.97064458406342 138
1739714656023 128.71951872262483 139
1739714656027 128.46894276918073 140
1739714656031 128.21891544876206 141
1739714656035 127.96943548950391 142
1739714656039 127.72050162263766 143
1739714656043 127.47211258248291 144
1739714656047 127.22426710643944 145
1739714656051 126.97696393497935 146
1739714656055 126.73020181163913 147
1739714656060 126.4839794830117 148
1739714656064 126.23829569873853 149
1739714656068 125.99314921150182 150
1739714656072 125.74853877701662 151
1739714656076 125.50446315402304 152
1739714656080 125.26092110427844 153
1739714656084 125.01791139254959 154
1739714656095 124.77543278660505 155
1739714656099 124.53348405720735 156
1739714656103 124.29206397810525 157
1739714656107 124.05117132602619 158
1739714656111 123.81080488066843 159
1739714656115 123.57096342469356 160
1739714656119 123.33164574371884 161
1739714656123 123.09285062630957 162
1739714656127 122.85457686397145 163
1739714656131 122.61682325114317 164
1739714656134 122.37958858518881 165
1739714656138 122.14287166639022 166
1739714656142 121.90667129793968 167
1739714656146 121.6709862859323 168
1739714656149 121.43581543935868 169
1739714656153 121.20115757009735 170
1739714656158 120.96701149290747 171
1739714656162 120.73337602542135 172
1739714656165 120.5002499881372 173
1739714656169 120.26763220441157 174
1739714656173 120.03552150045223 175
1739714656177 119.80391670531081 176
1739714656182 119.57281665087541 177
1739714656186 119.34222017186339 178
1739714656189 119.11212610581423 179
1739714656193 118.88253329308208 180
1739714656197 118.65344057682876 181
1739714656201 118.42484680301646 182
1739714656206 118.19675082040057 183
1739714656210 117.96915148052258 184
1739714656214 117.74204763770297 185
1739714656218 117.51543814903395 186
1739714656223 117.28932187437263 187
1739714656227 117.06369767633367 188
1739714656231 116.83856442028245 189
1739714656235 116.61392097432788 190
1739714656239 116.38976620931557 191
1739714656244 116.16609899882059 192
1739714656248 115.94291821914076 193
1739714656252 115.7202227492895 194
1739714656256 115.49801147098901 195
1739714656260 115.27628326866333 196
1739714656264 115.05503702943142 197
1739714656268 114.83427164310024 198
1739714656272 114.61398600215806 199
1739714656277 114.39417900176745 200
1739714656281 114.17484953975854 201
1739714656285 113.9559965166222 202
1739714656289 113.73761883550327 203
1739714656293 113.51971540219378 204
1739714656296 113.30228512512625 205
1739714656300 113.08532691536688 206
1739714656305 112.86883968660895 207
1739714656308 112.65282235516607 208
1739714656312 112.43727383996547 209
1739714656316 112.22219306254148 210
1739714656320 112.00757894702872 211
1739714656324 111.79343042015566 212
1739714656328 111.57974641123788 213
1739714656333 111.36652585217162 214
1739714656337 111.15376767742711 215
1739714656353 110.94147082404207 216
1739714656365 110.72963423161521 217
1739714656374 110.51825684229972 218
1739714656378 110.30733760079671 219
1739714656383 110.09687545434883 220
1739714656387 109.88686935273377 221
1739714656392 109.67731824825785 222
1739714656396 109.46822109574956 223
1739714656400 109.25957685255324 224
1739714656404 109.05138447852258 225
1739714656408 108.84364293601436 226
1739714656412 108.6363511898821 227
1739714656416 108.42950820746961 228
1739714656420 108.22311295860479 229
1739714656424 108.01716441559338 230
1739714656428 107.81166155321252 231
1739714656433 107.6066033487046 232
1739714656438 107.40198878177104 233
1739714656442 107.19781683456596 234
1739714656446 106.99408649169001 235
1739714656450 106.79079674018429 236
1739714656455 106.58794656952404 237
1739714656459 106.38553497161242 238
1739714656463 106.18356094077461 239
1739714656467 105.9820234737515 240
1739714656472 105.78092156969356 241
1739714656476 105.58025423015489 242
1739714656482 105.38002045908706 243
1739714656487 105.18021926283299 244
1739714656492 104.98084965012106 245
1739714656497 104.78191063205895 246
1739714656501 104.58340122212769 247
1739714656506 104.38532043617568 248
1739714656510 104.18766729241267 249
1739714656514 103.99044081140377 250
1739714656518 103.79364001606369 251
1739714656522 103.59726393165055 252
1739714656526 103.40131158576015 253
1739714656531 103.20578200832 254
1739714656535 103.01067423158352 255
1739714656539 102.815987290124 256
1739714656543 102.62172022082898 257
1739714656547 102.42787206289424 258
1739714656552 102.23444185781808 259
1739714656556 102.04142864939543 260
1739714656560 101.84883148371225 261
1739714656565 101.6566494091395 262
1739714656569 101.46488147632758 263
1739714656573 101.27352673820056 264
1739714656578 101.08258424995034 265
1739714656582 100.89205306903112 266
1739714656587 100.7019322551536 267
1739714656591 100.51222087027928 268
1739714656596 100.32291797861492 269
1739714656600 100.13402264660675 270
1739714656604 99.94553394293493 271
1739714656608 99.75745093850792 272
1739714656613 99.56977270645686 273
1739714656617 99.38249832213005 274
1739714656621 99.1956268630872 275
1739714656627 99.00915740909417 276
1739714656634 98.82308904211713 277
1739714656639 98.63742084631726 278
1739714656643 98.45215190804508 279
1739714656648 98.26728131583505 280
1739714656653 98.08280816040005 281
1739714656657 97.898731534626 282
1739714656662 97.71505053356621 283
1739714656666 97.53176425443617 284
1739714656670 97.34887179660801 285
1739714656675 97.16637226160509 286
1739714656680 96.98426475309661 287
1739714656684 96.80254837689232 288
1739714656689 96.621222240937 289
1739714656693 96.4402854553053 290
1739714656697 96.25973713219621 291
1739714656701 96.07957638592791 292
1739714656705 95.8998023329323 293
1739714656709 95.72041409174987 294
1739714656713 95.54141078302433 295
1739714656717 95.36279152949737 296
1739714656721 95.18455545600334 297
1739714656725 95.00670168946418 298
1739714656729 94.82922935888405 299
1739714656733 94.65213759534412 300
1739714656737 94.4754255319975 301
1739714656741 94.29909230406398 302
1739714656745 94.1231370488248 303
1739714656749 93.94755890561767 304
1739714656753 93.77235701583147 305
1739714656756 93.5975305229012 306
1739714656761 93.42307857230286 307
1739714656764 93.2490003115483 308
1739714656768 93.07529489018033 309
1739714656772 92.90196145976728 310
1739714656776 92.72899917389839 311
1739714656781 92.55640718817841 312
1739714656785 92.38418466022276 313
1739714656789 92.21233074965244 314
1739714656793 92.04084461808904 315
1739714656797 91.86972542914982 316
1739714656801 91.69897234844261 317
1739714656806 91.5285845435609 318
1739714656810 91.35856118407897 319
1739714656814 91.1889014415468 320
1739714656818 91.01960448948535 321
1739714656823 90.85066950338138 322
1739714656827 90.6820956606828 323
1739714656831 90.51388214079367 324
1739714656835 90.34602812506937 325
1739714656839 90.17853279681167 326
1739714656843 90.01139534126398 327
1739714656848 89.84461494560647 328
1739714656852 89.67819079895119 329
1739714656856 89.51212209233745 330
1739714656860 89.34640801872676 331
1739714656865 89.1810477729983 332
1739714656869 89.016040551944 333
1739714656874 88.85138555426381 334
1739714656878 88.68708198056102 335
1739714656882 88.52312903333744 336
1739714656886 88.35952591698876 337
1739714656890 88.19627183779977 338
1739714656895 88.03336600393975 339
1739714656900 87.87080762545769 340
1739714656904 87.70859591427775 341
1739714656908 87.54673008419442 342
1739714656913 87.38520935086815 343
1739714656917 87.22403293182039 344
1739714656921 87.06320004642923 345
1739714656925 86.90270991592465 346
1739714656929 86.74256176338403 347
1739714656933 86.58275481372745 348
1739714656937 86.42328829371323 349
1739714656941 86.2641614319333 350
1739714656945 86.10537345880866 351
1739714656949 85.94692360658487 352
1739714656953 85.78881110932757 353
1739714656957 85.6310352029178 354
1739714656962 85.47359512504777 355
1739714656966 85.31649011521606 356
1739714656971 85.15971941472344 357
1739714656975 85.0032822666682 358
1739714656980 84.8471779159418 359
1739714656985 84.6914056092244 360
1739714656990 84.5359645949804 361
1739714656994 84.38085412345413 362
1739714656998 84.22607344666528 363
1739714657003 84.07162181840467 364
1739714657007 83.91749849422975 365
1739714657011 83.76370273146033 366
1739714657016 83.61023378917412 367
1739714657020 83.45709092820243 368
1739714657024 83.30427341112589 369
1739714657029 83.15178050227001 370
1739714657033 82.99961146770096 371
1739714657037 82.84776557522122 372
1739714657041 82.69624209436529 373
1739714657045 82.54504029639547 374
1739714657050 82.39415945429752 375
1739714657055 82.24359884277645 376
1739714657059 82.0933577382522 377
1739714657063 81.94343541885553 378
1739714657067 81.79383116442365 379
1739714657071 81.6445442564962 380
1739714657075 81.49557397831082 381
1739714657079 81.3469196147991 382
1739714657083 81.19858045258242 383
1739714657088 81.05055577996768 384
1739714657092 80.90284488694324 385
1739714657100 80.75544706517468 386
1739714657104 80.60836160800076 387
1739714657108 80.46158781042925 388
1739714657113 80.3151249691328 389
1739714657117 80.16897238244479 390
1739714657121 80.02312935035542 391
1739714657125 79.87759517450739 392
1739714657129 79.73236915819207 393
1739714657133 79.58745060634517 394
1739714657138 79.44283882554298 395
1739714657141 79.29853312399804 396
1739714657145 79.15453281155534 397
1739714657149 79.01083719968824 398
1739714657153 78.86744560149437 399
1739714657158 78.72435733169172 400
1739714657164 78.58157170661468 401
1739714657170 78.43908804420992 402
1739714657174 78.29690566403264 403
1739714657179 78.1550238872424 404
1739714657183 78.01344203659927 405
1739714657188 77.87215943645997 406
1739714657193 77.73117541277377 407
1739714657198 77.59048929307873 408
1739714657203 77.45010040649774 409
1739714657207 77.31000808373457 410
1739714657211 77.17021165707011 411
1739714657215 77.03071046035834 412
1739714657220 76.89150382902258 413
1739714657224 76.75259110005162 414
1739714657228 76.61397161199585 415
1739714657232 76.47564470496344 416
1739714657237 76.33760972061646 417
1739714657242 76.19986600216716 418
1739714657247 76.06241289437412 419
1739714657252 75.92524974353842 420
1739714657257 75.78837589749993 421
1739714657261 75.65179070563343 422
1739714657265 75.51549351884502 423
1739714657270 75.3794836895681 424
1739714657275 75.2437605717599 425
1739714657279 75.10832352089759 426
1739714657283 74.9731718939745 427
1739714657287 74.83830504949661 428
1739714657291 74.70372234747866 429
1739714657294 74.56942314944052 430
1739714657299 74.43540681840346 431
1739714657303 74.30167271888652 432
1739714657307 74.16822021690284 433
1739714657311 74.03504867995598 434
1739714657316 73.90215747703628 435
1739714657320 73.76954597861719 436
1739714657324 73.63721355665169 437
1739714657328 73.50515958456859 438
1739714657332 73.37338343726901 439
1739714657336 73.24188449112279 440
1739714657340 73.11066212396469 441
1739714657344 72.9797157150911 442
1739714657348 72.84904464525623 443
1739714657352 72.71864829666869 444
1739714657355 72.58852605298783 445
1739714657359 72.45867729932024 446
1739714657363 72.32910142221627 447
1739714657368 72.19979780966638 448
1739714657372 72.07076585109772 449
1739714657376 71.94200493737051 450
1739714657380 71.81351446077466 451
1739714657384 71.6852938150262 452
1739714657388 71.55734239526383 453
1739714657393 71.42965959804548 454
1739714657397 71.30224482134469 455
1739714657401 71.17509746454732 456
1739714657405 71.04821692844801 457
1739714657409 70.92160261524685 458
1739714657413 70.79525392854575 459
1739714657418 70.66917027334522 460
1739714657422 70.5433510560408 461
1739714657426 70.41779568441981 462
1739714657430 70.29250356765786 463
1739714657433 70.16747411631538 464
1739714657437 70.04270674233443 465
1739714657441 69.9182008590352 466
1739714657445 69.79395588111272 467
1739714657449 69.66997122463341 468
1739714657453 69.54624630703185 469
1739714657457 69.42278054710737 470
1739714657461 69.29957336502073 471
1739714657465 69.17662418229087 472
1739714657469 69.05393242179152 473
1739714657473 68.93149750774789 474
1739714657477 68.80931886573349 475
1739714657481 68.68739592266667 476
1739714657485 68.56572810680754 477
1739714657490 68.44431484775455 478
1739714657494 68.32315557644132 479
1739714657497 68.20224972513331 480
1739714657502 68.08159672742464 481
1739714657506 67.96119601823489 482
1739714657510 67.84104703380574 483
1739714657514 67.72114921169789 484
1739714657518 67.60150199078778 485
1739714657522 67.48210481126442 486
1739714657526 67.36295711462616 487
1739714657530 67.24405834367748 488
1739714657534 67.12540794252595 489
1739714657538 67.00700535657893 490
1739714657542 66.88885003254043 491
1739714657546 66.770941418408 492
1739714657551 66.65327896346956 493
1739714657555 66.53586211830024 494
1739714657559 66.41869033475932 495
1739714657563 66.30176306598705 496
1739714657567 66.18507976640153 497
1739714657570 66.06863989169565 498
1739714657575 65.95244289883398 499
