1739716150599 41.36227881091863 0
1739716150603 9.02489440706883 1
1739716150608 2.196336278513741 2
1739716150613 0.9043800119935144 3
1739716150617 0.23803722858227178 4
1739716150622 0.18925862122080653 5
1739716150626 0.1324902915084647 6
1739716150631 0.153664151972839 7
1739716150635 0.16601342020655757 8
1739716150640 0.13032128164328807 9
1739716150644 0.11694350577038215 10
1739716150649 0.14473433209615946 11
1739716150653 0.11905948009258353 12
1739716150658 0.10423998126473978 13
1739716150663 0.16301721781257564 14
1739716150667 0.1844302576050962 15
1739716150672 0.17114788775322562 16
1739716150677 0.16446514050414116 17
1739716150681 0.14284333285388942 18
1739716150686 0.1217570309465448 19
1739716150690 0.11806999667515079 20
1739716150695 0.12418892692015696 21
1739716150700 0.16261671266946268 22
1739716150704 0.12282007130722343 23
1739716150709 0.1120915430775592 24
1739716150714 0.11322407969360107 25
1739716150720 0.13657776945968228 26
1739716150724 0.11140761573201421 27
1739716150729 0.10208268083297618 28
1739716150733 0.13850521000196592 29
1739716150738 0.17103086407206733 30
1739716150742 0.09205045308864665 31
1739716150747 0.17539380617077632 32
1739716150751 0.14323813461686488 33
1739716150756 0.14273113952834457 34
1739716150761 0.15158485567754781 35
1739716150765 0.10517657004121901 36
1739716150770 0.07658828518092335 37
1739716150774 0.14914679992878033 38
1739716150779 0.0983718203217661 39
1739716150784 0.1220057092280991 40
1739716150789 0.09044025051168435 41
1739716150793 0.1082030443463688 42
1739716150799 0.12436638304863692 43
1739716150804 0.15652012494015202 44
1739716150809 0.1432768659694513 45
1739716150814 0.12879859050534542 46
1739716150818 0.09709990232789849 47
1739716150823 0.11869796285272516 48
1739716150828 0.1073627956086995 49
1739716150833 0.0983476286279985 50
1739716150837 0.15655364837846844 51
1739716150842 0.11387417865419025 52
1739716150847 0.12584925452036683 53
1739716150851 0.12608280769387922 54
1739716150856 0.07521457798364854 55
1739716150860 0.12900420013569946 56
1739716150865 0.1433196566240388 57
1739716150869 0.1285265736452494 58
1739716150874 0.16288765109167871 59
1739716150878 0.14826301399510497 60
1739716150883 0.0833151853383948 61
1739716150888 0.12120894756773244 62
1739716150892 0.14960458227417944 63
1739716150897 0.11294159263529377 64
1739716150901 0.14450705773870476 65
1739716150906 0.1120180427606403 66
1739716150911 0.10650405441503408 67
1739716150916 0.13906547523664992 68
1739716150921 0.17279601351108995 69
1739716150926 0.12389561730520683 70
1739716150930 0.13258814940856933 71
1739716150935 0.14621874555617162 72
1739716150940 0.11496448919922084 73
1739716150945 0.1862229623419819 74
1739716150949 0.12522387049488043 75
1739716150954 0.13155220519530939 76
1739716150959 0.08612880177314548 77
1739716150963 0.13319660539790834 78
1739716150968 0.099914731661811 79
1739716150973 0.06216618968943776 80
1739716150977 0.10532927076999683 81
1739716150982 0.15040220734212725 82
1739716150987 0.1381893078283751 83
1739716150992 0.1351340251326428 84
1739716150996 0.1524999953468814 85
1739716151001 0.1540362019706978 86
1739716151005 0.09187816227722323 87
1739716151010 0.18522459436311783 88
1739716151015 0.13647419539158653 89
1739716151019 0.11537470371467444 90
1739716151024 0.1463558959958131 91
1739716151028 0.1586838841594224 92
1739716151033 0.13420286630503342 93
1739716151038 0.12248592272350711 94
1739716151043 0.10499687976919157 95
1739716151048 0.10973322403846858 96
1739716151053 0.0971333219421877 97
1739716151058 0.13580778115983785 98
1739716151063 0.08201611746949053 99
1739716151069 0.14519463541818628 100
1739716151073 0.08916575895438619 101
1739716151078 0.1270454978932924 102
1739716151084 0.11537359310928504 103
1739716151088 0.15416958574208664 104
1739716151093 0.09623421247792521 105
1739716151098 0.1414901195704445 106
1739716151102 0.14632775675143672 107
1739716151107 0.09960202931596829 108
1739716151111 0.09515978385441795 109
1739716151115 0.12442468040096644 110
1739716151120 0.12721794035029085 111
1739716151125 0.1259402039470129 112
1739716151129 0.1734528376751138 113
1739716151134 0.10223316089699766 114
1739716151138 0.15178279445462753 115
1739716151143 0.1267605754579649 116
1739716151147 0.10922625446063518 117
1739716151152 0.08470722759063985 118
1739716151156 0.15841118712030974 119
1739716151161 0.09376954965585158 120
1739716151166 0.13962534440783833 121
1739716151170 0.10509067095445243 122
1739716151175 0.1570603958477917 123
1739716151180 0.12120732689857174 124
1739716151185 0.12232053514226533 125
1739716151189 0.0764803787781195 126
1739716151194 0.14508144850964175 127
1739716151199 0.07104114409987619 128
1739716151204 0.0880994282852404 129
1739716151209 0.09672244609501732 130
1739716151213 0.13025624555934953 131
1739716151218 0.16666833717262364 132
1739716151223 0.10168257266116715 133
1739716151227 0.16755788336702235 134
1739716151232 0.16875139976189105 135
1739716151237 0.11988078008808119 136
1739716151242 0.15367649772789516 137
1739716151246 0.11377915604735502 138
1739716151251 0.12145301039474947 139
1739716151256 0.10587620608185486 140
1739716151260 0.11528425818499752 141
1739716151265 0.14294258608691077 142
1739716151270 0.1650022328396838 143
1739716151274 0.14706884855277533 144
1739716151279 0.07161185936536132 145
1739716151284 0.09700047079599683 146
1739716151288 0.1779462413017041 147
1739716151293 0.17645683533382267 148
1739716151298 0.1728677726255299 149
1739716151303 0.11617117914971754 150
1739716151307 0.2132046999658277 151
1739716151312 0.09069415910894105 152
1739716151317 0.11535148243346921 153
1739716151321 0.12099948954577222 154
1739716151326 0.14689368940317069 155
1739716151331 0.11734510389112959 156
1739716151335 0.12973914819121923 157
1739716151340 0.1564571716428535 158
1739716151345 0.12129750606961327 159
1739716151350 0.19920657133882863 160
1739716151354 0.11065811874521946 161
1739716151359 0.19030925286085837 162
1739716151364 0.11137624905870312 163
1739716151369 0.10660529602544021 164
1739716151373 0.15108676489548872 165
1739716151378 0.1443989055913276 166
1739716151382 0.12770702050448832 167
1739716151387 0.12674039420982072 168
1739716151392 0.1514307619510912 169
1739716151397 0.17387513897699924 170
1739716151401 0.12946425543534412 171
1739716151406 0.12513956400537243 172
1739716151411 0.15110920782818033 173
1739716151415 0.1349576717842476 174
1739716151420 0.10484020390250225 175
1739716151425 0.12657323288410013 176
1739716151431 0.15885045889248636 177
1739716151437 0.12080351297514624 178
1739716151442 0.13942348520992065 179
1739716151447 0.23717680328198765 180
1739716151452 0.13142905053830406 181
1739716151456 0.19658353650117297 182
1739716151461 0.1495945586665759 183
1739716151466 0.12852587301524782 184
1739716151471 0.1401506817914669 185
1739716151476 0.12609826914399647 186
1739716151480 0.10782965654464136 187
1739716151485 0.134329485459155 188
1739716151490 0.13658726353834727 189
1739716151494 0.051692305959849076 190
1739716151499 0.1055967045275005 191
1739716151504 0.1177342359206034 192
1739716151508 0.17667531171646395 193
1739716151513 0.14518479039908727 194
1739716151517 0.14774268508679414 195
1739716151522 0.1449865085948425 196
1739716151527 0.09582404260714672 197
1739716151532 0.10903825371388835 198
1739716151537 0.07797234069908657 199
1739716151542 0.18617715739971263 200
1739716151547 0.14589124218576976 201
1739716151552 0.09733937113159058 202
1739716151556 0.1477039604561768 203
1739716151561 0.13037775500955884 204
1739716151565 0.11587792960085484 205
1739716151570 0.08659501861616231 206
1739716151574 0.11755590531046742 207
1739716151579 0.1717831062013184 208
1739716151584 0.11036643366272374 209
1739716151588 0.15655576621544268 210
1739716151593 0.20105562779863825 211
1739716151598 0.12989171882681025 212
1739716151602 0.11366826961065667 213
1739716151607 0.14345617169312155 214
1739716151611 0.10115825834189153 215
1739716151616 0.15059215602637147 216
1739716151621 0.1313950654386496 217
1739716151626 0.17763812651158045 218
1739716151631 0.1763952803707422 219
1739716151636 0.12550090204990227 220
1739716151640 0.06350017527050004 221
1739716151645 0.1298831677628522 222
1739716151649 0.10078274813532084 223
1739716151654 0.11602552052334766 224
1739716151659 0.10931132923240319 225
1739716151664 0.12682705423767218 226
1739716151668 0.11990712690258457 227
1739716151674 0.17429983095497004 228
1739716151679 0.15144250511436336 229
1739716151683 0.15897351870060666 230
1739716151688 0.11631071363195238 231
1739716151693 0.13282028418239517 232
1739716151697 0.18447111659686694 233
1739716151702 0.15882336042051773 234
1739716151707 0.08825842444534639 235
1739716151711 0.19536175484936424 236
1739716151716 0.14813618967643777 237
1739716151723 0.16927647969073858 238
1739716151728 0.14644608626995884 239
1739716151733 0.1597494830854216 240
1739716151738 0.1250066806132108 241
1739716151742 0.16026295370791022 242
1739716151747 0.14765892443400033 243
1739716151751 0.1843590361812065 244
1739716151756 0.12925868095746515 245
1739716151761 0.15463096754548042 246
1739716151765 0.16149704252470262 247
1739716151770 0.12481647872188065 248
1739716151774 0.09973019448744665 249
1739716151779 0.08335818419970298 250
1739716151784 0.0924080209904889 251
1739716151789 0.1803502625404334 252
1739716151793 0.07624446105793847 253
1739716151798 0.08912244559231315 254
1739716151806 0.12477995745146803 255
1739716151811 0.15306254270636788 256
1739716151817 0.11955631155020789 257
1739716151822 0.14613202535984007 258
1739716151826 0.12627433542948804 259
1739716151831 0.16432657897899058 260
1739716151836 0.12424576251449382 261
1739716151840 0.0859730072740268 262
1739716151845 0.13800973925283258 263
1739716151850 0.11958680031382916 264
1739716151855 0.13166795370442794 265
1739716151859 0.11882874461091548 266
1739716151863 0.13091080562310103 267
1739716151868 0.12614410225941414 268
1739716151872 0.1462812945826027 269
1739716151877 0.13441038495460064 270
1739716151882 0.13046901673623348 271
1739716151886 0.11522838910347433 272
1739716151890 0.12656287876892044 273
1739716151895 0.13237359902347998 274
1739716151900 0.15067279428716826 275
1739716151904 0.12671284598510052 276
1739716151909 0.17243323887656747 277
1739716151913 0.19717232190696216 278
1739716151918 0.10288241363684832 279
1739716151923 0.09386897842399601 280
1739716151927 0.1830464177345814 281
1739716151932 0.1378828847766553 282
1739716151937 0.1379139089540422 283
1739716151941 0.10514893062913953 284
1739716151946 0.08814704120026474 285
1739716151951 0.15599835727752073 286
1739716151955 0.12422355572385953 287
1739716151960 0.1427950426681396 288
1739716151965 0.16412029345973128 289
1739716151970 0.1452119380662332 290
1739716151975 0.13000947824420844 291
1739716151979 0.1713221304996658 292
1739716151984 0.1082033510143707 293
1739716151989 0.10838220864324823 294
1739716151993 0.12295217436851588 295
1739716151998 0.07147022472076503 296
1739716152003 0.10791838697528265 297
1739716152008 0.18597665598932012 298
1739716152012 0.13274381620726153 299
1739716152018 0.1286863448399713 300
1739716152025 0.11694740641219202 301
1739716152065 0.13444569738906362 302
1739716152077 0.1314011059996501 303
1739716152083 0.14024441905505822 304
1739716152088 0.11836325815116962 305
1739716152092 0.11785701834734734 306
1739716152097 0.14658112384272004 307
1739716152101 0.13669250703323596 308
1739716152106 0.1895093206512439 309
1739716152110 0.13552967980696 310
1739716152115 0.14343997311811774 311
1739716152119 0.14020253759071294 312
1739716152125 0.1100557269092642 313
1739716152130 0.1825889310482611 314
1739716152134 0.09710825356463115 315
1739716152139 0.1010699957784018 316
1739716152143 0.11742850531866553 317
1739716152148 0.1526579332037465 318
1739716152152 0.1315666996972901 319
1739716152157 0.138948467914393 320
1739716152162 0.12966777594737747 321
1739716152166 0.13634321982545042 322
1739716152171 0.1294381365248802 323
1739716152175 0.09337452079798879 324
1739716152180 0.1264922674523789 325
1739716152184 0.14656098270812948 326
1739716152189 0.10795223876146305 327
1739716152193 0.14183841842678666 328
1739716152197 0.1569771539187382 329
1739716152202 0.13328881672062123 330
1739716152207 0.11122693063798866 331
1739716152211 0.1355068558271466 332
1739716152216 0.1261143282841502 333
1739716152220 0.16271013673426662 334
1739716152225 0.17368355020431908 335
1739716152229 0.11746220291639502 336
1739716152234 0.1633044044245387 337
1739716152238 0.12090518809952684 338
1739716152243 0.13460946171214852 339
1739716152248 0.1974784205950138 340
1739716152253 0.10744732925966557 341
1739716152258 0.14762924505904146 342
1739716152263 0.1364697045715814 343
1739716152267 0.10112335903512353 344
1739716152272 0.1357405999004439 345
1739716152277 0.15865286788918506 346
1739716152281 0.11623868503945504 347
1739716152286 0.12043533259314629 348
1739716152290 0.11021610966924633 349
1739716152295 0.16138396495595228 350
1739716152299 0.14647978392854435 351
1739716152304 0.10176787980930276 352
1739716152308 0.1417327020725762 353
1739716152313 0.08178580450129014 354
1739716152317 0.13884792368076385 355
1739716152321 0.12117790454883383 356
1739716152326 0.13952637096328882 357
1739716152330 0.21839406413796142 358
1739716152335 0.16412596802020002 359
1739716152339 0.14242629743724272 360
1739716152343 0.1188936134231368 361
1739716152348 0.09939214079738538 362
1739716152353 0.16285124939509069 363
1739716152358 0.13055000585184856 364
1739716152362 0.1119798401585245 365
1739716152367 0.12048523687994535 366
1739716152371 0.09287817069410269 367
1739716152376 0.11230805076912069 368
1739716152381 0.1280896105419514 369
1739716152385 0.11685939201467212 370
1739716152391 0.14135900815455274 371
1739716152395 0.12217526486789032 372
1739716152400 0.12406289120805748 373
1739716152405 0.13279543648057923 374
1739716152409 0.09656256614165833 375
1739716152414 0.12172392865892041 376
1739716152418 0.16588686884153667 377
1739716152422 0.09114963443992365 378
1739716152427 0.1211907506772988 379
1739716152432 0.20361856042412096 380
1739716152437 0.15684604081057507 381
1739716152441 0.2226532426867289 382
1739716152446 0.15583961614362768 383
1739716152450 0.1241198481076196 384
1739716152455 0.23195516258503465 385
1739716152459 0.11772497861509013 386
1739716152463 0.12289311013936288 387
1739716152467 0.10648861239044806 388
1739716152472 0.12341359397805628 389
1739716152476 0.15571332373086005 390
1739716152480 0.11260364990408207 391
1739716152485 0.16717596686906422 392
1739716152489 0.2015536169490001 393
1739716152494 0.11706030875173458 394
1739716152499 0.11755345554229886 395
1739716152504 0.14026677334091356 396
1739716152508 0.11366521816289839 397
1739716152513 0.10889232677376601 398
1739716152518 0.13663068795216013 399
1739716152523 0.11001094051142521 400
1739716152527 0.1314277597352671 401
1739716152532 0.11490704164046037 402
1739716152537 0.14363941184301537 403
1739716152541 0.06274224599362521 404
1739716152546 0.10251171734717524 405
1739716152551 0.1349774246449292 406
1739716152556 0.20186665415590338 407
1739716152560 0.1762265503504131 408
1739716152564 0.09498334589215324 409
1739716152569 0.12039262283159856 410
1739716152574 0.1134254895797893 411
1739716152578 0.09008426962785836 412
1739716152583 0.17764094236878056 413
1739716152587 0.11459807781157923 414
1739716152592 0.1641530005004476 415
1739716152597 0.1544383269635535 416
1739716152601 0.06300533177044583 417
1739716152606 0.11334226838004731 418
1739716152611 0.11466445792710264 419
1739716152615 0.15366133863792053 420
1739716152620 0.12126414827922134 421
1739716152624 0.11999642701234331 422
1739716152629 0.11058596640796212 423
1739716152634 0.22236866363169197 424
1739716152639 0.1295553292801589 425
1739716152644 0.11492870591495805 426
1739716152648 0.16814816926373852 427
1739716152653 0.16818120561064115 428
1739716152658 0.21440549056126063 429
1739716152662 0.14867726504789594 430
1739716152667 0.15050486821698053 431
1739716152671 0.13890545638483182 432
1739716152675 0.14934198184153447 433
1739716152681 0.12203820085118652 434
1739716152685 0.10048684339860578 435
1739716152690 0.12784529950847823 436
1739716152695 0.17244939420592112 437
1739716152700 0.11059047222301423 438
1739716152704 0.16706380188084102 439
1739716152709 0.1818842433515702 440
1739716152713 0.17315611738530395 441
1739716152718 0.13336696908643714 442
1739716152722 0.18029591169961592 443
1739716152728 0.09385534756583003 444
1739716152733 0.10783429756003275 445
1739716152738 0.14116566083589235 446
1739716152742 0.12988529857529407 447
1739716152747 0.11006980860437741 448
1739716152752 0.18336344835208038 449
1739716152757 0.13571327520407706 450
1739716152762 0.13915370028629 451
1739716152766 0.13045068826453415 452
1739716152771 0.12171998812596999 453
1739716152775 0.11569822831713955 454
1739716152780 0.17235636655282907 455
1739716152785 0.12887068472677998 456
1739716152790 0.15260438010430208 457
1739716152795 0.12693789317863957 458
1739716152799 0.14967995223797073 459
1739716152804 0.12545957431390206 460
1739716152809 0.14084484071761044 461
1739716152814 0.15237226685136313 462
1739716152818 0.07662637498591686 463
1739716152823 0.07269183140579898 464
1739716152827 0.1948481847971886 465
1739716152832 0.18632034375751033 466
1739716152836 0.1097924946008464 467
1739716152841 0.13432976972042573 468
1739716152846 0.14654026958393274 469
1739716152850 0.1701620979630236 470
1739716152855 0.11774497717884834 471
1739716152859 0.18463093619507195 472
1739716152864 0.12961512582050091 473
1739716152868 0.11470982956426813 474
1739716152872 0.17477628704423814 475
1739716152877 0.09481428691764936 476
1739716152882 0.09467126966006342 477
1739716152887 0.12372336948966468 478
1739716152891 0.09892462765694088 479
1739716152896 0.1411196622972258 480
1739716152900 0.20123937108663242 481
1739716152905 0.12158151788247258 482
1739716152910 0.09178599598063611 483
1739716152914 0.16167027189823957 484
1739716152919 0.11352675493747717 485
1739716152923 0.14378229935335501 486
1739716152928 0.14386344485290511 487
1739716152933 0.14868301448463841 488
1739716152938 0.10259052479796296 489
1739716152943 0.1848841312471428 490
1739716152947 0.1946656434465633 491
1739716152952 0.17641557261511168 492
1739716152957 0.09265565745863304 493
1739716152961 0.07885290298602342 494
1739716152966 0.1163003468498757 495
1739716152971 0.14358828619084177 496
1739716152975 0.15474930194084066 497
1739716152980 0.1843073077579285 498
1739716152985 0.1698132149922311 499
