1739715732732 42.60756971329703 0
1739715732737 15.46870154928546 1
1739715732742 8.050414291908918 2
1739715732747 6.325098823292889 3
1739715732753 5.3322209352029235 4
1739715732759 5.167086244409384 5
1739715732763 4.576173742496753 6
1739715732768 4.658370837532695 7
1739715732773 4.95878831257298 8
1739715732778 4.324730392367919 9
1739715732783 4.57292164355311 10
1739715732788 4.811557640299285 11
1739715732793 4.588577401259336 12
1739715732799 4.758979276651769 13
1739715732804 4.545559913463126 14
1739715732808 4.864923175939523 15
1739715732812 4.685428764189468 16
1739715732817 4.656671529630124 17
1739715732821 4.6048018671285975 18
1739715732825 5.040444734262286 19
1739715732830 4.854525072760162 20
1739715732834 4.436005981179427 21
1739715732839 4.567317227280479 22
1739715732844 4.558529967836992 23
1739715732848 4.974597756540365 24
1739715732853 4.860139778692959 25
1739715732857 4.569916213836917 26
1739715732862 4.686730899921623 27
1739715732867 4.651914797956577 28
1739715732871 4.951030116340055 29
1739715732876 4.804946298938293 30
1739715732881 4.666544731617682 31
1739715732885 4.864870357706344 32
1739715732890 4.962705924431271 33
1739715732895 4.5167359337455935 34
1739715732899 4.829004448029229 35
1739715732907 4.52583139604382 36
1739715732913 5.236434679572917 37
1739715732918 4.474254167298731 38
1739715732923 4.672062728667626 39
1739715732928 4.940182965080797 40
1739715732933 4.954642618232115 41
1739715732938 5.3002180794089755 42
1739715732942 4.300991616378628 43
1739715732947 4.34165187339529 44
1739715732952 4.942062476098442 45
1739715732957 4.767670432009427 46
1739715732962 4.832785925542731 47
1739715732967 4.570702941374068 48
1739715732972 4.673710203815983 49
1739715732977 4.839004223422779 50
1739715732981 4.7292061156326755 51
1739715732986 4.8300769449837455 52
1739715732991 4.935862122279022 53
1739715732999 4.653773425791888 54
1739715733003 4.7728901641510815 55
1739715733008 4.784490111122863 56
1739715733013 4.7192588918416165 57
1739715733018 5.011398140528047 58
1739715733022 4.645165938710293 59
1739715733026 4.897268261042742 60
1739715733031 4.947765955735389 61
1739715733036 4.688482647384844 62
1739715733040 4.683503791871766 63
1739715733045 5.098506064274647 64
1739715733050 4.741990361812495 65
1739715733055 5.08946330565967 66
1739715733060 4.931114524187958 67
1739715733065 4.8343695679353855 68
1739715733069 4.79930982092263 69
1739715733074 5.043913777730612 70
1739715733079 5.374337260339919 71
1739715733083 4.9290863771476445 72
1739715733089 4.847387599290165 73
1739715733094 5.058827979949157 74
1739715733099 4.740753235390519 75
1739715733104 4.690211528185784 76
1739715733109 4.536597565995566 77
1739715733113 4.701303832567361 78
1739715733118 4.196451995866038 79
1739715733122 4.616133676229815 80
1739715733127 4.710544130833606 81
1739715733131 4.687344014937205 82
1739715733136 5.059367028913331 83
1739715733140 4.759136965389535 84
1739715733144 5.175186412627022 85
1739715733149 4.834810858693426 86
1739715733153 4.886745077200831 87
1739715733157 4.8790445703288325 88
1739715733162 4.84765167248184 89
1739715733166 5.212791540098515 90
1739715733171 4.784089065476271 91
1739715733175 5.022689989792826 92
1739715733180 4.95026834320936 93
1739715733185 4.760765480775184 94
1739715733189 5.203566400094681 95
1739715733194 4.827979229106776 96
1739715733199 4.991957799481424 97
1739715733204 4.604255424089054 98
1739715733208 4.785686480698177 99
1739715733213 5.084786336344791 100
1739715733217 4.579132830530685 101
1739715733222 5.3994754175068 102
1739715733227 4.955516841756018 103
1739715733232 4.564750758560975 104
1739715733236 5.1349658556680735 105
1739715733241 4.864472497304155 106
1739715733248 4.440115893047403 107
1739715733255 4.705066504456973 108
1739715733262 4.718232376471025 109
1739715733268 4.978395981332411 110
1739715733273 4.619654067555926 111
1739715733279 4.746290910312203 112
1739715733284 4.764707789736278 113
1739715733289 4.529648424509286 114
1739715733294 4.201968919886171 115
1739715733299 4.942255814485398 116
1739715733304 4.817665624313423 117
1739715733309 4.5610048730560715 118
1739715733313 4.916178865582597 119
1739715733318 4.889709679788382 120
1739715733323 4.469329564666266 121
1739715733328 4.84766830363998 122
1739715733333 4.843210852416078 123
1739715733337 4.90997513291024 124
1739715733342 4.656403779065894 125
1739715733347 4.66013335426666 126
1739715733352 5.177162601034358 127
1739715733357 4.999605989002412 128
1739715733361 4.536401660153605 129
1739715733366 4.672677012028096 130
1739715733371 4.552286072861716 131
1739715733376 4.586014276974069 132
1739715733382 4.7281214934032105 133
1739715733386 5.011688004237794 134
1739715733391 4.477595928453696 135
1739715733396 4.93702913332173 136
1739715733400 5.026924119940957 137
1739715733405 4.650959284936839 138
1739715733410 4.294906084138779 139
1739715733415 4.693719718248407 140
1739715733420 4.75125305036181 141
1739715733424 5.030770433102146 142
1739715733429 4.625642909750153 143
1739715733434 5.053435534986191 144
1739715733439 5.013366405839689 145
1739715733444 5.078884627920681 146
1739715733449 4.624469723478876 147
1739715733454 4.686709108375395 148
1739715733459 4.648154558614274 149
1739715733464 4.789432375303321 150
1739715733468 4.542792990313588 151
1739715733473 4.725427656997231 152
1739715733478 4.348893273219205 153
1739715733483 4.931248210047537 154
1739715733488 4.654157396282284 155
1739715733493 4.695212981503914 156
1739715733498 4.678431967181561 157
1739715733502 4.532544889653098 158
1739715733507 4.7378083831827835 159
1739715733512 4.55988811339463 160
1739715733517 4.861845499638229 161
1739715733522 4.694929842640425 162
1739715733527 4.68895795625963 163
1739715733533 5.311186237032442 164
1739715733539 4.312179130274881 165
1739715733543 4.7662780368542474 166
1739715733549 4.640396912343948 167
1739715733554 4.645704682947197 168
1739715733560 4.5624715812856955 169
1739715733564 4.796194595234217 170
1739715733569 4.8419887543670415 171
1739715733575 4.560626144274477 172
1739715733580 5.10711657967684 173
1739715733586 4.915416585400033 174
1739715733592 4.805508905002586 175
1739715733598 4.760912988426032 176
1739715733604 5.0325655841662975 177
1739715733610 4.712027323457 178
1739715733617 4.99394996388156 179
1739715733622 4.576727075168081 180
1739715733635 4.550826054645732 181
1739715733645 4.821867668999773 182
1739715733651 5.013909918827631 183
1739715733657 4.580238950775534 184
1739715733662 4.749437797138808 185
1739715733667 5.046872645443456 186
1739715733673 5.206688645603795 187
1739715733679 4.987306682404702 188
1739715733685 4.847773346510017 189
1739715733691 4.687906054735938 190
1739715733696 5.109761712284238 191
1739715733702 4.893668310899498 192
1739715733707 4.775789368629815 193
1739715733713 4.599071205611928 194
1739715733717 4.713445719209491 195
1739715733723 4.949899514852974 196
1739715733729 4.559401842640391 197
1739715733734 4.543862884028322 198
1739715733740 4.903594373090824 199
1739715733746 4.8361132611997455 200
1739715733751 5.044730207405391 201
1739715733757 4.791328575582197 202
1739715733762 4.778565759232361 203
1739715733768 4.522958841377566 204
1739715733773 4.735199974978234 205
1739715733779 4.905629410521945 206
1739715733784 4.453986090516983 207
1739715733791 4.6138441735795315 208
1739715733799 4.7050427783116575 209
1739715733805 5.0276151315960576 210
1739715733810 4.85318301720969 211
1739715733815 4.928232939478313 212
1739715733820 4.640950496135177 213
1739715733825 4.463929566223288 214
1739715733830 4.8010638326781745 215
1739715733835 4.705880887965373 216
1739715733840 4.758040392512579 217
1739715733846 4.447536721865577 218
1739715733851 4.730411233868437 219
1739715733856 5.0066075614423085 220
1739715733861 4.96405852315594 221
1739715733866 5.046483699502627 222
