1739716301873 158.80540453787333 0
1739716301879 158.03826274861873 1
1739716301884 152.1055093345912 2
1739716301890 148.28675845040434 3
1739716301895 151.40738460447238 4
1739716301900 142.05842889780945 5
1739716301906 141.97943134238787 6
1739716301911 143.64543641687325 7
1739716301916 139.5327578982361 8
1739716301921 138.79995555670885 9
1739716301926 131.60309705255392 10
1739716301931 137.551536935281 11
1739716301936 136.41367208778294 12
1739716301941 128.95327034939737 13
1739716301947 126.4440805830739 14
1739716301952 129.7867235703308 15
1739716301957 122.66627280429107 16
1739716301963 120.78087088215965 17
1739716301968 123.56859876000817 18
1739716301973 118.45234693042822 19
1739716301977 121.34613098159686 20
1739716301983 119.39541480828696 21
1739716301989 115.30214704105403 22
1739716301994 112.52777461625016 23
1739716302000 112.72580196851688 24
1739716302005 109.63680838431704 25
1739716302010 110.12215284184428 26
1739716302015 108.46053025883627 27
1739716302020 105.07493063825085 28
1739716302026 103.24265032803567 29
1739716302032 98.9959217553728 30
1739716302037 98.20521482090287 31
1739716302042 96.52236734160424 32
1739716302047 95.37140613725919 33
1739716302051 99.0253002714805 34
1739716302056 93.06252379352095 35
1739716302061 91.75551925378613 36
1739716302066 91.44366956568668 37
1739716302073 89.3361940076508 38
1739716302078 87.51014872579185 39
1739716302083 89.05287583496046 40
1739716302088 84.76460274215832 41
1739716302093 84.06177107796925 42
1739716302097 85.37127824479195 43
1739716302102 80.38363729954136 44
1739716302106 80.6872759191523 45
1739716302111 79.75113464320303 46
1739716302115 78.26430866935823 47
1739716302120 77.37951309117588 48
1739716302125 76.70125682823307 49
1739716302130 76.1521072063792 50
1739716302135 72.51133674162895 51
1739716302139 73.97245292801607 52
1739716302144 71.82473748443144 53
1739716302149 70.1861462191668 54
1739716302154 69.65743156458599 55
1739716302159 68.48072873070073 56
1739716302164 66.6788680168244 57
1739716302168 67.56448615256261 58
1739716302173 66.43082414723362 59
1739716302178 65.44113617749862 60
1739716302184 64.55841444162981 61
1739716302189 63.97203995309292 62
1739716302193 64.73998815486914 63
1739716302198 60.80093874255645 64
1739716302203 60.22209781338718 65
1739716302207 58.6544811776995 66
1739716302212 59.190542300484594 67
1739716302216 58.64653300486134 68
1739716302221 54.99380764509624 69
1739716302226 57.22928065671622 70
1739716302231 55.887868394430626 71
1739716302235 54.27542595733495 72
1739716302240 55.17421071768306 73
1739716302245 52.251256853727966 74
1739716302249 50.96188414197733 75
1739716302254 51.29549224562364 76
1739716302259 51.383918893373576 77
1739716302264 49.7421479854445 78
1739716302269 48.98138616819587 79
1739716302273 49.07480938822727 80
1739716302279 48.979915070351076 81
1739716302283 46.214870118526434 82
1739716302288 44.86150975524958 83
1739716302292 44.965526490495265 84
1739716302299 44.444920248650064 85
1739716302306 43.130037784857294 86
1739716302312 44.55623939885924 87
1739716302317 43.80123018206035 88
1739716302322 42.223542843402925 89
1739716302328 41.15768112324969 90
1739716302334 41.25915583088148 91
1739716302340 40.23854560492833 92
1739716302345 38.87078813142282 93
1739716302351 38.68444306389934 94
1739716302356 38.55983915234421 95
1739716302361 38.62835190897617 96
1739716302366 38.46155490287066 97
1739716302372 37.30843124612263 98
1739716302377 36.04779072242504 99
1739716302382 36.61088431426001 100
1739716302387 35.76021532432105 101
1739716302392 34.25658671749296 102
1739716302397 35.00178195527554 103
1739716302402 33.315989811384505 104
1739716302407 33.10381071667856 105
1739716302412 33.06197080661274 106
1739716302417 32.79626332542122 107
1739716302422 31.33025149698528 108
1739716302427 30.99202429709025 109
1739716302432 31.792561314758583 110
1739716302437 30.57765817825907 111
1739716302442 30.751245394885043 112
1739716302447 27.950654617670065 113
1739716302452 28.906657709812343 114
1739716302457 27.936464527534994 115
1739716302462 28.81622006156622 116
1739716302468 28.90115064691675 117
1739716302473 28.19903961520002 118
1739716302478 28.203918147084487 119
1739716302483 26.72858053698358 120
1739716302488 26.60604008702372 121
1739716302493 25.074986074541613 122
1739716302500 25.269470935889707 123
1739716302508 25.540012999016515 124
1739716302515 25.760942288911327 125
1739716302520 24.197090680360862 126
1739716302525 23.481777722162164 127
1739716302531 23.341555894647744 128
1739716302536 22.92524190993351 129
1739716302541 22.623446129215722 130
1739716302546 22.827287830546883 131
1739716302551 22.976192028472923 132
1739716302556 22.043944747852827 133
1739716302561 22.076343248504557 134
1739716302567 21.69871843507517 135
1739716302572 21.31676773626003 136
1739716302577 20.023061045036147 137
1739716302582 20.198043015440476 138
1739716302587 20.871131904995384 139
1739716302593 19.22190242829399 140
1739716302598 20.02350677373024 141
1739716302602 19.930049499921516 142
1739716302608 18.673711031930946 143
1739716302614 19.625727404544367 144
1739716302619 19.266201339934025 145
1739716302624 19.43452299462793 146
1739716302629 17.841676408072274 147
1739716302634 18.71775438056275 148
1739716302639 17.83802032218453 149
1739716302644 16.81791172624228 150
1739716302649 17.090552786824393 151
1739716302659 16.631767198103155 152
1739716302664 16.09319311282724 153
1739716302669 16.30126338429325 154
1739716302674 15.95580362862327 155
1739716302678 15.374876388946795 156
1739716302683 16.35841340946502 157
1739716302688 15.17722907524923 158
1739716302693 15.04285576960884 159
1739716302698 14.835781377047061 160
1739716302703 15.383033527191445 161
1739716302708 13.916214464787508 162
1739716302713 14.668625963760354 163
1739716302717 14.053253332071835 164
1739716302722 13.045551407422082 165
1739716302727 13.54140263678251 166
1739716302731 14.198141755579812 167
1739716302736 14.044029300297156 168
1739716302741 13.072262178367756 169
1739716302746 13.051703599691955 170
1739716302750 12.874733801627354 171
1739716302755 12.254131523058922 172
1739716302760 11.740283208008476 173
1739716302765 12.472483774456471 174
1739716302770 11.83684571408705 175
1739716302775 12.023889699083176 176
1739716302780 11.420358675976685 177
1739716302784 11.569318821668128 178
1739716302789 12.107875164148329 179
1739716302794 11.708511978024763 180
1739716302799 10.75665464016742 181
1739716302804 10.66483524547607 182
1739716302810 10.693732667156644 183
1739716302814 10.214705946303004 184
1739716302819 10.752685794592482 185
1739716302824 9.97658655250802 186
1739716302829 9.38839169060508 187
1739716302833 10.34939721444904 188
1739716302838 10.439567081178172 189
1739716302843 9.74061986801612 190
1739716302848 9.224661115225286 191
1739716302853 10.123352293158112 192
1739716302858 9.08214269746897 193
1739716302863 9.254352460776913 194
1739716302867 9.198528464650108 195
1739716302873 8.901961015473999 196
1739716302877 9.057468333028014 197
1739716302882 8.936416073215863 198
1739716302887 8.407535789798795 199
1739716302892 8.704237243717746 200
1739716302897 8.293528773591234 201
1739716302901 8.225953356954406 202
1739716302906 7.884329682282587 203
1739716302911 8.32490937852735 204
1739716302916 8.087671271462812 205
1739716302921 7.669219296994906 206
1739716302926 7.8231892806092524 207
1739716302931 7.466887184356786 208
1739716302936 6.943502259258868 209
1739716302940 6.899169674752847 210
1739716302945 7.222488784299982 211
1739716302950 6.987622710097326 212
1739716302955 6.644262557990348 213
1739716302960 6.502017340595026 214
1739716302964 6.607014257213011 215
1739716302969 6.680554016662458 216
1739716302974 7.099683987830045 217
1739716302979 6.289617539506186 218
1739716302984 7.108824248959145 219
1739716302989 6.1222301985200485 220
1739716302994 6.143360943783939 221
1739716302998 6.281946594243519 222
1739716303003 5.715783367596909 223
1739716303007 5.711120349210212 224
1739716303012 5.468244477363129 225
1739716303017 5.56641018684177 226
1739716303022 6.2117379223704345 227
1739716303027 5.971508983842247 228
1739716303032 5.810483747542858 229
1739716303037 5.538582292621553 230
1739716303042 5.4463587989673545 231
1739716303047 5.39150048980063 232
1739716303052 5.602582052581745 233
1739716303057 4.940811908230684 234
1739716303062 4.985647504808814 235
1739716303066 4.891484349884458 236
1739716303075 4.913867216520631 237
1739716303081 4.462483815012752 238
1739716303087 4.727841922471345 239
1739716303093 5.202741171803692 240
1739716303098 4.40477429027362 241
1739716303103 4.921762692066525 242
1739716303108 4.978582636241534 243
1739716303114 4.453945196185879 244
1739716303119 4.458827424476298 245
1739716303125 4.326874086790357 246
1739716303129 4.1405361448727 247
1739716303134 4.499170491977923 248
1739716303140 3.8350611674111534 249
1739716303145 4.264588241222331 250
1739716303150 4.2918959827327425 251
1739716303155 4.213334309992129 252
1739716303160 3.8622476597718216 253
1739716303165 3.9185106102880387 254
1739716303170 3.7649460499223912 255
1739716303175 3.61478690244548 256
1739716303180 3.6775791581861323 257
1739716303185 3.2288220130812655 258
1739716303190 3.6436564733578787 259
1739716303195 3.6102998183105797 260
1739716303200 3.3454316157275166 261
1739716303205 3.6971403599584023 262
1739716303210 3.895360553457914 263
1739716303215 3.467541231031697 264
1739716303220 3.649763383510325 265
1739716303225 3.3898768361171423 266
1739716303230 3.2697047359015556 267
1739716303235 3.5395925131083636 268
1739716303239 3.22183094430237 269
1739716303277 3.2387565858470833 270
1739716303283 3.0105785625631962 271
1739716303288 3.263964731028093 272
1739716303293 3.2194444922992433 273
1739716303298 2.995035451912066 274
1739716303303 2.960884717733759 275
1739716303308 2.9126837491839157 276
1739716303313 3.0084179075073525 277
1739716303317 2.901579857572577 278
1739716303322 2.7320653893903595 279
1739716303327 2.8675954773546026 280
1739716303332 2.6841133534226778 281
1739716303336 2.39059640566178 282
1739716303341 2.705895456543565 283
1739716303346 2.715091911032989 284
1739716303351 2.6904067205740416 285
1739716303356 2.528958170039876 286
1739716303361 2.4208748431104623 287
1739716303366 2.1759062396086177 288
1739716303371 2.306132213334773 289
1739716303376 2.2186033030059846 290
1739716303381 2.5190859402095667 291
1739716303386 2.2711854215682328 292
1739716303391 2.110503410439178 293
1739716303395 2.2541860135333955 294
1739716303400 2.239329491804082 295
1739716303405 2.265516791534886 296
1739716303410 2.1423439191736477 297
1739716303414 2.22407624302983 298
1739716303419 2.3368685981867032 299
1739716303424 2.287631152454233 300
1739716303428 1.90695327085355 301
1739716303433 2.075536795423823 302
1739716303438 1.806042402112481 303
1739716303442 2.291989988999853 304
1739716303447 1.9313455257489134 305
1739716303452 1.924202507215659 306
1739716303457 2.1290879051182334 307
1739716303462 1.907707089600429 308
1739716303467 1.8157542641413267 309
1739716303471 1.7014375950508172 310
1739716303477 1.8695581788268545 311
1739716303481 1.5692795656223424 312
1739716303486 1.8137541704113085 313
1739716303491 1.674763935858978 314
1739716303496 1.684323160359596 315
1739716303501 1.6535869724007075 316
1739716303506 1.7270265737890216 317
1739716303511 1.8232051317450213 318
1739716303516 1.4506276188809466 319
1739716303520 1.787727722455959 320
1739716303525 1.380678732318506 321
1739716303530 1.6269338784811114 322
1739716303534 1.7208744941334353 323
1739716303539 1.4999849563784835 324
1739716303544 1.4707817034300381 325
1739716303549 1.8342848597365344 326
1739716303554 1.417332194323562 327
1739716303559 1.4768981759436155 328
1739716303564 1.383306487493703 329
1739716303569 1.4096220168193698 330
1739716303573 1.2581314308255507 331
1739716303578 1.3549004372051165 332
1739716303583 1.380672752823475 333
1739716303588 1.5567196723762615 334
1739716303593 1.4868687037805863 335
1739716303598 1.2315943812090955 336
1739716303602 1.4146731069741452 337
1739716303607 1.3470627681916494 338
1739716303612 1.2847098589781027 339
1739716303617 1.3804399359614588 340
1739716303621 1.2459303147685115 341
1739716303627 1.0115351990688104 342
1739716303632 1.2402663591014622 343
1739716303637 0.9862759203423351 344
1739716303641 1.283544372120855 345
1739716303646 1.1298018528553933 346
1739716303651 1.1034583532442384 347
1739716303655 1.2856659633622725 348
1739716303667 1.2345440787427393 349
1739716303672 1.3218120309661856 350
1739716303677 1.3393317064175978 351
1739716303681 1.1532510173435033 352
1739716303686 1.120598566354582 353
1739716303691 1.1105796492759696 354
1739716303696 0.9812492483876735 355
1739716303700 1.1803937922312246 356
1739716303706 0.9255001080263151 357
1739716303710 0.9978110570524459 358
1739716303715 0.8933795780710218 359
1739716303720 1.0578934857608968 360
1739716303725 0.8490931956388394 361
1739716303730 0.9614165872306618 362
1739716303735 1.0821749744070008 363
1739716303739 0.8705618503196453 364
1739716303744 1.0141781019902336 365
1739716303749 0.935376493427663 366
1739716303754 0.9510937974546896 367
1739716303759 1.0534391394311708 368
1739716303763 0.8171889935672603 369
1739716303768 0.9474813112404427 370
1739716303773 0.9397432103168998 371
1739716303778 0.8685131370170932 372
1739716303784 0.8086108988401636 373
1739716303789 0.845831683212067 374
1739716303794 0.8542543363148806 375
1739716303799 0.7315792152996138 376
1739716303804 0.7901285782028072 377
1739716303808 0.6715952349638791 378
1739716303813 0.9256683219592625 379
1739716303818 0.6527247912776939 380
1739716303823 0.7527638980501735 381
1739716303828 0.7373258364988134 382
1739716303832 0.8117133700056562 383
1739716303837 0.8997091334205514 384
1739716303842 0.8484515531605491 385
1739716303847 0.825678286182815 386
1739716303851 0.6367763591983774 387
1739716303856 0.7596532159092402 388
1739716303861 0.8116428761718808 389
1739716303866 0.8004384940990777 390
1739716303870 0.7179937368654299 391
1739716303875 0.6212466198700471 392
1739716303880 0.5887515001357185 393
1739716303885 0.6941050972353948 394
1739716303890 0.4738804119525665 395
1739716303895 0.733393816742363 396
1739716303900 0.6524990858241118 397
1739716303905 0.6382232049188961 398
1739716303910 0.679896157878973 399
1739716303915 0.6975783526754789 400
1739716303919 0.7346481027311524 401
1739716303924 0.6066724283495073 402
1739716303929 0.5402031031236545 403
1739716303934 0.5569838909478838 404
1739716303939 0.6138570619143392 405
1739716303944 0.6489768667107204 406
1739716303949 0.42666455281019583 407
1739716303954 0.6665227218911 408
1739716303958 0.4959960469816007 409
1739716303963 0.6808981466218009 410
1739716303968 0.6318568311213851 411
1739716303972 0.5013328481023597 412
1739716303978 0.5113689415974706 413
1739716303983 0.4238354954446251 414
1739716303988 0.562083384207141 415
1739716303994 0.5052687809981836 416
1739716303999 0.5631501860201693 417
1739716304005 0.5838634748623098 418
1739716304010 0.45912743482090235 419
1739716304015 0.4837221666159666 420
1739716304020 0.4963868126765124 421
1739716304025 0.56442016454547 422
1739716304029 0.4530222593952294 423
1739716304034 0.5421623566016589 424
1739716304039 0.506839661711353 425
1739716304046 0.48035913240647654 426
1739716304052 0.5155310776921164 427
1739716304058 0.6410318238641768 428
1739716304063 0.479135876249953 429
1739716304068 0.4339645367963854 430
1739716304073 0.49829303117929785 431
1739716304079 0.5712046635659289 432
1739716304084 0.4158859289279874 433
1739716304089 0.3893079991645592 434
1739716304095 0.4706985043363726 435
1739716304100 0.49602282843980455 436
1739716304105 0.42402886763337494 437
1739716304110 0.4454161776384353 438
1739716304114 0.38521182297606593 439
1739716304119 0.496819745414783 440
1739716304124 0.3912467156918165 441
1739716304129 0.44727079260530234 442
1739716304134 0.40717035090102016 443
1739716304139 0.3926226082056997 444
1739716304144 0.4669441413449222 445
1739716304149 0.3801836246330595 446
1739716304155 0.4738356719228679 447
1739716304160 0.3578697988234392 448
1739716304165 0.3941545905538243 449
1739716304169 0.473083659351891 450
1739716304175 0.4997071007615761 451
1739716304180 0.5645761044300088 452
1739716304185 0.44876185845530187 453
1739716304190 0.4701987784939225 454
1739716304195 0.35249589286973776 455
1739716304200 0.3707922311896805 456
1739716304205 0.38834007042282337 457
1739716304210 0.44318316373545147 458
1739716304215 0.525023972686365 459
1739716304220 0.3485038008802121 460
1739716304225 0.36506985130287356 461
1739716304230 0.3492743454869986 462
1739716304235 0.36549094805120286 463
1739716304240 0.4143009867664568 464
1739716304245 0.3987670916906792 465
1739716304250 0.3332777215002365 466
1739716304254 0.3987841638765334 467
1739716304260 0.3581274572256828 468
1739716304264 0.2895638594774885 469
1739716304269 0.4051823710483373 470
1739716304274 0.397800507620491 471
1739716304279 0.41009560770894954 472
1739716304284 0.3689721762284314 473
1739716304289 0.3242110397943424 474
1739716304293 0.3959319512543321 475
1739716304299 0.29014288373867025 476
1739716304307 0.25359903272229767 477
1739716304313 0.2974746905687214 478
1739716304319 0.3727232167967708 479
1739716304324 0.3305283906430031 480
1739716304329 0.33228692428972867 481
1739716304335 0.2903261257874236 482
1739716304341 0.33587486664998334 483
1739716304346 0.3080799781099358 484
1739716304352 0.2887794305705667 485
1739716304357 0.3172365781151822 486
1739716304362 0.2880746324450657 487
1739716304367 0.2572680182190243 488
1739716304372 0.2819853909557632 489
1739716304377 0.35616985709804894 490
1739716304382 0.30008882346126353 491
1739716304387 0.32222654890774577 492
1739716304392 0.24707446011102777 493
1739716304397 0.2414530099327361 494
1739716304402 0.2847645807653375 495
1739716304408 0.25423085618964175 496
1739716304413 0.3165915798155362 497
1739716304418 0.32211130907126767 498
1739716304424 0.23111457605332109 499
