1739715229987 169.570318906207 0
1739715229992 169.53683211395477 1
1739715229997 169.50290118776206 2
1739715230002 169.46884235730457 3
1739715230008 169.43475049259382 4
1739715230012 169.40065405397934 5
1739715230017 169.3665615784745 6
1739715230022 169.33247562596915 7
1739715230026 169.29839696318024 8
1739715230031 169.26432581886226 9
1739715230035 169.2302622603782 10
1739715230040 169.1962063066728 11
1739715230044 169.16215796216542 12
1739715230048 169.12811722691805 13
1739715230053 169.09408409968577 14
1739715230058 169.06005857883184 15
1739715230063 169.02604066260236 16
1739715230067 168.99203034920853 17
1739715230072 168.95802763685154 18
1739715230076 168.9240325237297 19
1739715230081 168.89004500804083 20
1739715230086 168.85606508798304 21
1739715230091 168.82209276175473 22
1739715230095 168.7881280275547 23
1739715230100 168.7541708835823 24
1739715230104 168.72022132803724 25
1739715230109 168.6862793591197 26
1739715230113 168.65234497503036 27
1739715230117 168.61841817397027 28
1739715230121 168.58449895414103 29
1739715230126 168.55058731374464 30
1739715230130 168.51668325098353 31
1739715230135 168.4827867640606 32
1739715230139 168.44889785117925 33
1739715230143 168.41501651054335 34
1739715230148 168.38114274035706 35
1739715230152 168.3472765388252 36
1739715230157 168.31341790415286 37
1739715230161 168.27956683454573 38
1739715230165 168.24572332820992 39
1739715230170 168.2118873833519 40
1739715230175 168.17805899817867 41
1739715230179 168.14423817089767 42
1739715230185 168.11042489971686 43
1739715230190 168.07661918284444 44
1739715230194 168.04282101848932 45
1739715230200 168.00903040486074 46
1739715230205 167.97524734016832 47
1739715230210 167.94147182262225 48
1739715230215 167.90770385043317 49
1739715230220 167.87394342181207 50
1739715230225 167.8401905349705 51
1739715230230 167.80644518812034 52
1739715230236 167.77270737947407 53
1739715230241 167.7389771072445 54
1739715230246 167.70525436964493 55
1739715230250 167.67153916488914 56
1739715230255 167.63783149119138 57
1739715230259 167.60413134676617 58
1739715230264 167.5704387298287 59
1739715230269 167.53675363859455 60
1739715230273 167.50307607127962 61
1739715230278 167.4694060261005 62
1739715230282 167.43574350127395 63
1739715230287 167.4020884950174 64
1739715230291 167.3684410055487 65
1739715230297 167.33480103108602 66
1739715230301 167.30116856984802 67
1739715230306 167.26754362005397 68
1739715230311 167.23392617992332 69
1739715230315 167.20031624767628 70
1739715230320 167.1667138215332 71
1739715230324 167.13311889971507 72
1739715230329 167.09953148044332 73
1739715230333 167.06595156193973 74
1739715230337 167.03237914242658 75
1739715230342 166.99881422012672 76
1739715230346 166.96525679326317 77
1739715230350 166.93170686005968 78
1739715230355 166.8981644187402 79
1739715230359 166.8646294675294 80
1739715230364 166.83110200465214 81
1739715230370 166.79758202833386 82
1739715230375 166.76406953680043 83
1739715230380 166.73056452827822 84
1739715230384 166.6970670009939 85
1739715230388 166.66357695317473 86
1739715230393 166.6300943830483 87
1739715230397 166.59661928884282 88
1739715230401 166.56315166878667 89
1739715230406 166.529691521109 90
1739715230411 166.49623884403914 91
1739715230417 166.462793635807 92
1739715230422 166.4293558946429 93
1739715230427 166.39592561877765 94
1739715230431 166.36250280644245 95
1739715230436 166.32908745586894 96
1739715230440 166.29567956528922 97
1739715230445 166.26227913293587 98
1739715230449 166.22888615704196 99
1739715230453 166.19550063584074 100
1739715230458 166.1621225675663 101
1739715230462 166.12875195045288 102
1739715230467 166.09538878273523 103
1739715230471 166.06203306264862 104
1739715230475 166.0286847884287 105
1739715230480 165.9953439583116 106
1739715230484 165.9620105705338 107
1739715230489 165.92868462333237 108
1739715230493 165.8953661149448 109
1739715230497 165.86205504360882 110
1739715230501 165.82875140756295 111
1739715230506 165.79545520504578 112
1739715230511 165.76216643429663 113
1739715230515 165.7288850935551 114
1739715230519 165.69561118106137 115
1739715230523 165.66234469505594 116
1739715230528 165.62908563377974 117
1739715230532 165.59583399547435 118
1739715230536 165.5625897783815 119
1739715230540 165.52935298074357 120
1739715230545 165.4961236008033 121
1739715230549 165.46290163680385 122
1739715230554 165.4296870869889 123
1739715230558 165.39647994960256 124
1739715230562 165.36328022288936 125
1739715230567 165.3300879050942 126
1739715230572 165.29690299446256 127
1739715230576 165.26372548924024 128
1739715230582 165.23055538767352 129
1739715230586 165.1973926880092 130
1739715230591 165.1642373884944 131
1739715230595 165.13108948737673 132
1739715230599 165.09794898290428 133
1739715230604 165.06481587332553 134
1739715230608 165.03169015688945 135
1739715230612 164.99857183184537 136
1739715230617 164.9654608964431 137
1739715230621 164.9323573489329 138
1739715230625 164.89926118756554 139
1739715230630 164.86617241059207 140
1739715230634 164.83309101626412 141
1739715230638 164.8000170028337 142
1739715230643 164.76695036855324 143
1739715230647 164.73389111167566 144
1739715230651 164.70083923045436 145
1739715230656 164.66779472314295 146
1739715230660 164.63475758799584 147
1739715230665 164.60172782326754 148
1739715230670 164.5687054272132 149
1739715230674 164.5356903980883 150
1739715230678 164.50268273414886 151
1739715230683 164.46968243365137 152
1739715230687 164.43668949485252 153
1739715230692 164.4037039160097 154
1739715230695 164.3707256953806 155
1739715230700 164.33775483122335 156
1739715230704 164.30479132179659 157
1739715230708 164.27183516535933 158
1739715230712 164.23888636017114 159
1739715230716 164.20594490449182 160
1739715230721 164.17301079658174 161
1739715230726 164.14008403470172 162
1739715230730 164.10716461711297 163
1739715230734 164.07425254207718 164
1739715230739 164.04134780785643 165
1739715230743 164.00845041271324 166
1739715230748 163.9755603549106 167
1739715230752 163.9426776327119 168
1739715230756 163.90980224438104 169
1739715230760 163.87693418818222 170
1739715230764 163.84407346238024 171
1739715230768 163.8112200652402 172
1739715230772 163.77837399502775 173
1739715230776 163.7455352500088 174
1739715230780 163.71270382845 175
1739715230785 163.6798797286181 176
1739715230789 163.64706294878044 177
1739715230794 163.61425348720488 178
1739715230798 163.5814513421595 179
1739715230802 163.5486565119131 180
1739715230806 163.51586899473463 181
1739715230811 163.48308878889364 182
1739715230815 163.4503158926601 183
1739715230820 163.4175503043043 184
1739715230824 163.38479202209714 185
1739715230829 163.35204104430989 186
1739715230833 163.3192973692142 187
1739715230837 163.28656099508217 188
1739715230842 163.25383192018634 189
1739715230846 163.22111014279974 190
1739715230850 163.18839566119578 191
1739715230855 163.15568847364833 192
1739715230859 163.12298857843163 193
1739715230862 163.0902959738204 194
1739715230866 163.05761065808986 195
1739715230873 163.02493262951552 196
1739715230880 162.99226188637348 197
1739715230886 162.95959842694012 198
1739715230890 162.92694224949238 199
1739715230894 162.89429335230759 200
1739715230898 162.86165173366345 201
1739715230903 162.8290173918382 202
1739715230908 162.7963903251104 203
1739715230913 162.76377053175912 204
1739715230917 162.73115801006387 205
1739715230922 162.69855275830457 206
1739715230927 162.6659547747615 207
1739715230932 162.6333640577155 208
1739715230936 162.60078060544782 209
1739715230941 162.56820441623998 210
1739715230945 162.5356354883742 211
1739715230950 162.50307382013284 212
1739715230954 162.47051940979895 213
1739715230958 162.43797225565584 214
1739715230963 162.40543235598733 215
1739715230967 162.37289970907767 216
1739715230972 162.3403743132114 217
1739715230977 162.3078561666738 218
1739715230981 162.27534526775025 219
1739715230985 162.24284161472679 220
1739715230990 162.21034520588975 221
1739715230995 162.17785603952595 222
1739715230999 162.14537411392263 223
1739715231004 162.1128994273675 224
1739715231009 162.08043197814865 225
1739715231013 162.04797176455457 226
1739715231018 162.0155187848743 227
1739715231022 161.98307303739716 228
1739715231026 161.95063452041305 229
1739715231030 161.91820323221216 230
1739715231035 161.88577917108515 231
1739715231039 161.8533623353232 232
1739715231043 161.8209527232178 233
1739715231048 161.78855033306093 234
1739715231051 161.75615516314497 235
1739715231055 161.72376721176278 236
1739715231060 161.6913864772076 237
1739715231064 161.65901295777311 238
1739715231068 161.62664665175345 239
1739715231073 161.59428755744307 240
1739715231077 161.56193567313707 241
1739715231082 161.52959099713073 242
1739715231086 161.49725352771986 243
1739715231091 161.46492326320083 244
1739715231096 161.43260020187026 245
1739715231100 161.40028434202517 246
1739715231104 161.36797568196326 247
1739715231110 161.33567421998234 248
1739715231114 161.30337995438086 249
1739715231119 161.27109288345764 250
1739715231124 161.2388130055119 251
1739715231128 161.2065403188433 252
1739715231133 161.174274821752 253
1739715231137 161.14201651253842 254
1739715231142 161.10976538950356 255
1739715231146 161.07752145094886 256
1739715231151 161.04528469517598 257
1739715231155 161.01305512048725 258
1739715231159 160.98083272518528 259
1739715231163 160.94861750757315 260
1739715231167 160.9164094659544 261
1739715231171 160.88420859863285 262
1739715231175 160.85201490391302 263
1739715231179 160.81982838009955 264
1739715231183 160.7876490254977 265
1739715231191 160.75547683841313 266
1739715231197 160.72331181715185 267
1739715231202 160.69115396002033 268
1739715231206 160.65900326532548 269
1739715231211 160.62685973137474 270
1739715231215 160.59472335647567 271
1739715231219 160.56259413893662 272
1739715231223 160.53047207706607 273
1739715231228 160.49835716917312 274
1739715231232 160.46624941356717 275
1739715231236 160.43414880855815 276
1739715231241 160.40205535245633 277
1739715231245 160.36996904357244 278
1739715231249 160.33788988021763 279
1739715231254 160.30581786070348 280
1739715231258 160.2737529833419 281
1739715231262 160.24169524644546 282
1739715231267 160.20964464832684 283
1739715231271 160.17760118729942 284
1739715231275 160.14556486167683 285
1739715231280 160.1135356697732 286
1739715231284 160.08151360990306 287
1739715231289 160.04949868038133 288
1739715231293 160.01749087952342 289
1739715231297 159.9854902056451 290
1739715231301 159.9534966570627 291
1739715231305 159.9215102320927 292
1739715231310 159.88953092905223 293
1739715231314 159.8575587462588 294
1739715231318 159.82559368203033 295
1739715231322 159.79363573468513 296
1739715231327 159.7616849025419 297
1739715231331 159.72974118391994 298
1739715231336 159.69780457713873 299
1739715231341 159.66587508051833 300
1739715231345 159.6339526923792 301
1739715231349 159.60203741104212 302
1739715231353 159.57012923482844 303
1739715231357 159.53822816205985 304
1739715231361 159.5063341910585 305
1739715231365 159.47444732014685 306
1739715231370 159.44256754764794 307
1739715231374 159.41069487188506 308
1739715231378 159.37882929118211 309
1739715231382 159.3469708038633 310
1739715231386 159.31511940825317 311
1739715231390 159.2832751026769 312
1739715231394 159.25143788545995 313
1739715231398 159.21960775492818 314
1739715231403 159.1877847094079 315
1739715231407 159.15596874722593 316
1739715231411 159.1241598667094 317
1739715231416 159.09235806618582 318
1739715231420 159.06056334398326 319
1739715231425 159.02877569843014 320
1739715231429 158.99699512785523 321
1739715231433 158.9652216305878 322
1739715231438 158.93345520495762 323
1739715231443 158.9016958492947 324
1739715231447 158.86994356192952 325
1739715231452 158.83819834119305 326
1739715231456 158.8064601854167 327
1739715231460 158.77472909293212 328
1739715231465 158.74300506207155 329
1739715231469 158.71128809116757 330
1739715231473 158.67957817855321 331
1739715231478 158.64787532256193 332
1739715231482 158.61617952152756 333
1739715231487 158.58449077378438 334
1739715231491 158.552809077667 335
1739715231495 158.52113443151072 336
1739715231499 158.48946683365082 337
1739715231503 158.45780628242338 338
1739715231508 158.42615277616474 339
1739715231512 158.39450631321168 340
1739715231516 158.36286689190132 341
1739715231520 158.3312345105713 342
1739715231524 158.29960916755968 343
1739715231528 158.2679908612049 344
1739715231532 158.23637958984577 345
1739715231536 158.20477535182155 346
1739715231540 158.17317814547198 347
1739715231544 158.14158796913713 348
1739715231548 158.11000482115753 349
1739715231552 158.07842869987408 350
1739715231556 158.0468596036281 351
1739715231560 158.01529753076147 352
1739715231565 157.98374247961632 353
1739715231569 157.95219444853518 354
1739715231573 157.92065343586114 355
1739715231577 157.88911943993753 356
1739715231581 157.85759245910828 357
1739715231585 157.8260724917176 358
1739715231589 157.7945595361102 359
1739715231594 157.76305359063107 360
1739715231598 157.73155465362584 361
1739715231602 157.70006272344025 362
1739715231606 157.66857779842078 363
1739715231610 157.63709987691408 364
1739715231615 157.60562895726736 365
1739715231619 157.57416503782815 366
1739715231623 157.54270811694443 367
1739715231628 157.51125819296456 368
1739715231632 157.47981526423743 369
1739715231636 157.4483793291122 370
1739715231641 157.4169503859385 371
1739715231645 157.3855284330664 372
1739715231649 157.35411346884638 373
1739715231653 157.32270549162925 374
1739715231657 157.29130449976637 375
1739715231662 157.25991049160936 376
1739715231666 157.2285234655104 377
1739715231670 157.19714341982194 378
1739715231674 157.16577035289694 379
1739715231678 157.1344042630888 380
1739715231683 157.10304514875125 381
1739715231687 157.07169300823838 382
1739715231691 157.0403478399049 383
1739715231696 157.00900964210572 384
1739715231700 156.9776784131963 385
1739715231704 156.94635415153238 386
1739715231708 156.91503685547025 387
1739715231712 156.88372652336656 388
1739715231716 156.85242315357831 389
1739715231721 156.82112674446304 390
1739715231725 156.78983729437854 391
1739715231729 156.75855480168312 392
1739715231734 156.72727926473547 393
1739715231738 156.69601068189476 394
1739715231743 156.66474905152043 395
1739715231747 156.6334943719724 396
1739715231751 156.6022466416111 397
1739715231755 156.57100585879715 398
1739715231759 156.53977202189176 399
1739715231763 156.50854512925656 400
1739715231767 156.47732517925346 401
1739715231771 156.44611217024482 402
1739715231775 156.41490610059353 403
1739715231779 156.38370696866275 404
1739715231784 156.35251477281602 405
1739715231788 156.32132951141745 406
1739715231792 156.2901511828315 407
1739715231795 156.25897978542292 408
1739715231800 156.22781531755703 409
1739715231804 156.19665777759946 410
1739715231808 156.16550716391626 411
1739715231812 156.13436347487394 412
1739715231816 156.1032267088394 413
1739715231820 156.0720968641799 414
1739715231824 156.04097393926318 415
1739715231829 156.00985793245732 416
1739715231833 155.9787488421308 417
1739715231837 155.94764666665264 418
1739715231842 155.91655140439212 419
1739715231846 155.88546305371895 420
1739715231850 155.85438161300337 421
1739715231855 155.82330708061588 422
1739715231860 155.79223945492743 423
1739715231864 155.76117873430942 424
1739715231868 155.7301249171336 425
1739715231872 155.69907800177222 426
1739715231878 155.66803798659782 427
1739715231883 155.63700486998343 428
1739715231888 155.60597865030243 429
1739715231892 155.57495932592866 430
1739715231897 155.54394689523627 431
1739715231903 155.51294135659998 432
1739715231909 155.4819427083948 433
1739715231916 155.4509509489961 434
1739715231925 155.4199660767798 435
1739715231930 155.38898809012215 436
1739715231936 155.35801698739976 437
1739715231940 155.32705276698974 438
1739715231944 155.2960954272695 439
1739715231949 155.265144966617 440
1739715231953 155.23420138341044 441
1739715231957 155.20326467602854 442
1739715231961 155.1723348428504 443
1739715231966 155.1414118822555 444
1739715231970 155.1104957926237 445
1739715231974 155.0795865723354 446
1739715231978 155.04868421977122 447
1739715231983 155.01778873331233 448
1739715231987 154.9869001113402 449
1739715231991 154.95601835223678 450
1739715231995 154.92514345438443 451
1739715232000 154.89427541616578 452
1739715232007 154.86341423596414 453
1739715232012 154.83255991216288 454
1739715232016 154.80171244314602 455
1739715232020 154.7708718272979 456
1739715232024 154.74003806300323 457
1739715232028 154.70921114864723 458
1739715232034 154.67839108261543 459
1739715232038 154.64757786329375 460
1739715232043 154.61677148906867 461
1739715232047 154.58597195832684 462
1739715232052 154.55517926945546 463
1739715232056 154.52439342084216 464
1739715232061 154.49361441087487 465
1739715232065 154.46284223794197 466
1739715232070 154.43207690043218 467
1739715232074 154.40131839673487 468
1739715232078 154.3705667252394 469
1739715232082 154.33982188433595 470
1739715232087 154.30908387241476 471
1739715232091 154.27835268786671 472
1739715232096 154.24762832908297 473
1739715232102 154.21691079445517 474
1739715232107 154.18620008237525 475
1739715232112 154.15549619123564 476
1739715232117 154.12479911942918 477
1739715232121 154.09410886534897 478
1739715232125 154.06342542738875 479
1739715232129 154.0327488039424 480
1739715232134 154.0020789934044 481
1739715232139 153.97141599416958 482
1739715232144 153.94075980463302 483
1739715232148 153.91011042319047 484
1739715232153 153.8794678482379 485
1739715232157 153.84883207817165 486
1739715232161 153.81820311138864 487
1739715232165 153.78758094628603 488
1739715232170 153.75696558126143 489
1739715232174 153.7263570147128 490
1739715232178 153.6957552450386 491
1739715232182 153.6651602706377 492
1739715232186 153.6345720899092 493
1739715232190 153.60399070125277 494
1739715232194 153.5734161030684 495
1739715232198 153.54284829375658 496
1739715232203 153.512287271718 497
1739715232207 153.48173303535395 498
1739715232211 153.45118558306592 499
