1739714780498 169.86055672290544 0
1739714780503 169.82623040433546 1
1739714780507 169.7919110372941 2
1739714780511 169.7575986203621 3
1739714780516 169.72329315212036 4
1739714780520 169.68899463115022 5
1739714780525 169.6547030560332 6
1739714780530 169.62041842535118 7
1739714780534 169.58614073768626 8
1739714780538 169.55186999162092 9
1739714780542 169.51760618573792 10
1739714780545 169.48334931862027 11
1739714780549 169.4490993888513 12
1739714780553 169.4148563950146 13
1739714780557 169.38062033569418 14
1739714780562 169.34639120947418 15
1739714780565 169.31216901493917 16
1739714780569 169.27795375067387 17
1739714780573 169.24374541526348 18
1739714780577 169.2100635692613 19
1739714780581 169.1763884932292 20
1739714780585 169.14272018578964 21
1739714780589 169.1090586455655 22
1739714780593 169.0754038711798 23
1739714780597 169.04175586125595 24
1739714780600 169.00811461441765 25
1739714780605 168.97448012928876 26
1739714780609 168.94085240449363 27
1739714780612 168.90723143865668 28
1739714780616 168.87361723040277 29
1739714780621 168.84000977835706 30
1739714780625 168.8064090811448 31
1739714780628 168.77281513739175 32
1739714780632 168.73922794572385 33
1739714780636 168.7056475047673 34
1739714780640 168.6720738131487 35
1739714780644 168.63850686949476 36
1739714780648 168.60494667243265 37
1739714780652 168.5713932205897 38
1739714780656 168.5378465125936 39
1739714780659 168.50430654707236 40
1739714780663 168.4707733226541 41
1739714780667 168.43724683796745 42
1739714780671 168.40372709164112 43
1739714780675 168.37021408230422 44
1739714780679 168.3367078085862 45
1739714780683 168.30320826911665 46
1739714780687 168.2697154625255 47
1739714780691 168.23622938744305 48
1739714780695 168.20275004249976 49
1739714780700 168.16927742632646 50
1739714780704 168.1358115375542 51
1739714780708 168.10235237481436 52
1739714780713 168.06889993673857 53
1739714780717 168.03545422195882 54
1739714780720 168.0020152291073 55
1739714780724 167.9685829568165 56
1739714780728 167.93515740371922 57
1739714780732 167.9017385684486 58
1739714780736 167.86832644963783 59
1739714780740 167.8349210459207 60
1739714780743 167.8015223559311 61
1739714780747 167.7681303783032 62
1739714780752 167.7347451116715 63
1739714780756 167.70136655467078 64
1739714780760 167.66799470593617 65
1739714780765 167.63462956410294 66
1739714780770 167.60127112780665 67
1739714780775 167.56791939568336 68
1739714780779 167.53457436636918 69
1739714780783 167.50123603850056 70
1739714780787 167.46790441071434 71
1739714780791 167.43457948164746 72
1739714780795 167.4012612499373 73
1739714780799 167.36794971422154 74
1739714780803 167.33464487313793 75
1739714780807 167.30134672532472 76
1739714780811 167.2680552694204 77
1739714780815 167.23477050406362 78
1739714780819 167.2014924278935 79
1739714780823 167.16822103954928 80
1739714780827 167.1349563376706 81
1739714780831 167.10169832089724 82
1739714780835 167.06844698786944 83
1739714780839 167.03520233722762 84
1739714780843 167.00196436761246 85
1739714780847 166.96873307766495 86
1739714780851 166.93550846602648 87
1739714780855 166.90229053133854 88
1739714780859 166.8690792722429 89
1739714780863 166.83587468738187 90
1739714780867 166.8026767753977 91
1739714780871 166.76948553493315 92
1739714780875 166.73630096463123 93
1739714780879 166.70312306313514 94
1739714780883 166.66995182908838 95
1739714780886 166.63678726113483 96
1739714780890 166.60362935791863 97
1739714780894 166.57047811808408 98
1739714780898 166.5373335402759 99
1739714780902 166.50419562313903 100
1739714780906 166.47106436531865 101
1739714780910 166.43793976546036 102
1739714780914 166.40482182220987 103
1739714780918 166.37171053421326 104
1739714780922 166.3386059001169 105
1739714780926 166.30550791856743 106
1739714780930 166.27241658821177 107
1739714780934 166.23933190769714 108
1739714780938 166.20625387567094 109
1739714780943 166.173182490781 110
1739714780947 166.14011775167526 111
1739714780951 166.10705965700214 112
1739714780955 166.07400820541022 113
1739714780959 166.04096339554837 114
1739714780964 166.00792522606574 115
1739714780968 165.97489369561183 116
1739714780971 165.94186880283624 117
1739714780976 165.90885054638906 118
1739714780980 165.87583892492057 119
1739714780984 165.84283393708137 120
1739714780988 165.80983558152218 121
1739714780992 165.77684385689426 122
1739714780996 165.74385876184888 123
1739714781000 165.71088029503787 124
1739714781004 165.67790845511306 125
1739714781008 165.64494324072678 126
1739714781012 165.61198465053153 127
1739714781016 165.57903268318012 128
1739714781020 165.54608733732556 129
1739714781023 165.51314861162135 130
1739714781027 165.48021650472097 131
1739714781031 165.44729101527847 132
1739714781035 165.41437214194804 133
1739714781039 165.38145988338408 134
1739714781043 165.34855423824138 135
1739714781047 165.31565520517503 136
1739714781051 165.28276278284034 137
1739714781055 165.24987696989282 138
1739714781059 165.21699776498843 139
1739714781063 165.18412516678336 140
1739714781067 165.1512591739339 141
1739714781070 165.1183997850969 142
1739714781074 165.0855469989293 143
1739714781078 165.05270081408835 144
1739714781081 165.01986122923165 145
1739714781085 164.987028243017 146
1739714781089 164.95420185410248 147
1739714781092 164.92138206114652 148
1739714781096 164.88856886280777 149
1739714781100 164.8557622577452 150
1739714781104 164.822962244618 151
1739714781108 164.79016882208563 152
1739714781112 164.75738198880794 153
1739714781116 164.72460174344494 154
1739714781120 164.69182808465698 155
1739714781125 164.65906101110468 156
1739714781133 164.62630052144894 157
1739714781139 164.59354661435088 158
1739714781143 164.560799288472 159
1739714781147 164.52805854247399 160
1739714781151 164.49532437501887 161
1739714781154 164.46259678476892 162
1739714781158 164.4298757703867 163
1739714781162 164.397161330535 164
1739714781166 164.36445346387697 165
1739714781170 164.331752169076 166
1739714781175 164.29905744479575 167
1739714781179 164.26636928970018 168
1739714781183 164.2336877024535 169
1739714781186 164.2010126817202 170
1739714781191 164.16834422616506 171
1739714781195 164.13568233445315 172
1739714781200 164.10302700524974 173
1739714781204 164.07037823722055 174
1739714781211 164.03773602903135 175
1739714781221 164.0051003793484 176
1739714781227 163.97247128683807 177
1739714781231 163.93984875016707 178
1739714781236 163.90723276800244 179
1739714781240 163.87462333901144 180
1739714781244 163.84202046186158 181
1739714781248 163.8094241352207 182
1739714781252 163.77683435775685 183
1739714781256 163.74425112813856 184
1739714781260 163.71167444503433 185
1739714781265 163.67910430711314 186
1739714781269 163.64654071304415 187
1739714781273 163.61398366149686 188
1739714781277 163.58143315114108 189
1739714781282 163.5488891806468 190
1739714781286 163.51635174868431 191
1739714781290 163.48382085392424 192
1739714781294 163.4512964950374 193
1739714781299 163.41877867069496 194
1739714781303 163.3862673795683 195
1739714781307 163.35376262032915 196
1739714781312 163.32126439164938 197
1739714781316 163.28877269220138 198
1739714781320 163.25628752065754 199
1739714781324 163.22380887569068 200
1739714781328 163.19133675597388 201
1739714781332 163.1588711601805 202
1739714781336 163.12641208698412 203
1739714781340 163.09395953505862 204
1739714781344 163.06151350307815 205
1739714781348 163.02907398971723 206
1739714781352 162.9966409936505 207
1739714781356 162.96421451355297 208
1739714781360 162.93179454809993 209
1739714781363 162.8993810959669 210
1739714781368 162.86697415582972 211
1739714781371 162.83457372636445 212
1739714781375 162.8021798062475 213
1739714781379 162.76979239415542 214
1739714781383 162.73741148876522 215
1739714781387 162.70503708875398 216
1739714781391 162.67266919279928 217
1739714781395 162.64030779957878 218
1739714781399 162.60795290777054 219
1739714781402 162.57560451605283 220
1739714781406 162.54326262310417 221
1739714781410 162.51092722760345 222
1739714781415 162.47859832822974 223
1739714781420 162.44627592366245 224
1739714781424 162.4139600125812 225
1739714781429 162.38165059366597 226
1739714781433 162.34934766559692 227
1739714781437 162.31705122705455 228
1739714781441 162.28476127671965 229
1739714781445 162.25247781327317 230
1739714781449 162.22020083539644 231
1739714781453 162.18793034177102 232
1739714781457 162.15566633107878 233
1739714781461 162.12340880200182 234
1739714781465 162.0911577532226 235
1739714781470 162.05891318342364 236
1739714781475 162.02667509128804 237
1739714781479 161.99444347549894 238
1739714781483 161.9622183347398 239
1739714781487 161.92999966769443 240
1739714781491 161.8977874730468 241
1739714781495 161.86558174948132 242
1739714781499 161.83338249568243 243
1739714781503 161.80118971033514 244
1739714781508 161.7690033921244 245
1739714781512 161.7368235397357 246
1739714781516 161.70465015185476 247
1739714781520 161.67248322716745 248
1739714781524 161.64032276435995 249
1739714781528 161.60816876211888 250
1739714781533 161.57602121913084 251
1739714781538 161.54388013408297 252
1739714781542 161.51174550566253 253
1739714781546 161.47961733255707 254
1739714781550 161.44749561345458 255
1739714781554 161.41538034704294 256
1739714781559 161.38327153201078 257
1739714781563 161.35116916704663 258
1739714781567 161.31907325083947 259
1739714781571 161.28698378207852 260
1739714781575 161.25490075945316 261
1739714781579 161.2228241816533 262
1739714781583 161.19075404736884 263
1739714781587 161.1586903552902 264
1739714781591 161.12663310410778 265
1739714781595 161.09458229251254 266
1739714781598 161.06253791919562 267
1739714781602 161.03049998284823 268
1739714781606 160.99846848216225 269
1739714781610 160.9664434158294 270
1739714781615 160.934424782542 271
1739714781619 160.9024125809925 272
1739714781623 160.8704068098736 273
1739714781627 160.83840746787834 274
1739714781631 160.8064145537 275
1739714781635 160.7744280660321 276
1739714781639 160.7424480035685 277
1739714781643 160.7104743650033 278
1739714781648 160.67850714903082 279
1739714781652 160.64654635434573 280
1739714781656 160.61459197964294 281
1739714781660 160.58264402361758 282
1739714781664 160.55070248496514 283
1739714781668 160.51876736238137 284
1739714781672 160.48683865456215 285
1739714781676 160.45491636020387 286
1739714781680 160.4230004780029 287
1739714781684 160.3910910066562 288
1739714781688 160.35918794486076 289
1739714781692 160.32729129131394 290
1739714781695 160.29540104471334 291
1739714781703 160.2635172037568 292
1739714781709 160.23163976714258 293
1739714781715 160.19976873356902 294
1739714781719 160.16790410173476 295
1739714781724 160.13604587033885 296
1739714781729 160.1041940380805 297
1739714781734 160.07234860365915 298
1739714781738 160.04050956577464 299
1739714781743 160.00867692312698 300
1739714781747 159.97685067441648 301
1739714781751 159.94503081834372 302
1739714781755 159.91321735360955 303
1739714781760 159.88141027891507 304
1739714781765 159.84960959296168 305
1739714781769 159.81781529445104 306
1739714781773 159.78602738208505 307
1739714781777 159.7542458545659 308
1739714781781 159.72247071059616 309
1739714781785 159.69070194887834 310
1739714781789 159.65893956811564 311
1739714781793 159.62718356701123 312
1739714781798 159.5954339442687 313
1739714781801 159.5636906985918 314
1739714781806 159.53195382868466 315
1739714781810 159.5002233332516 316
1739714781814 159.46849921099724 317
1739714781819 159.43678146062646 318
1739714781822 159.40507008084438 319
1739714781827 159.37336507035647 320
1739714781833 159.34166642786838 321
1739714781837 159.30997415208603 322
1739714781841 159.2782882417157 323
1739714781845 159.24660869546392 324
1739714781849 159.2149355120373 325
1739714781853 159.18326869014305 326
1739714781857 159.15160822848833 327
1739714781861 159.1199541257808 328
1739714781866 159.0883063807282 329
1739714781870 159.0566649920387 330
1739714781873 159.02502995842062 331
1739714781877 158.9934012785826 332
1739714781881 158.9617789512336 333
1739714781885 158.9301629750827 334
1739714781889 158.8985533488394 335
1739714781893 158.86695007121344 336
1739714781897 158.83535314091466 337
1739714781901 158.80376255665342 338
1739714781905 158.77217831714017 339
1739714781909 158.74060042108576 340
1739714781913 158.70902886720114 341
1739714781917 158.67746365419765 342
1739714781921 158.64590478078688 343
1739714781925 158.61435224568066 344
1739714781928 158.58280604759108 345
1739714781933 158.55126618523056 346
1739714781938 158.51973265731175 347
1739714781942 158.48820546254754 348
1739714781946 158.45668459965106 349
1739714781950 158.42517006733584 350
1739714781954 158.3936618643155 351
1739714781958 158.36215998930416 352
1739714781962 158.33066444101587 353
1739714781966 158.29917521816532 354
1739714781970 158.26769231946716 355
1739714781974 158.23621574363645 356
1739714781978 158.2047454893886 357
1739714781982 158.17328155543913 358
1739714781987 158.14182394050385 359
1739714781991 158.11037264329886 360
1739714781995 158.0789276625406 361
1739714781999 158.04748899694565 362
1739714782003 158.01605664523095 363
1739714782007 157.98463060611368 364
1739714782011 157.95321087831124 365
1739714782015 157.92179746054134 366
1739714782019 157.89039035152203 367
1739714782023 157.8589895499714 368
1739714782027 157.82759505460808 369
1739714782031 157.79620686415078 370
1739714782034 157.76482497731854 371
1739714782038 157.7334493928307 372
1739714782042 157.70208010940672 373
1739714782046 157.67071712576652 374
1739714782049 157.63936044063016 375
1739714782053 157.608010052718 376
1739714782057 157.57666596075066 377
1739714782061 157.54532816344906 378
1739714782065 157.51399665953429 379
1739714782069 157.48267144772788 380
1739714782073 157.45135252675138 381
1739714782077 157.42003989532682 382
1739714782081 157.3887335521764 383
1739714782085 157.35743349602257 384
1739714782089 157.32613972558815 385
1739714782094 157.29485223959605 386
1739714782098 157.26357103676963 387
1739714782102 157.23229611583236 388
1739714782106 157.20102747550808 389
1739714782110 157.16976511452083 390
1739714782114 157.13850903159502 391
1739714782118 157.10725922545512 392
1739714782122 157.07601569482603 393
1739714782126 157.04477843843296 394
1739714782130 157.01354745500117 395
1739714782134 156.98232274325642 396
1739714782137 156.95110430192454 397
1739714782141 156.91989212973178 398
1739714782145 156.88868622540454 399
1739714782148 156.8574865876695 400
1739714782153 156.82629321525374 401
1739714782158 156.7951061068844 402
1739714782163 156.76392526128896 403
1739714782168 156.73275067719527 404
1739714782172 156.70158235333128 405
1739714782176 156.67042028842533 406
1739714782180 156.63926448120594 407
1739714782183 156.60811493040197 408
1739714782187 156.57697163474242 409
1739714782191 156.54583459295668 410
1739714782195 156.51470380377444 411
1739714782199 156.4835792659254 412
1739714782203 156.45246097813984 413
1739714782207 156.42134893914806 414
1739714782210 156.39024314768076 415
1739714782214 156.35914360246886 416
1739714782219 156.32805030224353 417
1739714782222 156.29696324573624 418
1739714782227 156.2658824316787 419
1739714782231 156.23480785880284 420
1739714782235 156.20373952584097 421
1739714782239 156.17267743152553 422
1739714782243 156.14162157458924 423
1739714782247 156.1105719537652 424
1739714782251 156.0795285677867 425
1739714782255 156.04849141538728 426
1739714782259 156.01746049530067 427
1739714782263 155.98643580626106 428
1739714782267 155.95541734700268 429
1739714782271 155.9244051162602 430
1739714782275 155.89339911276846 431
1739714782279 155.86239933526255 432
1739714782283 155.83140578247796 433
1739714782287 155.80041845315014 434
1739714782290 155.7694373460152 435
1739714782294 155.7384624598092 436
1739714782298 155.70749379326855 437
1739714782302 155.67653134513003 438
1739714782306 155.6455751141305 439
1739714782310 155.61462509900727 440
1739714782314 155.58368129849777 441
1739714782318 155.55274371133976 442
1739714782322 155.52181233627115 443
1739714782326 155.49088717203028 444
1739714782330 155.45996821735574 445
1739714782334 155.42905547098619 446
1739714782337 155.39814893166067 447
1739714782341 155.3672485981186 448
1739714782345 155.3363544690995 449
1739714782349 155.30546654334316 450
1739714782353 155.27458481958968 451
1739714782357 155.24370929657945 452
1739714782360 155.21283997305304 453
1739714782364 155.18197684775137 454
1739714782368 155.15111991941552 455
1739714782373 155.1202691867869 456
1739714782377 155.08942464860718 457
1739714782380 155.05858630361828 458
1739714782384 155.02775415056237 459
1739714782388 154.99692818818184 460
1739714782392 154.96610841521945 461
1739714782396 154.93529483041812 462
1739714782400 154.90448743252108 463
1739714782404 154.87368622027176 464
1739714782407 154.84289119241402 465
1739714782411 154.81210234769176 466
1739714782416 154.78131968484922 467
1739714782419 154.750543202631 468
1739714782423 154.71977289978182 469
1739714782427 154.68900877504677 470
1739714782431 154.65825082717103 471
1739714782435 154.62749905490028 472
1739714782439 154.5967534569803 473
1739714782443 154.5660140321572 474
1739714782446 154.53528077917719 475
1739714782450 154.504553696787 476
1739714782455 154.47383278373349 477
1739714782459 154.44311803876366 478
1739714782462 154.41240946062499 479
1739714782467 154.38170704806498 480
1739714782471 154.35101079983173 481
1739714782475 154.32032071467324 482
1739714782478 154.28963679133795 483
1739714782482 154.25895902857457 484
1739714782486 154.22828742513198 485
1739714782490 154.1976219797594 486
1739714782494 154.1669626912063 487
1739714782498 154.1363095582223 488
1739714782502 154.10566257955745 489
1739714782506 154.07502175396198 490
1739714782510 154.0443870801863 491
1739714782514 154.01375855698123 492
1739714782518 153.98313618309768 493
1739714782522 153.95251995728705 494
1739714782526 153.9219098783007 495
1739714782530 153.89130594489055 496
1739714782536 153.8607081558085 497
1739714782540 153.8301165098069 498
1739714782544 153.79953100563836 499
