1739716315001 166.40041191719652 0
1739716315009 162.00402170860656 1
1739716315016 158.44620286347606 2
1739716315022 155.5989723806622 3
1739716315028 157.41011861673468 4
1739716315034 154.46240586916255 5
1739716315039 152.63953198085946 6
1739716315045 148.78295297027773 7
1739716315051 145.3454956234813 8
1739716315057 142.6892023737692 9
1739716315062 143.30427706842525 10
1739716315068 142.63111431277144 11
1739716315074 140.2824288094423 12
1739716315080 135.0495061010563 13
1739716315086 134.06581824396545 14
1739716315091 131.70166761139484 15
1739716315097 131.4266783229375 16
1739716315103 130.53541176766916 17
1739716315108 129.782004163606 18
1739716315114 122.09917485404468 19
1739716315120 124.55562157974258 20
1739716315126 123.08816741215831 21
1739716315132 122.46617396918937 22
1739716315138 120.5926115338957 23
1739716315144 115.35755133720012 24
1739716315150 114.49764481158226 25
1739716315156 113.35439480812568 26
1739716315161 110.75079506303572 27
1739716315167 109.30906934904887 28
1739716315173 106.6523795413153 29
1739716315180 106.4211972294107 30
1739716315186 106.40441215844707 31
1739716315193 101.7311005061985 32
1739716315200 101.14281449202831 33
1739716315206 100.33519542156795 34
1739716315213 99.1278157779782 35
1739716315221 98.36199951874792 36
1739716315227 98.22893003387209 37
1739716315233 93.34822558134178 38
1739716315239 93.85519704570488 39
1739716315249 93.19671816419813 40
1739716315255 90.67273945250216 41
1739716315260 90.08235165745317 42
1739716315266 90.64933597161304 43
1739716315271 88.05360623573922 44
1739716315277 84.45410071827358 45
1739716315283 83.18790419792798 46
1739716315288 84.39834954994375 47
1739716315294 83.6439963512424 48
1739716315300 82.45876350002818 49
1739716315307 76.99538677671673 50
1739716315312 77.79886189246723 51
1739716315318 77.79856953746862 52
1739716315324 78.50379278444733 53
1739716315330 73.67881588350443 54
1739716315336 73.83176701999741 55
1739716315341 72.98762760758689 56
1739716315347 71.4037270768281 57
1739716315353 71.38339434823109 58
1739716315358 71.37344802219107 59
1739716315364 66.77494450237775 60
1739716315370 68.3184745050724 61
1739716315375 66.30450598065777 62
1739716315381 65.90926079744642 63
1739716315387 64.86721341777887 64
1739716315392 65.31392363292166 65
1739716315398 62.68104547440239 66
1739716315404 62.38423394863754 67
1739716315410 59.72107291077879 68
1739716315416 60.25804744476422 69
1739716315421 58.67218115642461 70
1739716315427 58.543466210802585 71
1739716315433 58.451182375516616 72
1739716315439 57.40633916644258 73
1739716315445 56.36997688760827 74
1739716315450 55.01491366963999 75
1739716315456 54.485612127372605 76
1739716315462 53.11409815750542 77
1739716315467 53.566733417028615 78
1739716315473 51.604963640732144 79
1739716315479 52.71131537207861 80
1739716315485 50.13288267054983 81
1739716315491 50.687962939413886 82
1739716315496 49.594615922856846 83
1739716315502 48.05267710503565 84
1739716315508 50.04896025055259 85
1739716315513 47.50753617705145 86
1739716315519 47.9287608768175 87
1739716315525 44.91039279912184 88
1739716315530 44.982671016988334 89
1739716315537 44.3553373821719 90
1739716315542 43.07685698832002 91
1739716315548 43.046634394840574 92
1739716315554 43.825274096034626 93
1739716315560 42.33128716608922 94
1739716315565 42.17890283094329 95
1739716315571 41.65439493449583 96
1739716315577 40.9478869252299 97
1739716315583 39.833499113982576 98
1739716315589 38.987800797781595 99
1739716315595 38.86425581467913 100
1739716315600 37.77191449003949 101
1739716315606 38.44473588847055 102
1739716315612 37.08397659516009 103
1739716315618 35.43622093490057 104
1739716315624 36.6686680216804 105
1739716315629 35.320492131680226 106
1739716315635 34.041830308123345 107
1739716315641 34.351860294452415 108
1739716315647 33.665652662297774 109
1739716315652 32.80918755577171 110
1739716315658 33.26223878117164 111
1739716315663 32.80960904619916 112
1739716315669 31.965544542075214 113
1739716315675 31.362275762297475 114
1739716315681 30.079441487298077 115
1739716315686 29.89957034844053 116
1739716315692 29.502784716724957 117
1739716315698 29.609241231385116 118
1739716315703 29.5479534751105 119
1739716315709 28.375258116862923 120
1739716315715 28.89937153984878 121
1739716315720 28.65339095665633 122
1739716315726 28.253986591524612 123
1739716315732 26.95310326210549 124
1739716315737 27.382422070586273 125
1739716315743 26.629351130759787 126
1739716315758 26.248985681872252 127
1739716315764 25.8467153889731 128
1739716315769 26.196406794664284 129
1739716315774 25.675285249902398 130
1739716315780 24.43734129720445 131
1739716315786 24.282819555956937 132
1739716315791 23.682252002119004 133
1739716315797 22.81049933689758 134
1739716315803 22.69245056292743 135
1739716315809 23.33932984752643 136
1739716315815 22.606644548649232 137
1739716315820 20.87660891629348 138
1739716315826 22.20300134394083 139
1739716315832 21.650676936007237 140
1739716315837 21.61932530096634 141
1739716315843 21.140633983069787 142
1739716315849 20.322022127444132 143
1739716315854 19.96560327507503 144
1739716315860 19.433929557986296 145
1739716315866 19.61089235384353 146
1739716315871 19.427268374748348 147
1739716315877 19.73831048978654 148
1739716315882 18.521432789636815 149
1739716315888 18.219716169571967 150
1739716315894 18.452968145464723 151
1739716315899 17.822169760386988 152
1739716315905 17.85021351554177 153
1739716315911 17.560993052837567 154
1739716315917 17.450172389836105 155
1739716315922 17.20144922953462 156
1739716315928 17.512508551993594 157
1739716315933 16.72102007927598 158
1739716315939 16.597089220458106 159
1739716315945 15.680268040776411 160
1739716315950 15.862128401347952 161
1739716315955 15.928249377431914 162
1739716315961 15.780672578882207 163
1739716315966 15.892434504296787 164
1739716315972 15.043306386251095 165
1739716315977 14.705149542644333 166
1739716315983 14.406137899795922 167
1739716315989 14.081026774168253 168
1739716315995 13.707183146581837 169
1739716316000 13.75296865576559 170
1739716316005 13.088078015015709 171
1739716316011 13.823761431643455 172
1739716316016 13.47186975172265 173
1739716316022 13.334696904615772 174
1739716316027 12.637738441339115 175
1739716316033 12.183435482901292 176
1739716316038 12.742462061938204 177
1739716316043 11.848777475149008 178
1739716316049 12.21418340885524 179
1739716316056 11.722050140057911 180
1739716316062 12.457832767408792 181
1739716316068 11.949020633467388 182
1739716316074 11.7831468301884 183
1739716316080 11.760576217790982 184
1739716316085 11.444931527777303 185
1739716316091 11.004351549815954 186
1739716316097 11.172064461451882 187
1739716316102 10.727549593174547 188
1739716316108 10.900392071911744 189
1739716316113 10.727654325430843 190
1739716316119 10.088569902194642 191
1739716316125 10.2488582482831 192
1739716316130 10.250217580298976 193
1739716316138 10.14953583199049 194
1739716316150 10.235510932267806 195
1739716316155 9.893374255206727 196
1739716316161 9.461162517861585 197
1739716316166 8.824789821212052 198
1739716316171 9.375704143911213 199
1739716316177 9.330240954187959 200
1739716316182 8.997501296134116 201
1739716316188 8.899597105954358 202
1739716316198 8.445080956671097 203
1739716316205 8.526966090191923 204
1739716316214 8.753676383530875 205
1739716316222 8.194752734053049 206
1739716316228 8.289665037565282 207
1739716316236 8.141720142490213 208
1739716316246 7.773296387400456 209
1739716316253 8.117186160046879 210
1739716316259 7.601449729492096 211
1739716316265 7.594523951788871 212
1739716316271 7.660786979587855 213
1739716316277 7.829828487165884 214
1739716316282 7.079071905621072 215
1739716316288 6.879290159036252 216
1739716316294 6.756416468785483 217
1739716316299 7.225748467163583 218
1739716316305 7.0890541268586045 219
1739716316311 6.988694988578131 220
1739716316316 6.4309903766636465 221
1739716316323 6.607001762503911 222
1739716316330 6.179093556133 223
1739716316335 6.479612816511314 224
1739716316341 6.447223483946907 225
1739716316347 5.984275190879006 226
1739716316352 5.934495472321366 227
1739716316358 5.8988424549314304 228
1739716316363 5.920652673567705 229
1739716316369 6.0641830808821116 230
1739716316374 5.986841660030189 231
1739716316380 5.655744905998506 232
1739716316386 5.30947750349265 233
1739716316392 5.370090111175157 234
1739716316398 5.203736439004043 235
1739716316403 5.496393733944822 236
1739716316409 5.404982127714796 237
1739716316414 5.40502308907584 238
1739716316420 5.291590290535608 239
1739716316425 5.2843150480728545 240
1739716316431 4.860503664676029 241
1739716316437 4.866245979702887 242
1739716316442 5.155231481819502 243
1739716316448 4.969002786038052 244
1739716316454 4.676298782215719 245
1739716316460 4.545160562247575 246
1739716316465 4.211528079764162 247
1739716316470 4.568564446012998 248
1739716316476 4.452976676808593 249
1739716316481 4.689033695057069 250
1739716316487 4.59913092379638 251
1739716316492 4.550222289347795 252
1739716316498 4.098404632811347 253
1739716316504 4.411153359821979 254
1739716316510 4.376713793205854 255
1739716316515 3.9812221643078907 256
1739716316521 3.9283838728500404 257
1739716316527 3.882697814476704 258
1739716316533 3.8645127040399454 259
1739716316539 3.9679413312076197 260
1739716316544 3.7386158750545855 261
1739716316550 4.001032119858463 262
1739716316556 3.654208726939047 263
1739716316561 3.7784588244717665 264
1739716316567 3.511880736099712 265
1739716316572 3.1993264905037506 266
1739716316577 3.6414219613732257 267
1739716316583 3.43664352599268 268
1739716316588 3.4442275627470313 269
1739716316594 3.3351243681028673 270
1739716316599 3.376118896638966 271
1739716316605 3.24096743291975 272
1739716316610 3.2774516251710795 273
1739716316616 3.312738001988666 274
1739716316621 2.862277992206981 275
1739716316627 3.0831567706738223 276
1739716316632 3.106047387406284 277
1739716316637 2.9045220605393127 278
1739716316643 3.1311224666458153 279
1739716316648 3.026889326852032 280
1739716316653 3.1091216557538877 281
1739716316659 2.986998232454552 282
1739716316665 3.0007168110742204 283
1739716316670 2.950446323292762 284
1739716316676 2.799531738274868 285
1739716316681 2.5439106304123897 286
1739716316687 2.7260914327172325 287
1739716316692 2.6062201829179763 288
1739716316698 2.6960169071982216 289
1739716316703 2.341896255787326 290
1739716316709 2.5598640120204523 291
1739716316715 2.296002103179474 292
1739716316721 2.445487563087374 293
1739716316727 2.5622726551698745 294
1739716316733 2.511154122651835 295
1739716316739 2.2513429213830483 296
1739716316745 2.1710253207071593 297
1739716316751 2.1242820473073216 298
1739716316757 2.006809058490684 299
1739716316769 2.344801995911399 300
1739716316776 2.4173443320518317 301
1739716316783 2.2629619202342406 302
1739716316789 2.141893156900867 303
1739716316795 2.221320808180854 304
1739716316801 1.8275046185671904 305
1739716316807 1.8324724824183825 306
1739716316813 1.7230367204453074 307
1739716316820 2.015453193076573 308
1739716316826 2.029007653072844 309
1739716316832 1.9808762852854027 310
1739716316838 1.6819362163458251 311
1739716316844 1.8204849827885417 312
1739716316849 1.9307403478045801 313
1739716316855 1.6913808824862009 314
1739716316861 2.0118894841518893 315
1739716316867 1.9694074828487356 316
1739716316872 1.586243150862139 317
1739716316878 1.6735625729981967 318
1739716316883 1.6781697328615954 319
1739716316889 1.382412184642396 320
1739716316894 1.6623257689004027 321
1739716316900 1.9571116168575393 322
1739716316907 1.4494975786378863 323
1739716316912 1.6877895187511427 324
1739716316918 1.6226438756797674 325
1739716316924 1.657333100974008 326
1739716316930 1.6888604576961932 327
1739716316935 1.5889252553459587 328
1739716316941 1.24025146575627 329
1739716316947 1.4425684784534154 330
1739716316952 1.247042327204342 331
1739716316958 1.242223430059535 332
1739716316963 1.4113478222427893 333
1739716316969 1.3864806713883617 334
1739716316974 1.1222710405773273 335
1739716316980 1.4861073048585935 336
1739716316986 1.3200584367772392 337
1739716316991 1.2212787176629354 338
1739716316997 1.2605089426613727 339
1739716317003 1.1910330095398813 340
1739716317008 1.301679242147596 341
1739716317014 1.226208588119514 342
1739716317019 1.2677272958742571 343
1739716317025 1.11854792956687 344
1739716317031 1.0987805753424622 345
1739716317036 1.1337172790523966 346
1739716317042 1.2327133231716665 347
1739716317047 1.2477621634862484 348
1739716317053 1.055924363678525 349
1739716317059 0.9413841892282955 350
1739716317065 1.047615166615209 351
1739716317070 1.1424136792168333 352
1739716317076 0.9112840405538387 353
1739716317082 0.9606357209234249 354
1739716317088 1.2844010099461147 355
1739716317094 0.9433056101433593 356
1739716317100 0.9734260448383537 357
1739716317105 1.0832614471564168 358
1739716317111 0.9168332893588849 359
1739716317117 0.9910191843076201 360
1739716317122 0.8983463958523725 361
1739716317127 0.7879378365781124 362
1739716317133 0.8889338920795852 363
1739716317138 0.7556967275820279 364
1739716317143 0.869953034712022 365
1739716317149 0.8740038106384185 366
1739716317154 0.7013994662307992 367
1739716317159 0.8318794796141549 368
1739716317165 0.8682022705413419 369
1739716317170 0.7622904876315161 370
1739716317176 0.7831119423344732 371
1739716317182 0.9798515681281174 372
1739716317187 0.825186891005105 373
1739716317193 0.8976609990102192 374
1739716317199 0.857761947180733 375
1739716317205 0.6734033082606476 376
1739716317211 0.9339079485141006 377
1739716317217 0.7259503054374833 378
1739716317222 0.8111873375140471 379
1739716317228 0.694666460810921 380
1739716317234 0.7604851203090657 381
1739716317239 0.7612169818372699 382
1739716317245 0.8284522894747318 383
1739716317250 0.5968621542644854 384
1739716317256 0.7241203241430592 385
1739716317262 0.7332525804329982 386
1739716317267 0.6147523320799608 387
1739716317273 0.7580831980804978 388
1739716317279 0.7638347882199544 389
1739716317285 0.684506978291785 390
1739716317290 0.5870494016776022 391
1739716317296 0.6923066777131759 392
1739716317302 0.5335030742523855 393
1739716317310 0.639015227450022 394
1739716317316 0.4854663676937598 395
1739716317323 0.6441037483591533 396
1739716317334 0.5493555737540967 397
1739716317342 0.5347735869985356 398
1739716317349 0.6088746595433928 399
1739716317355 0.5509726879268086 400
1739716317363 0.5957354590596787 401
1739716317371 0.6184548395776877 402
1739716317378 0.580408826500334 403
1739716317385 0.6527884238986967 404
1739716317392 0.5991973813102476 405
1739716317398 0.5950622480402448 406
1739716317405 0.5207048061417572 407
1739716317411 0.46182060151702126 408
1739716317417 0.5294370047752855 409
1739716317425 0.5079017190733034 410
1739716317431 0.5274051126916806 411
1739716317438 0.46171026138187665 412
1739716317445 0.4472200052974829 413
1739716317452 0.4527745572235305 414
1739716317458 0.5047317718688431 415
1739716317464 0.4105641440644828 416
1739716317470 0.47242871842812173 417
1739716317476 0.4654887791462035 418
1739716317482 0.3790162160720552 419
1739716317488 0.43899030345810486 420
1739716317494 0.39258415459263024 421
1739716317500 0.4392500429919231 422
1739716317506 0.45306664019067 423
1739716317512 0.4520949614644353 424
1739716317518 0.32582136257134 425
1739716317524 0.4151311765385552 426
1739716317530 0.4281588647448875 427
1739716317536 0.4190494813634656 428
1739716317543 0.4445170095298078 429
1739716317549 0.40262018034312574 430
1739716317554 0.45410134854846523 431
1739716317560 0.44451116464179663 432
1739716317566 0.36537530826009 433
1739716317572 0.35616846001747154 434
1739716317578 0.32694444116313653 435
1739716317584 0.3986276614395096 436
1739716317590 0.4068020390310654 437
1739716317595 0.34903010256110983 438
1739716317601 0.30354203778051464 439
1739716317606 0.32406361826069147 440
1739716317612 0.4051037556168217 441
1739716317617 0.321258926573553 442
1739716317623 0.3548896058203819 443
1739716317629 0.3414108024496663 444
1739716317636 0.31650815205902955 445
1739716317641 0.3415578123229395 446
1739716317647 0.31690332189894066 447
1739716317653 0.31632998582016403 448
1739716317658 0.2727575431393474 449
1739716317664 0.31623413971414055 450
1739716317670 0.31443445405729425 451
1739716317676 0.27431457572534285 452
1739716317682 0.36558831780724005 453
1739716317687 0.43257545504295203 454
1739716317693 0.3416743502923505 455
1739716317698 0.30869374944929395 456
1739716317704 0.29992080902877777 457
1739716317709 0.39537865190156984 458
1739716317715 0.2735553710474953 459
1739716317720 0.25151666366963993 460
1739716317726 0.23784736686698923 461
1739716317732 0.3724310847972197 462
1739716317737 0.2864809795822945 463
1739716317743 0.300339371972504 464
1739716317748 0.2935772392153037 465
1739716317754 0.28202802366940727 466
1739716317759 0.26322110984667485 467
1739716317765 0.2596482921915666 468
1739716317778 0.3510601196031027 469
1739716317783 0.22541801887268714 470
1739716317789 0.3107440024198742 471
1739716317794 0.21523462278506286 472
1739716317799 0.28771499336333023 473
1739716317805 0.22951955144054018 474
1739716317810 0.24039893455465003 475
1739716317816 0.1921717798521839 476
1739716317822 0.1970141440353895 477
1739716317827 0.3865537506568984 478
1739716317833 0.17511945277422178 479
1739716317838 0.21740621645248207 480
1739716317844 0.22423595288114076 481
1739716317849 0.2400188421739124 482
1739716317855 0.19610827717557744 483
1739716317860 0.24449443848894672 484
1739716317866 0.2501995650393956 485
1739716317871 0.25319195888440327 486
1739716317877 0.2545706691142916 487
1739716317882 0.25396146199058717 488
1739716317888 0.21376600564272974 489
1739716317893 0.2209628233865875 490
1739716317898 0.18097303781974777 491
1739716317904 0.21474785067705543 492
1739716317910 0.2441775958480585 493
1739716317915 0.1983927857934204 494
1739716317920 0.20033269555239047 495
1739716317926 0.19281588108550538 496
1739716317931 0.202371610529558 497
1739716317936 0.21920338314530446 498
1739716317942 0.17868075415861573 499
