1739718290935 0.001343728244121855 0
1739718290962 2.0066924504911037 1
1739718290989 0.21611176100083124 2
1739718291017 0.3560665130678551 3
1739718291044 0.3000563543847494 4
1739718291070 0.15670110007326948 5
1739718291097 0.4753502933935244 6
1739718291125 0.13216464831426217 7
1739718291152 0.003006333287917367 8
1739718291178 0.5281658891398602 9
1739718291205 0.7287116015213616 10
1739718291232 0.014871251280532832 11
1739718291259 0.05216785826057143 12
1739718291285 0.050211104519092144 13
1739718291312 0.003909434799512007 14
1739718291338 0.0034743774981572193 15
1739718291365 0.2855654255342865 16
1739718291391 0.21046557199126462 17
1739718291417 0.00015295812231717876 18
1739718291443 0.11550753207543488 19
1739718291470 0.003817730283988143 20
1739718291497 0.8607473394576226 21
1739718291522 0.38956992512656324 22
1739718291549 0.7571644319609573 23
1739718291574 0.000271488089609036 24
1739718291601 0.23320304344926907 25
1739718291628 0.02045435882198005 26
1739718291654 0.1225106367507798 27
1739718291680 0.9092037747355396 28
1739718291706 0.31431408744319794 29
1739718291733 0.01733534055500889 30
1739718291760 0.04070838131261313 31
1739718291786 0.012181724098266018 32
1739718291813 0.12250727355355152 33
1739718291838 0.010255838961041321 34
1739718291865 0.3536296744411078 35
1739718291891 0.18305993093113648 36
1739718291917 0.26950023199935563 37
1739718291943 0.29791782265170336 38
1739718291970 0.7520795798875931 39
1739718291997 0.2412834010109485 40
1739718292023 0.012353394505579863 41
1739718292049 0.00885622349627797 42
1739718292074 0.390999027435573 43
1739718292100 0.0002402923602097361 44
1739718292126 0.6307474594208434 45
1739718292154 0.022952711638511973 46
1739718292180 0.9273283639953712 47
1739718292206 0.8152752314655585 48
1739718292232 7.660611315414955e-05 49
1739718292258 0.00013288753664736656 50
1739718292284 1.396229666454235 51
1739718292311 0.0035820432094978948 52
1739718292337 0.052815019205368685 53
1739718292363 0.0214457912785339 54
1739718292389 0.06108869718250991 55
1739718292415 0.007865696426101325 56
1739718292441 0.02592895567474733 57
1739718292467 0.3630718055053087 58
1739718292493 5.2385835056434076e-05 59
1739718292519 0.7616914848526093 60
1739718292544 0.08695282991302408 61
1739718292570 0.664314534557211 62
1739718292596 0.19128504683157807 63
1739718292621 0.0475471108851957 64
1739718292647 0.012302047194932284 65
1739718292673 0.0006724157589894121 66
1739718292699 0.05098630563641932 67
1739718292725 0.006308781871614227 68
1739718292750 0.13807599414244429 69
1739718292777 0.05050868308627117 70
1739718292802 0.07815691911616537 71
1739718292828 0.03163200269366035 72
1739718292854 0.32176672061012 73
1739718292880 0.03265637985187874 74
1739718292905 0.9022686440936463 75
1739718292931 0.12562257498537246 76
1739718292956 0.10509786084891855 77
1739718292983 0.014048315333930968 78
1739718293009 0.7704491787648752 79
1739718293035 3.038042438181899e-05 80
1739718293061 0.0005351619919572038 81
1739718293087 0.003095848986246598 82
1739718293113 0.4020088249375648 83
1739718293139 0.05056501987656733 84
1739718293165 0.008230215032528167 85
1739718293190 0.7725961385732139 86
1739718293216 0.4169654445787347 87
1739718293242 0.5507684822974385 88
1739718293269 0.0626644634374302 89
1739718293295 0.0001291259872820802 90
1739718293320 0.004270076657389033 91
1739718293346 0.0778960629259606 92
1739718293372 0.08274332040482375 93
1739718293399 0.15351304830821697 94
1739718293425 0.03939637471389207 95
1739718293451 3.2078821978062825e-05 96
1739718293478 0.7445921292571517 97
1739718293504 0.040426191217712265 98
1739718293530 0.17633562550075432 99
1739718293556 0.25081133891322294 100
1739718293582 0.027220968091374823 101
1739718293609 0.006626700754201164 102
1739718293634 0.0028640939748915246 103
1739718293661 1.0118066658955815 104
1739718293687 0.0022660228599383197 105
1739718293713 0.0062844220307157654 106
1739718293738 8.604635249424371e-05 107
1739718293764 0.0026591166609686613 108
1739718293790 0.037095393758516115 109
1739718293816 0.0033575969122631943 110
1739718293842 0.013637713749043281 111
1739718293868 0.5243707068438457 112
1739718293895 0.12077149010472145 113
1739718293921 0.0015379207121084346 114
1739718293947 0.05104104783063668 115
1739718293973 0.4568056634500683 116
1739718293999 0.35913852541090524 117
1739718294025 0.023505460593004047 118
1739718294051 0.07043535431792654 119
1739718294077 0.054814523462549655 120
1739718294103 0.010163574889326127 121
1739718294130 6.488525465282096e-07 122
1739718294156 0.09416441369165078 123
1739718294182 0.6569626684290697 124
1739718294208 0.34584921314928596 125
1739718294234 0.17746766464995797 126
1739718294260 0.02478868538398033 127
1739718294286 0.005819740420351366 128
1739718294312 0.00047173413079705084 129
1739718294338 0.014199192225211252 130
1739718294365 0.0026369203789179093 131
1739718294391 0.006794411035697371 132
1739718294418 0.4083245133267819 133
1739718294443 0.008006696530375381 134
1739718294470 0.2692398759984817 135
1739718294497 0.018238216214031863 136
1739718294523 0.010587596552129009 137
1739718294549 0.30645857412611105 138
1739718294576 0.1560068899318639 139
1739718294602 0.04529109882652483 140
1739718294628 0.1724837411381037 141
1739718294654 0.026889054212329174 142
1739718294681 0.003963079120415333 143
1739718294707 0.6936986793999314 144
1739718294733 0.271325715541354 145
1739718294759 0.282824692730309 146
1739718294786 1.55663701083329 147
1739718294812 0.6782042903583196 148
1739718294838 0.029009752943231534 149
1739718294864 0.025380204461584274 150
1739718294891 0.003166343173020159 151
1739718294917 0.6895150343852982 152
1739718294943 0.46905265557319864 153
1739718294969 0.03845793376235584 154
1739718294995 0.08811557631555794 155
1739718295021 2.9782245343396075e-05 156
1739718295047 0.025020139315732014 157
1739718295073 0.054727688854768315 158
1739718295100 0.06692155470468068 159
1739718295128 0.41218089710612726 160
1739718295154 0.0009874955135323567 161
1739718295180 0.7732088843554046 162
1739718295206 1.054811851307672 163
1739718295231 1.1421864937499298 164
1739718295257 0.05935547457507622 165
1739718295283 0.30159521545646417 166
1739718295309 0.06761942638070387 167
1739718295336 0.2579027080367841 168
1739718295364 0.8324169364642631 169
1739718295391 0.003375384512492679 170
1739718295417 0.13837329221900624 171
1739718295443 0.0792358659520349 172
1739718295469 0.003989240895139366 173
1739718295495 0.15134996127818023 174
1739718295521 0.08874633517420999 175
1739718295546 0.03206924974450683 176
1739718295572 0.02330868125855696 177
1739718295598 0.03556411020044948 178
1739718295624 0.0797695851172616 179
1739718295650 0.0004042358640509438 180
1739718295676 0.4189890313935978 181
1739718295702 0.031217855741216723 182
1739718295728 0.05917832143891334 183
1739718295754 0.1245396805856919 184
1739718295780 5.3374162035863665e-06 185
1739718295806 0.011707993973691724 186
1739718295832 0.005420605056760726 187
1739718295858 0.034401264325422246 188
1739718295885 0.6276846507611047 189
1739718295911 0.05240531495159324 190
1739718295938 0.0843190724446919 191
1739718295965 0.20695714860851133 192
1739718295992 0.01265534625589709 193
1739718296019 0.0014679546606671395 194
1739718296045 0.1210606875867869 195
1739718296071 0.36822579455922233 196
1739718296097 0.021000926098781462 197
1739718296123 0.024922017733464127 198
1739718296149 0.31639892186034424 199
1739718296176 0.14806513402545746 200
1739718296202 0.002700082350988933 201
1739718296228 0.057926855146950285 202
1739718296253 0.08787768267690077 203
1739718296280 0.019254194137816254 204
1739718296306 0.643932269214025 205
1739718296332 0.18279973862240528 206
1739718296358 0.19884414393001487 207
1739718296384 0.13282248434740404 208
1739718296411 0.027564001258639174 209
1739718296437 0.08645857413007585 210
1739718296466 0.7146367778136791 211
1739718296493 0.5525852987576497 212
1739718296521 0.011670068812541729 213
1739718296548 0.005689896731406673 214
1739718296574 0.00269290061971074 215
1739718296601 0.5456850447449966 216
1739718296626 0.26510057536999393 217
1739718296653 0.00441705288556596 218
1739718296679 0.01959188248641642 219
1739718296705 0.1669296219554566 220
1739718296731 1.116408747641547 221
1739718296756 0.051096411251905324 222
1739718296782 0.0011604629927329335 223
1739718296808 0.24976900794319243 224
1739718296834 0.46493183782096015 225
1739718296860 1.0053768386418422 226
1739718296887 0.0005939433772960569 227
1739718296913 0.22826023485703023 228
1739718296939 0.6809357516986807 229
1739718296965 0.022197279545624938 230
1739718296991 0.03737293673378168 231
1739718297016 0.8260717237905663 232
1739718297042 0.10879055687714348 233
1739718297069 0.004111628940617131 234
1739718297096 0.1336120650099505 235
1739718297123 0.05041473586418924 236
1739718297149 0.036852743978560004 237
1739718297196 0.1805113516044356 238
1739718297226 0.10281610710169134 239
1739718297254 0.07837792814407747 240
1739718297281 0.677314631415582 241
1739718297309 0.11336111781947537 242
1739718297336 0.2895129913297559 243
1739718297363 0.14007967245935296 244
1739718297391 1.3029682906850977 245
1739718297418 0.013739349019887647 246
1739718297447 0.06344150974185654 247
1739718297474 0.16511484138526464 248
1739718297502 0.11321308353814256 249
1739718297529 0.02320473038765524 250
1739718297555 0.0005171819066398939 251
1739718297581 0.20501567331122358 252
1739718297607 0.002791248882360094 253
1739718297633 0.00015563282583184096 254
1739718297660 0.17687609475380342 255
1739718297687 0.002146528701302901 256
1739718297714 0.013414672804441419 257
1739718297740 0.0013169227143283095 258
1739718297766 0.14661415587262688 259
1739718297792 0.0252733164245192 260
1739718297818 0.03555706757920592 261
1739718297844 0.0022191059365472797 262
1739718297869 0.00012350890125656882 263
1739718297895 0.2389509703517948 264
1739718297922 0.383661039493932 265
1739718297948 0.00048016583936571724 266
1739718297974 0.036916151556395216 267
1739718298000 0.1148495441839916 268
1739718298026 0.2058015719155808 269
1739718298052 0.20927230838456312 270
1739718298077 0.00022074927436855653 271
1739718298104 0.6163135062640841 272
1739718298130 0.04937141873443849 273
1739718298156 0.011639770754770485 274
1739718298182 0.06722820805604722 275
1739718298208 0.23146585040528944 276
1739718298234 0.04434418768680048 277
1739718298260 0.005754917164918096 278
1739718298286 0.06345946952031974 279
1739718298312 0.24769503011491956 280
1739718298338 0.2448083213106107 281
1739718298364 0.2914019095575831 282
1739718298389 0.0714402143797146 283
1739718298416 0.2589296312186791 284
1739718298442 0.05115842892366454 285
1739718298468 0.015394909240868995 286
1739718298494 1.5192079806579815 287
1739718298520 0.003505229008173204 288
1739718298546 0.0008045327540331195 289
1739718298573 0.008700840643791084 290
1739718298599 0.5076856107349298 291
1739718298625 0.011624280995366958 292
1739718298651 0.38200007589047635 293
1739718298677 0.03201154098741714 294
1739718298703 0.2366414862572245 295
1739718298730 0.057642660849732685 296
1739718298756 0.16354891539598282 297
1739718298782 0.09919131540340413 298
1739718298808 0.568862540220673 299
1739718298835 0.14137685945563672 300
1739718298860 0.016512511510839083 301
1739718298886 0.10580740419326459 302
1739718298912 0.5115891499259744 303
1739718298938 0.4290074757246524 304
1739718298965 0.48869389815656916 305
1739718298991 0.022077993655858785 306
1739718299017 0.059633584457174996 307
1739718299043 0.0007364901682759657 308
1739718299069 0.03675713373119307 309
1739718299095 0.3317076499992481 310
1739718299121 0.005946488695648479 311
1739718299147 0.7891931253397633 312
1739718299173 0.023839391055656734 313
1739718299199 0.10275011261606583 314
1739718299226 1.3940281274307456 315
1739718299252 0.8170679201606443 316
1739718299278 0.2750125374298265 317
1739718299305 0.009646180378268289 318
1739718299332 0.07476938409850195 319
1739718299360 0.02161385696615285 320
1739718299386 0.16099707639987743 321
1739718299412 0.0050885151420399875 322
1739718299438 0.004094916205716054 323
1739718299465 3.265466749140325 324
1739718299492 1.0855477646694502 325
1739718299518 0.16425536029714483 326
1739718299544 0.6515883401634582 327
1739718299570 0.7393930316244998 328
1739718299596 0.2136778430705239 329
1739718299622 0.8999475656931553 330
1739718299648 0.017791917775181344 331
1739718299674 0.3158639214231909 332
1739718299701 0.42319158928116546 333
1739718299727 0.37885409642764095 334
1739718299753 0.4224566584628041 335
1739718299779 0.1443556001171985 336
1739718299806 0.2312011843208788 337
1739718299832 0.014122471742560167 338
1739718299858 0.29930079247189795 339
1739718299884 0.07572106880450986 340
1739718299911 0.0520158770512568 341
1739718299937 0.12102513060028884 342
1739718299963 0.36247621400954727 343
1739718299989 0.002156658832468231 344
1739718300015 0.14544413854514035 345
1739718300041 0.02812129475469399 346
1739718300066 1.1480255928350804 347
1739718300092 0.04537628404977418 348
1739718300118 0.1454687560860722 349
1739718300144 0.38259737358522034 350
1739718300169 0.739691963626765 351
1739718300195 0.001658560579317916 352
1739718300221 0.17874817384735825 353
1739718300247 0.00680176197580292 354
1739718300273 0.0008753636596780905 355
1739718300299 0.011044060476590548 356
1739718300325 0.03337261072930295 357
1739718300351 0.0075216509978487936 358
1739718300376 0.2582157498702336 359
1739718300402 0.0005183286390407463 360
1739718300428 0.1896003216519936 361
1739718300454 0.22018020252752415 362
1739718300479 0.16464794175628614 363
1739718300506 0.16897844215077584 364
1739718300532 0.23369737466018822 365
1739718300558 0.08067633559683532 366
1739718300584 0.05436678637695834 367
1739718300610 2.6263707957224836 368
1739718300637 0.21623746716542935 369
1739718300666 0.09089719930018504 370
1739718300698 0.00016817659318622702 371
1739718300731 0.12879480590860484 372
1739718300758 0.13311950353809998 373
1739718300784 0.24765180214899438 374
1739718300810 0.0016601957230901554 375
1739718300837 0.7060353288356803 376
1739718300864 0.00577405920537816 377
1739718300890 0.0829665328964187 378
1739718300916 0.00020255610454031792 379
1739718300942 0.2263118619024184 380
1739718300967 0.09653145787633605 381
1739718300993 0.09061171375233625 382
1739718301019 0.08066472842563403 383
1739718301045 0.2088289085678847 384
1739718301071 0.004045402759009695 385
1739718301097 0.34406412978328016 386
1739718301123 0.4102282393888936 387
1739718301149 0.018270195632705367 388
1739718301175 0.0032123317913204832 389
1739718301201 0.032409730638896767 390
1739718301227 0.07800967170751714 391
1739718301253 0.0036069186131100074 392
1739718301279 0.1177692662977186 393
1739718301306 0.030448522728844976 394
1739718301332 0.18527322539529578 395
1739718301358 0.3719049663804869 396
1739718301384 0.4456267845017268 397
1739718301410 0.004329655011116444 398
1739718301436 0.028349355431488293 399
1739718301463 0.4903109235262734 400
1739718301489 0.0039492480931870265 401
1739718301515 0.04466204494796056 402
1739718301541 1.1985467856768368 403
1739718301566 0.022040322114355464 404
1739718301593 1.7093354005071337 405
1739718301618 0.03856623091168645 406
1739718301645 0.20162085720576714 407
1739718301670 0.0013381569863802202 408
1739718301696 0.11496988759693061 409
1739718301722 0.004727028691937834 410
1739718301748 0.9126377149362528 411
1739718301774 0.420411139858314 412
1739718301799 0.18063004664074894 413
1739718301825 0.11913835158282282 414
1739718301851 0.033753480857134026 415
1739718301877 0.011583017897841651 416
1739718301903 0.021530605168415838 417
1739718301929 0.024521336254821384 418
1739718301955 0.000598569854020312 419
1739718301981 0.42404400468373715 420
1739718302007 0.2213336370383616 421
1739718302032 0.06325135744859678 422
1739718302059 0.7144229494941002 423
1739718302085 0.20152128902419567 424
1739718302111 0.00942901159242989 425
1739718302136 0.07872222207946725 426
1739718302163 0.42799192882719816 427
1739718302189 0.0478039567799263 428
1739718302215 0.0027569112303044456 429
1739718302241 0.14023424549629862 430
1739718302267 0.02321696581913233 431
1739718302294 0.022944109164167302 432
1739718302319 0.03802553514954734 433
1739718302346 0.19146600974700237 434
1739718302372 0.10629118404128961 435
1739718302398 0.21551126466139509 436
1739718302424 0.12040173170991099 437
1739718302450 0.0010825229117527053 438
1739718302476 0.102922872616529 439
1739718302501 0.30832074677369026 440
1739718302527 0.07627093790462496 441
1739718302554 0.05828988101845092 442
1739718302580 0.022396089947016185 443
1739718302606 0.13494279920629473 444
1739718302633 0.7178320529506975 445
1739718302659 0.28296944043915095 446
1739718302685 0.002117882977460495 447
1739718302711 0.08030680576637698 448
1739718302737 0.09664403029528304 449
1739718302763 0.00127089976942294 450
1739718302790 0.006319057261886507 451
1739718302817 0.07771908427795486 452
1739718302843 0.26564418746194 453
1739718302870 0.009851538602897393 454
1739718302897 0.08392104961301372 455
1739718302923 0.009467879147846666 456
1739718302950 0.2575243069586676 457
1739718302976 0.10866330645001335 458
1739718303003 0.02886639132129809 459
1739718303029 0.1512676375237503 460
1739718303056 0.00020472543789198334 461
1739718303082 0.0002295664356028663 462
1739718303109 0.0006435973152375216 463
1739718303135 0.010636928184767847 464
1739718303162 0.18119291503287296 465
1739718303188 0.5153406533092292 466
1739718303215 0.008018673036105728 467
1739718303242 0.2187986013984551 468
1739718303269 0.10340566648307381 469
1739718303295 0.5636380284869459 470
1739718303322 0.6019803234754776 471
1739718303349 0.07636979615405398 472
1739718303376 0.00021466774675005067 473
1739718303402 0.7609735087679428 474
1739718303429 0.05597695337082641 475
1739718303455 0.05369383482591228 476
1739718303482 0.5894755769674919 477
1739718303511 0.18128809733508072 478
1739718303537 0.045589820841852764 479
1739718303565 0.07981570758004206 480
1739718303593 0.009373446344096027 481
1739718303621 0.01573013491489588 482
1739718303648 0.019209796968855632 483
1739718303675 0.21094455993222647 484
1739718303702 0.024303017187760033 485
1739718303729 0.0915052927374243 486
1739718303755 0.017482885793515427 487
1739718303782 0.006682487328238512 488
1739718303808 0.01580279719266338 489
1739718303835 0.36303872583079283 490
1739718303862 0.00046873408767511283 491
1739718303888 0.1479343536161404 492
1739718303915 0.23323819047062125 493
1739718303941 0.41755557880123184 494
1739718303968 1.3293614961148348 495
1739718303995 0.024091758122719582 496
1739718304021 0.03645515113458577 497
1739718304048 1.4936483682307824 498
1739718304075 0.20923703290235082 499
