1739719371495 0.0024368375443841435 0
1739719371522 0.2447046669870878 1
1739719371549 0.05804568985300224 2
1739719371575 0.06130763107848951 3
1739719371601 0.021626807275864402 4
1739719371628 0.16773724761033246 5
1739719371655 0.17206224643022486 6
1739719371682 0.0018329029954753085 7
1739719371709 0.0772846960328003 8
1739719371735 0.04352644142662458 9
1739719371762 0.011684519236761094 10
1739719371788 0.06637075105442768 11
1739719371815 0.28657996330378643 12
1739719371841 2.1948053651583965 13
1739719371867 0.2926786146746909 14
1739719371893 0.02383193362383489 15
1739719371920 0.12599841297015688 16
1739719371946 0.015702635858567515 17
1739719371972 0.001276617884371194 18
1739719371999 0.050329684397473914 19
1739719372026 0.015080310881664827 20
1739719372053 0.06808340652776156 21
1739719372079 0.0064548028313394954 22
1739719372105 7.11253164107306e-05 23
1739719372131 0.0027218280196221315 24
1739719372157 0.019322531761580525 25
1739719372183 0.03266750270615945 26
1739719372210 0.04197941623944227 27
1739719372236 0.05297712095271938 28
1739719372262 0.03461504168118358 29
1739719372288 1.1257497991398846e-05 30
1739719372315 0.03701480900795387 31
1739719372341 0.04491679142606189 32
1739719372368 2.1453727568191656 33
1739719372394 0.21361614913996887 34
1739719372420 0.20007416578336706 35
1739719372447 0.04182158270566909 36
1739719372474 0.11109181390270237 37
1739719372500 0.01879426272807661 38
1739719372526 5.359192316011189e-06 39
1739719372553 0.014923269440296937 40
1739719372580 0.008729547004674681 41
1739719372607 0.2154261408064236 42
1739719372633 0.05064752882746615 43
1739719372660 0.004488699410197473 44
1739719372688 0.011767552095434146 45
1739719372739 0.8060198717510896 46
1739719372768 2.3335221537524266e-05 47
1739719372796 0.013413140993929843 48
1739719372823 7.456324112584655e-05 49
1739719372851 0.00517545639764948 50
1739719372879 0.31779208752905885 51
1739719372907 0.004190019943321885 52
1739719372935 0.011586308249283063 53
1739719372962 0.5422203153718815 54
1739719372990 0.30570915683300187 55
1739719373018 0.10092510512222583 56
1739719373046 0.019874552276911726 57
1739719373074 0.003183459010990273 58
1739719373102 1.0870902893056422 59
1739719373132 0.004416041830825064 60
1739719373161 0.0064723358867641075 61
1739719373189 0.26421392426450185 62
1739719373217 0.02688378742467614 63
1739719373245 0.01894368906023654 64
1739719373272 0.13492832410060082 65
1739719373298 0.001504178686317693 66
1739719373325 0.6000726886674042 67
1739719373352 0.022776123213507523 68
1739719373378 0.016650266246137073 69
1739719373405 0.014505212086542622 70
1739719373431 0.06279942983600971 71
1739719373458 0.0971981116918545 72
1739719373484 1.3905172166413424 73
1739719373511 0.02162946421169313 74
1739719373538 0.007142481662762553 75
1739719373565 0.06457275298094269 76
1739719373592 0.14751936162373863 77
1739719373620 0.5113743547525091 78
1739719373647 0.07062733737634184 79
1739719373673 0.13205828490356153 80
1739719373699 0.003420767802723707 81
1739719373725 0.05384182975224128 82
1739719373752 0.1327994190477773 83
1739719373778 0.26130208363691365 84
1739719373805 0.0682957121353977 85
1739719373831 0.05280652228765886 86
1739719373857 0.00326255755102131 87
1739719373884 0.03049845067823539 88
1739719373910 0.004414808017953315 89
1739719373936 0.07702329032964757 90
1739719373962 0.04506520172341049 91
1739719373988 0.07689465313868009 92
1739719374015 0.10544655508638298 93
1739719374041 0.5200605286989816 94
1739719374068 0.0004921913909469575 95
1739719374095 0.03376351605609605 96
1739719374121 0.030409656703874605 97
1739719374148 0.074168357738108 98
1739719374176 0.0025256388217202784 99
1739719374204 0.007001338479485953 100
1739719374231 0.4338731009296152 101
1739719374260 0.1477028466280064 102
1739719374289 0.4711469644521915 103
1739719374317 0.29503253901767834 104
1739719374343 0.5803181635613875 105
1739719374370 0.03476115854012203 106
1739719374396 0.05347962273476149 107
1739719374422 0.08035796520726035 108
1739719374448 0.18029746234663413 109
1739719374475 0.9766243987111207 110
1739719374502 0.028036920109644054 111
1739719374528 0.08197696601909935 112
1739719374555 0.10256253210771633 113
1739719374581 0.013357805042883314 114
1739719374609 0.30212149005548045 115
1739719374636 0.05773318481229089 116
1739719374662 0.04358731691201523 117
1739719374688 1.779860111219281e-05 118
1739719374714 0.026385050249987826 119
1739719374741 0.0052142946537873 120
1739719374769 0.02248511609122686 121
1739719374797 0.0034311319230797867 122
1739719374826 0.05879027044621534 123
1739719374855 0.007056047571660289 124
1739719374883 0.03982031271874453 125
1739719374911 0.025010066933866308 126
1739719374940 0.13470840913656137 127
1739719374968 0.2887655489039491 128
1739719374996 0.03238874824230154 129
1739719375024 0.2542739891937772 130
1739719375051 0.10721583868708429 131
1739719375079 0.05584130211750521 132
1739719375109 7.462442505171951e-05 133
1739719375141 0.09069826886628435 134
1739719375173 0.1252498372555926 135
1739719375204 0.0029799603784097504 136
1739719375237 0.006044333969368959 137
1739719375267 0.1295826198806787 138
1739719375296 0.3608202268813838 139
1739719375323 0.18153946263178947 140
1739719375349 0.2594984412304687 141
1739719375376 0.01937126790031504 142
1739719375402 0.04207708335291607 143
1739719375430 1.2662690740259904e-07 144
1739719375457 0.05361181311249547 145
1739719375484 0.11246440647080988 146
1739719375511 0.07404303204006081 147
1739719375540 0.012940982145797841 148
1739719375568 0.054980686265105244 149
1739719375595 0.2908163536404303 150
1739719375622 0.10807468007448721 151
1739719375648 0.01580645684788019 152
1739719375675 0.028370084500446365 153
1739719375701 0.03941083282777417 154
1739719375727 0.042411734882596835 155
1739719375754 8.155139160552262e-05 156
1739719375780 0.0030502118443885866 157
1739719375806 0.006640300866802681 158
1739719375832 0.053240535848578234 159
1739719375859 0.1368887519393472 160
1739719375885 0.10656600130739095 161
1739719375911 0.013232544252781702 162
1739719375937 0.06019490346967202 163
1739719375964 0.014215904964520456 164
1739719375991 0.00017042299394147856 165
1739719376017 0.06849049751420468 166
1739719376044 0.05329770332346572 167
1739719376071 0.12769341652346827 168
1739719376099 0.1353839631665736 169
1739719376129 0.05712672639943802 170
1739719376161 0.2617500462636196 171
1739719376192 0.1489588559211626 172
1739719376224 0.06087664399696512 173
1739719376267 0.1356615288212284 174
1739719376295 0.09640003022643331 175
1739719376323 0.20785844315914284 176
1739719376351 0.002165921228996533 177
1739719376378 0.027679914842772553 178
1739719376405 0.12404799676727023 179
1739719376431 0.001084731152416223 180
1739719376458 0.23359871890042624 181
1739719376484 0.7315042085588137 182
1739719376511 0.011544382311738986 183
1739719376537 0.00584460727427914 184
1739719376563 0.11202689503730984 185
1739719376590 0.047611222582654614 186
1739719376616 0.5178503510643239 187
1739719376642 0.17730706687241654 188
1739719376669 0.017619191965785264 189
1739719376696 0.07252599544208287 190
1739719376722 0.0157090725511514 191
1739719376749 0.09495337959147172 192
1739719376775 0.044263201465304644 193
1739719376801 0.07627195125639258 194
1739719376827 0.05834529738359861 195
1739719376854 0.0685370578987523 196
1739719376880 0.028294542852099747 197
1739719376906 0.00031845310836596134 198
1739719376933 4.083856346027764e-08 199
1739719376959 0.22749868867115572 200
1739719376986 0.5465012753044982 201
1739719377012 0.0636693827109306 202
1739719377038 0.04419678800487791 203
1739719377065 0.025447933270799646 204
1739719377092 0.1170968745690673 205
1739719377118 0.5274964529779629 206
1739719377144 0.017934579420855513 207
1739719377170 0.14138933265144724 208
1739719377196 0.3013490407557027 209
1739719377222 0.133038481635095 210
1739719377249 0.09716163674214838 211
1739719377276 0.2953677734799124 212
1739719377303 0.036895878836747505 213
1739719377329 0.4318114731550287 214
1739719377356 0.0009209448862228911 215
1739719377382 0.04493708733204287 216
1739719377409 0.16810620504000973 217
1739719377436 0.05454741796720943 218
1739719377462 0.40294547935294805 219
1739719377488 0.060970310420469735 220
1739719377515 0.052064626665918455 221
1739719377540 0.06456511328120174 222
1739719377567 0.03428819519274779 223
1739719377594 0.02901296429293052 224
1739719377620 0.3175526291201669 225
1739719377646 0.0935652257598087 226
1739719377673 0.44147940286278325 227
1739719377700 0.09558938642075428 228
1739719377725 0.008302573265204147 229
1739719377753 1.0509834899989374 230
1739719377780 0.0029994691599513966 231
1739719377808 0.0483066927562761 232
1739719377836 0.3855165461418131 233
1739719377863 0.3744542883482901 234
1739719377891 0.02903823116320748 235
1739719377919 0.008330229720224364 236
1739719377946 0.21451605704450852 237
1739719377974 0.03783338769654777 238
1739719378002 0.03771686070640257 239
1739719378030 0.10936270422739362 240
1739719378058 0.06442606571316278 241
1739719378085 0.5824921351243968 242
1739719378113 0.02296568255055001 243
1739719378141 0.07375112137721326 244
1739719378169 0.07835872831628655 245
1739719378197 0.37531142345714136 246
1739719378225 0.0004434727280364307 247
1739719378252 0.03136264601966095 248
1739719378280 0.0003908484204431365 249
1739719378308 0.0376342337998741 250
1739719378336 0.01673450543116701 251
1739719378364 0.20612251588349353 252
1739719378391 0.10768204325934921 253
1739719378419 0.06681954424536962 254
1739719378447 0.00843874028733708 255
1739719378475 0.006612859685828795 256
1739719378503 0.05417241380903919 257
1739719378530 0.010867908455125055 258
1739719378558 0.30666070165689546 259
1739719378586 0.07782304714021195 260
1739719378614 0.18032540596966953 261
1739719378642 0.014065764254762135 262
1739719378669 0.21513173222860912 263
1739719378698 0.020351156261892694 264
1739719378725 0.01131518749275773 265
1739719378753 0.08005656014700485 266
1739719378781 0.11484363444734354 267
1739719378809 0.1013902802561243 268
1739719378837 0.03492354346939717 269
1739719378864 0.0715137221997059 270
1739719378892 0.012472739324497828 271
1739719378920 0.007292589786751594 272
1739719378948 0.04381128681504444 273
1739719378976 0.003156010847939918 274
1739719379004 0.4228787186779109 275
1739719379032 0.0005800290312736711 276
1739719379060 0.12555094306696243 277
1739719379087 0.05652967333305759 278
1739719379116 0.0021026369275831845 279
1739719379142 0.21657766518153648 280
1739719379169 0.03813955599149553 281
1739719379196 0.25163995320032234 282
1739719379223 0.0614875619142739 283
1739719379249 0.013812338361051658 284
1739719379275 0.002150525437998061 285
1739719379302 0.00400274788142372 286
1739719379329 0.04357434866863325 287
1739719379355 0.5074587561291057 288
1739719379383 0.007713035884380499 289
1739719379413 0.0828100198962628 290
1739719379440 0.0018808086313921585 291
1739719379466 0.17157195869194095 292
1739719379492 0.055010422813291826 293
1739719379520 0.11746362136367705 294
1739719379548 0.00898901370135519 295
1739719379574 0.3182759056717347 296
1739719379600 0.15805638515654666 297
1739719379627 0.18315499616944592 298
1739719379654 0.0019820335722882188 299
1739719379680 0.00082383504698155 300
1739719379707 0.01591513527793881 301
1739719379733 0.06920372867971306 302
1739719379760 0.011451074937331194 303
1739719379787 0.35442448187788345 304
1739719379813 0.11821159407110926 305
1739719379840 0.5498545430546794 306
1739719379866 0.11128873912631984 307
1739719379893 0.676876476783427 308
1739719379920 0.17747846723204352 309
1739719379946 0.0056336453143825075 310
1739719379973 0.2976820676759929 311
1739719379999 0.28579338948593197 312
1739719380026 0.015304589941284502 313
1739719380052 0.06916927069931542 314
1739719380079 0.16913917595505779 315
1739719380105 0.11100960005522383 316
1739719380132 0.14843723520471314 317
1739719380158 0.0015353152875667727 318
1739719380185 0.003587363097067426 319
1739719380211 0.04739035670369777 320
1739719380239 0.008834936028793572 321
1739719380265 0.15419092061048917 322
1739719380292 0.522806143264011 323
1739719380318 0.12644544202583935 324
1739719380345 0.3693783138066333 325
1739719380371 0.039345071795016597 326
1739719380398 0.1397323499435945 327
1739719380425 0.09511018232650344 328
1739719380451 0.49478585278008613 329
1739719380478 0.12097312663347716 330
1739719380504 0.31067275842261544 331
1739719380531 0.015684948676225215 332
1739719380558 0.39054235557089545 333
1739719380584 0.4664192989604819 334
1739719380611 0.4274182182552696 335
1739719380638 0.019589706253069047 336
1739719380664 0.002018321693360659 337
1739719380691 0.1385240774374463 338
1739719380717 0.006718030919454384 339
1739719380744 0.11330795694464131 340
1739719380770 0.5708716977309051 341
1739719380796 0.054811443057960735 342
1739719380823 0.06340782249731107 343
1739719380849 0.0565983772035962 344
1739719380876 0.9892463233942353 345
1739719380902 0.02307563938749971 346
1739719380929 0.012268526390688874 347
1739719380956 0.15189248206057124 348
1739719380983 0.11728880056926973 349
1739719381009 0.44401723192058257 350
1739719381036 0.00031772064577673077 351
1739719381062 0.016782895005960124 352
1739719381089 4.436751883771356e-05 353
1739719381116 0.04141131666718721 354
1739719381143 0.09888407624907762 355
1739719381169 0.060743947504821816 356
1739719381196 0.006961195592716379 357
1739719381222 0.22318134507730755 358
1739719381249 0.07313386276274735 359
1739719381277 0.06109066708151427 360
1739719381305 0.02521764622966539 361
1739719381332 6.249769170311575e-05 362
1739719381364 0.13684693589076333 363
1739719381393 0.1611733997262878 364
1739719381423 0.13484816465495852 365
1739719381454 0.020747256638874403 366
1739719381486 0.00014844149875544376 367
1739719381520 0.15891548342634065 368
1739719381549 0.0010275365458262446 369
1739719381578 0.0015277565528452634 370
1739719381606 0.030602912146717325 371
1739719381634 0.0016266162965532585 372
1739719381663 0.00780870091402644 373
1739719381690 0.10276947354442265 374
1739719381717 0.07023117348823958 375
1739719381744 0.004955827322730468 376
1739719381772 0.1707344693857311 377
1739719381800 0.04928909501677408 378
1739719381827 0.11868291840643233 379
1739719381853 0.2663267550600017 380
1739719381880 0.036947932434255856 381
1739719381906 0.09717755825397247 382
1739719381933 0.04065406375724894 383
1739719381959 0.22815074470658694 384
1739719381985 0.02756269975144916 385
1739719382012 0.009242717013943616 386
1739719382038 0.010967105145441273 387
1739719382065 0.015609363017166799 388
1739719382091 0.10990409428183949 389
1739719382117 0.2577878631466256 390
1739719382144 0.08527033380153876 391
1739719382170 0.037814320758701316 392
1739719382197 0.0017728974235337776 393
1739719382223 0.05327233741209011 394
1739719382250 0.14786977645487762 395
1739719382277 0.021193956296667222 396
1739719382304 0.030038240145255336 397
1739719382330 0.005749797289904509 398
1739719382357 0.011746319525974377 399
1739719382384 0.0011518228543990895 400
1739719382410 0.002031270127182393 401
1739719382436 0.02012119966502296 402
1739719382463 0.011557691040937184 403
1739719382489 0.20538496132307302 404
1739719382516 0.15100634813372915 405
1739719382543 0.0019542198793041613 406
1739719382570 0.2847669493548423 407
1739719382596 0.12537535056306437 408
1739719382623 0.1038527732481619 409
1739719382649 0.36388438992491057 410
1739719382676 0.06750564010535369 411
1739719382702 0.024923714170623286 412
1739719382728 0.07254932035537709 413
1739719382758 0.008100593714368677 414
1739719382795 0.015656246372066623 415
1739719382824 0.1423304231466307 416
1739719382852 0.1307202595451598 417
1739719382880 0.021680446441415504 418
1739719382906 0.014864816502412344 419
1739719382933 0.01689504025444347 420
1739719382960 0.10526445112824494 421
1739719382987 0.004725459421708787 422
1739719383014 0.11633665431478332 423
1739719383041 1.0381910520895101 424
1739719383067 0.0114971692584631 425
1739719383094 0.011653191473130339 426
1739719383120 0.03202783920137097 427
1739719383149 0.06838305156394145 428
1739719383179 0.005432036678456747 429
1739719383209 0.032199226064418066 430
1739719383240 0.009669624588371502 431
1739719383272 0.12508968042417037 432
1739719383303 0.000508743030013827 433
1739719383333 0.024408409700126928 434
1739719383363 0.061874813953944986 435
1739719383394 0.011718785650846785 436
1739719383425 0.1215230302025321 437
1739719383455 0.08470499641212896 438
1739719383483 0.0072194884054171075 439
1739719383511 0.011077133560527763 440
1739719383539 0.04597382737201423 441
1739719383568 0.028976067511518953 442
1739719383596 0.0036009401014831964 443
1739719383624 0.32391744263865324 444
1739719383651 0.020460610865005672 445
1739719383678 0.12046368105342678 446
1739719383707 0.007664774584762145 447
1739719383735 0.6122338483286435 448
1739719383762 0.04165773558836508 449
1739719383789 0.0009929770498012256 450
1739719383816 0.23212370853275138 451
1739719383843 0.017326926499249405 452
1739719383870 0.2701246838937703 453
1739719383896 0.052315210367429484 454
1739719383922 4.1699568821172564e-06 455
1739719383949 0.00042766732375247894 456
1739719383975 0.2892054563978951 457
1739719384001 0.004381928144385262 458
1739719384028 0.018995134721367428 459
1739719384054 0.12751487338595202 460
1739719384080 0.03888302013009329 461
1739719384107 0.29424385783934875 462
1739719384133 0.17097733449684951 463
1739719384160 0.24466346537056874 464
1739719384186 0.01777648801234786 465
1739719384213 0.10617923152669251 466
1739719384239 0.03561939305378003 467
1739719384265 0.0025453626153694626 468
1739719384291 0.006387930838785992 469
1739719384318 0.10077403138696613 470
1739719384344 0.1328879621431458 471
1739719384371 0.09447009205002951 472
1739719384397 0.053022394558807404 473
1739719384424 0.10624902745295071 474
1739719384451 0.002459770329130498 475
1739719384483 0.0014817889624650221 476
1739719384510 0.016694641083170342 477
1739719384538 0.006273382459645105 478
1739719384567 0.053905248526476095 479
1739719384596 0.24101381747594106 480
1739719384625 0.13862704947048177 481
1739719384654 0.03820965546462369 482
1739719384683 0.04998520382828528 483
1739719384713 0.05159121357717395 484
1739719384746 0.010348993816653601 485
1739719384777 0.008679869795605895 486
1739719384807 0.16894117234639616 487
1739719384836 0.005386725275685316 488
1739719384866 0.2627591928985518 489
1739719384896 0.11251062644288408 490
1739719384926 0.3057382546122568 491
1739719384955 0.013503315192674035 492
1739719384982 0.3534105138407739 493
1739719385010 0.08021476372487985 494
1739719385037 0.01192726503598903 495
1739719385064 0.30905894833181374 496
1739719385091 0.24610924284124086 497
1739719385118 0.21012889162282203 498
1739719385144 0.005346639178918995 499
