1739715986139 166.73703877514075 0
1739715986146 162.8286696420412 1
1739715986152 164.18371620956825 2
1739715986158 162.45137745122346 3
1739715986165 157.26694181050917 4
1739715986170 155.59632676085602 5
1739715986176 153.180533588081 6
1739715986182 149.9128929464194 7
1739715986187 145.82934981351923 8
1739715986192 147.78088254264088 9
1739715986198 144.8592177622758 10
1739715986203 141.28534957953627 11
1739715986208 139.83432746593303 12
1739715986214 138.63859473179147 13
1739715986219 135.86529869503283 14
1739715986225 131.0735404427257 15
1739715986231 130.15157724209604 16
1739715986237 130.46050958309496 17
1739715986242 125.96174650920389 18
1739715986248 127.58135854218978 19
1739715986253 124.25020854604787 20
1739715986259 124.24232676629694 21
1739715986264 121.4639499855594 22
1739715986270 119.47960077729985 23
1739715986276 115.31325613345938 24
1739715986282 115.98062114155456 25
1739715986287 112.54644056838646 26
1739715986293 111.47818494239282 27
1739715986298 111.5406667658632 28
1739715986303 111.67450184732692 29
1739715986309 107.92313798186443 30
1739715986315 107.27208936288787 31
1739715986320 104.0416711974408 32
1739715986326 102.11063438558675 33
1739715986333 101.998165314748 34
1739715986339 102.08238653132885 35
1739715986345 100.18896572517424 36
1739715986351 96.83284697418664 37
1739715986357 94.99456672372985 38
1739715986363 95.17618421562203 39
1739715986369 92.91291482420336 40
1739715986375 90.63131570967688 41
1739715986380 91.587489942844 42
1739715986386 90.37647803642015 43
1739715986392 88.59229416016721 44
1739715986397 86.29761206424043 45
1739715986403 83.97913791435711 46
1739715986408 82.73750052188795 47
1739715986414 81.82965622045049 48
1739715986419 82.06771438642072 49
1739715986425 83.5801610028257 50
1739715986430 80.73913489140362 51
1739715986436 77.96068941537592 52
1739715986441 76.85121635362918 53
1739715986446 76.81101092795319 54
1739715986452 73.46092123414319 55
1739715986458 73.34468843804872 56
1739715986464 73.61641836337368 57
1739715986470 71.09002415915653 58
1739715986475 70.52790437090616 59
1739715986481 70.94668892671969 60
1739715986486 67.85022954448544 61
1739715986492 66.83455596072838 62
1739715986497 66.94087515616052 63
1739715986502 65.29849192896044 64
1739715986507 65.01045453354574 65
1739715986513 63.04011122273752 66
1739715986518 63.28892775930723 67
1739715986524 62.23396656200622 68
1739715986529 61.556847675755854 69
1739715986534 61.076644984016355 70
1739715986540 61.77660481065967 71
1739715986545 58.36633589274793 72
1739715986550 56.19159733302043 73
1739715986555 59.213703047505994 74
1739715986561 56.941045167441246 75
1739715986569 54.36786125035575 76
1739715986575 54.81081903768852 77
1739715986580 52.704825404439255 78
1739715986586 52.421791871116696 79
1739715986591 51.67239809412762 80
1739715986597 50.71279603247391 81
1739715986602 50.543032694302354 82
1739715986607 50.65516456639316 83
1739715986613 48.41966196347229 84
1739715986618 47.94748211836044 85
1739715986624 46.80460165203297 86
1739715986629 45.93923445754685 87
1739715986634 46.2179202820952 88
1739715986639 44.982518719322236 89
1739715986645 44.484585814169684 90
1739715986650 45.77198045519241 91
1739715986656 43.96984451718432 92
1739715986661 42.98645967339405 93
1739715986666 42.475881344857456 94
1739715986672 42.41515106572536 95
1739715986678 41.0777825899758 96
1739715986684 41.20687051827749 97
1739715986689 39.65332409351254 98
1739715986695 39.96385685716262 99
1739715986701 38.774382346876344 100
1739715986706 37.40710565087163 101
1739715986711 37.87547879021936 102
1739715986716 37.48715284848247 103
1739715986722 35.86860612823547 104
1739715986728 36.23442698750768 105
1739715986733 34.93793879838434 106
1739715986739 34.14901297978408 107
1739715986744 34.92844268020065 108
1739715986750 34.25729966615483 109
1739715986755 32.47827238220152 110
1739715986761 33.411323766754734 111
1739715986766 34.12368662793865 112
1739715986771 31.785224692946837 113
1739715986777 31.91244860666978 114
1739715986782 31.095945550194312 115
1739715986787 31.0470351572971 116
1739715986793 30.315248383302986 117
1739715986799 30.316602983749807 118
1739715986805 29.384373147427432 119
1739715986811 28.334029015868747 120
1739715986817 28.473063062194363 121
1739715986822 27.003070876059223 122
1739715986827 27.339171306759475 123
1739715986832 26.896250122004755 124
1739715986838 25.981315324889223 125
1739715986844 26.284722799599546 126
1739715986850 26.42870289714607 127
1739715986855 26.060632548772507 128
1739715986860 25.665514020576705 129
1739715986866 25.573367466920306 130
1739715986871 25.22819176203225 131
1739715986877 25.03288601407196 132
1739715986883 23.75174111513538 133
1739715986889 23.04277361424595 134
1739715986895 23.700148554191653 135
1739715986901 23.31833498409955 136
1739715986906 22.575401341427234 137
1739715986912 22.653829793319208 138
1739715986918 21.986167602317792 139
1739715986923 22.590849371571306 140
1739715986929 21.76338575249417 141
1739715986935 21.322335892921235 142
1739715986941 20.602635628539314 143
1739715986946 20.302223828289954 144
1739715986951 19.739516553321288 145
1739715986957 20.45795026246081 146
1739715986962 20.016050710024718 147
1739715986967 19.938187254291616 148
1739715986973 18.501779072068132 149
1739715986979 18.934194579346162 150
1739715986984 19.192869298299577 151
1739715986990 18.297507976364187 152
1739715986996 17.771028579501493 153
1739715987002 17.62443651027573 154
1739715987008 17.860752124421754 155
1739715987014 17.07469113221672 156
1739715987019 17.29127102859439 157
1739715987027 17.033488637274512 158
1739715987032 16.236937810813867 159
1739715987038 15.691635614566609 160
1739715987043 15.913917133844919 161
1739715987048 16.059878238737955 162
1739715987054 15.43187580943337 163
1739715987059 15.866678440090878 164
1739715987064 15.594786220902499 165
1739715987070 15.254962044121298 166
1739715987076 14.805675463782066 167
1739715987081 14.471459519493987 168
1739715987087 14.063016389291523 169
1739715987093 14.61046825509269 170
1739715987098 13.565980223194579 171
1739715987103 14.615373504340601 172
1739715987109 13.093084038548266 173
1739715987114 13.20640242018376 174
1739715987119 13.593447203261835 175
1739715987124 12.785153062548591 176
1739715987130 12.541965489001381 177
1739715987136 12.832431590348365 178
1739715987141 12.166132660197258 179
1739715987147 12.119180827129988 180
1739715987152 11.778707680550168 181
1739715987157 11.803364856112115 182
1739715987163 11.440771550443325 183
1739715987168 11.241193728230224 184
1739715987173 11.499311715782067 185
1739715987179 11.725934857761876 186
1739715987185 11.125947615256313 187
1739715987190 10.48852049578694 188
1739715987195 10.35272190627153 189
1739715987201 10.282391742310605 190
1739715987206 10.660449003265677 191
1739715987211 10.80547815156339 192
1739715987217 10.099496513217908 193
1739715987222 9.606736076273322 194
1739715987227 9.625566012294714 195
1739715987233 9.651805856564895 196
1739715987238 9.088620536210716 197
1739715987243 9.164534809730457 198
1739715987249 8.921888320253624 199
1739715987254 9.421365267091835 200
1739715987259 8.993473199993737 201
1739715987265 8.31537633343587 202
1739715987270 8.921306494339483 203
1739715987276 8.830175016568472 204
1739715987281 8.03509509486492 205
1739715987287 8.600874762513465 206
1739715987292 8.083020868072234 207
1739715987298 7.9430277815428045 208
1739715987303 7.693123675821396 209
1739715987309 7.774229614668551 210
1739715987315 7.516523118194922 211
1739715987320 7.355152423306293 212
1739715987326 7.567576473990268 213
1739715987336 7.625093053444059 214
1739715987342 7.307382347475071 215
1739715987348 7.096920134479113 216
1739715987355 6.685055637972857 217
1739715987361 7.294915476422018 218
1739715987367 6.8148484282955994 219
1739715987372 6.907035161036245 220
1739715987378 6.800058908663522 221
1739715987384 6.842388089829229 222
1739715987391 6.772979504075198 223
1739715987398 6.759188204481762 224
1739715987404 6.107318844257353 225
1739715987410 6.193901191931887 226
1739715987416 6.309798390186266 227
1739715987421 6.417477725116807 228
1739715987427 5.733192133732507 229
1739715987433 5.73606515070118 230
1739715987438 5.669414025872924 231
1739715987444 6.174853932176893 232
1739715987449 5.9180324939734925 233
1739715987455 5.446994769232381 234
1739715987461 5.470555417293291 235
1739715987466 5.373745527498978 236
1739715987472 5.101047239154204 237
1739715987477 5.19049998631536 238
1739715987483 4.753722959075107 239
1739715987489 5.350880444995382 240
1739715987496 5.0656633773688755 241
1739715987501 5.286781712427836 242
1739715987507 4.919537977153888 243
1739715987512 5.068825590361585 244
1739715987518 4.827986954647831 245
1739715987524 4.670681953221938 246
1739715987529 4.7558731344396845 247
1739715987535 4.300156283251058 248
1739715987540 4.559742497882862 249
1739715987546 4.622651080870838 250
1739715987552 3.9126259469696687 251
1739715987559 4.307057345305593 252
1739715987564 4.5386104880524485 253
1739715987573 3.9615162214895245 254
1739715987579 4.177584011486763 255
1739715987585 4.138870646617135 256
1739715987591 4.1517670599441985 257
1739715987596 3.852823701834814 258
1739715987601 4.0398569025285 259
1739715987607 3.635125132801538 260
1739715987613 3.644372616344588 261
1739715987619 3.542846011764176 262
1739715987625 3.8181031282363027 263
1739715987631 3.720099272301707 264
1739715987637 3.634794821923019 265
1739715987643 3.31050007251652 266
1739715987650 3.443413687229952 267
1739715987656 3.6448241228014053 268
1739715987663 3.3675286559758795 269
1739715987670 3.24771967016441 270
1739715987676 3.197458515555563 271
1739715987685 3.2109286824471517 272
1739715987692 3.0777903748980355 273
1739715987698 3.0824701287389296 274
1739715987705 3.082455645656365 275
1739715987713 3.335736613481627 276
1739715987719 3.1119215092818164 277
1739715987725 2.8412453838352714 278
1739715987732 2.9999344997255135 279
1739715987738 2.9549417028566958 280
1739715987744 2.916778985130021 281
1739715987751 3.402476075965911 282
1739715987757 2.732525927414425 283
1739715987763 2.4255294986011093 284
1739715987769 2.694373791905094 285
1739715987775 2.804886718714875 286
1739715987781 2.9352432734015 287
1739715987787 2.678386211152817 288
1739715987793 2.537407878820531 289
1739715987799 2.416570042225844 290
1739715987806 2.4702958394232053 291
1739715987812 2.2153032473369434 292
1739715987819 2.372624197132843 293
1739715987825 2.470736457900037 294
1739715987831 2.369738471700928 295
1739715987837 2.232634192045212 296
1739715987843 2.3088403705645417 297
1739715987848 2.0327548678770055 298
1739715987854 2.048432977458383 299
1739715987860 2.368755624802321 300
1739715987866 2.1226969479305127 301
1739715987872 2.087560823861141 302
1739715987880 2.1659990624424132 303
1739715987887 2.1181314202770665 304
1739715987893 1.8260990065533682 305
1739715987899 2.1115913973825577 306
1739715987905 2.0328260035476937 307
1739715987910 2.011051347607172 308
1739715987916 1.9864073193657406 309
1739715987922 1.8937157909918962 310
1739715987928 1.9053913296750884 311
1739715987934 1.8350162913103327 312
1739715987940 1.7808260536888214 313
1739715987946 1.7159351816612511 314
1739715987951 1.8160246023535025 315
1739715987957 1.6944378380319725 316
1739715987963 1.4643182695389372 317
1739715987968 1.7970919814155282 318
1739715987974 1.7936302735638991 319
1739715987979 1.5724888088278959 320
1739715987986 1.5867325483368118 321
1739715987992 1.6300432638078879 322
1739715987997 1.6498875680767053 323
1739715988003 1.5846193352315139 324
1739715988009 1.54205823775978 325
1739715988014 1.7385819988413764 326
1739715988020 1.6339112972301943 327
1739715988026 1.4495401479604901 328
1739715988032 1.488193924862624 329
1739715988038 1.4103734450837921 330
1739715988043 1.440928145139614 331
1739715988049 1.4137003452612198 332
1739715988055 1.3309333236158716 333
1739715988060 1.3007728139486203 334
1739715988065 1.2764790082438153 335
1739715988071 1.358387075804675 336
1739715988077 1.2977599037979102 337
1739715988082 1.3264996691892477 338
1739715988088 1.2962280133455233 339
1739715988095 1.1353346095202206 340
1739715988101 1.354960036699128 341
1739715988107 1.3293005030326384 342
1739715988113 1.2539792585350686 343
1739715988118 1.3275248025505306 344
1739715988124 1.0868438088248225 345
1739715988129 1.1967887745674666 346
1739715988135 0.9663181321863622 347
1739715988140 1.0088873753120133 348
1739715988145 1.0841252555895624 349
1739715988150 1.050200296910416 350
1739715988156 1.1205608434436345 351
1739715988162 1.155055440654535 352
1739715988167 1.1256597235988712 353
1739715988173 1.0652768924515927 354
1739715988178 0.877475173395898 355
1739715988184 1.149094447651814 356
1739715988190 0.9780461912538092 357
1739715988195 0.9486052010870192 358
1739715988201 0.9022006656070608 359
1739715988206 0.962285933771075 360
1739715988211 0.9204089018955799 361
1739715988216 0.8906913140323781 362
1739715988222 0.9429729394838994 363
1739715988227 0.9289637722094336 364
1739715988233 0.863635846242563 365
1739715988238 0.8322936207977615 366
1739715988244 0.8917699061596771 367
1739715988249 0.7489737478589259 368
1739715988255 0.7861293228789832 369
1739715988260 0.8558185284444759 370
1739715988265 0.7933391227053402 371
1739715988271 0.8584437667187517 372
1739715988277 0.9843749184437851 373
1739715988282 0.865442746071171 374
1739715988288 0.7863029925662981 375
1739715988293 0.9663106863870098 376
1739715988299 0.7406992845947383 377
1739715988304 0.8173325445315295 378
1739715988309 0.673939380585994 379
1739715988315 0.7359993654391654 380
1739715988321 0.7496480085641251 381
1739715988326 0.7056337695823572 382
1739715988332 0.7820656465934064 383
1739715988337 0.8326795598545317 384
1739715988343 0.7289985738179605 385
1739715988348 0.7045484438059794 386
1739715988353 0.707760877252172 387
1739715988359 0.652261662529064 388
1739715988364 0.801338544652279 389
1739715988369 0.5463987336889299 390
1739715988374 0.6697995926056699 391
1739715988380 0.5461928921942019 392
1739715988385 0.6790303425934793 393
1739715988391 0.6253700976388223 394
1739715988396 0.652196478986245 395
1739715988401 0.5415207810961025 396
1739715988407 0.5032391170447441 397
1739715988412 0.5679486389621783 398
1739715988417 0.5585792057238785 399
1739715988422 0.6277225718607337 400
1739715988427 0.5884122238477897 401
1739715988433 0.5722294236509157 402
1739715988438 0.6164277108549115 403
1739715988443 0.5479242421785775 404
1739715988448 0.5589829137158808 405
1739715988454 0.5362324508305821 406
1739715988459 0.5264849296391239 407
1739715988464 0.49822184559656224 408
1739715988470 0.5170312935276768 409
1739715988476 0.49232918087917216 410
1739715988482 0.4924237153830056 411
1739715988488 0.520277022180504 412
1739715988494 0.4103954461913033 413
1739715988499 0.4831369923409446 414
1739715988505 0.4810275370831292 415
1739715988510 0.5705086356742977 416
1739715988515 0.45864757183238125 417
1739715988520 0.45969738103655444 418
1739715988525 0.4132612600817649 419
1739715988531 0.48071308566320703 420
1739715988537 0.43774058346367006 421
1739715988542 0.4384722307451141 422
1739715988548 0.4729453819531704 423
1739715988553 0.5698976560843184 424
1739715988559 0.43566402551768063 425
1739715988564 0.4690162280639261 426
1739715988573 0.44269029448740727 427
1739715988578 0.4053560125992528 428
1739715988583 0.46919779976849385 429
1739715988588 0.44569357633531304 430
1739715988594 0.34090944598863093 431
1739715988600 0.37689949334554856 432
1739715988605 0.41361423801530584 433
1739715988611 0.37794640821002146 434
1739715988618 0.33180674174395725 435
1739715988623 0.4052749407739795 436
1739715988629 0.38264829110712734 437
1739715988635 0.359721938570169 438
1739715988640 0.4304894150700161 439
1739715988646 0.3015032388909038 440
1739715988651 0.32823521762043695 441
1739715988657 0.30593136317537833 442
1739715988662 0.3512839593435581 443
1739715988667 0.3553514549003464 444
1739715988673 0.2752852526817769 445
1739715988678 0.3227215578321034 446
1739715988683 0.3068825111822715 447
1739715988689 0.28641028989906825 448
1739715988695 0.3331365229073259 449
1739715988700 0.2940320913732537 450
1739715988705 0.3205542211679714 451
1739715988711 0.29782677089946463 452
1739715988716 0.3815791387261847 453
1739715988721 0.25234014557129436 454
1739715988727 0.22504420000243228 455
1739715988733 0.41828975109107314 456
1739715988739 0.3103334714030531 457
1739715988744 0.2980194695286298 458
1739715988750 0.24049438270614729 459
1739715988755 0.26955801365240434 460
1739715988762 0.28204437128556875 461
1739715988769 0.25031700876327934 462
1739715988776 0.2461118294694853 463
1739715988782 0.21086605658741567 464
1739715988788 0.23473543135255287 465
1739715988794 0.24700139023371853 466
1739715988801 0.23349185945355425 467
1739715988807 0.2669718268407805 468
1739715988814 0.3220389969540353 469
1739715988822 0.2506069279540929 470
1739715988828 0.2048513100108998 471
1739715988834 0.2902557676189597 472
1739715988839 0.3492319735009787 473
1739715988845 0.1892458372250317 474
1739715988851 0.2803361732527202 475
1739715988857 0.2366789590816089 476
1739715988863 0.28802154688602705 477
1739715988869 0.24791146776296974 478
1739715988874 0.3287544871721423 479
1739715988880 0.2557613399058174 480
1739715988886 0.24480063388642265 481
1739715988891 0.2558202035877452 482
1739715988897 0.21709776840480147 483
1739715988903 0.22418322551192232 484
1739715988909 0.28669692103999395 485
1739715988914 0.20652525988053416 486
1739715988920 0.20115346022029928 487
1739715988925 0.23771008597257756 488
1739715988931 0.1927011334998898 489
1739715988936 0.2254180142483782 490
1739715988941 0.18382019994596902 491
1739715988947 0.1801144073271476 492
1739715988952 0.18135341822196924 493
1739715988958 0.18152423449071778 494
1739715988963 0.19139785413590835 495
1739715988968 0.1502810990689906 496
1739715988973 0.15064980574124479 497
1739715988979 0.19928691254021502 498
1739715988985 0.23492081797619857 499
