1739717724022 0.5361720007046483 0
1739717724049 0.9744451344967053 1
1739717724075 0.058978811993146925 2
1739717724102 0.001647580787184895 3
1739717724128 0.19504544736785048 4
1739717724154 0.34201788435201 5
1739717724181 0.20705977765598763 6
1739717724208 0.007502231416763443 7
1739717724234 0.11377816637131664 8
1739717724260 0.032921800875414284 9
1739717724286 0.017238237559229524 10
1739717724313 0.21736959893233268 11
1739717724339 0.136732479079083 12
1739717724366 0.13987200630423852 13
1739717724392 0.12075984024900721 14
1739717724418 0.4581510494556315 15
1739717724444 0.13581332747990785 16
1739717724470 0.10246353277297378 17
1739717724497 0.33881132277392645 18
1739717724523 0.3329801134049185 19
1739717724548 0.2678072190090608 20
1739717724574 1.77906865339505e-05 21
1739717724601 0.33377614138258577 22
1739717724627 0.1659834303414586 23
1739717724653 0.09867714461823347 24
1739717724679 0.01746657913499861 25
1739717724707 0.09060107488859934 26
1739717724733 0.9485492506517694 27
1739717724759 0.574943663939237 28
1739717724785 0.19719989418185835 29
1739717724813 0.0005338000332120672 30
1739717724839 0.058625265108017445 31
1739717724865 0.14391135970060803 32
1739717724891 0.07503147934729106 33
1739717724917 0.5207601882701133 34
1739717724943 0.05452269453033522 35
1739717724969 0.41107181615474664 36
1739717724995 0.05679163530414135 37
1739717725022 1.308964325143155 38
1739717725048 0.42747230612275783 39
1739717725074 0.15232311721891967 40
1739717725100 0.696149066565809 41
1739717725127 0.10100553909053893 42
1739717725153 0.00043832605981245913 43
1739717725178 1.025803249917494 44
1739717725205 0.24143166983680484 45
1739717725231 0.17840572116947395 46
1739717725258 0.37028324458609146 47
1739717725284 0.022379115192904274 48
1739717725311 0.10599286648972268 49
1739717725338 0.11885997871321156 50
1739717725365 0.16874617788443033 51
1739717725390 0.1422220269384053 52
1739717725416 0.07412683228757062 53
1739717725442 0.2821513337197449 54
1739717725468 0.11233407169207717 55
1739717725494 0.216965492454144 56
1739717725521 0.008108374682706828 57
1739717725546 0.0039438638805997465 58
1739717725572 0.09347799331639219 59
1739717725599 0.00559275603986174 60
1739717725625 0.004404362567073957 61
1739717725651 1.0348924168890956 62
1739717725677 0.08676865357923663 63
1739717725703 0.019753220553320797 64
1739717725730 0.010722274367177289 65
1739717725756 0.0006873359222595644 66
1739717725782 0.006165227356988968 67
1739717725808 0.40328083467501413 68
1739717725835 0.07086171471792387 69
1739717725861 2.301382376442024e-05 70
1739717725887 0.17074268947695356 71
1739717725913 0.04378158131087239 72
1739717725939 0.8158311746092576 73
1739717725965 0.015191996459558176 74
1739717725991 0.01789117148342617 75
1739717726018 0.15995032371086038 76
1739717726044 0.015736165654122933 77
1739717726070 0.10073714002614952 78
1739717726096 0.9763260370609687 79
1739717726123 0.15645683622785497 80
1739717726149 0.00034267292288275055 81
1739717726175 0.16561669381651423 82
1739717726202 0.034093890020311414 83
1739717726228 0.13643866711223931 84
1739717726254 0.0485509564723245 85
1739717726280 1.2329873921853947 86
1739717726306 0.022423498704865874 87
1739717726333 0.5913242443313769 88
1739717726360 0.5408706101193815 89
1739717726386 0.06233499619763854 90
1739717726422 0.939136641826721 91
1739717726449 0.00012876640899192384 92
1739717726474 0.018891655879296233 93
1739717726500 0.014866871594220702 94
1739717726527 0.7549758281444485 95
1739717726553 0.004031799774652707 96
1739717726580 5.431954230998311e-05 97
1739717726606 0.00024701702441715865 98
1739717726633 0.5206511484390611 99
1739717726659 0.04190007389926512 100
1739717726685 0.0085474210372252 101
1739717726711 0.012845166745180535 102
1739717726738 0.0001022157463999955 103
1739717726764 0.8925240617577842 104
1739717726791 0.05019059443184288 105
1739717726817 0.02339827504287718 106
1739717726844 0.10688622106362668 107
1739717726871 0.24301680111919122 108
1739717726897 0.25256632510722254 109
1739717726924 0.8492366250212021 110
1739717726950 0.07771701695180445 111
1739717726976 0.013036124082114681 112
1739717727002 0.9001628793145001 113
1739717727028 0.10090473997480727 114
1739717727054 0.027136867776039554 115
1739717727080 0.011654442138626394 116
1739717727105 0.6725190660157723 117
1739717727132 0.001953586425929389 118
1739717727159 0.1757089372259535 119
1739717727185 1.4731908579341434e-05 120
1739717727211 0.2623132461076603 121
1739717727236 0.0160642693499063 122
1739717727262 0.08568818841481271 123
1739717727288 0.15608481260836135 124
1739717727314 0.00438735642226912 125
1739717727341 0.02869876343014127 126
1739717727367 0.021978610851679348 127
1739717727393 0.005125945440782797 128
1739717727419 0.13475105778109564 129
1739717727445 0.00528130560382435 130
1739717727471 0.28472221504105505 131
1739717727497 0.13084017020548752 132
1739717727523 0.02244346319171037 133
1739717727549 0.01332790912357825 134
1739717727576 0.006530712103519527 135
1739717727602 2.4555002835540615e-06 136
1739717727629 0.06765990920753467 137
1739717727655 0.04573051351566275 138
1739717727681 0.016219735347104997 139
1739717727707 0.002871825210110862 140
1739717727733 0.23562154433826496 141
1739717727759 0.21995771943843487 142
1739717727785 0.01845440358080851 143
1739717727812 0.18653767221737746 144
1739717727838 0.6009468312707827 145
1739717727864 0.32499020926862204 146
1739717727891 0.8630118499029862 147
1739717727917 0.004965057287823873 148
1739717727944 0.12617531752109032 149
1739717727970 0.0014333010141624402 150
1739717727996 0.07703474730085914 151
1739717728023 0.04099867979260074 152
1739717728049 0.30545245568168533 153
1739717728076 0.10939606831746117 154
1739717728103 0.05822166686643297 155
1739717728130 0.05153775436870548 156
1739717728156 0.04827915003266919 157
1739717728183 0.44278781968819386 158
1739717728209 0.012690419448654632 159
1739717728236 0.025630840612210572 160
1739717728263 0.01395196547084674 161
1739717728289 0.39875372322618663 162
1739717728315 0.0014288504034007826 163
1739717728342 0.01955556287838232 164
1739717728368 0.375846208828334 165
1739717728394 0.377840061036521 166
1739717728422 0.01719076570680957 167
1739717728449 0.0014845674640178645 168
1739717728475 0.011223566523976262 169
1739717728501 0.9600542855512777 170
1739717728528 0.033141682122220295 171
1739717728555 0.012101683664311308 172
1739717728581 0.051224077038975066 173
1739717728607 0.38348202279357607 174
1739717728634 0.06446255818281241 175
1739717728661 1.474109259934186e-05 176
1739717728688 0.2836373205468004 177
1739717728714 0.13008506620349447 178
1739717728741 0.28788771982295797 179
1739717728768 0.3372661012557466 180
1739717728795 0.005060194928461901 181
1739717728821 0.01626879198622258 182
1739717728847 0.22758621027965847 183
1739717728874 0.11679354853550257 184
1739717728900 0.1961465659544873 185
1739717728927 0.230308066191496 186
1739717728954 0.0015674009886149727 187
1739717728979 0.05031603254480073 188
1739717729005 0.019395639249662942 189
1739717729031 0.05094259113559696 190
1739717729057 1.5097505933089475 191
1739717729083 0.023097031532866335 192
1739717729110 0.08356414473138443 193
1739717729137 0.008260913154186228 194
1739717729163 0.24061021419443743 195
1739717729190 0.3101756948845683 196
1739717729216 0.024850987516248927 197
1739717729242 0.017058107302996978 198
1739717729268 0.0005663408533873594 199
1739717729295 0.28356143647435417 200
1739717729321 0.08457420406154133 201
1739717729347 0.0002255762534013283 202
1739717729374 0.02655904637938003 203
1739717729400 0.07896689663926647 204
1739717729426 0.008989432022275638 205
1739717729452 0.2448395571349393 206
1739717729478 0.4754805122736798 207
1739717729504 0.0652359969825337 208
1739717729540 0.06635520651227636 209
1739717729567 3.349299530508944e-05 210
1739717729594 0.0010250006539379481 211
1739717729625 0.9902647459226799 212
1739717729653 0.8997222481511414 213
1739717729679 0.12881864476848895 214
1739717729706 0.003863883582466031 215
1739717729732 0.10501989469845303 216
1739717729759 0.22853458333621687 217
1739717729784 0.06665665214298182 218
1739717729811 0.003178366515331499 219
1739717729837 0.009692375410005023 220
1739717729864 0.027797400647615128 221
1739717729890 0.08374568170857884 222
1739717729916 0.535598456635836 223
1739717729943 0.4747746855743889 224
1739717729970 0.03385854031022305 225
1739717729996 0.54249039042842 226
1739717730022 0.02506845647666239 227
1739717730048 0.2906195122495552 228
1739717730074 0.48274537544095 229
1739717730100 0.32594654318146093 230
1739717730127 0.0058534889078111375 231
1739717730153 0.09254162110012648 232
1739717730179 0.7067000275237327 233
1739717730205 0.005502619752690619 234
1739717730230 0.004201580305938639 235
1739717730257 0.6053461125194505 236
1739717730284 0.0013098324069935367 237
1739717730310 0.04159750181719468 238
1739717730336 0.020289508156626078 239
1739717730363 0.02574133192869128 240
1739717730389 0.07821514638335027 241
1739717730415 0.0006612749138272188 242
1739717730441 0.30446979028206406 243
1739717730467 0.5677069852805227 244
1739717730493 0.28164084972102327 245
1739717730519 0.003853627912748171 246
1739717730545 0.3958147060039228 247
1739717730572 0.7775276987495128 248
1739717730598 3.6461545924282564e-06 249
1739717730624 0.6278640348610494 250
1739717730650 0.19014803727895901 251
1739717730676 0.32431641940686895 252
1739717730702 0.24891987581175554 253
1739717730728 0.00013011420569192678 254
1739717730755 0.19562167428424718 255
1739717730781 0.029428064297764154 256
1739717730807 0.6128558259557128 257
1739717730833 0.020768624754400354 258
1739717730860 0.22271461875145085 259
1739717730886 0.43554782707338435 260
1739717730912 0.013743510278381776 261
1739717730938 1.7793077268464297 262
1739717730965 0.6771742912544652 263
1739717730992 0.0001203697908682861 264
1739717731018 0.06365014703318893 265
1739717731045 0.07411795873652816 266
1739717731073 0.15562825882766024 267
1739717731102 0.0011225628550855784 268
1739717731129 0.23013481335211342 269
1739717731156 0.4464870749698129 270
1739717731182 0.3315086045290877 271
1739717731208 0.5663668136696155 272
1739717731234 0.00021341897232747745 273
1739717731260 0.017263896055161588 274
1739717731286 0.055226441448533226 275
1739717731313 0.015530327856092523 276
1739717731339 0.011643505098485966 277
1739717731365 0.19360426166102082 278
1739717731391 0.35548048370217816 279
1739717731417 0.010186653868704808 280
1739717731443 0.14011377810140166 281
1739717731469 0.18013047188760561 282
1739717731495 0.00822014417639445 283
1739717731521 0.10025530272164375 284
1739717731547 0.06588917786467503 285
1739717731573 0.5476298548383389 286
1739717731600 0.5964905556963754 287
1739717731626 0.24759915722856607 288
1739717731652 0.08439305377015859 289
1739717731678 0.1846346904392052 290
1739717731704 0.1490435695409737 291
1739717731730 0.274207815625566 292
1739717731756 1.13064462646976 293
1739717731783 0.033380136149637224 294
1739717731809 0.055673104479608 295
1739717731835 0.7336547405186402 296
1739717731861 0.24110733727515973 297
1739717731887 0.35524846224752715 298
1739717731913 0.5317481748111494 299
1739717731940 0.002390437220631682 300
1739717731966 0.021813856195644726 301
1739717731992 0.061882838100124654 302
1739717732019 0.36984503149877057 303
1739717732045 0.04988299474645172 304
1739717732072 0.00026102366317603556 305
1739717732098 0.17944975898495738 306
1739717732125 0.1063806203224603 307
1739717732151 0.22401574941358102 308
1739717732177 0.03935444571180311 309
1739717732203 0.5966269114172649 310
1739717732229 0.053046829067061686 311
1739717732255 0.009383542237501048 312
1739717732282 0.042907052535243025 313
1739717732308 0.014926227628627765 314
1739717732334 0.44794063191037836 315
1739717732360 0.0031072305864606113 316
1739717732387 0.03649840350461951 317
1739717732412 0.00922597375672285 318
1739717732439 0.018184459559688632 319
1739717732465 0.00569798217563069 320
1739717732491 0.007127826837966127 321
1739717732517 0.04194821291783847 322
1739717732543 0.0061967982590916924 323
1739717732570 0.0514033540282693 324
1739717732597 0.07334554743932709 325
1739717732624 0.07993564647733083 326
1739717732650 0.04318888174350562 327
1739717732676 0.06279052041221488 328
1739717732703 0.11237778502711324 329
1739717732729 0.15562656155869717 330
1739717732755 0.18426679880947255 331
1739717732782 0.0024892223855985775 332
1739717732808 0.019493234494356644 333
1739717732835 0.023726966525135486 334
1739717732861 0.0026551754500794902 335
1739717732888 0.9157242526910614 336
1739717732914 0.011568037812588234 337
1739717732940 0.00045689365857258323 338
1739717732966 0.16766564917108814 339
1739717732993 0.05776710340003433 340
1739717733020 0.0003360089131983026 341
1739717733046 0.12124099590931878 342
1739717733072 0.06622642028435317 343
1739717733099 0.31119834709637306 344
1739717733125 0.28866882102955993 345
1739717733152 0.27799521447316516 346
1739717733180 0.17324138778546438 347
1739717733206 0.08338272934305356 348
1739717733232 0.40315977314459606 349
1739717733258 0.1391879408858536 350
1739717733284 0.19353101491766178 351
1739717733311 0.01206106579775843 352
1739717733337 0.03337242039438438 353
1739717733363 0.19194622393626237 354
1739717733389 0.09295950129756916 355
1739717733415 0.0608791821345434 356
1739717733442 0.00502012015326827 357
1739717733468 0.6994230513457257 358
1739717733494 0.12767659725400074 359
1739717733521 0.07304918834372706 360
1739717733546 0.16781098370649802 361
1739717733572 0.0715889886820023 362
1739717733599 0.049232827868126945 363
1739717733625 0.33901493134156546 364
1739717733651 0.28150443365011135 365
1739717733677 0.13941610626130066 366
1739717733703 0.19564006558481487 367
1739717733729 0.00016695092321648567 368
1739717733755 0.027028029011963356 369
1739717733781 0.0017845796260046944 370
1739717733808 0.26486839021901376 371
1739717733834 0.0011529265518440929 372
1739717733860 0.1940378539464704 373
1739717733887 0.05389369165971496 374
1739717733913 5.260315631121151e-05 375
1739717733940 0.13333938166173787 376
1739717733966 0.05200509902892658 377
1739717733993 1.0945618541579356 378
1739717734020 0.0009024677137330838 379
1739717734046 0.37330954999257776 380
1739717734072 0.11634006580234593 381
1739717734099 0.16064917369060364 382
1739717734126 0.014935566978850878 383
1739717734152 2.2060772822397134 384
1739717734179 0.5102867664661305 385
1739717734205 0.07977518157032958 386
1739717734231 0.30327929011585775 387
1739717734258 2.9069189149539434e-05 388
1739717734285 1.1020495614462338 389
1739717734313 0.4059174412602449 390
1739717734340 0.2719289700589683 391
1739717734368 0.02581312343385574 392
1739717734395 0.0004855698404870098 393
1739717734423 0.4233912156868142 394
1739717734452 0.09346030854758987 395
1739717734479 0.02121313962735835 396
1739717734508 0.03203612355772332 397
1739717734536 0.21794497866857085 398
1739717734564 1.466102825700298 399
1739717734592 0.5043761717763229 400
1739717734619 0.08282749550550461 401
1739717734646 0.008242062781218832 402
1739717734674 0.8388576385017712 403
1739717734702 0.028481977727992696 404
1739717734732 0.7281627730632506 405
1739717734760 0.27052449852814797 406
1739717734788 0.018037174870077936 407
1739717734816 0.12876449495522188 408
1739717734844 0.4485973788063853 409
1739717734871 0.3413111609234009 410
1739717734898 0.07601964502201793 411
1739717734925 0.16046983494844633 412
1739717734952 0.02467644833108058 413
1739717734978 0.47948096776042154 414
1739717735004 0.005207171767243394 415
1739717735032 0.4227870165540617 416
1739717735058 0.0077679241866527625 417
1739717735084 0.12303779397334194 418
1739717735111 0.19025656727993143 419
1739717735138 0.2955929665754826 420
1739717735165 0.02521474997118924 421
1739717735194 0.384219108208632 422
1739717735222 0.32706226642096087 423
1739717735248 0.00041528269032223796 424
1739717735276 0.14747007307290555 425
1739717735303 0.01903438597521658 426
1739717735330 0.2896648924734523 427
1739717735357 0.23629187560832454 428
1739717735383 0.0016908866861482066 429
1739717735410 8.992333262256768e-06 430
1739717735438 0.01879108426845982 431
1739717735464 0.07239808863135934 432
1739717735492 0.0649659275758764 433
1739717735520 0.05026950384511677 434
1739717735548 0.03097855265742269 435
1739717735614 0.24609152920397478 436
1739717735651 0.01430591043811927 437
1739717735678 0.016522675845068155 438
1739717735704 0.2970008339991043 439
1739717735731 0.6451435830886255 440
1739717735758 0.16260425192143244 441
1739717735785 0.022629191739496186 442
1739717735812 0.017920560000391685 443
1739717735840 0.17086469418416775 444
1739717735867 0.39954065147702 445
1739717735894 0.024500240005967046 446
1739717735921 0.6988073409079839 447
1739717735948 0.5028535790165766 448
1739717735975 0.08173680225473348 449
1739717736002 0.22435204812217388 450
1739717736029 0.16721460902318688 451
1739717736056 0.16495412152111777 452
1739717736082 0.21918640817473978 453
1739717736109 0.6421994076704883 454
1739717736136 0.143941398573547 455
1739717736163 1.7045871554019179 456
1739717736190 0.21192926087859706 457
1739717736217 0.05608938103467508 458
1739717736244 0.07391744015506382 459
1739717736271 0.2912140072923789 460
1739717736298 0.9801735545179996 461
1739717736326 0.09568881536618985 462
1739717736353 0.055128316277709054 463
1739717736380 0.6776337627979249 464
1739717736409 0.6299634375396953 465
1739717736436 0.09065690051073129 466
1739717736464 0.029055168903551493 467
1739717736491 0.005969068001004042 468
1739717736518 0.04728847986859413 469
1739717736545 1.9386900851097266 470
1739717736572 0.332280229577929 471
1739717736598 0.03963821043168856 472
1739717736625 0.2492522506636189 473
1739717736651 0.20960686196858708 474
1739717736677 0.018767466302624308 475
1739717736704 1.16641233691243 476
1739717736730 0.7074932631380783 477
1739717736756 0.16516802569168904 478
1739717736782 0.42117521311865946 479
1739717736808 0.01070602994109502 480
1739717736835 0.01128331239467859 481
1739717736861 0.15451818245475862 482
1739717736887 0.892474753421084 483
1739717736913 0.09902372539182377 484
1739717736940 0.025988486188030162 485
1739717736966 0.04328885789942052 486
1739717736992 0.15552143178119235 487
1739717737018 0.015937466938981116 488
1739717737045 0.07713192980890626 489
1739717737071 0.11216885789126414 490
1739717737097 0.05560684747869956 491
1739717737124 0.8291764196651495 492
1739717737151 0.18184038726243273 493
1739717737177 0.41610941435841453 494
1739717737203 1.2539269844662657 495
1739717737230 0.5387870309525313 496
1739717737256 0.5448862329874723 497
1739717737282 1.768066870036299 498
1739717737309 0.9690176235510756 499
