1739714712479 169.3217676079807 0
1739714712484 169.2878544704137 1
1739714712488 169.25394882635746 2
1739714712492 169.22005067407986 3
1739714712496 169.186160011849 4
1739714712500 169.15227683793364 5
1739714712505 169.11840115060275 6
1739714712509 169.0845329481258 7
1739714712513 169.05067222877267 8
1739714712517 169.01681899081356 9
1739714712521 168.9829732325192 10
1739714712526 168.9491349521608 11
1739714712529 168.91530414800968 12
1739714712534 168.88148081833796 13
1739714712538 168.84766496141788 14
1739714712542 168.8138565755222 15
1739714712546 168.7800556589241 16
1739714712551 168.74626220989714 17
1739714712555 168.71247622671532 18
1739714712560 168.67869770765304 19
1739714712565 168.64492665098516 20
1739714712570 168.61116305498678 21
1739714712574 168.57740691793362 22
1739714712578 168.54365823810178 23
1739714712583 168.5099170137676 24
1739714712586 168.476183243208 25
1739714712591 168.4424569247003 26
1739714712595 168.40873805652214 27
1739714712599 168.37502663695162 28
1739714712602 168.34132266426727 29
1739714712606 168.30762613674798 30
1739714712610 168.27393705267318 31
1739714712614 168.2402554103225 32
1739714712618 168.20658120797614 33
1739714712622 168.1729144439147 34
1739714712626 168.13925511641915 35
1739714712633 168.10560322377074 36
1739714712637 168.07195876425143 37
1739714712641 168.0383217361434 38
1739714712645 168.00469213772917 39
1739714712649 167.97106996729184 40
1739714712653 167.93745522311485 41
1739714712657 167.90384790348196 42
1739714712661 167.87024800667757 43
1739714712666 167.83665553098615 44
1739714712670 167.80307047469296 45
1739714712674 167.76949283608334 46
1739714712678 167.73592261344325 47
1739714712683 167.70235980505893 48
1739714712688 167.66880440921716 49
1739714712692 167.635256424205 50
1739714712696 167.60171584831005 51
1739714712700 167.5681826798201 52
1739714712705 167.5346569170236 53
1739714712709 167.50113855820925 54
1739714712713 167.4676276016663 55
1739714712716 167.43412404568414 56
1739714712720 167.4006278885529 57
1739714712724 167.36713912856288 58
1739714712728 167.3336577640049 59
1739714712732 167.3001837931701 60
1739714712736 167.2667172143502 61
1739714712740 167.23325802583707 62
1739714712744 167.19980622592323 63
1739714712748 167.1663618129015 64
1739714712752 167.132924785065 65
1739714712756 167.09949514070752 66
1739714712760 167.066072878123 67
1739714712764 167.03265799560592 68
1739714712768 166.9992504914512 69
1739714712772 166.96585036395396 70
1739714712776 166.93245761141006 71
1739714712780 166.89907223211543 72
1739714712784 166.86569422436665 73
1739714712788 166.83232358646052 74
1739714712792 166.7989603166944 75
1739714712796 166.76560441336602 76
1739714712800 166.73225587477341 77
1739714712804 166.69891469921515 78
1739714712808 166.66558088499013 79
1739714712812 166.63225443039764 80
1739714712816 166.5989353337375 81
1739714712819 166.5656235933098 82
1739714712824 166.53231920741507 83
1739714712827 166.49902217435428 84
1739714712831 166.4657324924288 85
1739714712835 166.43245015994034 86
1739714712840 166.39917517519112 87
1739714712843 166.36590753648363 88
1739714712847 166.3326472421209 89
1739714712851 166.29939429040633 90
1739714712855 166.26614867964363 91
1739714712859 166.23291040813703 92
1739714712863 166.19967947419116 93
1739714712867 166.1664558761109 94
1739714712871 166.13323961220178 95
1739714712874 166.1000306807695 96
1739714712878 166.06682908012033 97
1739714712882 166.03363480856086 98
1739714712886 166.0004478643981 99
1739714712890 165.96726824593944 100
1739714712894 165.93409595149276 101
1739714712898 165.9009309793663 102
1739714712902 165.86777332786858 103
1739714712906 165.83462299530873 104
1739714712910 165.80147997999617 105
1739714712914 165.76834428024068 106
1739714712918 165.7352158943526 107
1739714712922 165.70209482064243 108
1739714712925 165.66898105742135 109
1739714712929 165.63587460300076 110
1739714712934 165.60277545569252 111
1739714712938 165.56968361380885 112
1739714712942 165.53659907566248 113
1739714712946 165.5035218395664 114
1739714712951 165.4704519038341 115
1739714712955 165.43738926677938 116
1739714712959 165.40433392671662 117
1739714712963 165.37128588196038 118
1739714712967 165.3382451308258 119
1739714712971 165.3052116716283 120
1739714712975 165.27218550268384 121
1739714712979 165.23916662230857 122
1739714712983 165.20615502881924 123
1739714712987 165.1731507205329 124
1739714712991 165.14015369576705 125
1739714712995 165.10716395283956 126
1739714712998 165.07418149006872 127
1739714713002 165.04120630577316 128
1739714713006 165.008238398272 129
1739714713010 164.97527776588473 130
1739714713014 164.94232440693116 131
1739714713018 164.90937831973167 132
1739714713022 164.8764395026069 133
1739714713026 164.84350795387795 134
1739714713030 164.81058367186625 135
1739714713034 164.77766665489375 136
1739714713038 164.7447569012827 137
1739714713042 164.7118544093558 138
1739714713046 164.67895917743607 139
1739714713050 164.64607120384704 140
1739714713054 164.61319048691263 141
1739714713058 164.58031702495708 142
1739714713062 164.54745081630503 143
1739714713066 164.5145918592817 144
1739714713070 164.48174015221238 145
1739714713074 164.44889569342305 146
1739714713078 164.41605848124007 147
1739714713082 164.38322851398993 148
1739714713086 164.35040578999983 149
1739714713090 164.31759030759724 150
1739714713094 164.28478206510997 151
1739714713098 164.25198106086637 152
1739714713102 164.21918729319506 153
1739714713105 164.18640076042513 154
1739714713109 164.15362146088597 155
1739714713113 164.1208493929076 156
1739714713117 164.08808455482014 157
1739714713121 164.05532694495426 158
1739714713125 164.0225765616411 159
1739714713129 163.9898334032121 160
1739714713133 163.95709746799903 161
1739714713137 163.92436875433424 162
1739714713141 163.89164726055031 163
1739714713145 163.85893298498033 164
1739714713149 163.82622592595774 165
1739714713154 163.79352608181634 166
1739714713158 163.7608334508904 167
1739714713162 163.72814803151454 168
1739714713166 163.6954698220238 169
1739714713170 163.66279882075358 170
1739714713174 163.63013502603974 171
1739714713178 163.5974784362185 172
1739714713182 163.56482904962644 173
1739714713186 163.53218686460062 174
1739714713191 163.49955187947845 175
1739714713195 163.46692409259768 176
1739714713199 163.43430350229656 177
1739714713203 163.4016901069137 178
1739714713206 163.36908390478803 179
1739714713211 163.336484894259 180
1739714713215 163.3038930736664 181
1739714713219 163.27130844135036 182
1739714713223 163.23873099565148 183
1739714713227 163.20616073491072 184
1739714713231 163.1735976574695 185
1739714713235 163.14104176166953 186
1739714713239 163.10849304585292 187
1739714713243 163.07595150836235 188
1739714713248 163.04341714754068 189
1739714713251 163.0108899617313 190
1739714713256 162.97836994927795 191
1739714713260 162.94585710852468 192
1739714713264 162.91335143781606 193
1739714713268 162.88085293549705 194
1739714713272 162.84836159991292 195
1739714713276 162.81587742940943 196
1739714713280 162.7834004223326 197
1739714713284 162.75093057702898 198
1739714713288 162.71846789184548 199
1739714713292 162.6860123651294 200
1739714713295 162.6535639952283 201
1739714713299 162.62112278049037 202
1739714713303 162.588688719264 203
1739714713307 162.55626180989813 204
1739714713312 162.52384205074196 205
1739714713316 162.4914294401452 206
1739714713320 162.45902397645773 207
1739714713324 162.42662565803016 208
1739714713328 162.3942344832132 209
1739714713332 162.3618504503582 210
1739714713336 162.32947355781658 211
1739714713339 162.2971038039405 212
1739714713343 162.2647411870823 213
1739714713347 162.2323857055948 214
1739714713351 162.2000373578311 215
1739714713355 162.16769614214485 216
1739714713359 162.13536205689 217
1739714713364 162.10303510042093 218
1739714713368 162.0707152710923 219
1739714713371 162.03840256725934 220
1739714713375 162.00609698727757 221
1739714713379 161.97379852950286 222
1739714713383 161.94150719229162 223
1739714713387 161.90922297400047 224
1739714713391 161.87694587298657 225
1739714713395 161.84467588760742 226
1739714713399 161.8124130162208 227
1739714713403 161.7801572571851 228
1739714713407 161.7479086088589 229
1739714713411 161.71566706960132 230
1739714713415 161.68343263777177 231
1739714713418 161.65120531173017 232
1739714713422 161.6189850898366 233
1739714713426 161.58677197045176 234
1739714713430 161.55456595193664 235
1739714713434 161.5223670326527 236
1739714713439 161.49017521096167 237
1739714713444 161.45799048522574 238
1739714713448 161.4258128538075 239
1739714713452 161.39364231506988 240
1739714713456 161.36147886737623 241
1739714713460 161.32932250909033 242
1739714713464 161.29717323857628 243
1739714713468 161.26503105419854 244
1739714713473 161.23289595432217 245
1739714713477 161.20076793731232 246
1739714713481 161.16864700153477 247
1739714713485 161.13653314535551 248
1739714713489 161.10442636714114 249
1739714713493 161.07232666525837 250
1739714713497 161.04023403807454 251
1739714713501 161.00814848395723 252
1739714713505 160.97607000127448 253
1739714713509 160.94399858839472 254
1739714713513 160.91193424368672 255
1739714713517 160.87987696551963 256
1739714713520 160.84782675226316 257
1739714713524 160.8157836022871 258
1739714713529 160.7837475139619 259
1739714713533 160.75171848565836 260
1739714713537 160.71969651574747 261
1739714713541 160.68768160260083 262
1739714713545 160.6556737445903 263
1739714713549 160.62367294008823 264
1739714713552 160.59167918746724 265
1739714713556 160.55969248510044 266
1739714713560 160.52771283136127 267
1739714713564 160.49574022462357 268
1739714713568 160.46377466326155 269
1739714713573 160.43181614564986 270
1739714713576 160.39986467016342 271
1739714713580 160.3679202351778 272
1739714713584 160.33598283906855 273
1739714713588 160.304052480212 274
1739714713593 160.27212915698462 275
1739714713597 160.24021286776335 276
1739714713600 160.20830361092558 277
1739714713604 160.17640138484896 278
1739714713609 160.14450618791156 279
1739714713613 160.11261801849193 280
1739714713617 160.08073687496892 281
1739714713621 160.04886275572176 282
1739714713625 160.0169956591301 283
1739714713629 159.98513558357396 284
1739714713636 159.95328252743374 285
1739714713640 159.9214364890903 286
1739714713644 159.88959746692476 287
1739714713648 159.8577654593187 288
1739714713652 159.8259404646541 289
1739714713656 159.79412248131322 290
1739714713660 159.76231150767893 291
1739714713664 159.73050754213418 292
1739714713668 159.69871058306254 293
1739714713672 159.66692062884792 294
1739714713676 159.63513767787452 295
1739714713680 159.60336172852703 296
1739714713688 159.57159277919047 297
1739714713693 159.53983082825022 298
1739714713698 159.50807587409216 299
1739714713702 159.47632791510242 300
1739714713706 159.44458694966755 301
1739714713710 159.41285297617458 302
1739714713714 159.38112599301078 303
1739714713718 159.34940599856392 304
1739714713721 159.31769299122206 305
1739714713725 159.2859869693737 306
1739714713729 159.2542879314078 307
1739714713733 159.22259587571344 308
1739714713737 159.19091080068043 309
1739714713741 159.1592327046987 310
1739714713744 159.1275615861587 311
1739714713748 159.0958974434512 312
1739714713752 159.06424027496737 313
1739714713756 159.03259007909878 314
1739714713760 159.00094685423733 315
1739714713764 158.96931059877542 316
1739714713767 158.93768131110573 317
1739714713771 158.90605898962127 318
1739714713775 158.8744436327156 319
1739714713779 158.84283523878253 320
1739714713783 158.8112338062163 321
1739714713787 158.77963933341158 322
1739714713791 158.74805181876326 323
1739714713795 158.71647126066676 324
1739714713799 158.68489765751795 325
1739714713803 158.65333100771284 326
1739714713806 158.62177130964795 327
1739714713811 158.59021856172035 328
1739714713815 158.55867276232718 329
1739714713819 158.5271339098661 330
1739714713823 158.4956020027353 331
1739714713826 158.46407703933306 332
1739714713830 158.43255901805833 333
1739714713834 158.4010479373102 334
1739714713837 158.3695437954883 335
1739714713841 158.3380465909926 336
1739714713845 158.30655632222343 337
1739714713849 158.2750729875815 338
1739714713853 158.24359658546788 339
1739714713857 158.21212711428404 340
1739714713862 158.18066457243197 341
1739714713865 158.14920895831375 342
1739714713869 158.1177602703321 343
1739714713873 158.08631850689 344
1739714713877 158.05488366639085 345
1739714713881 158.02345574723836 346
1739714713884 157.99203474783675 347
1739714713888 157.96062066659044 348
1739714713892 157.92921350190446 349
1739714713896 157.89781325218397 350
1739714713900 157.8664199158347 351
1739714713904 157.8350334912627 352
1739714713908 157.8036539768743 353
1739714713912 157.7722813710764 354
1739714713916 157.74091567227612 355
1739714713920 157.70955687888105 356
1739714713924 157.67820498929913 357
1739714713937 157.64686000193865 358
1739714713950 157.61552191520832 359
1739714713959 157.5841907275172 360
1739714713964 157.55286643727473 361
1739714713968 157.52154904289077 362
1739714713974 157.4902385427755 363
1739714713978 157.45893493533956 364
1739714713983 157.42763821899385 365
1739714713987 157.39634839214975 366
1739714713991 157.36506545321896 367
1739714713996 157.3337894006136 368
1739714714000 157.30252023274613 369
1739714714004 157.27125794802944 370
1739714714009 157.24000254487666 371
1739714714013 157.20875402170157 372
1739714714017 157.177512376918 373
1739714714021 157.14627760894038 374
1739714714025 157.11504971618345 375
1739714714029 157.0838286970623 376
1739714714033 157.05261454999254 377
1739714714038 157.02140727338985 378
1739714714043 156.99020686567067 379
1739714714047 156.9590133252515 380
1739714714052 156.92782665054943 381
1739714714056 156.89664683998174 382
1739714714060 156.86547389196627 383
1739714714065 156.83430780492117 384
1739714714069 156.80314857726486 385
1739714714073 156.7719962074163 386
1739714714077 156.74085069379473 387
1739714714081 156.70971203481974 388
1739714714086 156.67858022891144 389
1739714714089 156.64745527449017 390
1739714714094 156.61633716997667 391
1739714714098 156.58522591379213 392
1739714714102 156.55412150435808 393
1739714714105 156.52302394009632 394
1739714714110 156.49193321942923 395
1739714714114 156.46084934077936 396
1739714714118 156.42977230256983 397
1739714714122 156.3987021032239 398
1739714714126 156.3676387411655 399
1739714714130 156.33658221481866 400
1739714714133 156.30553252260793 401
1739714714137 156.27448966295822 402
1739714714141 156.24345363429478 403
1739714714145 156.21242443504323 404
1739714714149 156.18140206362966 405
1739714714153 156.15038651848042 406
1739714714157 156.1193777980223 407
1739714714161 156.08837590068237 408
1739714714165 156.05738082488824 409
1739714714169 156.02639256906772 410
1739714714173 155.99541113164912 411
1739714714177 155.96443651106105 412
1739714714181 155.9334687057326 413
1739714714185 155.90250771409302 414
1739714714189 155.8715535345722 415
1739714714194 155.84060616560018 416
1739714714198 155.8096656056075 417
1739714714202 155.77873185302505 418
1739714714206 155.7478049062841 419
1739714714210 155.71688476381624 420
1739714714214 155.68597142405343 421
1739714714218 155.65506488542815 422
1739714714222 155.62416514637303 423
1739714714226 155.5932722053213 424
1739714714230 155.56238606070633 425
1739714714234 155.53150671096208 426
1739714714238 155.50063415452271 427
1739714714242 155.46976838982292 428
1739714714246 155.4389094152976 429
1739714714250 155.40805722938217 430
1739714714254 155.3772118305123 431
1739714714258 155.3463732171241 432
1739714714262 155.31554138765406 433
1739714714266 155.28471634053898 434
1739714714270 155.25389807421615 435
1739714714274 155.2230865871231 436
1739714714279 155.19228187769778 437
1739714714283 155.1614839443785 438
1739714714287 155.130692785604 439
1739714714291 155.09990839981333 440
1739714714295 155.06913078544596 441
1739714714299 155.03835994094166 442
1739714714303 155.00759586474067 443
1739714714307 154.97683855528345 444
1739714714311 154.946088011011 445
1739714714315 154.91534423036464 446
1739714714319 154.88460721178592 447
1739714714323 154.85387695371702 448
1739714714327 154.82315345460023 449
1739714714331 154.7924367128784 450
1739714714335 154.76172672699465 451
1739714714339 154.73102349539255 452
1739714714343 154.7003270165159 453
1739714714346 154.66963728880904 454
1739714714350 154.63895431071654 455
1739714714354 154.60827808068342 456
1739714714358 154.577608597155 457
1739714714362 154.54694585857715 458
1739714714366 154.51628986339588 459
1739714714370 154.4856406100577 460
1739714714374 154.45499809700942 461
1739714714378 154.42436232269833 462
1739714714382 154.39373328557193 463
1739714714386 154.36311098407816 464
1739714714390 154.33249541666544 465
1739714714394 154.30188658178244 466
1739714714398 154.27128447787814 467
1739714714402 154.2406891034021 468
1739714714406 154.21010045680407 469
1739714714410 154.17951853653412 470
1739714714414 154.1489433410429 471
1739714714418 154.11837486878127 472
1739714714421 154.08781311820053 473
1739714714425 154.0572580877523 474
1739714714429 154.02670977588858 475
1739714714433 153.9961681810618 476
1739714714437 153.96563330172467 477
1739714714441 153.93510513633026 478
1739714714445 153.90458368333216 479
1739714714449 153.8740689411841 480
1739714714454 153.84356090834038 481
1739714714458 153.81305958325555 482
1739714714462 153.7825649643846 483
1739714714465 153.75207705018278 484
1739714714469 153.72159583910582 485
1739714714474 153.69112132960979 486
1739714714478 153.66065352015107 487
1739714714482 153.63019240918655 488
1739714714486 153.5997379951732 489
1739714714490 153.5692902765687 490
1739714714494 153.5388492518309 491
1739714714498 153.50841491941802 492
1739714714502 153.47798727778866 493
1739714714505 153.44756632540194 494
1739714714509 153.41715206071706 495
1739714714513 153.38674448219385 496
1739714714517 153.3563435882923 497
1739714714521 153.325949377473 498
1739714714525 153.29556184819663 499
