1739718950171 97.6364251965982 0
1739718950199 44.24780994370083 1
1739718950226 13.83354640881275 2
1739718950253 8.166034292061166 3
1739718950279 5.3621994634586505 4
1739718950305 4.787740583393547 5
1739718950334 0.024207622307092235 6
1739718950364 0.36350998098588055 7
1739718950393 0.28935788416937247 8
1739718950422 0.4517628537265092 9
1739718950450 0.2513809097869956 10
1739718950480 0.18948990483321254 11
1739718950508 0.21666674018067825 12
1739718950537 0.016482179568388263 13
1739718950565 0.7392505666277188 14
1739718950594 0.018522271118881325 15
1739718950622 0.663223983400714 16
1739718950650 0.06559611205972289 17
1739718950679 0.12116058050741979 18
1739718950707 1.3925248448419174 19
1739718950736 0.008010372799184992 20
1739718950766 0.023450611391872874 21
1739718950796 0.0036385911728878365 22
1739718950824 0.00809156896545533 23
1739718950852 0.1514618378805141 24
1739718950880 0.03744726647268124 25
1739718950939 0.05770594045248957 26
1739718950968 0.7926253299131765 27
1739718951012 0.18729668414378645 28
1739718951071 0.25373544331482356 29
1739718951099 0.0728657850817101 30
1739718951126 0.01633542263176478 31
1739718951154 0.018755342118455403 32
1739718951183 1.0846232863877268 33
1739718951213 0.05317860484596552 34
1739718951242 0.28416513178389124 35
1739718951271 0.09679753602171802 36
1739718951301 0.027034134948628642 37
1739718951330 0.08027814559647946 38
1739718951359 0.005322692288421475 39
1739718951388 0.11355133877266836 40
1739718951417 0.014867835212707117 41
1739718951446 2.3559992943568813 42
1739718951475 0.31656233827686414 43
1739718951503 0.3091334225884371 44
1739718951531 0.00032917262217720025 45
1739718951560 0.0673374244730098 46
1739718951589 0.09731891197978132 47
1739718951617 0.42714181908715726 48
1739718951646 0.00944666997261308 49
1739718951674 0.5356068607409623 50
1739718951703 0.02805459495405469 51
1739718951732 0.5319009161108639 52
1739718951760 0.4028371593965838 53
1739718951788 0.9702808573821537 54
1739718951815 0.278929031097214 55
1739718951843 0.38180264949430004 56
1739718951871 0.00024274392245231423 57
1739718951899 0.7057084918276574 58
1739718951926 0.07138914447099606 59
1739718951955 0.02197849193324963 60
1739718951983 0.3864924048307874 61
1739718952011 0.08836999582526756 62
1739718952039 8.149031246052832e-05 63
1739718952067 0.0150704391880919 64
1739718952095 0.0004109425167011011 65
1739718952124 0.5985007093257863 66
1739718952153 0.0003158404822138699 67
1739718952181 0.03613440031755121 68
1739718952213 0.00657244884668962 69
1739718952242 0.01690077606269732 70
1739718952271 0.08653837178592694 71
1739718952299 0.026025245781182704 72
1739718952326 0.0035694104040175094 73
1739718952354 0.02364916935930548 74
1739718952382 0.19039015628925826 75
1739718952409 0.1755140946062076 76
1739718952436 0.14254164995073504 77
1739718952462 0.009259253501650983 78
1739718952489 0.00623440022997475 79
1739718952516 0.2945093253195252 80
1739718952543 0.08881085518396169 81
1739718952569 0.10248645241003525 82
1739718952596 0.08655059990347395 83
1739718952624 0.01407910612566214 84
1739718952652 0.1912475285738503 85
1739718952680 0.032740807364683565 86
1739718952707 0.03500381630492084 87
1739718952733 0.003863960235195383 88
1739718952761 0.38198384035145166 89
1739718952789 0.0029269227697858373 90
1739718952816 0.17175183043706488 91
1739718952843 0.04689241990771968 92
1739718952869 0.06831305715591744 93
1739718952897 0.09457880453233879 94
1739718952925 0.028911819091041412 95
1739718952952 0.16287634641973534 96
1739718952978 0.05873671253034337 97
1739718953006 2.1693823746353535 98
1739718953033 0.16190885602375282 99
1739718953060 0.05571539436488501 100
1739718953087 0.000409184439222601 101
1739718953114 0.058579568003599834 102
1739718953141 0.13649447001553627 103
1739718953168 0.05403233600520698 104
1739718953195 1.0522172194814468 105
1739718953223 0.0007797296158861822 106
1739718953253 0.241537763424784 107
1739718953283 0.0031802651096979615 108
1739718953313 0.12722853442566456 109
1739718953343 0.04628375517472072 110
1739718953372 0.006442702775079393 111
1739718953401 0.9091731638921117 112
1739718953431 0.0040425737313008955 113
1739718953460 0.19374765767400898 114
1739718953488 0.012100312547449182 115
1739718953516 0.011542564403918702 116
1739718953543 0.022622256424614465 117
1739718953570 0.6928541107166509 118
1739718953597 0.16156458257581868 119
1739718953624 0.29957925275077335 120
1739718953651 0.034370582434965394 121
1739718953681 0.0036770015760211913 122
1739718953710 0.033806398430344234 123
1739718953738 0.05964982560431075 124
1739718953766 0.11163823529531054 125
1739718953795 0.22184781151027494 126
1739718953822 0.0242981225624276 127
1739718953849 0.14754113182493517 128
1739718953875 0.05230050584072164 129
1739718953902 0.004221136657847855 130
1739718953928 0.14292454118873685 131
1739718953955 0.0027659332410169104 132
1739718953982 0.0867806626956604 133
1739718954010 0.0038886069412832555 134
1739718954037 0.028984481378024448 135
1739718954063 0.14685021018555197 136
1739718954090 0.05737810540064236 137
1739718954117 0.04126402418379497 138
1739718954144 0.009760381546679357 139
1739718954170 2.006094823857691e-05 140
1739718954197 0.051664550258284425 141
1739718954224 0.021185756866510693 142
1739718954252 0.2216723700031621 143
1739718954278 0.03248575567940303 144
1739718954306 0.013725679052589455 145
1739718954334 0.04090835473850177 146
1739718954361 0.027999582487195696 147
1739718954388 0.21428597144008052 148
1739718954416 0.004889915650236475 149
1739718954444 0.00020420677205063473 150
1739718954471 0.006800516982269405 151
1739718954498 0.004491480292646103 152
1739718954524 0.21352029715176077 153
1739718954551 0.001946352805194037 154
1739718954578 0.08700957197384944 155
1739718954604 0.011191715205068379 156
1739718954632 0.02945299312127539 157
1739718954660 0.02252722984985481 158
1739718954688 0.09714388177480225 159
1739718954715 0.006909955941889906 160
1739718954743 0.05924455764569341 161
1739718954769 0.5427043124477593 162
1739718954796 0.08718560901464643 163
1739718954823 0.06592932286895004 164
1739718954849 0.06375448814217817 165
1739718954876 0.01198802099860803 166
1739718954903 0.008867448540295237 167
1739718954929 0.020399252019467313 168
1739718954956 0.028225535756893193 169
1739718954983 0.016844825288514206 170
1739718955010 0.25916565571573696 171
1739718955036 0.00042383185987421236 172
1739718955062 0.01471720944780311 173
1739718955089 0.13487704009146415 174
1739718955116 0.055240025295072374 175
1739718955142 0.037098421633054456 176
1739718955170 0.005050429575685615 177
1739718955199 0.027622565679842257 178
1739718955226 0.5960643820056181 179
1739718955253 0.0018263990297673442 180
1739718955280 0.003963271449130628 181
1739718955306 0.009343113047725364 182
1739718955334 0.206635640860287 183
1739718955361 0.0607074158713876 184
1739718955388 0.22015201847964147 185
1739718955416 0.012109250088887887 186
1739718955443 0.05514428606286985 187
1739718955469 0.058559251435911154 188
1739718955496 0.021143555754843973 189
