1739718144031 0.07128079760810942 0
1739718144060 0.06682312148528631 1
1739718144087 0.0019908734699793373 2
1739718144115 0.009206414628084013 3
1739718144142 0.05481089979647457 4
1739718144169 0.218703426523163 5
1739718144196 0.10157831313359918 6
1739718144224 0.24181681779114517 7
1739718144251 0.0006950035666735549 8
1739718144278 0.11822183007627783 9
1739718144305 0.11946614961210862 10
1739718144335 0.00819483429033909 11
1739718144364 0.05317956472598075 12
1739718144394 0.0045758291470557565 13
1739718144423 0.08706226823016845 14
1739718144452 0.06972414438943919 15
1739718144480 0.033801637428393164 16
1739718144509 0.1967758153369374 17
1739718144538 0.10732851729176887 18
1739718144567 1.0865824396459332e-05 19
1739718144596 0.025940083389531677 20
1739718144624 5.179484317011339e-06 21
1739718144651 0.000957854050953735 22
1739718144679 0.03346677735102769 23
1739718144707 0.39552640045209164 24
1739718144737 0.0026364551324772616 25
1739718144766 0.3930710223156654 26
1739718144793 0.00202282413941794 27
1739718144821 8.846636650065069e-05 28
1739718144849 0.013236878156854535 29
1739718144876 0.009675840750607909 30
1739718144903 0.01756979964800718 31
1739718144930 0.02731851918770038 32
1739718144957 0.19576154781501928 33
1739718144984 0.12323564961076229 34
1739718145011 0.03807252622734762 35
1739718145039 0.017451981626913866 36
1739718145069 0.07370224489879548 37
1739718145097 0.706396446431368 38
1739718145125 0.1278251589607931 39
1739718145153 0.12406738915884238 40
1739718145181 0.07597621970779064 41
1739718145208 0.0007334214065133003 42
1739718145236 0.03885559631514339 43
1739718145264 0.04759612203029585 44
1739718145317 0.10228561484720232 45
1739718145350 0.008420390695162408 46
1739718145379 0.0002054636804972631 47
1739718145408 0.20602861280145485 48
1739718145437 0.04875790429703126 49
1739718145466 0.2522475811339422 50
1739718145495 0.0035007632006560725 51
1739718145524 0.003601107779417303 52
1739718145552 0.004101328018612584 53
1739718145580 0.3847094692260718 54
1739718145607 0.05287560780935018 55
1739718145635 0.042116607132855546 56
1739718145663 0.13010082026395944 57
1739718145691 0.24766070324093484 58
1739718145717 0.05558620475258183 59
1739718145744 0.1286711585512265 60
1739718145771 0.18986097514837147 61
1739718145798 0.05649350294464391 62
1739718145825 0.1939396788422894 63
1739718145853 0.007651304631922723 64
1739718145880 0.0009724749447605012 65
1739718145907 0.0033588894383172175 66
1739718145934 0.005749989180236412 67
1739718145961 0.043560448804003435 68
1739718145988 0.8245794045052326 69
1739718146014 0.0012369367908753204 70
1739718146041 0.27173302325168597 71
1739718146069 0.377007629071826 72
1739718146095 0.17807648895961767 73
1739718146123 0.597871701935329 74
1739718146150 0.36990065207995265 75
1739718146179 0.1287312854515832 76
1739718146207 0.2244917484960161 77
1739718146234 0.007862702733431327 78
1739718146261 0.4210210454898837 79
1739718146288 0.017614037468453383 80
1739718146317 0.02465479394147485 81
1739718146345 0.001562454853378782 82
1739718146374 0.04440822737632707 83
1739718146403 1.4714155622532872 84
1739718146432 0.0013216280584284702 85
1739718146460 0.09097029787322577 86
1739718146487 0.1531870554418395 87
1739718146514 0.8480192164538537 88
1739718146541 0.5014758287340291 89
1739718146568 0.08977567917958668 90
1739718146596 0.15026991262960232 91
1739718146623 0.003312209382027455 92
1739718146651 0.36979121221796396 93
1739718146678 0.36228877509961577 94
1739718146706 0.29225598342638104 95
1739718146733 0.12953572061720428 96
1739718146759 0.0035420458217735647 97
1739718146786 0.00796530956639239 98
1739718146814 0.011078104133077681 99
1739718146843 0.3693626794330425 100
1739718146871 0.0922833732068736 101
1739718146899 0.1762689007594179 102
1739718146927 0.013184706436016018 103
1739718146957 0.006846682040730431 104
1739718146986 0.2944405263864633 105
1739718147017 0.0005397747606668514 106
1739718147047 0.04455076035922256 107
1739718147075 0.08861487138080323 108
1739718147104 0.057495425327081365 109
1739718147133 0.03108020040410649 110
1739718147163 2.539336759849872e-05 111
1739718147192 0.005964888194542965 112
1739718147220 0.06763327120135142 113
1739718147249 0.010512998160756808 114
1739718147278 1.0475743568046821e-05 115
1739718147306 0.13713039331872398 116
1739718147336 8.566303388218384e-05 117
1739718147364 0.03612948937502894 118
1739718147393 0.027357369762629185 119
1739718147420 0.009450980341519371 120
1739718147447 0.00035494251251231093 121
1739718147474 0.27042362805966935 122
1739718147501 0.005455594373801684 123
1739718147528 0.03266264403614235 124
1739718147557 0.13761857784252007 125
1739718147586 0.02822521884547022 126
1739718147614 0.459759485326487 127
1739718147642 0.895057217676443 128
1739718147669 0.1118897818987279 129
1739718147696 0.08332052049483948 130
1739718147724 0.022908682301538395 131
1739718147752 0.45450127210819496 132
1739718147779 0.005301672836706181 133
1739718147806 0.18545263661114436 134
1739718147833 0.025541305377662575 135
1739718147861 0.000594417648293325 136
1739718147888 0.00932154912854162 137
1739718147915 0.03855884466283736 138
1739718147943 0.0475115820814612 139
1739718147970 0.0035194085196866795 140
1739718147997 0.06399476863651363 141
1739718148024 0.0004776559724155072 142
1739718148051 0.05818828252799475 143
1739718148079 0.00023272517253459371 144
1739718148106 0.025454698092025267 145
1739718148133 0.14229452270233836 146
1739718148160 0.0076264726581731996 147
1739718148187 0.2591995377497128 148
1739718148215 0.5309328389015311 149
1739718148242 0.3557592036848233 150
1739718148269 0.0701446873376766 151
1739718148297 8.334398312205206e-05 152
1739718148324 0.030434345817189994 153
1739718148351 0.06919458890653474 154
1739718148379 0.006411704408663788 155
1739718148406 0.015049291533877147 156
1739718148433 0.015067399932557833 157
1739718148460 1.0081862187433934 158
1739718148487 0.4705710467617907 159
1739718148514 0.024688789919682416 160
1739718148541 0.2307845052741293 161
1739718148568 0.6112739201176562 162
1739718148596 0.3968622105471576 163
1739718148622 0.0004281492322955022 164
1739718148649 0.4869364760995468 165
1739718148677 0.4032362194850147 166
1739718148703 0.08551551992396753 167
1739718148730 0.02459729561311284 168
1739718148758 0.09204204165986886 169
1739718148785 0.0008376739239067124 170
1739718148812 0.009229911437471655 171
1739718148840 0.05361959522269301 172
1739718148867 0.0043493191800071445 173
1739718148895 0.31748470665489553 174
1739718148922 0.423302055439493 175
1739718148950 0.08425674434268189 176
1739718148979 0.0019352368877850034 177
1739718149008 0.006189560782700066 178
1739718149036 0.15220547639166612 179
1739718149063 0.8006472932279914 180
1739718149091 0.03933677235419844 181
1739718149120 0.042863381185579606 182
1739718149147 0.019773901928597674 183
1739718149174 0.0069968642473106695 184
1739718149202 0.13436054733512517 185
1739718149232 0.0004407365571874471 186
1739718149261 0.6598448124595814 187
1739718149289 0.03609651139787788 188
1739718149315 8.082867863480702e-05 189
1739718149342 0.19215155983730706 190
1739718149369 0.030768245176942603 191
1739718149397 0.17647532357145296 192
1739718149424 0.5086567782087072 193
1739718149451 0.005724844814220823 194
1739718149478 0.001967463226455072 195
1739718149505 0.09351986069408898 196
1739718149533 0.1639293583182593 197
1739718149560 0.009140986781979474 198
1739718149587 0.05463871082455602 199
1739718149614 0.019720624426431056 200
1739718149641 0.24467233662293203 201
1739718149668 0.09728850837096983 202
1739718149695 0.022788506853792977 203
1739718149723 0.8073132111116291 204
1739718149751 0.5695862620911032 205
1739718149779 0.09160379447939081 206
1739718149807 0.10958975985220168 207
1739718149834 0.15468351270513342 208
1739718149887 0.319834707798919 209
1739718149917 0.011207886827071144 210
1739718149945 0.4385609793719395 211
1739718149972 0.0009449483705019241 212
1739718150000 0.0010072138373269828 213
1739718150028 0.17556373425699048 214
1739718150056 2.0595539083071402e-07 215
1739718150084 0.05408136303720669 216
1739718150111 0.09024084845105147 217
1739718150139 0.004284848551492554 218
1739718150167 0.07603822619872223 219
1739718150195 0.010105745746158551 220
1739718150222 0.01873433726853405 221
1739718150250 0.26879305890154764 222
1739718150278 0.14835940847553977 223
1739718150305 0.009693483297124153 224
1739718150333 0.7560662635529136 225
1739718150360 0.10673140180858397 226
1739718150388 0.0036862084389712078 227
1739718150415 0.31722642996123707 228
1739718150442 0.08976958758403361 229
1739718150474 0.32009373654925616 230
1739718150502 0.0007900216176282548 231
1739718150530 0.004049451309535881 232
1739718150557 0.0777291977893232 233
1739718150584 1.1429677301025574 234
1739718150612 0.062485995496186074 235
1739718150639 0.0808334806074241 236
1739718150667 0.008373365339621346 237
1739718150695 0.05109875117338206 238
1739718150722 0.04487124013588379 239
1739718150750 0.04244474305119075 240
1739718150777 0.00068855437691481 241
1739718150805 0.012667999546460359 242
1739718150832 0.01689031968429295 243
1739718150858 0.0093052712497998 244
1739718150888 0.030745944320027457 245
1739718150917 0.07313642840010853 246
1739718150946 1.5692120538392471 247
1739718150975 0.00011770501373891929 248
1739718151003 0.16795018025333605 249
1739718151030 0.00637823921685113 250
1739718151057 0.007439133674939461 251
1739718151087 0.03384655637013252 252
1739718151118 0.0052764560916575155 253
1739718151147 0.10173506582544863 254
1739718151176 0.015136162891743323 255
1739718151204 0.10746558745915115 256
1739718151231 0.4666515604500651 257
1739718151258 0.11891489120946086 258
1739718151286 0.5973958796598017 259
1739718151313 0.0037123803784015652 260
1739718151343 0.2584299994325029 261
1739718151376 0.039797897569231834 262
1739718151406 0.005658649672446205 263
1739718151436 0.09641852563912072 264
1739718151465 0.016533336597282264 265
1739718151492 0.007505849240244093 266
1739718151520 0.008766935492248338 267
1739718151549 0.009539558532305129 268
1739718151578 0.020975215261741495 269
1739718151606 0.08299868894653739 270
1739718151634 0.004338722858787264 271
1739718151661 0.07936798547096746 272
1739718151688 0.08890778409491107 273
1739718151716 0.02435672523052072 274
1739718151744 0.009932396653142637 275
1739718151771 0.010360647260730077 276
1739718151799 0.34176222354887364 277
1739718151826 0.09680948405962385 278
1739718151853 0.23893506994036295 279
1739718151881 0.04329597311197641 280
1739718151908 0.029505320663163366 281
1739718151935 0.02753120835902975 282
1739718151962 1.1364816207489914 283
1739718151989 0.053234156898887636 284
1739718152016 0.007877183255109546 285
1739718152044 0.01322819087031891 286
1739718152073 0.3582881820645337 287
1739718152101 0.009389192226457257 288
1739718152130 0.004801459872832546 289
1739718152161 0.14317179179270367 290
1739718152191 0.011686059071339528 291
1739718152221 0.012033838964701709 292
1739718152251 0.006108443874893945 293
1739718152281 0.034763929326307445 294
1739718152310 0.3992404838658669 295
1739718152337 0.01861307980995233 296
1739718152365 0.07910942500426371 297
1739718152392 0.049332136007521975 298
1739718152419 0.04586007861337751 299
1739718152446 0.08653532765097376 300
1739718152473 0.1279777886908587 301
1739718152501 0.028087129787650936 302
1739718152528 0.4992027317073397 303
1739718152555 0.009547608209639 304
1739718152583 0.01913497899423843 305
1739718152610 3.193719181106983e-09 306
1739718152638 0.0040693667855521715 307
1739718152665 0.1668606590221852 308
1739718152691 0.13716381932819954 309
1739718152719 0.026152247548022346 310
1739718152747 0.4589852178700115 311
1739718152775 0.044272708207142755 312
1739718152803 0.055674759712657874 313
1739718152831 0.0026187784730888303 314
1739718152858 0.28313129518766295 315
1739718152886 0.017708835560530753 316
1739718152915 0.009217242926024527 317
1739718152942 0.07199096035087386 318
1739718152969 0.014391808824328795 319
1739718152997 0.5850600389932668 320
1739718153025 0.3571450499536984 321
1739718153052 0.007203193695802967 322
1739718153079 0.005616702421151144 323
1739718153106 0.06976002663091119 324
1739718153134 0.12343522914313451 325
1739718153161 0.1843496869865024 326
1739718153189 0.03241335467916331 327
1739718153218 0.0034152447841972852 328
1739718153246 0.1818302160153536 329
1739718153273 0.4050583106400769 330
1739718153301 0.04919974205372714 331
1739718153328 0.45078626719878523 332
1739718153356 5.209394213576251e-05 333
1739718153383 0.04924810468594759 334
1739718153410 0.006974510879838128 335
1739718153438 0.10967337218677099 336
1739718153465 0.2283883218697334 337
1739718153492 0.20477280141634926 338
1739718153519 0.14637390872331776 339
1739718153546 0.277970260197989 340
1739718153573 0.592685947646729 341
1739718153600 0.6290961918151033 342
1739718153628 0.14412647591777175 343
1739718153655 0.012431321241350225 344
1739718153682 0.00928532839078507 345
1739718153709 0.511198808754321 346
1739718153737 0.4136880580058364 347
1739718153764 0.2018869342059338 348
1739718153791 0.05441039413632001 349
1739718153818 3.078691692886845e-05 350
1739718153845 0.6059059826488057 351
1739718153874 0.20056103263686922 352
1739718153904 0.07949501029353703 353
1739718153932 0.29605458959826164 354
1739718153960 0.1819254266857273 355
1739718153988 0.12348545458322818 356
1739718154016 0.19158809688052883 357
1739718154044 1.547838110086064 358
1739718154071 0.3214666382045916 359
1739718154098 0.002105128730099564 360
1739718154127 0.002380234584805348 361
1739718154155 0.0003129218129876633 362
1739718154184 0.04175716176779032 363
1739718154212 0.004803719004883728 364
1739718154240 0.04939056434778029 365
1739718154268 0.6267964985400336 366
1739718154295 0.035170775966179374 367
1739718154323 0.10668886223833302 368
1739718154351 0.4412671960784947 369
1739718154378 0.03264113197230452 370
1739718154406 0.10823828432327935 371
1739718154434 0.031844333886631625 372
1739718154461 0.007965665302800228 373
1739718154488 0.21138257651666328 374
1739718154516 0.020134549754881843 375
1739718154543 0.0019034940859615327 376
1739718154570 0.23750010485025158 377
1739718154598 0.20656906786045467 378
1739718154625 0.021742467132936944 379
1739718154653 0.044405146214508875 380
1739718154679 0.01850817084640777 381
1739718154707 0.002514335217470999 382
1739718154734 0.008900738901763062 383
1739718154761 0.6064054056040606 384
1739718154789 0.0015989925594181976 385
1739718154816 0.05000662392260304 386
1739718154843 0.0020874049199893566 387
1739718154871 0.47568107664593345 388
1739718154900 0.026740443227945537 389
1739718154928 0.0016145830784929298 390
1739718154956 0.0012585588358217878 391
1739718154985 0.5783208919126164 392
1739718155012 0.04308033297163888 393
1739718155040 0.4207336329065164 394
1739718155067 0.2993637730866504 395
1739718155096 0.7049894309843907 396
1739718155123 0.1013198358377213 397
1739718155150 0.006493857902311329 398
1739718155177 0.04541434943391372 399
