1739719011428 81.6702766961479 0
1739719011462 37.70117525478989 1
1739719011494 13.743664057190106 2
1739719011529 3.020397460523626 3
1739719011562 3.625038900624179 4
1739719011596 2.999099462498915 5
1739719011630 2.1392598035616914 6
1739719011663 0.05139351652931716 7
1739719011696 0.3539215463444604 8
1739719011728 0.16869487811328496 9
1739719011760 0.22019354426134352 10
1739719011793 0.009869257261869711 11
1739719011826 0.0031456072882984154 12
1739719011858 0.9703052509868157 13
1739719011891 0.20615725186921074 14
1739719011924 0.002411923781718976 15
1739719011957 0.03711152968718779 16
1739719011990 0.22841429360394372 17
1739719012023 0.24792737774841114 18
1739719012056 0.037936551456674246 19
1739719012088 0.16991619998065316 20
1739719012121 0.022085862703140422 21
1739719012154 0.052648251365708075 22
1739719012186 0.45907769435617996 23
1739719012217 0.26357367784031305 24
1739719012249 0.024413533784423493 25
1739719012281 0.05413579480105782 26
1739719012313 0.10723209717435243 27
1739719012344 0.5452317530823075 28
1739719012376 0.13706446399900776 29
1739719012407 0.05614363802009062 30
1739719012438 0.0035073385621401903 31
1739719012469 0.26540071687364725 32
1739719012501 0.06039352179049699 33
1739719012532 0.03952943682251885 34
1739719012563 0.010804429057380079 35
1739719012594 0.21143316589109337 36
1739719012625 0.10136516849057979 37
1739719012657 0.11069936069942081 38
1739719012688 0.005449231535983076 39
1739719012719 0.028602083607983612 40
1739719012751 0.005806413331596143 41
1739719012782 0.04323418335011601 42
1739719012814 0.02750151312281048 43
1739719012846 0.26115184993274915 44
1739719012877 0.010981819083367537 45
1739719012908 0.03959564891281638 46
1739719012940 0.5975346786920319 47
1739719012971 0.00513910880861206 48
1739719013002 0.9753198641908181 49
1739719013034 0.13231018917861684 50
1739719013065 0.030847580927845435 51
1739719013096 0.10644804250931837 52
1739719013128 0.020281097205289183 53
1739719013159 0.16483045151483533 54
1739719013190 0.0692179857791174 55
1739719013222 0.09654954811480398 56
1739719013253 0.00030452435853332014 57
1739719013284 0.04282515473953144 58
1739719013316 0.0014291722866881002 59
1739719013348 0.4995525419428154 60
1739719013380 0.0016617798019406527 61
1739719013411 0.48810140881328634 62
1739719013443 0.036319733912022825 63
1739719013474 0.0062344065711578914 64
1739719013505 0.006301253143451764 65
1739719013537 0.0037789092748319684 66
1739719013569 0.07435293687551729 67
1739719013600 0.01307188878251646 68
1739719013633 0.1100951972919989 69
1739719013665 0.014226665040361124 70
1739719013696 0.005359649049656743 71
1739719013728 0.05445137253149515 72
1739719013759 0.02662819820672726 73
1739719013790 0.0008089624691017714 74
1739719013821 0.1770265098135799 75
1739719013852 0.005565735665519546 76
1739719013883 0.019349081355591168 77
1739719013914 0.005858103645615639 78
1739719013945 0.02172695253989414 79
1739719013976 0.02682864376671137 80
1739719014007 0.05175265337149507 81
1739719014037 0.8009735806047464 82
1739719014069 0.04076373921756067 83
1739719014100 0.04680997616402987 84
1739719014131 0.0157451726663258 85
1739719014162 0.021284954849313566 86
1739719014193 0.321422834177211 87
1739719014225 0.03038544509977301 88
1739719014256 0.10526064549911202 89
1739719014287 0.04334465161678907 90
1739719014318 0.05130149231776645 91
1739719014350 0.043142706352123084 92
1739719014381 0.020593453346937293 93
1739719014413 0.65325576850009 94
1739719014444 0.01864070506614348 95
1739719014475 0.08950168260684668 96
1739719014506 0.012261753022982587 97
1739719014538 0.2851224224298321 98
1739719014569 0.06063990912705633 99
1739719014600 0.2794647087257735 100
1739719014632 0.0012592732844596908 101
1739719014663 0.23977464601608164 102
1739719014694 0.025850879813379274 103
1739719014726 0.007164016936208178 104
1739719014758 0.0658234711786019 105
1739719014789 0.000321637446922218 106
1739719014820 0.028537185233973486 107
1739719014852 3.3929465472859773e-05 108
1739719014883 0.024276123244565753 109
1739719014915 0.17082470027911897 110
1739719014946 0.044275374653640565 111
1739719014978 0.09008566686578011 112
1739719015009 0.012323650328275785 113
1739719015040 0.027858922564827724 114
1739719015071 0.005861914359078412 115
1739719015102 0.020016272341445127 116
1739719015134 0.0546375185742544 117
1739719015165 0.005623871615187577 118
1739719015196 0.007235653993320534 119
1739719015228 0.960105714372323 120
1739719015259 0.10096869125203373 121
1739719015291 0.02907832853688347 122
1739719015323 0.09745641164254013 123
1739719015355 0.013570881153219624 124
1739719015390 0.29405912992073285 125
1739719015421 0.024850808806567388 126
1739719015453 0.1271546651750334 127
1739719015485 0.06516640415648932 128
1739719015516 0.05938647406328099 129
1739719015547 0.015908475253814388 130
1739719015578 0.027076154586210172 131
1739719015610 0.021056440062251713 132
1739719015642 0.16389096187933888 133
1739719015673 0.036148525543143975 134
1739719015705 0.0002920659351458967 135
1739719015736 0.030031369309631184 136
1739719015769 0.031221527481938637 137
1739719015800 0.07007760807808315 138
1739719015832 0.28665463214000997 139
1739719015863 0.020528788572817636 140
1739719015895 0.07423288625912827 141
1739719015927 0.07712173212593065 142
1739719015958 0.11782001348246654 143
1739719015989 0.015303059154402322 144
1739719016037 0.010075238574018933 145
1739719016069 0.15306154187171714 146
1739719016101 0.1794022203829741 147
1739719016132 0.02104025321653276 148
1739719016163 0.022147014293313613 149
1739719016194 0.08767024225101828 150
1739719016226 0.10151132961379984 151
1739719016257 0.07642631519215216 152
1739719016289 0.01272641675127089 153
1739719016320 0.0032637293919568788 154
1739719016351 0.16243626685742985 155
1739719016383 0.019224438576239084 156
1739719016414 0.015678188617398444 157
1739719016446 0.04478866098857939 158
1739719016477 0.010827262945720374 159
1739719016508 0.02529960728908641 160
1739719016539 0.034468183207749026 161
1739719016570 0.010493057631841567 162
1739719016601 0.04152345698888123 163
1739719016633 3.215954735194046e-05 164
1739719016665 0.04690224015442729 165
1739719016696 0.05270977109899385 166
1739719016727 0.3773468751905861 167
1739719016759 0.005991237458741552 168
1739719016790 0.16534443770238869 169
1739719016822 0.09375801145850478 170
1739719016854 0.00015843558485613223 171
1739719016885 0.10279347197152128 172
1739719016917 0.0005425034450455601 173
1739719016948 0.027944275431231208 174
1739719016980 0.019701205790178335 175
1739719017011 0.004699135727997181 176
1739719017042 0.06256096683393676 177
1739719017073 0.4764649847167426 178
1739719017104 0.495810936602239 179
1739719017136 0.6303905859640909 180
1739719017167 0.1442921161799463 181
1739719017199 0.005451834273618903 182
1739719017230 0.032190260564930365 183
1739719017262 0.041765779800037275 184
1739719017293 0.0012338926519350748 185
1739719017325 3.0197128928549093e-05 186
1739719017357 0.002870958355583803 187
1739719017388 7.41326927283013e-05 188
1739719017420 0.8894395748067041 189
1739719017452 0.018492830479831367 190
1739719017483 0.04694176755762796 191
1739719017514 0.12222267944404401 192
1739719017546 0.016623004756488105 193
1739719017577 0.09714960173055746 194
1739719017609 1.1785495156252388 195
1739719017640 0.04853067192091422 196
1739719017672 0.001902877021990722 197
1739719017703 0.004799513752085862 198
1739719017734 0.037000319836726796 199
1739719017766 0.4149655403449824 200
1739719017797 0.018339286905953656 201
1739719017829 0.17096668326223383 202
1739719017860 0.5110398571545768 203
1739719017893 0.05786251721619027 204
1739719017925 0.04713902784208071 205
1739719017957 0.02952635216945939 206
1739719017988 0.0819908769014237 207
1739719018020 0.05640377739994291 208
1739719018051 2.6852916988688353e-06 209
1739719018082 0.012812264635530889 210
1739719018115 0.038538775412111495 211
1739719018147 0.021877954326866227 212
1739719018178 0.004457214819468985 213
1739719018210 0.04273563645370492 214
1739719018241 0.005442192506475112 215
1739719018272 0.015749919179970026 216
1739719018304 0.002568167638839634 217
1739719018335 0.010498107315609115 218
1739719018367 0.02548700800871876 219
1739719018398 0.016449107804852526 220
1739719018430 0.07077380523658271 221
1739719018461 0.050197960562867155 222
1739719018492 0.000771594871372998 223
1739719018524 7.424817221149386e-05 224
1739719018556 0.49638616363199484 225
1739719018587 0.4399520280633412 226
1739719018618 0.015513915430940077 227
1739719018649 0.01574810603231195 228
1739719018681 0.11412004222786017 229
1739719018711 0.07751131186888506 230
1739719018743 0.0903154947788364 231
1739719018775 1.0738044223718861 232
1739719018806 0.043683583259013094 233
1739719018838 0.09176008721491889 234
1739719018869 0.024139090580137013 235
1739719018899 0.023041137503418123 236
1739719018931 0.014454188987633539 237
1739719018962 0.08044494574922363 238
1739719018993 0.05609134177088682 239
1739719019024 0.04585565356462039 240
1739719019056 0.027318108430034713 241
1739719019087 0.2242352577275086 242
1739719019118 0.5593803205031754 243
1739719019150 0.011069786414940599 244
1739719019181 0.17238520182483372 245
1739719019212 0.021010970107749473 246
1739719019244 0.0010919370011156294 247
1739719019276 0.03288920601840396 248
1739719019307 0.1426327986521041 249
1739719019338 0.012901550849643164 250
1739719019369 0.0033583929984125683 251
1739719019400 0.0174645720236843 252
1739719019432 0.03483125265401614 253
1739719019464 0.16823739019797865 254
1739719019495 0.10513571903776602 255
1739719019527 0.08775816647128051 256
1739719019558 0.009351889086438695 257
1739719019589 0.055124428667867965 258
1739719019621 0.02322235697029027 259
1739719019653 0.10835980859771797 260
1739719019685 0.1733233875041032 261
1739719019716 0.2666874895862037 262
1739719019748 0.011238539778851258 263
1739719019779 0.0034804593356860688 264
1739719019811 0.01065867226075015 265
1739719019842 0.3683247801682048 266
1739719019874 0.38966436792424 267
1739719019905 0.053046441166316495 268
1739719019937 0.001213388578579355 269
1739719019968 0.002516385689078663 270
1739719020000 0.027398990465824228 271
1739719020031 0.08639605644329475 272
1739719020063 0.09802395390803928 273
1739719020094 0.43758218987837455 274
1739719020125 0.0072436992253210345 275
1739719020157 0.00033547189399441143 276
1739719020189 0.07404112734498966 277
1739719020220 0.017395268370163187 278
1739719020251 0.05712018740737172 279
1739719020282 0.026379482930033442 280
1739719020314 0.06247930973510122 281
1739719020344 0.21079477280672462 282
1739719020376 0.03283083058230186 283
1739719020407 0.1698848447143661 284
1739719020438 0.0007337213432395773 285
1739719020470 0.014361466590714767 286
1739719020502 0.37980233596389645 287
1739719020533 0.02855311063307047 288
1739719020564 0.022231194867719774 289
1739719020596 0.0037073966082635515 290
1739719020627 0.07789142792838048 291
1739719020658 0.10766274986093476 292
1739719020690 0.001987960752083472 293
1739719020722 0.1579615135482546 294
1739719020754 0.005066755734055165 295
1739719020785 0.07357139801820466 296
1739719020816 0.07076723120201053 297
1739719020847 0.0511700429770391 298
1739719020879 0.28872124069060784 299
1739719020911 4.349751281008416e-05 300
1739719020943 0.07803551682207367 301
1739719020975 0.011483990775082656 302
1739719021007 0.2891887412308472 303
1739719021038 0.004655581387135411 304
1739719021071 0.07868866989608637 305
1739719021103 0.07637577273069583 306
1739719021136 0.008866262015119367 307
1739719021169 0.044593883493091624 308
1739719021203 0.02364380753866336 309
1739719021236 0.0026713172880545306 310
1739719021269 0.05873658750836406 311
1739719021301 0.03318803819161513 312
1739719021333 0.030928041756139696 313
1739719021364 0.03378920700220677 314
1739719021396 0.007789912940219642 315
1739719021427 0.05585029271976156 316
1739719021458 0.014929484580222722 317
1739719021490 0.16541600856541136 318
1739719021522 0.11179268395973808 319
1739719021553 0.00018056717949121748 320
1739719021584 0.03007079843350188 321
1739719021616 0.05002189470554814 322
1739719021647 0.01147179365970707 323
1739719021679 0.04473065268617072 324
1739719021711 0.09925552513838137 325
1739719021743 0.003002514380392966 326
1739719021775 0.05388439402082014 327
1739719021806 0.022864256476716003 328
1739719021838 0.10608970999114192 329
1739719021870 0.25191954030448493 330
1739719021902 0.1108490453867236 331
1739719021934 0.0920950524007665 332
1739719021969 0.00028899672259598876 333
1739719022003 0.001390255521842173 334
1739719022037 0.042732526101933996 335
1739719022071 0.09402733348915107 336
1739719022109 0.3684722293748353 337
1739719022145 0.01014683350880626 338
1739719022180 0.46840490780141925 339
1739719022213 1.6140553586322466e-06 340
1739719022245 0.3850086673829828 341
1739719022278 0.04431661099287889 342
1739719022311 0.22027683423785827 343
1739719022345 0.03673010634085236 344
1739719022377 0.02964929055838936 345
1739719022409 0.010746900035638976 346
1739719022441 0.07076800932484584 347
1739719022472 0.11851074887806377 348
1739719022504 0.0010218546366249203 349
1739719022536 0.09524278378882928 350
1739719022568 0.10534196519214413 351
1739719022599 0.05333322489088567 352
1739719022631 0.10563906257675296 353
1739719022662 0.08502659613070318 354
1739719022694 0.07172984008545838 355
1739719022726 0.16255564002620254 356
1739719022757 0.04765766921958022 357
1739719022789 0.013121683366644809 358
1739719022821 0.0047123146784855035 359
1739719022852 0.001222878254138458 360
1739719022883 0.00014085258067707808 361
1739719022914 0.09859766310337348 362
1739719022945 0.0001846448986591366 363
1739719022976 0.011455609727123369 364
1739719023007 0.49160442184852393 365
1739719023039 0.1074585078483518 366
1739719023070 0.05560507821668009 367
1739719023102 0.2175318035326224 368
1739719023134 0.0024289437166422055 369
1739719023165 0.0046985789342759805 370
1739719023197 0.0050756241690430685 371
1739719023227 0.13029817798559704 372
1739719023259 0.015384092545401039 373
1739719023290 0.04312051530104489 374
1739719023322 0.00038568663698591176 375
1739719023353 0.12391144689787295 376
1739719023384 0.0025981910692161594 377
1739719023415 0.45919606616191383 378
1739719023446 0.13319190104518946 379
1739719023478 0.005315290547035161 380
1739719023510 0.08592141863465412 381
1739719023541 0.007151681224217617 382
1739719023572 0.08138560176467947 383
1739719023604 0.1914898244259378 384
1739719023640 0.01094537227409952 385
1739719023672 0.11767121732630094 386
1739719023703 0.028269651812945766 387
1739719023735 0.010101874475538716 388
1739719023767 0.10748045212937499 389
1739719023798 1.4927835143181067e-06 390
1739719023830 0.27032150882871087 391
1739719023861 0.008772208010803395 392
1739719023893 0.10019599407640849 393
1739719023925 0.006642025271697833 394
1739719023956 0.00017502475093125308 395
1739719023987 0.030586193276984208 396
1739719024019 0.06246620687427349 397
1739719024050 0.000502699072488185 398
1739719024081 0.03035340571592024 399
1739719024113 0.042329024389585246 400
1739719024145 0.09148086365428341 401
1739719024176 0.013707833425574868 402
1739719024208 0.00950614819588415 403
1739719024240 0.0005345645734152264 404
1739719024272 0.006196644772146374 405
1739719024304 0.00796801250808739 406
1739719024335 0.024560992395872734 407
1739719024367 0.011835629747297953 408
1739719024399 0.10153497252135033 409
1739719024430 0.008038057884543 410
1739719024461 0.05694192193233851 411
1739719024493 0.15130998292015735 412
1739719024524 0.0013565591334571245 413
1739719024556 0.10413072372012977 414
1739719024587 0.0538427058082871 415
1739719024619 0.04645808831324171 416
1739719024650 0.10037839140894939 417
1739719024681 0.007320052362757069 418
1739719024713 0.07023794544023335 419
1739719024744 0.03482879523967076 420
1739719024775 0.09814727457917012 421
1739719024806 0.09539593504619134 422
1739719024838 0.004099058791221181 423
1739719024869 0.027967951820284147 424
1739719024901 0.12180877611148946 425
1739719024932 0.07790861150625324 426
1739719024963 0.02587302421335124 427
1739719024994 0.8573753145556229 428
1739719025026 0.05648720027149142 429
1739719025057 0.006693467320237459 430
1739719025088 0.08928240310390897 431
1739719025119 0.1388719616500259 432
1739719025151 0.022730706288304696 433
1739719025182 0.06029409710591919 434
1739719025213 0.003493814875487476 435
1739719025244 0.0242575005069439 436
1739719025276 0.013970383846489071 437
1739719025307 0.06962815916598361 438
1739719025339 0.003804743397696053 439
1739719025370 0.028186914864601884 440
1739719025401 0.0001098613017413847 441
1739719025432 0.08045260087778112 442
1739719025464 0.0075714577235319975 443
1739719025495 0.05063583030060771 444
1739719025527 0.09167087756803262 445
1739719025558 0.1111730615990049 446
1739719025589 0.08406876237881439 447
1739719025620 0.01947799802369848 448
1739719025652 0.011122742255969641 449
1739719025683 0.002941685121782305 450
1739719025714 0.00300518022767077 451
1739719025746 0.04243209699076773 452
1739719025777 0.08103415975395614 453
1739719025810 3.0597687567927145e-06 454
1739719025842 0.03698136122759277 455
1739719025874 0.07893310702118454 456
1739719025906 0.12858734386012222 457
1739719025939 0.021297364591732485 458
1739719025972 0.04931386521481897 459
1739719026004 0.0014508553699267488 460
1739719026037 0.004760171480987944 461
1739719026069 0.14536939878798916 462
1739719026102 0.07501943315077397 463
1739719026134 0.0371570241645741 464
1739719026167 0.07186355878454712 465
1739719026199 0.18006973039056923 466
1739719026231 0.0007706447526063969 467
1739719026264 0.026067257268937483 468
1739719026297 0.02769632751328263 469
1739719026329 0.06699732196048244 470
1739719026362 0.009428643158224146 471
1739719026395 0.06770745562232788 472
1739719026428 0.011679178453903058 473
1739719026460 0.03877692845373511 474
1739719026493 0.03737097766632791 475
1739719026526 0.00964301847484238 476
1739719026558 0.0008674262044943096 477
1739719026590 0.17746681493606326 478
1739719026623 0.013002780008962942 479
1739719026655 0.42250736645273085 480
1739719026687 0.005415157250587567 481
1739719026719 0.17190887693623824 482
1739719026751 0.018529194550262862 483
1739719026784 0.019441858415854423 484
1739719026817 0.008509668173417235 485
1739719026849 0.019538425854023742 486
1739719026882 0.09504781603918948 487
1739719026915 0.01627447846203806 488
1739719026947 0.34323514792999515 489
1739719026979 0.046341939791298144 490
1739719027012 0.008961718179989435 491
1739719027044 0.002548873038130814 492
1739719027076 0.08292207107344782 493
1739719027107 0.2477222349780694 494
1739719027139 0.08295958173827678 495
1739719027171 0.0255713929318673 496
1739719027202 0.012790739554559586 497
1739719027234 0.00016140876010810237 498
1739719027265 0.01645793022803037 499
