1739714835572 172.71961052094775 0
1739714835577 172.37243909308714 1
1739714835581 172.02603811866862 2
1739714835586 171.68040580282488 3
1739714835591 171.33554035503477 4
1739714835595 170.99143998911228 5
1739714835599 170.64810292319575 6
1739714835605 170.30552737973687 7
1739714835609 169.96371158548962 8
1739714835614 169.62265377149976 9
1739714835618 169.2823521730936 10
1739714835622 168.94280502986754 11
1739714835627 168.60401058567697 12
1739714835631 168.2659670886258 13
1739714835636 167.9286727910555 14
1739714835640 167.59212594953456 15
1739714835644 167.2563248248478 16
1739714835648 166.92126768198577 17
1739714835653 166.58695279013392 18
1739714835657 166.25337842266234 19
1739714835661 165.92054285711498 20
1739714835665 165.5884443751992 21
1739714835670 165.25708126277536 22
1739714835674 164.9264518098462 23
1739714835678 164.5965543105464 24
1739714835683 164.26738706313247 25
1739714835687 163.93894836997188 26
1739714835691 163.61123653753313 27
1739714835696 163.28424987637516 28
1739714835700 162.95798670113717 29
1739714835704 162.63244533052844 30
1739714835709 162.3076240873178 31
1739714835713 161.98352129832367 32
1739714835717 161.6601352944037 33
1739714835721 161.33746441044482 34
1739714835726 161.01550698535286 35
1739714835730 160.6942613620426 36
1739714835734 160.37372588742758 37
1739714835738 160.0538989124102 38
1739714835743 159.73477879187158 39
1739714835747 159.41636388466142 40
1739714835751 159.0986525535884 41
1739714835756 158.7816431654099 42
1739714835760 158.4653340908221 43
1739714835764 158.1497237044504 44
1739714835768 157.83481038483913 45
1739714835773 157.52059251444192 46
1739714835778 157.20706847961196 47
1739714835782 156.89423667059208 48
1739714835787 156.58209548150498 49
1739714835791 156.2706433103435 50
1739714835795 155.959878558961 51
1739714835799 155.64979963306166 52
1739714835804 155.34040494219064 53
1739714835808 155.03169289972462 54
1739714835812 154.72366192286222 55
1739714835816 154.41631043261418 56
1739714835821 154.1096368537942 57
1739714835825 153.80363961500885 58
1739714835830 153.49831714864865 59
1739714835834 153.19366789087817 60
1739714835839 152.8896902816268 61
1739714835843 152.58638276457918 62
1739714835847 152.2837437871658 63
1739714835851 151.98177180055376 64
1739714835855 151.68046525963723 65
1739714835860 151.37982262302828 66
1739714835864 151.07984235304747 67
1739714835868 150.78052291571447 68
1739714835872 150.48186278073905 69
1739714835876 150.1838604215117 70
1739714835881 149.8865143150944 71
1739714835885 149.58982294221144 72
1739714835889 149.29378478724033 73
1739714835893 148.99839833820263 74
1739714835897 148.70366208675475 75
1739714835901 148.40957452817898 76
1739714835905 148.11613416137442 77
1739714835909 147.82333948884778 78
1739714835913 147.53118901670456 79
1739714835917 147.23968125464 80
1739714835921 146.94881471592998 81
1739714835925 146.6585879174223 82
1739714835930 146.36899937952754 83
1739714835934 146.0800476262103 84
1739714835938 145.79173118498025 85
1739714835942 145.50404858688339 86
1739714835946 145.21699836649302 87
1739714835950 144.93057906190106 88
1739714835954 144.64478921470936 89
1739714835958 144.3596273700208 90
1739714835962 144.07509207643056 91
1739714835967 143.79118188601743 92
1739714835971 143.5078953543352 93
1739714835976 143.22523104040383 94
1739714835980 142.94318750670092 95
1739714835984 142.6617633191532 96
1739714835988 142.3809570471276 97
1739714835993 142.10076726342294 98
1739714835997 141.82119254426132 99
1739714836001 141.54223146927964 100
1739714836005 141.26388262152085 101
1739714836010 140.98614458742577 102
1739714836014 140.7090159568245 103
1739714836018 140.43249532292782 104
1739714836022 140.1565812823191 105
1739714836026 139.88127243494563 106
1739714836030 139.60656738411032 107
1739714836034 139.33246473646338 108
1739714836038 139.05896310199398 109
1739714836043 138.78606109402196 110
1739714836047 138.51375732918933 111
1739714836051 138.24205042745245 112
1739714836055 137.97093901207333 113
1739714836060 137.70042170961162 114
1739714836064 137.43049714991636 115
1739714836068 137.16116396611798 116
1739714836072 136.8924207946197 117
1739714836076 136.62426627508995 118
1739714836080 136.3566990504538 119
1739714836084 136.08971776688512 120
1739714836088 135.82332107379833 121
1739714836093 135.55750762384054 122
1739714836097 135.29227607288342 123
1739714836101 135.02762508001513 124
1739714836105 134.76355330753236 125
1739714836109 134.50005942093253 126
1739714836113 134.23714208890559 127
1739714836117 133.97479998332622 128
1739714836121 133.7130317792459 129
1739714836125 133.4518361548851 130
1739714836135 133.1912117916252 131
1739714836139 132.93115737400097 132
1739714836143 132.67167158969244 133
1739714836147 132.41275312951723 134
1739714836151 132.15440068742282 135
1739714836156 131.89661296047868 136
1739714836160 131.6393886488686 137
1739714836164 131.38272645588285 138
1739714836168 131.12662508791064 139
1739714836172 130.8710832544324 140
1739714836177 130.61609966801194 141
1739714836181 130.36167304428915 142
1739714836185 130.10780210197194 143
1739714836189 129.85448556282904 144
1739714836193 129.60172215168217 145
1739714836197 129.34951059639855 146
1739714836202 129.09784962788336 147
1739714836206 128.84673798007228 148
1739714836210 128.59617438992382 149
1739714836214 128.34615759741197 150
1739714836218 128.09668634551875 151
1739714836222 127.84775938022665 152
1739714836227 127.59937545051122 153
1739714836231 127.35153330833381 154
1739714836235 127.10423170863405 155
1739714836239 126.85746940932242 156
1739714836244 126.61124517127311 157
1739714836248 126.3655577583165 158
1739714836252 126.1204059372319 159
1739714836257 125.87578847774031 160
1739714836261 125.63170415249708 161
1739714836265 125.38815173708471 162
1739714836269 125.14513001000559 163
1739714836273 124.9026377526747 164
1739714836277 124.66067374941257 165
1739714836281 124.41923678743798 166
1739714836285 124.17832565686086 167
1739714836289 123.93793915067512 168
1739714836293 123.6980760647515 169
1739714836297 123.45873519783053 170
1739714836302 123.21991535151537 171
1739714836306 122.98161533026475 172
1739714836310 122.74383394138604 173
1739714836314 122.50656999502803 174
1739714836318 122.26982230417407 175
1739714836321 122.03358968463495 176
1739714836326 121.797870955042 177
1739714836330 121.56266493684015 178
1739714836334 121.32797045428087 179
1739714836338 121.0937863344154 180
1739714836342 120.86011140708774 181
1739714836346 120.62694450492776 182
1739714836350 120.39428446334442 183
1739714836354 120.1621301205188 184
1739714836358 119.93048031739728 185
1739714836362 119.69933389768488 186
1739714836366 119.46868970783822 187
1739714836370 119.23854659705896 188
1739714836374 119.00890341728683 189
1739714836378 118.7797590231931 190
1739714836382 118.55111227217361 191
1739714836386 118.3229620243423 192
1739714836390 118.0953071425243 193
1739714836394 117.86814649224942 194
1739714836398 117.64147894174532 195
1739714836402 117.4153033619311 196
1739714836406 117.18961862641041 197
1739714836410 116.96442361146504 198
1739714836413 116.73971719604822 199
1739714836417 116.51549826177806 200
1739714836421 116.2917656929311 201
1739714836426 116.06851837643555 202
1739714836430 115.84575520186497 203
1739714836435 115.62347506143168 204
1739714836439 115.4016768499802 205
1739714836443 115.18035946498097 206
1739714836448 114.95952180652367 207
1739714836452 114.73916277731088 208
1739714836456 114.51928128265175 209
1739714836460 114.29987623045534 210
1739714836464 114.08094653122448 211
1739714836469 113.86249109804932 212
1739714836473 113.64450884660087 213
1739714836477 113.42699869512475 214
1739714836489 113.20995956443487 215
1739714836507 112.9933903779071 216
1739714836515 112.77729006147295 217
1739714836520 112.56165754361332 218
1739714836524 112.34649175535228 219
1739714836529 112.13179163025063 220
1739714836533 111.91755610440002 221
1739714836537 111.70378411641639 222
1739714836542 111.49047460743394 223
1739714836546 111.27762652109894 224
1739714836551 111.06523880356357 225
1739714836556 110.8533104034797 226
1739714836560 110.6418402719928 227
1739714836564 110.4308273627359 228
1739714836569 110.2202706318233 229
1739714836573 110.01016903784466 230
1739714836577 109.80052154185887 231
1739714836581 109.59132710738794 232
1739714836585 109.38258470041102 233
1739714836589 109.17429328935837 234
1739714836593 108.96645184510533 235
1739714836597 108.75905934096632 236
1739714836602 108.55211475268888 237
1739714836606 108.3456170584477 238
1739714836610 108.1395652388387 239
1739714836614 107.933958276873 240
1739714836618 107.72879515797119 241
1739714836623 107.52407486995715 242
1739714836627 107.31979640305242 243
1739714836631 107.1159587498702 244
1739714836635 106.9125609054095 245
1739714836640 106.70960186704939 246
1739714836644 106.50708063454294 247
1739714836648 106.30499621001175 248
1739714836652 106.1033475979398 249
1739714836657 105.90213380516794 250
1739714836661 105.70135384088798 251
1739714836665 105.50100671663692 252
1739714836669 105.30109144629132 253
1739714836673 105.1016070460615 254
1739714836677 104.9025525344858 255
1739714836681 104.703926932425 256
1739714836686 104.5057292630565 257
1739714836690 104.30795855186874 258
1739714836694 104.11061382665551 259
1739714836698 103.91369411751042 260
1739714836702 103.71719845682104 261
1739714836707 103.52112587926355 262
1739714836711 103.32547542179701 263
1739714836716 103.13024612365774 264
1739714836721 102.93543702635387 265
1739714836725 102.74104717365977 266
1739714836729 102.54707561161037 267
1739714836734 102.35352138849584 268
1739714836739 102.16038355485588 269
1739714836744 101.96766116347446 270
1739714836748 101.77535326937408 271
1739714836753 101.58345892981046 272
1739714836757 101.3919772042671 273
1739714836761 101.20090715444975 274
1739714836765 101.01024784428101 275
1739714836769 100.81999833989494 276
1739714836774 100.63015770963172 277
1739714836782 100.44072502403206 278
1739714836787 100.25169935583216 279
1739714836791 100.06307977995796 280
1739714836796 99.8748653735201 281
1739714836800 99.68705521580848 282
1739714836804 99.49964838828694 283
1739714836808 99.31264397458798 284
1739714836813 99.12604106050739 285
1739714836817 98.93983873399912 286
1739714836821 98.7540360851699 287
1739714836825 98.56863220627399 288
1739714836829 98.38362619170802 289
1739714836834 98.19901713800573 290
1739714836838 98.01480414383275 291
1739714836844 97.83098630998134 292
1739714836848 97.64756273936537 293
1739714836853 97.46453253701505 294
1739714836857 97.28189481007166 295
1739714836862 97.09964866778266 296
1739714836866 96.91779322149634 297
1739714836871 96.73632758465682 298
1739714836876 96.5552508727989 299
1739714836880 96.37456220354294 300
1739714836885 96.19426069658988 301
1739714836889 96.01434547371602 302
1739714836893 95.83481565876816 303
1739714836897 95.65567037765837 304
1739714836901 95.47690875835912 305
1739714836906 95.29852993089806 306
1739714836910 95.1205330273533 307
1739714836914 94.9429171818482 308
1739714836918 94.76568153054646 309
1739714836922 94.58882521164709 310
1739714836927 94.41234736537967 311
1739714836931 94.23624713399916 312
1739714836935 94.06052366178106 313
1739714836940 93.88517609501659 314
1739714836945 93.71020358200762 315
1739714836949 93.53560527306193 316
1739714836953 93.36138032048824 317
1739714836957 93.1875278785914 318
1739714836962 93.01404710366744 319
1739714836966 92.84093715399892 320
1739714836970 92.66819718984988 321
1739714836975 92.49582637346114 322
1739714836979 92.32382386904554 323
1739714836983 92.15218884278302 324
1739714836988 91.9809204628159 325
1739714836992 91.81001789924426 326
1739714836996 91.63948032412083 327
1739714837001 91.4693069114466 328
1739714837005 91.2994968371659 329
1739714837009 91.1300492791618 330
1739714837013 90.9609634172512 331
1739714837017 90.79223843318034 332
1739714837022 90.62387351062009 333
1739714837026 90.4558678351611 334
1739714837030 90.28822059430937 335
1739714837035 90.12093097748142 336
1739714837039 89.95399817599981 337
1739714837044 89.78742138308834 338
1739714837048 89.6211997938676 339
1739714837052 89.45533260535021 340
1739714837056 89.28981901643647 341
1739714837060 89.12465822790944 342
1739714837065 88.95984944243067 343
1739714837069 88.79539186453547 344
1739714837073 88.63128470062854 345
1739714837077 88.46752715897912 346
1739714837081 88.30411844971687 347
1739714837086 88.14105778482704 348
1739714837090 87.97834437814612 349
1739714837094 87.81597744535738 350
1739714837099 87.65395620398618 351
1739714837103 87.49227987339583 352
1739714837107 87.33094767478288 353
1739714837111 87.16995883117275 354
1739714837115 87.00931256741535 355
1739714837119 86.84900811018059 356
1739714837123 86.68904468795402 357
1739714837127 86.52942153103238 358
1739714837131 86.3701378715193 359
1739714837141 86.21119294332075 360
1739714837146 86.05258598214094 361
1739714837151 85.8943162254777 362
1739714837156 85.73638291261834 363
1739714837159 85.57878528463512 364
1739714837164 85.42152258438112 365
1739714837168 85.26459405648585 366
1739714837172 85.10799894735086 367
1739714837177 84.95173650514566 368
1739714837182 84.79580597980323 369
1739714837186 84.64020662301581 370
1739714837191 84.4849376882308 371
1739714837195 84.32999843064627 372
1739714837200 84.17538810720684 373
1739714837204 84.02110597659951 374
1739714837208 83.86715129924941 375
1739714837212 83.71352333731551 376
1739714837217 83.5602213546865 377
1739714837221 83.4072446169766 378
1739714837225 83.2545923915214 379
1739714837229 83.1022639473737 380
1739714837233 82.95025855529926 381
1739714837237 82.79857548777287 382
1739714837241 82.64721401897397 383
1739714837246 82.49617342478268 384
1739714837250 82.3454529827757 385
1739714837255 82.1950519722221 386
1739714837259 82.04496967407937 387
1739714837263 81.89520537098917 388
1739714837267 81.74575834727347 389
1739714837272 81.59662788893029 390
1739714837276 81.44781328362977 391
1739714837280 81.2993138207101 392
1739714837284 81.15112879117349 393
1739714837288 81.00325748768218 394
1739714837293 80.85569920455433 395
1739714837297 80.70845323776014 396
1739714837302 80.56151888491785 397
1739714837306 80.41489544528966 398
1739714837310 80.26858221977787 399
1739714837315 80.12257851092085 400
1739714837319 79.97688362288918 401
1739714837323 79.83149686148157 402
1739714837328 79.68641753412103 403
1739714837332 79.54164494985099 404
1739714837336 79.39717841933123 405
1739714837341 79.25301725483422 406
1739714837345 79.10916077024093 407
1739714837349 78.96560828103726 408
1739714837354 78.82235910430987 409
1739714837359 78.67941255874263 410
1739714837364 78.53676796461245 411
1739714837369 78.3944246437857 412
1739714837373 78.25238191971424 413
1739714837378 78.11063911743162 414
1739714837382 77.9691955635493 415
1739714837386 77.82805058625276 416
1739714837391 77.68720351529785 417
1739714837395 77.54665368200689 418
1739714837399 77.40640041926487 419
1739714837403 77.26644306151577 420
1739714837407 77.12678094475889 421
1739714837412 76.9874134065448 422
1739714837415 76.8483397859719 423
1739714837420 76.70955942368256 424
1739714837424 76.57107166185943 425
1739714837428 76.4328758442217 426
1739714837433 76.29497131602139 427
1739714837437 76.15735742403973 428
1739714837442 76.02003351658342 429
1739714837447 75.88299894348101 430
1739714837452 75.7462530560791 431
1739714837457 75.60979520723888 432
1739714837461 75.47362475133232 433
1739714837466 75.33774104423868 434
1739714837470 75.20214344334069 435
1739714837475 75.0668313075211 436
1739714837479 74.93180399715902 437
1739714837483 74.79706087412632 438
1739714837487 74.66260130178398 439
1739714837491 74.52842464497856 440
1739714837495 74.39453027003866 441
1739714837499 74.26091754477133 442
1739714837503 74.12758583845843 443
1739714837508 73.99453452185321 444
1739714837512 73.86176296717667 445
1739714837516 73.72927054811412 446
1739714837520 73.59705663981156 447
1739714837528 73.46512061887225 448
1739714837533 73.33346186335321 449
1739714837537 73.20207975276162 450
1739714837541 73.07097366805142 451
1739714837545 72.94014299161988 452
1739714837549 72.80958710730395 453
1739714837554 72.67930540037705 454
1739714837558 72.54929725754539 455
1739714837562 72.41956206694465 456
1739714837566 72.2900992181365 457
1739714837570 72.16090810210524 458
1739714837574 72.0319881112543 459
1739714837578 71.9033386394028 460
1739714837582 71.77495908178237 461
1739714837586 71.64684883503344 462
1739714837590 71.51900729720208 463
1739714837594 71.3914338677366 464
1739714837598 71.26412794748404 465
1739714837602 71.13708893868703 466
1739714837606 71.01031624498023 467
1739714837610 70.88380927138714 468
1739714837614 70.75756742431666 469
1739714837619 70.63159011155987 470
1739714837623 70.5058767422866 471
1739714837627 70.3804267270422 472
1739714837631 70.25523947774418 473
1739714837635 70.130314407679 474
1739714837639 70.0056509314987 475
1739714837644 69.8812484652177 476
1739714837648 69.75710642620942 477
1739714837652 69.63322423320312 478
1739714837656 69.50960130628066 479
1739714837660 69.38623706687314 480
1739714837664 69.2631309377578 481
1739714837668 69.14028234305468 482
1739714837673 69.01769070822345 483
1739714837677 68.89535546006026 484
1739714837681 68.77327602669439 485
1739714837685 68.65145183758516 486
1739714837689 68.52988232351872 487
1739714837694 68.40856691660488 488
1739714837698 68.28750505027392 489
1739714837702 68.16669615927336 490
1739714837706 68.04613967966496 491
1739714837710 67.92583504882145 492
1739714837714 67.8057817054234 493
1739714837719 67.68597908945608 494
1739714837723 67.56642664220645 495
1739714837727 67.44712380625985 496
1739714837731 67.32807002549706 497
1739714837735 67.20926474509106 498
1739714837739 67.09070741150406 499
