1739714605601 169.52366071818852 0
1739714605607 166.13155373084047 1
1739714605613 162.83969212738518 2
1739714605618 159.61373507987534 3
1739714605622 156.45234294216752 4
1739714605626 153.35420416001955 5
1739714605630 150.3180346426636 6
1739714605634 147.34257715021948 7
1739714605638 144.4266006964712 8
1739714605642 141.56889996655016 9
1739714605646 138.7682947490823 10
1739714605650 136.02362938237397 11
1739714605654 133.3337722142255 12
1739714605658 130.6976150749759 13
1739714605662 128.11407276339665 14
1739714605666 125.58208254506555 15
1739714605670 123.10060366286359 16
1739714605674 120.668616859252 17
1739714605678 118.28512390999607 18
1739714605682 115.94914716901569 19
1739714605687 113.6597291240519 20
1739714605691 111.4159319628503 21
1739714605695 109.2168371495712 22
1739714605699 107.06154501114703 23
1739714605702 104.94917433331575 24
1739714605706 102.8788619660687 25
1739714605710 100.84976243825925 26
1739714605714 98.8610475811276 27
1739714605718 96.9119061605039 28
1739714605723 95.00154351746048 29
1739714605726 93.12918121719055 30
1739714605730 91.29405670589836 31
1739714605734 89.49542297549199 32
1739714605738 87.73254823587672 33
1739714605742 86.00471559465359 34
1739714605746 84.31122274403268 35
1739714605750 82.65138165477809 36
1739714605753 81.02451827700534 37
1739714605757 79.42997224765901 38
1739714605761 77.8670966045023 39
1739714605765 76.33525750645609 40
1739714605769 74.83383396012974 41
1739714605773 73.36221755238965 42
1739714605777 71.91981218881773 43
1739714605781 70.50603383791473 44
1739714605786 69.12031028090838 45
1739714605790 67.7620808670302 46
1739714605794 66.43079627412833 47
1739714605799 65.1259182744883 48
1739714605803 63.84691950573654 49
1739714605807 62.593283246705035 50
1739714605812 61.364503198139474 51
1739714605816 60.16008326813588 52
1739714605820 58.979537362194144 53
1739714605824 57.82238917778012 54
1739714605828 56.68817200329035 55
1739714605832 55.57642852131711 56
1739714605837 54.4867106161136 57
1739714605841 53.4185791851619 58
1739714605845 52.37160395474935 59
1739714605849 51.345363299460956 60
1739714605853 50.33944406549802 61
1739714605857 49.35344139773588 62
1739714605861 48.386958570435354 63
1739714605865 47.439606821525246 64
1739714605870 46.511005190374874 65
1739714605873 45.60078035897824 66
1739714605877 44.708566496472905 67
1739714605881 43.83400510691893 68
1739714605885 42.976744880265095 69
1739714605889 42.13644154643135 70
1739714605893 41.31275773243809 71
1739714605897 40.50536282251496 72
1739714605901 39.71393282112346 73
1739714605905 38.938150218828575 74
1739714605909 38.17770386095759 75
1739714605913 37.43228881898414 76
1739714605917 36.701606264578636 77
1739714605921 35.985363346266396 78
1739714605925 35.28327306863678 79
1739714605929 34.5950541740482 80
1739714605933 33.92043102677452 81
1739714605937 33.25913349954035 82
1739714605941 32.610896862393574 83
1739714605945 31.97546167386474 84
1739714605949 31.352573674364297 85
1739714605953 30.74198368176959 86
1739714605957 30.14344748915471 87
1739714605961 29.55672576461758 88
1739714605965 28.98158395315938 89
1739714605969 28.417792180572757 90
1739714605973 27.865125159295992 91
1739714605977 27.32336209619164 92
1739714605981 26.792286602208733 93
1739714605986 26.271686603888657 94
1739714605990 25.761354256676096 95
1739714605994 25.261085859996598 96
1739714605998 24.77068177406397 97
1739714606001 24.28994633838091 98
1739714606005 23.818687791897425 99
1739714606009 23.35671819479234 100
1739714606014 22.90385335184394 101
1739714606018 22.459912737356408 102
1739714606022 22.024719421609905 103
1739714606025 21.598099998802123 104
1739714606030 21.179884516450645 105
1739714606033 20.769906406225545 106
1739714606038 20.36800241618255 107
1739714606042 19.97401254436782 108
1739714606047 19.587779973765763 109
1739714606052 19.20915100856228 110
1739714606057 18.837975011696123 111
1739714606062 18.474104343671772 112
1739714606066 18.11739430260789 113
1739714606071 17.767703065495787 114
1739714606076 17.42489163064309 115
1739714606081 17.088823761278164 116
1739714606086 16.759365930291448 117
1739714606091 16.436387266090314 118
1739714606096 16.11975949954478 119
1739714606101 15.809356912001453 120
1739714606106 15.505056284344061 121
1739714606110 15.206736847079014 122
1739714606115 14.914280231425082 123
1739714606119 14.627570421386672 124
1739714606123 14.346493706790625 125
1739714606127 14.07093863726687 126
1739714606132 13.800795977153653 127
1739714606136 13.535958661308555 128
1739714606140 13.276321751806806 129
1739714606144 13.021782395508966 130
1739714606148 12.772239782480026 131
1739714606153 12.527595105242966 132
1739714606157 12.287751518849499 133
1739714606162 12.052614101751663 134
1739714606167 11.822089817457854 135
1739714606171 11.596087476957475 136
1739714606176 11.374517701898542 137
1739714606180 11.157292888503115 138
1739714606184 10.944327172205488 139
1739714606188 10.735536392998666 140
1739714606192 10.530838061474547 141
1739714606196 10.330151325544042 142
1739714606200 10.133396937823354 143
1739714606204 9.940497223672763 144
1739714606208 9.751376049874933 145
1739714606211 9.565958793939819 146
1739714606216 9.384172314023406 147
1739714606220 9.205944919448092 148
1739714606224 9.031206341812359 149
1739714606228 8.859887706678057 150
1739714606232 8.69192150582354 151
1739714606236 8.527241570051373 152
1739714606240 8.365783042539226 153
1739714606244 8.20748235272339 154
1739714606247 8.052277190703768 155
1739714606251 7.900106482160203 156
1739714606255 7.750910363769695 157
1739714606259 7.604630159114433 158
1739714606262 7.461208355070875 159
1739714606266 7.320588578670116 160
1739714606270 7.182715574420164 161
1739714606274 7.047535182080734 162
1739714606278 6.914994314881615 163
1739714606282 6.785040938175601 164
1739714606286 6.657624048517359 165
1739714606290 6.532693653159571 166
1739714606294 6.410200749958143 167
1739714606298 6.290097307678045 168
1739714606302 6.172336246692127 169
1739714606306 6.056871420064534 170
1739714606311 5.943657595011516 171
1739714606315 5.832650434731707 172
1739714606319 5.72380648059868 173
1739714606323 5.6170831347083965 174
1739714606328 5.512438642774567 175
1739714606335 5.409832077364861 176
1739714606340 5.30922332147118 177
1739714606344 5.210573052407306 178
1739714606348 5.113842726027413 179
1739714606352 5.01899456125894 180
1739714606357 4.925991524943643 181
1739714606361 4.834797316980565 182
1739714606365 4.745376355764949 183
1739714606369 4.6576937639171865 184
1739714606373 4.571715354295904 185
1739714606377 4.487407616289708 186
1739714606382 4.404737702381777 187
1739714606387 4.323673414982032 188
1739714606391 4.244183193521483 189
1739714606395 4.166236101803472 190
1739714606399 4.089801815606755 191
1739714606404 4.0148506105353485 192
1739714606408 3.941353350110226 193
1739714606412 3.8692814740980057 194
1739714606416 3.7986069870719814 195
1739714606420 3.7293024472007623 196
1739714606425 3.661340955260059 197
1739714606429 3.5946961438630494 198
1739714606434 3.5293421669051606 199
1739714606438 3.465253689218744 200
1739714606441 3.402405876433665 201
1739714606445 3.3407743850395857 202
1739714606450 3.2803353526459293 203
1739714606454 3.221065388435614 204
1739714606459 3.162941563808699 205
1739714606463 3.1059414032121166 206
1739714606467 3.0500428751517807 207
1739714606471 2.9952243833835026 208
1739714606475 2.9414647582790234 209
1739714606479 2.888743248363864 210
1739714606483 2.837039512023305 211
1739714606486 2.7863336093734565 212
1739714606490 2.736605994293812 213
1739714606494 2.6878375066183233 214
1739714606498 2.6400093644817058 215
1739714606502 2.5931031568178846 216
1739714606506 2.5471008360076204 217
1739714606509 2.5019847106722435 218
1739714606513 2.4577374386106987 219
1739714606517 2.414342019876957 220
1739714606521 2.371781789995002 221
1739714606524 2.3300404133087387 222
1739714606528 2.2891018764640148 223
1739714606532 2.2489504820202395 224
1739714606536 2.2095708421889104 225
1739714606540 2.170947872696606 226
1739714606544 2.13306678676993 227
1739714606548 2.095913089239989 228
1739714606552 2.0594725707639756 229
1739714606556 2.023731302161646 230
1739714606560 1.9886756288642267 231
1739714606564 1.9542921654737049 232
1739714606568 1.920567790430152 233
1739714606571 1.8874896407850064 234
1739714606575 1.8550451070781893 235
1739714606580 1.8232218283169865 236
1739714606584 1.7920076870546744 237
1739714606589 1.7613908045668882 238
1739714606593 1.7313595361238197 239
1739714606596 1.7019024663562996 240
1739714606600 1.6730084047139289 241
1739714606604 1.6446663810134063 242
1739714606608 1.616865641075257 243
1739714606612 1.589595642447218 244
1739714606616 1.5628460502125687 245
1739714606620 1.5366067328816437 246
1739714606624 1.5108677583649912 247
1739714606628 1.485619390026437 248
1739714606632 1.4608520828145288 249
1739714606636 1.4365564794707981 250
1739714606640 1.4127234068132868 251
1739714606644 1.3893438720938764 252
1739714606648 1.3664090594278926 253
1739714606652 1.343910326294638 254
1739714606656 1.3218392001073391 255
1739714606660 1.3001873748512072 256
1739714606663 1.2789467077882348 257
1739714606668 1.2581092162273635 258
1739714606672 1.2376670743587836 259
1739714606677 1.2176126101510611 260
1739714606681 1.1979383023098271 261
1739714606686 1.1786367772968198 262
1739714606690 1.159700806408101 263
1739714606693 1.141123302910229 264
1739714606697 1.1228973192332774 265
1739714606701 1.1050160442195132 266
1739714606706 1.0874728004267227 267
1739714606710 1.070261041484961 268
1739714606715 1.0533743495058199 269
1739714606719 1.036806432543029 270
1739714606723 1.0205511221034762 271
1739714606728 1.0046023707075629 272
1739714606731 0.9889542494979888 273
1739714606735 0.9736009458959366 274
1739714606739 0.9585367613037664 275
1739714606743 0.9437561088532502 276
1739714606747 0.92925351119848 277
1739714606751 0.9150235983525563 278
1739714606755 0.9010611055671356 279
1739714606759 0.887360871254077 280
1739714606763 0.8739178349482616 281
1739714606767 0.8607270353108234 282
1739714606771 0.8477836081719741 283
1739714606774 0.8350827846126054 284
1739714606778 0.8226198890839594 285
1739714606782 0.8103903375645481 286
1739714606790 0.7983896357536213 287
1739714606794 0.7866133773004459 288
1739714606798 0.7750572420686741 289
1739714606802 0.763716994435121 290
1739714606810 0.7525884816222593 291
1739714606815 0.7416676320637593 292
1739714606819 0.7309504538024223 293
1739714606823 0.720433032919863 294
1739714606827 0.7101115319972999 295
1739714606832 0.6999821886068596 296
1739714606836 0.6900413138327659 297
1739714606840 0.6802852908218265 298
1739714606843 0.670710573362639 299
1739714606848 0.661313684492956 300
1739714606852 0.6520912151346175 301
1739714606855 0.6430398227555311 302
1739714606860 0.6341562300581709 303
1739714606864 0.6254372236940309 304
1739714606868 0.6168796530035443 305
1739714606872 0.6084804287809809 306
1739714606876 0.6002365220637625 307
1739714606880 0.5921449629458003 308
1739714606884 0.584202839414286 309
1739714606889 0.5764072962095448 310
1739714606892 0.5687555337074505 311
1739714606896 0.5612448068239686 312
1739714606900 0.5538724239413891 313
1739714606904 0.5466357458557998 314
1739714606908 0.539532184745426 315
1739714606912 0.5325592031593526 316
1739714606916 0.5257143130262937 317
1739714606920 0.518995074682958 318
1739714606924 0.5123990959216521 319
1739714606928 0.5059240310567349 320
1739714606932 0.4995675800095338 321
1739714606936 0.4933274874113705 322
1739714606940 0.48720154172434144 323
1739714606944 0.48118757437948767 324
1739714606948 0.47528345893200674 325
1739714606951 0.46948711023318157 326
1739714606955 0.46379648361869746 327
1739714606959 0.45820957411299873 328
1739714606963 0.4527244156493854 329
1739714606968 0.447339080305542 330
1739714606971 0.44205167755416785 331
1739714606975 0.43686035352844216 332
1739714606979 0.4317632903020026 333
1739714606983 0.4267587051831576 334
1739714606987 0.4218448500230575 335
1739714606991 0.41702001053754234 336
1739714606995 0.4122825056423839 337
1739714606999 0.4076306868016862 338
1739714607003 0.4030629373891406 339
1739714607008 0.39857767206192224 340
1739714607012 0.39417333614695266 341
1739714607016 0.38984840503928936 342
1739714607020 0.3856013836123982 343
1739714607024 0.3814308056400857 344
1739714607028 0.3773352332298434 345
1739714607032 0.37331325626739115 346
1739714607037 0.3693634918721823 347
1739714607041 0.36548458386367705 348
1739714607044 0.36167520223814553 349
1739714607049 0.3579340426558051 350
1739714607053 0.35425982593808447 351
1739714607057 0.35065129757481756 352
1739714607060 0.3471072272411636 353
1739714607064 0.3436264083240574 354
1739714607068 0.3402076574580221 355
1739714607072 0.33684981407013115 356
1739714607076 0.3335517399339503 357
1739714607080 0.3303123187322963 358
1739714607083 0.32713045562860094 359
1739714607087 0.32400507684675867 360
1739714607091 0.32093512925923967 361
1739714607095 0.31791957998334314 362
1739714607099 0.31495741598541055 363
1739714607103 0.31204764369284066 364
1739714607107 0.30918928861376127 365
1739714607111 0.30638139496420447 366
1739714607114 0.3036230253026235 367
1739714607119 0.30091326017162395 368
1739714607123 0.29825119774675046 369
1739714607127 0.29563595349220956 370
1739714607132 0.29306665982336016 371
1739714607136 0.29054246577587317 372
1739714607140 0.28806253668139675 373
1739714607144 0.28562605384962764 374
1739714607148 0.28323221425662926 375
1739714607151 0.2808802302393014 376
1739714607155 0.2785693291958704 377
1739714607159 0.27629875329226694 378
1739714607163 0.2740677591743005 379
1739714607167 0.27187561768548923 380
1739714607171 0.2693785414658943 381
1739714607175 0.26726920589710124 382
1739714607179 0.26519644542127235 383
1739714607183 0.2631595890571428 384
1739714607187 0.26115797859626194 385
1739714607192 0.2591909683546839 386
1739714607196 0.25725792492955 387
1739714607200 0.2553582269604487 388
1739714607204 0.25349126489548074 389
1739714607208 0.2516564407619126 390
1739714607212 0.24985316794134402 391
1739714607216 0.24808087094929251 392
1739714607220 0.24633898521910857 393
1739714607224 0.24462695689014233 394
1739714607228 0.2426059037926624 395
1739714607233 0.2409590086494634 396
1739714607236 0.23934020685524166 397
1739714607240 0.23774898910176256 398
1739714607244 0.23618485570745143 399
1739714607249 0.234647316430836 400
1739714607253 0.2331358902876501 401
1739714607257 0.23165010537155012 402
1739714607261 0.2301894986783553 403
1739714607265 0.22875361593374424 404
1739714607269 0.2273420114243452 405
1739714607273 0.22595424783215132 406
1739714607277 0.2245898960721843 407
1739714607281 0.22291401714759618 408
1739714607284 0.22160211861150003 409
1739714607289 0.2203122339480226 410
1739714607293 0.21904396895198022 411
1739714607297 0.2177969368162498 412
1739714607301 0.21657075798867872 413
1739714607305 0.21536506003182626 414
1739714607309 0.21417947748548422 415
1739714607312 0.21301365173191275 416
1739714607316 0.21186723086373951 417
1739714607320 0.2107398695544684 418
1739714607324 0.20963122893154373 419
1739714607328 0.20820974430687372 420
1739714607332 0.20714431023279112 421
1739714607336 0.20609646423881803 422
1739714607340 0.20506589534584305 423
1739714607344 0.20405229836969013 424
1739714607348 0.2030553738091136 425
1739714607351 0.2020748277360174 426
1739714607356 0.20111037168787593 427
1739714607360 0.2001617225622954 428
1739714607364 0.19922860251367555 429
1739714607369 0.19831073885192702 430
1739714607373 0.19707963786369737 431
1739714607377 0.1961981325520125 432
1739714607381 0.19533094643915042 433
1739714607385 0.19447782959832616 434
1739714607389 0.19363853672818687 435
1739714607393 0.19281282706330521 436
1739714607397 0.19200046428648118 437
1739714607401 0.19120121644281823 438
1739714607405 0.19041485585554097 439
1739714607409 0.18964115904350606 440
1739714607413 0.18887990664037188 441
1739714607417 0.18780509339166457 442
1739714607421 0.18707464032094498 443
1739714607425 0.1863558518931488 444
1739714607429 0.18564852739512788 445
1739714607432 0.18495246980119548 446
1739714607436 0.1842674857015768 447
1739714607440 0.18359338523234486 448
1739714607444 0.1829299820067894 449
1739714607448 0.1822770930482073 450
1739714607452 0.18163453872406374 451
1739714607456 0.18100214268150783 452
1739714607459 0.1800559189207934 453
1739714607463 0.17944980229764604 454
1739714607467 0.1788531911542975 455
1739714607471 0.17826592449440684 456
1739714607475 0.17768784425597325 457
1739714607479 0.17711879525415722 458
1739714607483 0.17655862512530288 459
1739714607488 0.1760071842721488 460
1739714607492 0.1754643258101867 461
1739714607496 0.17492990551514895 462
1739714607500 0.1740821134678783 463
1739714607504 0.17357054988613368 464
1739714607508 0.17306686735376967 465
1739714607512 0.1725709345217034 466
1739714607516 0.17208262241745206 467
1739714607521 0.17160180439843986 468
1739714607525 0.1711283561063299 469
1739714607529 0.17066215542234706 470
1739714607533 0.1702030824235689 471
1739714607537 0.16975101934016837 472
1739714607541 0.16898597237554513 473
1739714607545 0.16855392379498024 474
1739714607549 0.1681284067799785 475
1739714607552 0.1677093144055851 476
1739714607556 0.16729654166651134 477
1739714607560 0.1668899854390033 478
1739714607564 0.1664895444435728 479
1739714607568 0.1660951192085712 480
1739714607572 0.1657066120345854 481
1739714607577 0.16532392695963744 482
1739714607581 0.1646285888904845 483
1739714607584 0.16426355423994793 484
1739714607588 0.1639039282581522 485
1739714607593 0.16354962416493074 486
1739714607597 0.1632005567250515 487
1739714607601 0.162856642217069 488
1739714607605 0.16251779840291788 489
1739714607609 0.1621839444982304 490
1739714607613 0.16185500114334953 491
1739714607617 0.1615308903750249 492
1739714607621 0.16089440920944167 493
1739714607625 0.16058597908189765 494
1739714607629 0.16028202168191022 495
1739714607633 0.1599824668644305 496
1739714607637 0.15968724572171847 497
1739714607641 0.159396290557907 498
1739714607644 0.15910953486420545 499
