1739715121454 169.570318906207 0
1739715121458 167.18719320654196 1
1739715121463 164.1370532473616 2
1739715121467 160.9378877589456 3
1739715121471 157.74470953658104 4
1739715121475 154.60296477757947 5
1739715121480 151.5251486721593 6
1739715121484 148.51387617078728 7
1739715121488 145.56882019539643 8
1739715121492 142.6887969347162 9
1739715121496 139.87239200945592 10
1739715121500 137.11814799189617 11
1739715121505 134.42462007759084 12
1739715121509 131.79039214051502 13
1739715121513 129.2140808983628 14
1739715121517 126.69433652288119 15
1739715121521 124.22984220036587 16
1739715121525 121.81931339482567 17
1739715121529 119.46149703943802 18
1739715121534 117.15517072353205 19
1739715121538 114.89914189474132 20
1739715121542 112.69224708168042 21
1739715121546 110.53335113822504 22
1739715121550 108.42134650921113 23
1739715121554 106.35515251700767 24
1739715121558 104.33371466832845 25
1739715121562 102.35600398063912 26
1739715121566 100.42101632753014 27
1739715121570 98.5277718024474 28
1739715121574 96.67531410019417 29
1739715121578 94.86270991563948 30
1739715121582 93.0890483590892 31
1739715121586 91.35344038779637 32
1739715121590 89.65501825310582 33
1739715121594 87.9929349627476 34
1739715121599 86.36636375781025 35
1739715121603 84.774497603943 36
1739715121607 83.21654869635101 37
1739715121611 81.6917479781643 38
1739715121615 80.19934467177525 39
1739715121619 78.73860582275414 40
1739715121623 77.30881585596539 41
1739715121627 75.9092761435213 42
1739715121631 74.53930458422121 43
1739715121635 73.19823519413751 44
1739715121639 71.88541770802038 45
1739715121643 70.6002171912052 46
1739715121647 69.34201366171632 47
1739715121651 68.1102017222722 48
1739715121656 66.90419020190546 49
1739715121660 65.7234018069225 50
1739715121665 64.56727278093477 51
1739715121669 63.43525257370374 52
1739715121673 62.326803518549525 53
1739715121678 61.241400518081285 54
1739715121683 60.17853073801525 55
1739715121687 59.13769330885394 56
1739715121691 58.118399035207105 57
1739715121695 57.12017011254202 58
1739715121700 56.142539851157295 59
1739715121704 55.1850524071812 60
1739715121708 54.24726252040103 61
1739715121712 53.32873525873658 62
1739715121716 52.429045769176724 63
1739715121720 51.547779035002705 64
1739715121724 50.684529639128236 65
1739715121728 49.83890153339086 66
1739715121732 49.01050781363453 67
1739715121739 48.19897050042784 68
1739715121743 47.40392032526705 69
1739715121747 46.62499652211781 70
1739715121752 45.86184662415341 71
1739715121756 45.11412626555176 72
1739715121761 44.381498988217515 73
1739715121765 43.663636053299236 74
1739715121769 42.960216257375684 75
1739715121773 42.270925753188784 76
1739715121778 41.59545787480427 77
1739715121783 40.93351296708455 78
1739715121787 40.284798219361605 79
1739715121791 39.64902750320084 80
1739715121795 39.02592121415006 81
1739715121798 38.41520611737043 82
1739715121803 37.816615197049714 83
1739715121807 37.22988750949999 84
1739715121811 36.654768039845905 85
1739715121815 36.09100756221108 86
1739715121819 35.538362503313536 87
1739715121823 34.99659480938312 88
1739715121827 34.465471816316324 89
1739715121832 33.94476612298661 90
1739715121836 33.434255467629676 91
1739715121839 32.93372260722661 92
1739715121843 32.44295519980841 93
1739715121847 31.96174568960894 94
1739715121851 31.489891194994215 95
1739715121857 31.02719339909839 96
1739715121861 30.573458443098563 97
1739715121866 30.128496822062328 98
1739715121871 29.692123283303754 99
1739715121875 29.26415672718515 100
1739715121879 28.84442011030373 101
1739715121883 28.432740351003662 102
1739715121888 28.02894823715592 103
1739715121892 27.632878336149552 104
1739715121896 27.244368907039533 105
1739715121900 26.86326181479784 106
1739715121904 26.48940244661593 107
1739715121908 26.122639630207658 108
1739715121912 25.762825554063646 109
1739715121917 25.409815689608834 110
1739715121921 25.063468715216526 111
1739715121925 24.723646442033214 112
1739715121929 24.390213741569873 113
1739715121933 24.06303847501635 114
1739715121937 23.741991424236655 115
1739715121941 23.426946224404084 116
1739715121945 23.117779298236094 117
1739715121949 22.814369791789872 118
1739715121953 22.51659951178053 119
1739715121957 22.2243528643849 120
1739715121961 21.9375167954947 121
1739715121965 21.655980732383846 122
1739715121969 21.379636526755647 123
1739715121973 21.108378399136228 124
1739715121977 20.842102884581667 125
1739715121981 20.580708779667027 126
1739715121985 20.324097090726067 127
1739715121989 20.072170983311754 128
1739715121993 19.82483573284748 129
1739715121997 19.58199867644096 130
1739715122002 19.343569165832086 131
1739715122006 19.1094585214478 132
1739715122010 18.87957998753722 133
1739715122013 18.653848688360956 134
1739715122017 18.432181585409133 135
1739715122021 18.21449743562383 136
1739715122025 18.000716750601207 137
1739715122030 17.79076175675027 138
1739715122034 17.584556356385054 139
1739715122038 17.382026089727972 140
1739715122043 17.183098097802418 141
1739715122046 16.987701086193383 142
1739715122050 16.79576528965522 143
1739715122054 16.60722243754643 144
1739715122058 16.422005720071624 145
1739715122062 16.24004975531128 146
1739715122066 16.061290557020644 147
1739715122070 15.8856655031794 148
1739715122074 15.713113305274062 149
1739715122079 15.543573978295724 150
1739715122083 15.376988811436211 151
1739715122087 15.213300339465784 152
1739715122091 15.052452314776396 153
1739715122095 14.894389680074466 154
1739715122100 14.739058541707942 155
1739715122104 14.586406143612379 156
1739715122108 14.436380841861467 157
1739715122112 14.28893207980761 158
1739715122116 14.144010363798527 159
1739715122120 14.001567239456348 160
1739715122124 13.861555268505567 161
1739715122128 13.723928006137305 162
1739715122132 13.588639978896701 163
1739715122136 13.45564666308143 164
1739715122139 13.324904463639033 165
1739715122143 13.196370693551339 166
1739715122147 13.070003553694463 167
1739715122151 12.945762113163124 168
1739715122155 12.823606290048339 169
1739715122160 12.703496832657821 170
1739715122164 12.585395301168512 171
1739715122168 12.469264049701252 172
1739715122173 12.355066208807385 173
1739715122177 12.242765668357944 174
1739715122181 12.132327060825446 175
1739715122185 12.023715744949651 176
1739715122189 11.916897789777666 177
1739715122193 11.811839959069973 178
1739715122198 11.708509696063668 179
1739715122202 11.606875108584498 180
1739715122206 11.506904954499475 181
1739715122210 11.408568627502113 182
1739715122214 11.311836143222532 183
1739715122218 11.216678125654662 184
1739715122222 11.123065793893314 185
1739715122226 11.03097094917359 186
1739715122229 10.940365962205862 187
1739715122233 10.851223760799048 188
1739715122237 10.76351781776582 189
1739715122241 10.677222139102794 190
1739715122246 10.592311252439496 191
1739715122250 10.508760195749707 192
1739715122254 10.426544506319171 193
1739715122258 10.345640209963477 194
1739715122262 10.266023810490532 195
1739715122266 10.187672279401696 196
1739715122270 10.110563045826128 197
1739715122274 10.034673986682877 198
1739715122278 9.959983417065414 199
1739715122282 9.886470080843377 200
1739715122286 9.814113141476568 201
1739715122291 9.742892173036173 202
1739715122295 9.672787151428391 203
1739715122298 9.603778445815848 204
1739715122303 9.535846810232083 205
1739715122307 9.46897337538468 206
1739715122311 9.40313964064273 207
1739715122315 9.338327466204149 208
1739715122319 9.274519065438918 209
1739715122323 9.211696997404013 210
1739715122326 9.149844159526046 211
1739715122330 9.088943780447796 212
1739715122334 9.028979413034856 213
1739715122339 8.969934927538501 214
1739715122343 8.911794504911493 215
1739715122347 8.854542630272917 216
1739715122351 8.798164086518891 217
1739715122355 8.742643948075619 218
1739715122359 8.687967574791552 219
1739715122364 8.634120605965485 220
1739715122368 8.581088954507372 221
1739715122372 8.528858801228827 222
1739715122376 8.477416589260399 223
1739715122380 8.42674901859257 224
1739715122384 8.376843040737748 225
1739715122388 8.327685853510355 226
1739715122392 8.279264895922449 227
1739715122396 8.23156784319203 228
1739715122401 8.184582601861603 229
1739715122405 8.138297305024402 230
1739715122409 8.092700307655829 231
1739715122413 8.04778018204758 232
1739715122417 8.00352571334234 233
1739715122421 7.95992589516646 234
1739715122425 7.9169699253586305 235
1739715122429 7.874647201792193 236
1739715122433 7.832947318288928 237
1739715122437 7.79186006062243 238
1739715122441 7.751375402608765 239
1739715122445 7.711483502282573 240
1739715122449 7.672174698156696 241
1739715122453 7.633439505563267 242
1739715122457 7.595268613074528 243
1739715122461 7.557652879001574 244
1739715122465 7.5205833279691605 245
1739715122469 7.484051147564898 246
1739715122473 7.448047685061155 247
1739715122477 7.412564444207966 248
1739715122481 7.377593082095393 249
1739715122485 7.3431254060837 250
1739715122489 7.309153370799863 251
1739715122493 7.275669075198886 252
1739715122498 7.242664759688453 253
1739715122502 7.210132803315439 254
1739715122506 7.178065721013015 255
1739715122510 7.146456160906815 256
1739715122513 7.115296901678914 257
1739715122517 7.084580849988354 258
1739715122521 7.054301037946818 259
1739715122525 7.024450620648339 260
1739715122530 6.995022873751755 261
1739715122534 6.966011191114683 262
1739715122538 6.937409082478041 263
1739715122542 6.909210171199672 264
1739715122546 6.881408192036304 265
1739715122550 6.853996988972479 266
1739715122554 6.826970513095627 267
1739715122558 6.8003228205160315 268
1739715122562 6.774048070330889 269
1739715122566 6.748140522631334 270
1739715122571 6.722594536551505 271
1739715122575 6.697404568358751 272
1739715122579 6.672565169584012 273
1739715122583 6.648070985191521 274
1739715122587 6.623916751786895 275
1739715122591 6.600097295862791 276
1739715122596 6.5766075320813275 277
1739715122600 6.553442461592397 278
1739715122604 6.530597170387067 279
1739715122608 6.508066827685396 280
1739715122612 6.485846684357698 281
1739715122616 6.463932071378774 282
1739715122620 6.4423183983141525 283
1739715122624 6.421001151837756 284
1739715122628 6.399975894280258 285
1739715122632 6.379238262207481 286
1739715122636 6.358783965028147 287
1739715122640 6.338608783630306 288
1739715122644 6.318708569045882 289
1739715122648 6.2990792411426995 290
1739715122652 6.279716787343277 291
1739715122657 6.2606172613700055 292
1739715122663 6.241776782015962 293
1739715122667 6.223191531940811 294
1739715122672 6.204857756491372 295
1739715122676 6.186771762546162 296
1739715122680 6.16892991738347 297
1739715122684 6.151328647572485 298
1739715122688 6.133964437886804 299
1739715122693 6.11683383024008 300
1739715122697 6.099933422643123 301
1739715122701 6.0832598681821075 302
1739715122705 6.066809874017325 303
1739715122710 6.0505802004021705 304
1739715122714 6.034567659721777 305
1739715122718 6.018769115551019 306
1739715122722 6.003181481731321 307
1739715122726 5.987801721465971 308
1739715122730 5.972626846433515 309
1739715122734 5.957653915918791 310
1739715122738 5.942880035961293 311
1739715122746 5.928302358520484 312
1739715122750 5.913918080657587 313
1739715122754 5.8997244437336995 314
1739715122758 5.8857187326236655 315
1739715122762 5.8718982749455195 316
1739715122767 5.858260440305143 317
1739715122770 5.844802639555697 318
1739715122774 5.831522324071689 319
1739715122778 5.81841698503727 320
1739715122783 5.805484152748363 321
1739715122787 5.7927213959285675 322
1739715122791 5.780126321058328 323
1739715122795 5.767696571717171 324
1739715122799 5.7554298279387535 325
1739715122803 5.74332380557844 326
1739715122807 5.731376255693042 327
1739715122811 5.719584963932703 328
1739715122816 5.707947749944384 329
1739715122820 5.696462466786893 330
1739715122824 5.685127000357183 331
1739715122828 5.673939268827672 332
1739715122832 5.662897222094283 333
1739715122837 5.651998841235116 334
1739715122841 5.641242137979395 335
1739715122844 5.630625154186591 336
1739715122848 5.6201459613354405 337
1739715122853 5.609802660022596 338
1739715122858 5.599593379470923 339
1739715122862 5.589516277046939 340
1739715122866 5.579569537787493 341
1739715122870 5.56975137393528 342
1739715122874 5.5600600244831435 343
1739715122878 5.550493754726914 344
1739715122882 5.54105085582664 345
1739715122886 5.531729644375984 346
1739715122891 5.522528461979734 347
1739715122895 5.513445674839124 348
1739715122899 5.504479673344878 349
1739715122903 5.49562887167783 350
1739715122907 5.48689170741693 351
1739715122911 5.478266641154487 352
1739715122915 5.4697521561185285 353
1739715122919 5.461346757802103 354
1739715122923 5.453048973599414 355
1739715122927 5.444857352448611 356
1739715122931 5.43677046448112 357
1739715122935 5.4287869006774185 358
1739715122939 5.420905272529024 359
1739715122943 5.413124211706682 360
1739715122947 5.405442369734598 361
1739715122951 5.39785841767049 362
1739715122955 5.390371045791548 363
1739715122959 5.382978963285943 364
1739715122963 5.3756808979500255 365
1739715122967 5.368475595890821 366
1739715122971 5.361361821233999 367
1739715122975 5.354338355836992 368
1739715122980 5.34740399900729 369
1739715122984 5.340557567225705 370
1739715122988 5.333797893874609 371
1739715122992 5.327123828970996 372
1739715122996 5.32053423890427 373
1739715123000 5.314028006178632 374
1739715123005 5.307604029160116 375
1739715123009 5.301261221827961 376
1739715123013 5.29499851353046 377
1739715123017 5.288814848745024 378
1739715123020 5.2827091868425 379
1739715123024 5.276680501855532 380
1739715123028 5.2707277822511065 381
1739715123032 5.2648500307068415 382
1739715123036 5.259046263891383 383
1739715123040 5.253315512248477 384
1739715123044 5.24765681978479 385
1739715123048 5.242069243861458 386
1739715123052 5.236551854989132 387
1739715123056 5.231103736626629 388
1739715123060 5.225723984983008 389
1739715123064 5.220411708822994 390
1739715123068 5.215166029275817 391
1739715123072 5.209986079647225 392
1739715123076 5.204871005234739 393
1739715123080 5.199819963146041 394
1739715123084 5.194832122120427 395
1739715123088 5.189906662353281 396
1739715123093 5.1850427753235495 397
1739715123097 5.180239663624055 398
1739715123101 5.175496540794706 399
1739715123105 5.170812631158515 400
1739715123109 5.166187169660302 401
1739715123113 5.16161940170818 402
1739715123117 5.157108583017579 403
1739715123121 5.152653979457967 404
1739715123126 5.148254866902047 405
1739715123130 5.143910531077472 406
1739715123134 5.139620267421018 407
1739715123138 5.135383380935164 408
1739715123142 5.1311991860470245 409
1739715123146 5.127067006469578 410
1739715123150 5.122986175065237 411
1739715123154 5.118956033711575 412
1739715123158 5.114975933169311 413
1739715123163 5.111045232952406 414
1739715123167 5.107163301200246 415
1739715123171 5.103329514551987 416
1739715123175 5.099543258022869 417
1739715123179 5.095803924882524 418
1739715123183 5.092110916535287 419
1739715123187 5.088463642402401 420
1739715123191 5.084861519806148 421
1739715123195 5.081303973855809 422
1739715123199 5.077790437335453 423
1739715123203 5.0743203505935375 424
1739715123208 5.070893161434233 425
1739715123212 5.067508325010525 426
1739715123216 5.064165303718981 427
1739715123220 5.0608635670961695 428
1739715123224 5.057602591716765 429
1739715123228 5.0543818610932245 430
1739715123232 5.051200865577049 431
1739715123236 5.048059102261628 432
1739715123240 5.044956074886547 433
1739715123244 5.041891293743451 434
1739715123248 5.038864275583368 435
1739715123252 5.035874543525447 436
1739715123286 5.032921626967158 437
1739715123291 5.030005061495843 438
1739715123296 5.027124388801686 439
1739715123300 5.024279156592022 440
1739715123304 5.0214689185069 441
1739715123308 5.018693234036065 442
1739715123312 5.0159516684371255 443
1739715123317 5.013243792655 444
1739715123321 5.0105691832426595 445
1739715123325 5.007927422282961 446
1739715123329 5.005318097311805 447
1739715123333 5.002740801242351 448
1739715123337 5.0001951322905125 449
1739715123341 4.997680693901433 450
1739715123345 4.995197094677216 451
1739715123349 4.992743948305669 452
1739715123353 4.990320873490117 453
1739715123357 4.987927493880366 454
1739715123361 4.985563438004575 455
1739715123365 4.983228339202244 456
1739715123369 4.980921835558208 457
1739715123373 4.978643569837534 458
1739715123377 4.976393189421504 459
1739715123381 4.974170346244468 460
1739715123386 4.971974696731679 461
1739715123390 4.96980590173804 462
1739715123394 4.967663626487764 463
1739715123398 4.965547540514907 464
1739715123402 4.963457317604818 465
1739715123406 4.961392635736446 466
1739715123410 4.959353177025444 467
1739715123414 4.957338627668183 468
1739715123418 4.955348677886569 469
1739715123421 4.95338302187361 470
1739715123425 4.951441357739867 471
1739715123429 4.949523387460636 472
1739715123433 4.947628816823913 473
1739715123438 4.9457573553791 474
1739715123442 4.943908716386512 475
1739715123446 4.942082616767535 476
1739715123450 4.94027877705558 477
1739715123454 4.938496921347684 478
1739715123457 4.936736777256885 479
1739715123461 4.934998075865223 480
1739715123466 4.933280551677413 481
1739715123470 4.931583942575244 482
1739715123474 4.929907989772561 483
1739715123478 4.928252437770973 484
1739715123482 4.926617034316109 485
1739715123486 4.925001530354555 486
1739715123490 4.923405679991396 487
1739715123494 4.921829240448348 488
1739715123498 4.920271972022487 489
1739715123502 4.918733638045595 490
1739715123506 4.917214004844032 491
1739715123510 4.915712841699237 492
1739715123515 4.914229920808717 493
1739715123519 4.912765017247649 494
1739715123523 4.911317908930988 495
1739715123527 4.909888376576131 496
1739715123532 4.908476203666054 497
1739715123536 4.907081176413063 498
1739715123540 4.9057030837229645 499
