1739718550932 3.959411613496819 0
1739718550957 1.7132391391474064 1
1739718550983 4.308347231477489 2
1739718551009 4.23564674884315 3
1739718551035 2.1119090421838767 4
1739718551060 0.9555370525659107 5
1739718551087 7.117278354014322 6
1739718551113 3.3128808683062783 7
1739718551140 4.0894767225922015 8
1739718551165 5.029540019627407 9
1739718551193 3.684593132238317 10
1739718551219 7.068937214815623 11
1739718551245 4.636984493281171 12
1739718551272 1.8048290897422998 13
1739718551298 2.771181533984221 14
1739718551323 6.572378798935052 15
1739718551349 3.345748278277744 16
1739718551375 2.1244509991034386 17
1739718551401 5.525594872175082 18
1739718551428 4.307871595618612 19
1739718551455 3.692552570601187 20
1739718551481 5.965264792905252 21
1739718551509 2.1478091653498423 22
1739718551537 1.4399953875588614 23
1739718551565 1.9876535139832427 24
1739718551594 7.103605650843614 25
1739718551622 3.723674343364898 26
1739718551649 6.789483309102481 27
1739718551677 0.4149564801774352 28
1739718551704 7.135501376489218 29
1739718551731 4.396091633165266 30
1739718551760 1.3274815060232248 31
1739718551787 6.550183757319117 32
1739718551814 8.116199539647392 33
1739718551841 8.093787614199986 34
1739718551868 4.086354984604549 35
1739718551895 5.903897749300604 36
1739718551922 4.124347719329146 37
1739718551949 7.432607474999673 38
1739718551977 8.262011243993019 39
1739718552004 3.08866556410544 40
1739718552031 4.136047678743584 41
1739718552056 1.8827808394809042 42
1739718552082 5.978358796728234 43
1739718552108 1.0895141117681366 44
1739718552135 2.5649282157482283 45
1739718552161 4.529026782350304 46
1739718552187 3.9863220322074877 47
1739718552213 6.113854776286983 48
1739718552239 4.2742923733456815 49
1739718552264 4.217728293908316 50
1739718552290 2.278800521491922 51
1739718552316 4.025464211966787 52
1739718552344 3.744120290303444 53
1739718552371 3.49665485216852 54
1739718552398 0.5286962338951271 55
1739718552424 2.66997881089776 56
1739718552449 2.2998814645521315 57
1739718552475 2.5226459512170716 58
1739718552501 6.035732956784607 59
1739718552528 7.132058117651122 60
1739718552554 2.4503602162001465 61
1739718552580 4.0117668765007695 62
1739718552606 4.205278609181073 63
1739718552632 5.000192763891392 64
1739718552657 4.398198540343484 65
1739718552683 2.8567884037395705 66
1739718552709 7.36810310148199 67
1739718552734 3.486401375955732 68
1739718552760 3.9571366393781147 69
1739718552786 7.770256656785678 70
1739718552812 7.017870090926913 71
1739718552838 3.8438932085280144 72
1739718552864 6.994142131466833 73
1739718552889 7.526388711650986 74
1739718552915 5.144598851073122 75
1739718552941 4.633703827880876 76
1739718552967 1.4642300387177274 77
1739718552993 5.015923648679294 78
1739718553019 6.895755309815768 79
1739718553045 4.759148291947043 80
1739718553094 5.003399144566882 81
1739718553124 5.215360185553642 82
1739718553151 1.5834774957692437 83
1739718553178 2.9166700272666986 84
1739718553207 3.8374673762462046 85
1739718553234 4.661450448118458 86
1739718553261 4.166038886732144 87
1739718553288 3.9369873607633163 88
1739718553314 7.4057401918755925 89
1739718553341 4.85966716526454 90
1739718553368 6.082798232833577 91
1739718553396 4.68254326468314 92
1739718553423 5.443197523945735 93
1739718553449 0.6391160023274064 94
1739718553475 5.616497082855118 95
1739718553501 4.469487921478251 96
1739718553529 4.786777523206546 97
1739718553555 10.540239777570132 98
1739718553581 5.6568297552525255 99
1739718553608 3.9569826004997313 100
1739718553634 3.2026123123950945 101
1739718553660 3.5051634679869927 102
1739718553687 6.059831422042368 103
1739718553713 6.169430986693433 104
1739718553740 7.175095981172123 105
1739718553768 5.999045035702899 106
1739718553795 3.3480225049867642 107
1739718553822 4.0578562986565485 108
1739718553848 12.503087296985672 109
1739718553874 3.4267112952228844 110
1739718553901 1.5257302343727042 111
1739718553929 6.204500261986236 112
1739718553956 4.077393857653617 113
1739718553982 6.5610706118886695 114
1739718554010 4.099857654769579 115
1739718554037 4.7255759129629284 116
1739718554064 1.9786739085255098 117
1739718554089 3.078614253575045 118
1739718554116 6.903979984582807 119
1739718554142 4.341316863841782 120
1739718554168 4.2296299701588165 121
1739718554194 4.756114673157391 122
1739718554220 6.123994522631527 123
1739718554246 7.9116156652395215 124
1739718554272 5.403119402388783 125
1739718554298 3.768934128703588 126
1739718554324 5.253674129564125 127
1739718554351 5.384488071222779 128
1739718554378 6.878874915822734 129
1739718554406 1.5194718480327583 130
1739718554433 2.9568538110023286 131
1739718554460 5.72653679052733 132
1739718554487 7.526384622496689 133
1739718554515 7.596087251803933 134
1739718554542 4.126618768246253 135
1739718554570 2.9117964093146473 136
1739718554598 2.6440361156038805 137
1739718554625 5.638471227070415 138
1739718554652 4.038236169153759 139
1739718554678 6.670134903696183 140
1739718554704 3.919506515087439 141
1739718554731 10.123653606077916 142
1739718554758 4.414479260586642 143
1739718554784 2.1738819182562605 144
1739718554810 4.899024510780275 145
1739718554836 2.7661595014123814 146
1739718554862 7.517677058293214 147
1739718554889 4.9865218887666956 148
1739718554914 2.073323582953233 149
1739718554940 6.183674252514114 150
1739718554966 6.476212362078353 151
1739718554992 1.2755859517071588 152
1739718555018 5.529204216748933 153
1739718555044 3.0731437514874416 154
1739718555070 4.401311932891567 155
1739718555097 4.198622891799062 156
1739718555122 6.186960512928167 157
1739718555149 3.7245112605452055 158
1739718555175 4.267319247718844 159
1739718555202 5.400837901635906 160
1739718555228 4.544959742588566 161
1739718555253 5.548949390491888 162
1739718555279 0.9888255511915477 163
1739718555305 3.819840480810361 164
1739718555331 2.4293314942288395 165
1739718555357 4.309325467731628 166
1739718555383 1.474032352120634 167
1739718555409 6.961152757584119 168
1739718555436 6.700565937300059 169
1739718555461 4.926531255582367 170
1739718555488 7.793206182758495 171
1739718555514 6.2191279126131285 172
1739718555540 3.387143238594915 173
1739718555566 5.237272791915894 174
1739718555592 6.157857567654416 175
1739718555618 3.3126079074635575 176
1739718555645 6.163667517562669 177
1739718555671 4.127626209027554 178
1739718555697 7.84280503568887 179
1739718555723 7.742776273291471 180
1739718555749 4.324413954534892 181
1739718555775 5.178292700074477 182
1739718555802 4.790036688446028 183
1739718555829 3.3032014303955357 184
1739718555854 4.837717181236521 185
1739718555880 2.2319816196282507 186
1739718555906 5.021708253822034 187
1739718555932 7.54895209703912 188
1739718555957 2.3565222774369308 189
1739718555982 4.4087551338239575 190
1739718556008 6.2397122186324925 191
1739718556035 3.649435123993 192
1739718556060 3.0209855458421386 193
1739718556086 5.020123698043625 194
1739718556112 7.494341353388635 195
1739718556137 5.094216951409574 196
1739718556163 4.397097764613777 197
1739718556188 2.5451653269851873 198
1739718556214 3.5144821537078794 199
1739718556240 6.205218775256178 200
1739718556266 6.486474975673395 201
1739718556291 3.885638574379016 202
1739718556317 6.210262542580915 203
1739718556344 4.154078012890299 204
1739718556369 4.7879069816220206 205
1739718556395 5.214025837148896 206
1739718556421 7.960157097910714 207
1739718556447 1.5834884807717824 208
1739718556472 3.338973842115941 209
1739718556498 5.562731575002505 210
1739718556524 4.765414242110484 211
1739718556549 6.486897351205571 212
1739718556576 5.305045363683357 213
1739718556603 4.636498491062101 214
1739718556630 6.651684018102042 215
1739718556656 5.578304243111643 216
1739718556682 4.709183028497045 217
1739718556709 4.172984310566335 218
1739718556736 6.2355402741618065 219
1739718556762 2.2797092050621717 220
1739718556788 3.691821701230827 221
1739718556815 5.162495462161351 222
1739718556841 6.677181985971262 223
1739718556867 3.95993389008071 224
1739718556893 3.2357748948460827 225
1739718556918 4.311602049497259 226
1739718556945 5.654610000290517 227
1739718556971 8.24932289790953 228
1739718556997 6.201139921451084 229
1739718557024 4.738649849500526 230
1739718557050 3.2066965732860826 231
1739718557076 4.444279272720464 232
1739718557102 9.038186707801493 233
1739718557128 2.6419406984709055 234
1739718557154 9.306764629690866 235
1739718557179 3.8355125674085118 236
1739718557205 3.3366206563994365 237
1739718557231 3.954152570105463 238
1739718557257 2.0727957763575158 239
1739718557283 7.252391042766599 240
1739718557308 14.091343943203992 241
1739718557334 2.3698649071095828 242
1739718557360 7.3958952720256255 243
1739718557387 5.723311350135641 244
1739718557413 5.009340330866792 245
1739718557440 1.8545270266288156 246
1739718557466 2.732337773130129 247
1739718557492 5.724421403102868 248
1739718557518 6.924490620748036 249
1739718557544 4.674599990772907 250
1739718557570 4.975068269843027 251
1739718557596 3.5569933204721806 252
1739718557621 4.66869395574691 253
1739718557647 4.976096326888803 254
1739718557674 4.375620852939252 255
1739718557700 4.658092731801778 256
1739718557726 2.8669401784198407 257
1739718557752 29.90175145653033 258
1739718557778 5.323077631379793 259
1739718557803 6.203635928201066 260
1739718557829 3.7947058838319045 261
1739718557855 7.041372915415866 262
1739718557881 3.0987384232517554 263
1739718557907 4.27197824298546 264
1739718557933 4.7071344900363 265
1739718557960 3.9011973654697343 266
1739718557986 12.875061000409804 267
1739718558012 4.1665828244001215 268
1739718558038 7.678944458937318 269
1739718558064 3.4449482404215397 270
1739718558090 5.839463348894986 271
1739718558116 7.436410472704549 272
1739718558145 3.574896783783964 273
1739718558173 3.0669948385478025 274
1739718558201 2.9423696615430255 275
1739718558227 4.86459495253028 276
1739718558253 8.023278285419488 277
1739718558280 6.460038403816153 278
1739718558306 4.386048954893652 279
1739718558332 3.428999195849409 280
1739718558357 7.6605154383326095 281
1739718558383 6.046347034750182 282
1739718558408 4.165534926552567 283
1739718558434 9.618881230801446 284
1739718558460 4.771840239071247 285
1739718558489 6.073219336538041 286
1739718558516 4.664226571296903 287
1739718558543 3.338904076138264 288
1739718558570 6.72270642192864 289
1739718558596 4.4393815077562575 290
1739718558621 3.8181638103645734 291
1739718558646 5.125484712843484 292
1739718558673 6.25956863823758 293
1739718558699 2.2175549940245785 294
1739718558724 0.5788944239357634 295
1739718558750 3.251243540263301 296
1739718558777 2.900480431936576 297
1739718558803 3.81623918380778 298
1739718558828 5.105079015461125 299
1739718558854 7.36116799632352 300
1739718558881 5.1707018896744055 301
1739718558907 3.2484287561974727 302
1739718558932 2.154339888811224 303
1739718558958 4.994510845904316 304
1739718558987 2.9186303613405076 305
1739718559016 7.224545937473147 306
1739718559042 6.224973098109142 307
1739718559069 4.188623689431555 308
1739718559095 4.263955809475358 309
1739718559122 3.771329886759696 310
1739718559147 4.335868101320405 311
1739718559174 10.362447985483893 312
1739718559200 3.801760007679785 313
1739718559226 2.888407867033879 314
1739718559255 5.103471416532866 315
1739718559283 6.161610048253337 316
1739718559310 2.6833341260559482 317
1739718559336 3.867377050057183 318
1739718559362 4.964924932248004 319
1739718559387 4.191165121382575 320
1739718559413 5.023856939306695 321
1739718559438 1.3670319295063313 322
1739718559464 5.932323337634427 323
1739718559490 5.495473950186069 324
1739718559516 2.676775524054021 325
1739718559541 5.169602868331439 326
1739718559567 3.914876431550187 327
1739718559592 2.977991999353843 328
1739718559618 5.506425611662645 329
1739718559644 5.239404806714003 330
1739718559670 5.972515276478222 331
1739718559696 4.0861529691047584 332
1739718559721 4.967740658484123 333
1739718559748 4.534032677761136 334
1739718559775 1.0167469612478275 335
1739718559802 3.953786071017208 336
1739718559828 5.970170849332397 337
1739718559854 3.2621553020533107 338
1739718559881 3.8216503235052506 339
1739718559908 5.411140525230503 340
1739718559934 5.360566111814145 341
1739718559960 5.308870946016603 342
1739718559986 3.7495302880801478 343
1739718560012 5.184542571635929 344
1739718560038 5.662148015691061 345
1739718560065 2.8022237836108297 346
1739718560091 5.443230220919399 347
1739718560118 3.3611768948678136 348
1739718560146 7.198950697146656 349
1739718560173 5.541754972639012 350
1739718560200 1.3291018717090632 351
1739718560227 7.394675483295967 352
1739718560253 5.209889335687642 353
1739718560280 1.8324492353543311 354
1739718560307 2.9042785784678453 355
1739718560334 6.652509036685114 356
1739718560360 17.272890853655717 357
1739718560386 3.1036079191743213 358
1739718560411 5.441203850805184 359
1739718560437 4.082319119641204 360
1739718560463 2.2777461421326928 361
1739718560489 3.6534387857404065 362
1739718560515 11.240735064496679 363
1739718560544 5.105093982945264 364
1739718560592 4.449199028803915 365
1739718560619 4.236035891982741 366
1739718560646 6.2950957771818965 367
1739718560672 2.483750224974686 368
1739718560698 8.080244654718639 369
1739718560725 7.917187965699071 370
1739718560751 4.021094830266359 371
1739718560777 5.760584200332018 372
1739718560804 6.679782983198017 373
1739718560831 1.8209279905881484 374
1739718560857 4.787917041381797 375
1739718560884 4.74909577824845 376
1739718560910 0.8377583029825795 377
1739718560937 3.876677328731736 378
1739718560963 5.577575272181086 379
1739718560990 6.469135578808533 380
1739718561016 6.166043757698113 381
1739718561043 7.033080432446883 382
1739718561069 8.813570475886353 383
1739718561096 6.9844328335697705 384
1739718561123 10.205424062781953 385
1739718561150 4.49211817732807 386
1739718561176 5.599391157736446 387
1739718561203 6.333788686872277 388
1739718561230 2.7032582537796412 389
1739718561257 7.947551191531807 390
1739718561315 5.574154551706873 391
1739718561350 6.715347526798046 392
1739718561377 10.770671700040458 393
1739718561404 8.678359275079895 394
1739718561431 3.037945145575038 395
1739718561457 0.019747450868552043 396
1739718561484 4.350173582626688 397
1739718561511 8.403152274015559 398
1739718561538 4.974136271324684 399
1739718561565 3.044862488393743 400
1739718561593 5.376049283459805 401
1739718561620 6.712216758163811 402
1739718561647 5.048459985750336 403
1739718561673 5.613849023649881 404
1739718561700 10.63366194592257 405
1739718561727 3.549474193916106 406
1739718561753 3.9050985183257563 407
1739718561779 7.124461279443695 408
1739718561806 3.717034209943387 409
1739718561832 4.902416580575824 410
1739718561858 2.3455688502469627 411
1739718561884 6.311170245080945 412
1739718561910 4.832370903492685 413
1739718561935 5.873252545991093 414
1739718561961 5.3439370524852965 415
1739718561986 6.955699895971199 416
1739718562013 6.051738080303433 417
1739718562039 4.139866982724167 418
1739718562065 5.311613305671919 419
1739718562090 3.879846443239374 420
1739718562116 1.8774150015639242 421
1739718562142 9.835413538105989 422
1739718562169 4.316098625502606 423
1739718562195 5.2522625491630475 424
1739718562221 3.353769134442742 425
1739718562247 2.497738614802185 426
1739718562275 5.823670120946506 427
1739718562303 4.179454763325041 428
1739718562331 4.114412156728312 429
1739718562358 5.937591515696869 430
1739718562386 4.135777581058428 431
1739718562413 10.703133405330414 432
1739718562441 7.057563520804491 433
1739718562468 6.125449672439929 434
1739718562496 1.986195472217638 435
1739718562524 1.8090390078731904 436
1739718562551 5.7134952910582255 437
1739718562578 6.363784662393549 438
1739718562604 6.151044673275182 439
1739718562630 4.957880958195841 440
1739718562656 2.1360952956116144 441
1739718562682 4.958636720136516 442
1739718562709 6.216702083838594 443
1739718562739 5.229700501658657 444
1739718562766 7.27084866992569 445
1739718562793 3.4480953196718023 446
1739718562819 3.040963951821466 447
1739718562846 5.142527608148569 448
1739718562871 5.560882585333547 449
1739718562897 4.783398279733735 450
1739718562923 2.637407441247109 451
1739718562949 2.637599030316388 452
1739718562974 2.7455523516017033 453
1739718563001 6.549922323664041 454
1739718563027 5.3221077902727725 455
1739718563052 4.05117152919534 456
1739718563077 6.511396370401222 457
1739718563103 2.350953493030221 458
1739718563130 4.883460129725445 459
1739718563155 2.3802718899635398 460
1739718563181 6.934917598845288 461
1739718563209 3.4075169154084652 462
1739718563235 5.985264098858854 463
1739718563261 4.957458807362754 464
1739718563287 4.026192556130158 465
1739718563314 5.589023887111385 466
1739718563340 3.6410047950587754 467
1739718563366 1.3990504031871396 468
1739718563392 3.4274668788037785 469
1739718563418 4.917323239171129 470
1739718563444 4.566473242574876 471
1739718563470 3.270798028312776 472
1739718563496 5.8139898907234056 473
1739718563522 6.0155718216286385 474
1739718563548 0.35703813068756357 475
1739718563573 4.027422908323407 476
1739718563599 4.612018998305737 477
1739718563625 3.087365747205106 478
1739718563650 7.614590248560412 479
1739718563676 7.701320038519774 480
1739718563701 5.067132283851838 481
1739718563727 6.448402760579249 482
1739718563753 3.4895523732305973 483
1739718563778 6.700293134502912 484
1739718563804 6.813849423644752 485
1739718563830 8.057609677255662 486
1739718563856 2.0466636052742455 487
1739718563881 4.513687759696848 488
1739718563907 4.998560069064053 489
1739718563933 3.6432116508817085 490
1739718563959 6.068474866790843 491
1739718563986 5.233439261332933 492
1739718564012 3.969295632850183 493
1739718564038 6.240059795484467 494
1739718564064 4.40990698863738 495
1739718564090 4.30230018613818 496
1739718564115 4.392595735684777 497
1739718564141 3.058843872484485 498
1739718564167 5.546456948878023 499
