1739715130185 170.0370668202305 0
1739715130190 167.34492115717734 1
1739715130196 164.06076730208008 2
1739715130201 160.73846266916382 3
1739715130207 157.48385750889508 4
1739715130212 154.3050301298876 5
1739715130216 151.19728467785643 6
1739715130221 148.15686630317967 7
1739715130226 145.1812360743251 8
1739715130231 142.2683438820557 9
1739715130236 139.41634173679918 10
1739715130241 136.62351914080568 11
1739715130248 133.88828734975826 12
1739715130255 131.20916553143047 13
1739715130261 128.58476539232402 14
1739715130267 126.01377706166537 15
1739715130273 123.49495743951627 16
1739715130280 121.02712090296707 17
1739715130286 118.60913188961264 18
1739715130292 116.23989891211339 19
1739715130299 113.91836967341818 20
1739715130304 111.64352704690621 21
1739715130310 109.41438574841006 22
1739715130315 107.2299895677197 23
1739715130321 105.08940905497121 24
1739715130328 102.99173957774373 25
1739715130335 100.93609968054436 26
1739715130341 98.92162969107575 27
1739715130347 96.94749052803071 28
1739715130352 95.01286267362123 29
1739715130358 93.1169452809592 30
1739715130365 91.2589553920431 31
1739715130371 89.43812724668027 32
1739715130376 87.65371166638865 33
1739715130382 85.90497550032815 34
1739715130389 84.19120112274273 35
1739715130395 82.51168597336287 36
1739715130401 80.86574213380955 37
1739715130407 79.25269593432884 38
1739715130412 77.67188758623051 39
1739715130418 76.12267083624891 40
1739715130423 74.60441263973105 41
1739715130428 73.11649285011218 42
1739715130433 71.6583039225933 43
1739715130438 70.22925063029996 44
1739715130445 68.82874979150276 45
1739715130451 67.45623000672248 46
1739715130458 66.1111314047402 47
1739715130464 64.79290539669657 48
1739715130469 63.50101443759475 49
1739715130475 62.23493179463039 50
1739715130480 60.99414132186007 51
1739715130486 59.77813724079264 52
1739715130492 58.586423926547184 53
1739715130498 57.41851569927037 54
1739715130504 56.2739366205463 55
1739715130509 55.152220294565566 56
1739715130515 54.05290967384798 57
1739715130521 52.975556869336295 58
1739715130527 51.91972296469733 59
1739715130532 50.884977834683156 60
1739715130538 49.87089996741864 61
1739715130543 48.87707629049248 62
1739715130548 47.903102000739 63
1739715130554 46.94858039760615 64
1739715130559 46.013122720011495 65
1739715130564 45.096347986595234 66
1739715130570 44.197882839283366 67
1739715130575 43.31736139007934 68
1739715130581 42.454425071006256 69
1739715130586 41.60872248712552 70
1739715130591 40.779909272560516 71
1739715130597 39.967647949457245 72
1739715130604 39.17160778981587 73
1739715130616 38.39146468012996 74
1739715130622 37.62690098877168 75
1739715130627 36.877605436064094 76
1739715130632 36.143272966982074 77
1739715130638 35.42360462642675 78
1739715130643 34.71830743701826 79
1739715130648 34.02709427935461 80
1739715130653 33.34968377468423 81
1739715130658 32.68580016994278 82
1739715130664 32.03517322510463 83
1739715130669 31.397538102801253 84
1739715130674 30.772635260160076 85
1739715130679 30.160210342818033 86
1739715130684 29.56001408106496 87
1739715130689 28.971802188073895 88
1739715130694 28.395335260175077 89
1739715130699 27.830378679132423 90
1739715130704 27.276702516381533 91
1739715130709 26.734081439189495 92
1739715130714 26.202294618697344 93
1739715130719 25.681125639807252 94
1739715130725 25.17036241287689 95
1739715130730 24.669797087184588 96
1739715130735 24.179225966129284 97
1739715130740 23.69844942413051 98
1739715130746 23.22727182519375 99
1739715130751 22.765501443108263 100
1739715130757 22.312950383243123 101
1739715130762 21.86943450591141 102
1739715130767 21.434773351268234 103
1739715130773 21.008790065714738 104
1739715130778 20.591311329774808 105
1739715130783 20.182167287417343 106
1739715130788 19.781191476793666 107
1739715130794 19.388220762361676 108
1739715130798 19.00309526836945 109
1739715130803 18.625658313670794 110
1739715130808 18.25575634784523 111
1739715130812 17.893238888597896 112
1739715130818 17.537958460411666 113
1739715130823 17.18977053442797 114
1739715130829 16.84853346953062 115
1739715130834 16.514108454609246 116
1739715130839 16.186359451977985 117
1739715130843 15.865153141926998 118
1739715130849 15.550358868383194 119
1739715130854 15.241848585658941 120
1739715130858 14.939496806265991 121
1739715130863 14.643180549773943 122
1739715130869 14.352779292691983 123
1739715130874 14.06817491935348 124
1739715130879 13.789251673783202 125
1739715130884 13.51589611252777 126
1739715130889 13.247997058429771 127
1739715130894 12.98544555532646 128
1739715130899 12.72813482365537 129
1739715130904 12.475960216947284 130
1739715130909 12.228819179190113 131
1739715130916 11.986611203045635 132
1739715130921 11.749237788901643 133
1739715130926 11.516602404743832 134
1739715130932 11.28861044682967 135
1739715130937 11.065169201149496 136
1739715130942 10.846187805657976 137
1739715130947 10.631577213261373 138
1739715130951 10.421250155544667 139
1739715130956 10.215121107224578 140
1739715130961 10.013106251313276 141
1739715130966 9.815123444978767 142
1739715130971 9.621092186088205 143
1739715130976 9.430933580420145 144
1739715130981 9.244570309532444 145
1739715130986 9.061926599272978 146
1739715130991 8.882928188919724 147
1739715130996 8.707502300938152 148
1739715131001 8.53557761134335 149
1739715131006 8.367084220654686 150
1739715131011 8.20195362543129 151
1739715131016 8.040118690376696 152
1739715131021 7.881513621001247 153
1739715131026 7.72607393683117 154
1739715131031 7.573736445153039 155
1739715131036 7.424439215283583 156
1739715131041 7.278121553353574 157
1739715131046 7.134723977596011 158
1739715131051 6.994188194128364 159
1739715131056 6.8564570732189765 160
1739715131060 6.721474626027854 161
1739715131065 6.589185981812525 162
1739715131071 6.459537365589639 163
1739715131076 6.33247607624293 164
1739715131081 6.207950465069044 165
1739715131086 6.085909914752008 166
1739715131091 5.966304818758265 167
1739715131096 5.849086561143221 168
1739715131101 5.734207496761823 169
1739715131105 5.62162093187459 170
1739715131110 5.511281105140981 171
1739715131116 5.4031431689932266 172
1739715131121 5.297163171381984 173
1739715131126 5.193298037887095 174
1739715131132 5.091505554185866 175
1739715131136 4.991744348871651 176
1739715131141 4.893973876616025 177
1739715131146 4.798154401667215 178
1739715131150 4.704246981678699 179
1739715131155 4.612213451860532 180
1739715131161 4.522016409447904 181
1739715131165 4.433619198479774 182
1739715131171 4.346985894881757 183
1739715131176 4.262081291847235 184
1739715131181 4.178870885510532 185
1739715131186 4.097320860906327 186
1739715131191 4.01739807820993 187
1739715131196 3.939070059252045 188
1739715131201 3.8623049743036275 189
1739715131207 3.787071629124253 190
1739715131212 3.713339452269644 191
1739715131217 3.6410784826526457 192
1739715131221 3.570259357352921 193
1739715131226 3.5008532996700703 194
1739715131231 3.4328321074156216 195
1739715131236 3.366168141438721 196
1739715131241 3.3008343143815435 197
1739715131245 3.236804079658816 198
1739715131250 3.1740514206579733 199
1739715131255 3.1125508401549085 200
1739715131260 3.0522773499412157 201
1739715131265 2.99320646065881 202
1739715131271 2.935314171837396 203
1739715131275 2.8785769621312123 204
1739715131280 2.8229717797507683 205
1739715131285 2.7684760330856912 206
1739715131290 2.7150675815150276 207
1739715131295 2.6627247264009983 208
1739715131300 2.611426202262845 209
1739715131305 2.561151168126832 210
1739715131310 2.5118791990492504 211
1739715131314 2.463590277808648 212
1739715131319 2.416264786763972 213
1739715131324 2.3698834998755767 214
1739715131329 2.324427574885405 215
1739715131334 2.2798785456535335 216
1739715131339 2.2362183146476644 217
1739715131344 2.1934291455829 218
1739715131348 2.1514936562082365 219
1739715131353 2.110394811237341 220
1739715131358 2.07011591542061 221
1739715131363 2.030640606755322 222
1739715131368 1.9919528498318066 223
1739715131373 1.9540369293121782 224
1739715131378 1.9168774435396383 225
1739715131383 1.8804592982751065 226
1739715131392 1.8447677005592384 227
1739715131398 1.8097881526969297 228
1739715131403 1.775506446361976 229
1739715131409 1.7419086568194506 230
1739715131414 1.708981137263608 231
1739715131419 1.676710513268697 232
1739715131424 1.6450836773508244 233
1739715131429 1.6140877836382443 234
1739715131434 1.5837102426481633 235
1739715131438 1.5539387161679927 236
1739715131443 1.5247611122385936 237
1739715131448 1.4961655802379135 238
1739715131454 1.468140506062773 239
1739715131459 1.4406745074068 240
1739715131464 1.4137564291327882 241
1739715131469 1.3873753387373808 242
1739715131474 1.3615205219064075 243
1739715131479 1.336181478158915 244
1739715131483 1.3113479165782818 245
1739715131488 1.2870097516284904 246
1739715131493 1.2631570990540155 247
1739715131498 1.2397802718615654 248
1739715131502 1.2168697763820986 249
1739715131507 1.194416308411461 250
1739715131512 1.1724107494280709 251
1739715131516 1.1508441628862112 252
1739715131521 1.1297077905832744 253
1739715131526 1.1089930490995394 254
1739715131531 1.0886915263091776 255
1739715131537 1.068794977960722 256
1739715131542 1.04929532432603 257
1739715131547 1.0301846469159857 258
1739715131552 1.0114551852619507 259
1739715131557 0.9930993337613215 260
1739715131562 0.9751096385862251 261
1739715131567 0.9574787946538104 262
1739715131572 0.9401996426571643 263
1739715131577 0.9232651661554102 264
1739715131582 0.906668488721961 265
1739715131586 0.8904028711497235 266
1739715131592 0.8744617087120455 267
1739715131597 0.8588385284784706 268
1739715131602 0.8435269866839457 269
1739715131606 0.8285208661506868 270
1739715131611 0.8138140737614308 271
1739715131621 0.7994006379831982 272
1739715131626 0.7852747064404452 273
1739715131631 0.7714305435367468 274
1739715131636 0.7578625281238407 275
1739715131641 0.7445651512173814 276
1739715131646 0.7315330137581579 277
1739715131652 0.7187608244180433 278
1739715131658 0.7062433974498203 279
1739715131663 0.6939756505798652 280
1739715131668 0.6819526029428788 281
1739715131673 0.670169373057995 282
1739715131679 0.6586211768450914 283
1739715131684 0.6473033256808858 284
1739715131689 0.6362112244937406 285
1739715131694 0.6253403698965189 286
1739715131699 0.6146863483567642 287
1739715131704 0.6042448344033249 288
1739715131709 0.5940115888689023 289
1739715131713 0.583982457167536 290
1739715131718 0.574153367606621 291
1739715131723 0.5645203297325438 292
1739715131728 0.5550794327093269 293
1739715131732 0.5458268437297153 294
1739715131737 0.5367588064579332 295
1739715131742 0.5278716395035264 296
1739715131747 0.5191617349256996 297
1739715131751 0.5106255567674837 298
1739715131756 0.5022596396191782 299
1739715131761 0.4940605872104695 300
1739715131766 0.4860250710306711 301
1739715131770 0.47814982897645625 302
1739715131776 0.4704316640266511 303
1739715131781 0.4628674429434312 304
1739715131785 0.455454094999481 305
1739715131790 0.44818861073051924 306
1739715131796 0.44106804071276157 307
1739715131800 0.4340894943647865 308
1739715131806 0.42725013877328605 309
1739715131810 0.4205471975423045 310
1739715131815 0.413977949665392 311
1739715131820 0.4075397284203216 312
1739715131825 0.40122992028581617 313
1739715131830 0.39504596387998536 314
1739715131835 0.38898534891982917 315
1739715131839 0.3830456152016189 316
1739715131844 0.37722435160157686 317
1739715131849 0.3715191950965067 318
1739715131854 0.3659278298039881 319
1739715131859 0.3604479860417248 320
1739715131864 0.3550774394056324 321
1739715131868 0.3498140098664139 322
1739715131873 0.3446555608840536 323
1739715131878 0.3395999985400679 324
1739715131883 0.3346452706870685 325
1739715131888 0.32978936611525006 326
1739715131893 0.32503031373556884 327
1739715131898 0.3203661817791829 328
1739715131903 0.3157950770129101 329
1739715131908 0.3113151439703065 330
1739715131913 0.30692456419812514 331
1739715131918 0.30262155551777586 332
1739715131922 0.2984043713015613 333
1739715131927 0.29427129976334354 334
1739715131932 0.2902206632633703 335
1739715131937 0.28625081762695337 336
1739715131942 0.2823601514767948 337
1739715131946 0.2785470855785851 338
1739715131951 0.2748100721996834 339
1739715131956 0.2711475944806153 340
1739715131961 0.2675581658190851 341
1739715131966 0.264040329266295 342
1739715131971 0.2605926569352993 343
1739715131978 0.25721374942119624 344
1739715131984 0.25390223523286426 345
1739715131991 0.2506567702360308 346
1739715132004 0.24747603710749128 347
1739715132018 0.24435874480018904 348
1739715132045 0.24130362801898805 349
1739715132061 0.23830944670688367 350
1739715132070 0.23537498554151323 351
1739715132076 0.23249905344163765 352
1739715132082 0.22968048308357672 353
1739715132087 0.22691813042718179 354
1739715132093 0.22421087425135153 355
1739715132097 0.2215576156987866 356
1739715132102 0.2189572778298145 357
1739715132107 0.21640880518514072 358
1739715132112 0.21391116335732946 359
1739715132117 0.2114633385707954 360
1739715132122 0.20906433727023827 361
1739715132127 0.20671318571722708 362
1739715132132 0.20440892959488294 363
1739715132137 0.20215063362042646 364
1739715132142 0.19993738116546092 365
1739715132147 0.19776827388382667 366
1739715132151 0.19564243134689321 367
1739715132156 0.19355899068613866 368
1739715132162 0.19151710624281484 369
1739715132167 0.18951594922465606 370
1739715132172 0.18755470736940602 371
1739715132178 0.18563258461508036 372
1739715132183 0.1837488007767809 373
1739715132188 0.1819025912299865 374
1739715132192 0.18009320660014064 375
1739715132197 0.17831991245846116 376
1739715132202 0.17658198902377367 377
1739715132207 0.1748787308703466 378
1739715132212 0.17320944664152374 379
1739715132217 0.17157345876907626 380
1739715132222 0.1699701031981549 381
1739715132226 0.1683987291177393 382
1739715132231 0.16685869869644782 383
1739715132236 0.16534938682363878 384
1739715132241 0.16387018085565744 385
1739715132246 0.1624204803671626 386
1739715132251 0.16099969690740917 387
1739715132255 0.1596072537613765 388
1739715132260 0.1582425857157059 389
1739715132265 0.1569051388292527 390
1739715132270 0.1555943702082598 391
1739715132275 0.154309747785992 392
1739715132280 0.15305075010678598 393
1739715132285 0.1518168661143867 394
1739715132290 0.15060759494452938 395
1739715132295 0.14942244572163751 396
1739715132300 0.14826093735960047 397
1739715132304 0.14712259836650388 398
1739715132309 0.14600696665326643 399
1739715132314 0.1449135893461013 400
1739715132320 0.1438420226027027 401
1739715132325 0.1427918314321107 402
1739715132330 0.1417625895181709 403
1739715132335 0.14075387904650294 404
1739715132340 0.1397652905349442 405
1739715132345 0.13879642266734796 406
1739715132350 0.13784688213072221 407
1739715132355 0.13691628345560206 408
1739715132360 0.1360042488596145 409
1739715132365 0.13511040809415592 410
1739715132370 0.13423439829414044 411
1739715132375 0.13337586383073352 412
1739715132380 0.1325344561670303 413
1739715132385 0.13170983371660672 414
1739715132390 0.13090166170490747 415
1739715132396 0.13010961203338034 416
1739715132401 0.12933336314633045 417
1739715132406 0.1285725999004275 418
1739715132410 0.12782701343682368 419
1739715132415 0.12709630105581185 420
1739715132420 0.12638016609399286 421
1739715132425 0.12567831780388194 422
1739715132430 0.12499047123593639 423
1739715132435 0.12431634712291374 424
1739715132440 0.12365567176654967 425
1739715132445 0.12300817692649675 426
1739715132452 0.12237359971147489 427
1739715132458 0.1217516824725935 428
1739715132464 0.12114217269880251 429
1739715132469 0.12054482291443226 430
1739715132474 0.11995939057876132 431
1739715132479 0.11938563798762034 432
1739715132484 0.1188233321769145 433
1739715132489 0.11827224482811713 434
1739715132494 0.11773215217560362 435
1739715132499 0.11720283491587527 436
1739715132503 0.11668407811855758 437
1739715132508 0.1161756711392019 438
1739715132513 0.11567740753380769 439
1739715132518 0.11518908497506161 440
1739715132523 0.114710505170237 441
1739715132527 0.11424147378073962 442
1739715132533 0.11378180034325867 443
1739715132538 0.1133312981924789 444
1739715132542 0.11288978438534866 445
1739715132547 0.1124570796268486 446
1739715132552 0.1120330081972447 447
1739715132558 0.11161739788079289 448
1739715132565 0.11121007989586447 449
1739715132571 0.11081088882646695 450
1739715132577 0.1104196625551255 451
1739715132583 0.11003624219710972 452
1739715132588 0.1096604720359674 453
1739715132593 0.10929219946034806 454
1739715132599 0.10893127490208444 455
1739715132604 0.10857755177550796 456
1739715132609 0.10823088641797354 457
1739715132615 0.10789113803157695 458
1739715132620 0.10755816862602637 459
1739715132629 0.1072318429626593 460
1739715132634 0.10691202849957603 461
1739715132639 0.10659859533785794 462
1739715132644 0.10629141616887229 463
1739715132648 0.10599036622261948 464
1739715132654 0.1056953232171145 465
1739715132659 0.10540616730876962 466
1739715132663 0.10512278104377912 467
1739715132668 0.10484504931046497 468
1739715132673 0.10457285929257296 469
1739715132678 0.10430610042350723 470
1739715132683 0.10404466434146743 471
1739715132688 0.10378844484549068 472
1739715132693 0.10353733785236147 473
1739715132699 0.10329124135438798 474
1739715132704 0.10305005537801325 475
1739715132709 0.10281368194326226 476
1739715132714 0.10258202502398436 477
1739715132720 0.10235499050889944 478
1739715132725 0.10213248616341529 479
1739715132730 0.10191442159221036 480
1739715132735 0.10170070820255821 481
1739715132741 0.10149125916838618 482
1739715132746 0.10128598939505135 483
1739715132752 0.10108481548481454 484
1739715132757 0.10088765570300914 485
1739715132762 0.100694429944883 486
1739715132767 0.10050505970309473 487
1739715132772 0.10031946803586805 488
1739715132778 0.10013757953577551 489
1739715132783 0.09995932029914226 490
1739715132789 0.09978461789607217 491
1739715132795 0.09961340134105275 492
1739715132800 0.09944560106416167 493
1739715132805 0.09928114888284519 494
1739715132811 0.09911997797425189 495
1739715132816 0.09896202284812114 496
1739715132820 0.09880721932021944 497
1739715132825 0.09865550448629631 498
1739715132830 0.09850681669656759 499
