1739715973449 167.57396902966823 0
1739715973455 164.31025292142965 1
1739715973460 160.51129600206767 2
1739715973465 157.27206636199912 3
1739715973469 160.52901161939369 4
1739715973474 151.68123737251787 5
1739715973479 153.17477138348266 6
1739715973484 148.4197825474043 7
1739715973489 148.5372428452288 8
1739715973494 144.4849668618009 9
1739715973499 142.10805139259375 10
1739715973504 139.3412520080141 11
1739715973509 139.7412595085984 12
1739715973514 134.90484028769148 13
1739715973519 136.85057961869612 14
1739715973523 131.46403666079135 15
1739715973528 133.87043164525016 16
1739715973533 128.75247498089252 17
1739715973537 129.11818000000042 18
1739715973542 126.95175408313537 19
1739715973547 124.70868922513817 20
1739715973551 121.90280239447938 21
1739715973556 119.215297898838 22
1739715973562 122.1832909283009 23
1739715973567 114.72143615345733 24
1739715973572 115.70375908430637 25
1739715973577 115.90063286176164 26
1739715973582 110.76820474961825 27
1739715973587 108.6031620395445 28
1739715973592 108.73101729259204 29
1739715973598 109.59526407513017 30
1739715973603 108.15380933724452 31
1739715973608 105.56596023231698 32
1739715973615 101.02142418027299 33
1739715973638 96.83377168567873 34
1739715973650 99.97348499274392 35
1739715973657 97.21859081725839 36
1739715973663 94.55356776137477 37
1739715973668 92.50393248053945 38
1739715973672 92.68442594741364 39
1739715973677 95.04118911808439 40
1739715973682 92.30477930974115 41
1739715973687 88.12141524257333 42
1739715973692 89.81456123361876 43
1739715973696 84.96357392426273 44
1739715973701 82.57407004600826 45
1739715973706 86.7995885358902 46
1739715973710 82.32562952119099 47
1739715973715 82.27098566364512 48
1739715973720 77.38133679681731 49
1739715973724 77.45502388402508 50
1739715973729 76.90887907519068 51
1739715973734 75.49196426035283 52
1739715973740 75.37295421342729 53
1739715973744 74.89821981710466 54
1739715973750 73.60307834108886 55
1739715973755 72.82556252669433 56
1739715973760 73.19498415552815 57
1739715973765 71.68583924633093 58
1739715973770 68.73362947849974 59
1739715973775 67.61597375083588 60
1739715973779 68.14670412566225 61
1739715973784 67.3456823449076 62
1739715973789 63.85762611949546 63
1739715973794 66.83892030641158 64
1739715973799 65.27885826958301 65
1739715973803 61.43813406302105 66
1739715973808 61.01526154429689 67
1739715973813 58.7075138101763 68
1739715973818 59.13833725815 69
1739715973823 57.1661155850703 70
1739715973827 58.00587765313678 71
1739715973832 56.602843983722885 72
1739715973838 56.874149537777555 73
1739715973842 55.18777624160278 74
1739715973847 53.1185166668949 75
1739715973853 53.271802304791585 76
1739715973857 52.247205050581094 77
1739715973862 52.945039845106656 78
1739715973867 51.771365145100845 79
1739715973872 49.840674842527584 80
1739715973876 51.79454603518086 81
1739715973881 50.07037671174201 82
1739715973886 48.258072398061486 83
1739715973891 48.636912415424874 84
1739715973896 48.608916444193326 85
1739715973901 46.626830976721216 86
1739715973906 46.069402644295096 87
1739715973910 45.15047297840847 88
1739715973915 44.88175917833395 89
1739715973920 43.34187494587368 90
1739715973925 42.38957815271743 91
1739715973929 42.97854322944008 92
1739715973934 40.97266805188632 93
1739715973938 40.99939644053607 94
1739715973943 40.75387010783802 95
1739715973948 40.97311848130362 96
1739715973953 40.18003044400425 97
1739715973957 39.038451256326724 98
1739715973962 38.263446874780705 99
1739715973967 37.62556685615959 100
1739715973972 37.77732813511183 101
1739715973977 36.79152462603975 102
1739715973981 36.76635977460128 103
1739715973986 36.09617300844379 104
1739715973991 35.385227181168105 105
1739715973996 35.25026616876995 106
1739715974001 34.06802030680296 107
1739715974005 34.230719653923074 108
1739715974010 33.43559987686426 109
1739715974015 32.451390639608 110
1739715974019 32.44330112095395 111
1739715974024 31.726239905498097 112
1739715974029 31.438319536431155 113
1739715974034 31.737461394525695 114
1739715974038 29.75363405280741 115
1739715974043 29.876852932400222 116
1739715974050 28.51793756638104 117
1739715974055 27.711752746288465 118
1739715974060 29.003649573550234 119
1739715974064 28.440633247260433 120
1739715974069 27.372622370147973 121
1739715974074 28.2870957949181 122
1739715974079 26.43280130615576 123
1739715974083 27.057581433205957 124
1739715974088 25.01159944972412 125
1739715974093 25.501677835074755 126
1739715974097 25.804115616424998 127
1739715974102 25.33710598817481 128
1739715974107 25.315872248539097 129
1739715974112 24.133604701117566 130
1739715974117 24.369163770100876 131
1739715974121 24.31563788202806 132
1739715974126 22.64541712801863 133
1739715974130 22.882972627598214 134
1739715974135 22.623766051283184 135
1739715974140 22.42358274368771 136
1739715974144 23.460820499798402 137
1739715974149 21.348351077991598 138
1739715974154 21.582385899192015 139
1739715974158 21.471211328389597 140
1739715974166 20.579299926589446 141
1739715974172 20.931544354725737 142
1739715974178 20.476928307158026 143
1739715974183 19.66180518010546 144
1739715974188 19.87601254608402 145
1739715974193 20.49521871542467 146
1739715974200 18.69558169962288 147
1739715974206 18.87728033289997 148
1739715974212 18.80542617232901 149
1739715974217 18.532014643302915 150
1739715974221 17.845126971363097 151
1739715974227 17.92959080378488 152
1739715974232 16.883293272001097 153
1739715974236 17.457739681763638 154
1739715974241 17.69646325016016 155
1739715974247 15.999424688116857 156
1739715974252 15.931430772894368 157
1739715974257 16.828739041445345 158
1739715974262 15.430924433045448 159
1739715974267 15.769265475873581 160
1739715974272 14.563662212128513 161
1739715974277 15.446406366155793 162
1739715974282 14.48621404176298 163
1739715974287 15.305589655266214 164
1739715974291 14.478051826919108 165
1739715974296 14.200040131318302 166
1739715974300 14.323308275145651 167
1739715974305 13.854405885908289 168
1739715974310 13.511183799526103 169
1739715974315 13.481136408798738 170
1739715974319 12.956942873163694 171
1739715974324 13.187327033711842 172
1739715974329 12.715891512605713 173
1739715974334 12.805656422241212 174
1739715974339 12.44674378015022 175
1739715974344 13.155571674021996 176
1739715974348 12.996774926489195 177
1739715974353 12.155162811104345 178
1739715974359 11.507065627868979 179
1739715974364 11.804046019895994 180
1739715974370 11.621723536593352 181
1739715974376 11.621759957994358 182
1739715974381 11.61154359352194 183
1739715974387 11.299221821472399 184
1739715974392 10.74522533545308 185
1739715974396 10.554000379413981 186
1739715974401 11.081480222453468 187
1739715974406 10.680656862412489 188
1739715974411 10.47476579408338 189
1739715974416 9.862708059078571 190
1739715974420 9.975301162216038 191
1739715974425 10.066645701087475 192
1739715974430 9.816526346621874 193
1739715974435 9.461073169804985 194
1739715974439 9.57060245068298 195
1739715974444 8.781867521150438 196
1739715974448 9.940832243818187 197
1739715974453 9.09432234330165 198
1739715974458 8.825485925033947 199
1739715974463 8.788847649600815 200
1739715974468 8.89556759763078 201
1739715974472 8.517381789999959 202
1739715974477 8.63056276604014 203
1739715974482 8.695003214713866 204
1739715974486 8.095373643554263 205
1739715974491 7.7884958919755505 206
1739715974496 8.296656549892806 207
1739715974500 8.25663902243435 208
1739715974505 8.150835795560013 209
1739715974509 8.257321199518698 210
1739715974514 8.040848851918913 211
1739715974518 7.055858824259042 212
1739715974523 7.511040974299593 213
1739715974527 7.5529183614277615 214
1739715974532 7.336004605252134 215
1739715974537 6.895540492092215 216
1739715974541 6.880633354226888 217
1739715974545 6.581831609260193 218
1739715974550 6.962989548463455 219
1739715974555 6.361827607070981 220
1739715974559 6.404589927947339 221
1739715974564 6.820232076788619 222
1739715974568 6.677609574925748 223
1739715974573 6.216077221655609 224
1739715974578 5.933130631053059 225
1739715974582 6.185701662271946 226
1739715974587 5.7392386065048315 227
1739715974591 5.959635641114567 228
1739715974596 5.933952276652094 229
1739715974600 5.586950165676206 230
1739715974605 5.791686452096792 231
1739715974610 5.495445050859567 232
1739715974615 5.430293486576978 233
1739715974620 5.242995747430832 234
1739715974624 5.493785242711044 235
1739715974629 5.109310630409758 236
1739715974633 5.143703994998337 237
1739715974638 4.980545567196956 238
1739715974642 4.815870424806066 239
1739715974648 4.736176714250491 240
1739715974658 5.146105898620115 241
1739715974664 4.896680768065266 242
1739715974669 4.981071707150214 243
1739715974674 4.496008111773851 244
1739715974679 4.8650938026757125 245
1739715974684 4.443491772168665 246
1739715974689 4.376437540063032 247
1739715974694 4.426588408112308 248
1739715974699 4.073575069786113 249
1739715974703 4.268402077765585 250
1739715974708 4.213020064251197 251
1739715974712 3.847919279248575 252
1739715974717 4.150356657000768 253
1739715974721 4.0383967922022865 254
1739715974726 3.6382031667572603 255
1739715974731 4.253071623380216 256
1739715974736 3.9823023949081313 257
1739715974741 4.040975055314843 258
1739715974745 3.7754625971733744 259
1739715974750 3.609040995746243 260
1739715974754 3.6942816290593568 261
1739715974760 3.6452652774778613 262
1739715974764 3.9090221793634043 263
1739715974768 3.3429682685809157 264
1739715974773 3.6151638438164597 265
1739715974777 3.6956642910436903 266
1739715974782 3.3525117080081976 267
1739715974786 3.350394132049917 268
1739715974791 3.362446072404133 269
1739715974796 2.9363053561659105 270
1739715974801 3.468385880976536 271
1739715974805 3.2891785701431515 272
1739715974810 2.951899763234762 273
1739715974814 3.0096581454708327 274
1739715974819 2.9738991573250613 275
1739715974824 3.3464976899275474 276
1739715974828 2.6755625390451248 277
1739715974833 3.046456779987017 278
1739715974837 2.64858687140401 279
1739715974842 2.9346195643792217 280
1739715974846 2.723029947220579 281
1739715974851 2.8540854579909354 282
1739715974856 2.958205440681308 283
1739715974861 2.8218639929836544 284
1739715974866 2.9544153287135093 285
1739715974870 2.9246260785842773 286
1739715974875 2.48487933546637 287
1739715974879 2.582951782676415 288
1739715974884 2.6267164947670687 289
1739715974888 2.4034533189649916 290
1739715974893 2.3158198224099067 291
1739715974898 2.4865216606111744 292
1739715974902 2.3424093152245136 293
1739715974907 2.3984236835874744 294
1739715974911 2.2183730291461945 295
1739715974916 2.1713316787402936 296
1739715974921 2.3597203380986644 297
1739715974925 2.1430488962745002 298
1739715974930 2.2950324367896533 299
1739715974935 2.5128676157175636 300
1739715974939 2.2482179849737123 301
1739715974943 2.228720267017438 302
1739715974948 2.2779936869277635 303
1739715974953 2.345147431321173 304
1739715974958 2.1876779964505095 305
1739715974962 2.175215683581503 306
1739715974967 2.2274368381204996 307
1739715974972 2.043828387777522 308
1739715974976 2.1744428477004254 309
1739715974981 1.7405718610902579 310
1739715974985 1.8370585755803202 311
1739715974990 1.799377810478285 312
1739715974995 2.0354737813285304 313
1739715974999 1.637419625719428 314
1739715975004 1.8301240148122786 315
1739715975009 1.7113970052985292 316
1739715975013 1.6077753515123039 317
1739715975018 1.6833983639335737 318
1739715975023 1.7428437690756624 319
1739715975027 2.097174455077277 320
1739715975032 1.8227281418739252 321
1739715975036 1.5545391066053176 322
1739715975041 1.6589731214509675 323
1739715975046 1.6318109733473383 324
1739715975054 1.7585735784293088 325
1739715975059 1.8032971324688314 326
1739715975064 1.6554683044219083 327
1739715975069 1.5741022445744937 328
1739715975074 1.4971041452152358 329
1739715975079 1.5364410687813055 330
1739715975083 1.6854863357414493 331
1739715975088 1.5870735847212756 332
1739715975092 1.5935207348562022 333
1739715975097 1.4950394863553276 334
1739715975101 1.355812670248627 335
1739715975106 1.5485811693323497 336
1739715975111 1.4363398823155336 337
1739715975116 1.2480390240921124 338
1739715975121 1.2360423520606652 339
1739715975125 1.4419802797334185 340
1739715975130 1.3352929364987722 341
1739715975134 1.3544144615393428 342
1739715975139 1.4727081548673355 343
1739715975143 1.3532821952076908 344
1739715975148 1.3517234448473503 345
1739715975153 1.317633125428527 346
1739715975158 1.1302823952995529 347
1739715975163 0.9905329540568557 348
1739715975168 1.2492910098642747 349
1739715975172 1.0504046602855306 350
1739715975177 1.1955430331653998 351
1739715975182 1.2101383130536927 352
1739715975187 0.9692560674540074 353
1739715975191 1.0628018789309228 354
1739715975196 1.0557871952519726 355
1739715975201 1.2327514131268722 356
1739715975205 1.4014066330091972 357
1739715975210 1.0244515604731481 358
1739715975215 1.0472864888388316 359
1739715975219 1.0484378994722694 360
1739715975224 1.025978122996029 361
1739715975228 1.0337748294614355 362
1739715975233 0.9881321848515997 363
1739715975238 0.9270566948225527 364
1739715975243 1.1251192481953396 365
1739715975247 1.1086093515947157 366
1739715975252 0.8872444995624498 367
1739715975257 0.971068477380056 368
1739715975261 0.9934895143609922 369
1739715975266 0.935976851088997 370
1739715975271 0.8988933243854361 371
1739715975276 0.84249678227134 372
1739715975280 0.8568178132986882 373
1739715975284 0.8173950242173614 374
1739715975289 0.7588277431233171 375
1739715975293 0.8103997895447723 376
1739715975298 0.8579662310181587 377
1739715975302 0.7653422744423588 378
1739715975307 0.7761556642441356 379
1739715975311 1.06525459796579 380
1739715975316 0.8475932280043031 381
1739715975321 0.8482357923931173 382
1739715975325 0.6650032192834626 383
1739715975330 0.8739078334802981 384
1739715975334 0.7578280021957673 385
1739715975339 0.8942391662060857 386
1739715975344 0.7525647799759179 387
1739715975348 0.8307156700209868 388
1739715975353 0.7328998596974613 389
1739715975358 0.8698031021532756 390
1739715975363 0.6567743197456483 391
1739715975368 0.7504289400927194 392
1739715975372 0.6159768010885117 393
1739715975377 0.643934739673227 394
1739715975381 0.7542867165074866 395
1739715975386 0.6654606251672055 396
1739715975391 0.7137822204254851 397
1739715975395 0.7890340393929346 398
1739715975400 0.65811893788402 399
1739715975404 0.6025988861100353 400
1739715975408 0.6440104088255219 401
1739715975413 0.7630974642729241 402
1739715975417 0.7122047464142784 403
1739715975422 0.7780938094104008 404
1739715975427 0.5984417464727089 405
1739715975431 0.5177728573688427 406
1739715975436 0.7289820894831804 407
1739715975441 0.5897863632549037 408
1739715975446 0.6929688519377369 409
1739715975451 0.6300141706043472 410
1739715975456 0.6176603175748487 411
1739715975461 0.4301702897400386 412
1739715975466 0.6109146037215122 413
1739715975471 0.5773491666000833 414
1739715975476 0.5894768648084702 415
1739715975481 0.5286754248222377 416
1739715975485 0.5667595630877355 417
1739715975490 0.46728090343704215 418
1739715975495 0.625522613315196 419
1739715975499 0.6301601051790537 420
1739715975504 0.5462804439120437 421
1739715975509 0.5976521445631816 422
1739715975513 0.5839744881412076 423
1739715975518 0.4481170833915718 424
1739715975522 0.6517803897255041 425
1739715975527 0.4600046969568849 426
1739715975531 0.5573999279880772 427
1739715975535 0.5113119081768407 428
1739715975540 0.45841133905259057 429
1739715975544 0.5563390341938036 430
1739715975549 0.504462785067258 431
1739715975553 0.4097847351689495 432
1739715975558 0.4386547647937421 433
1739715975563 0.46801957889487394 434
1739715975567 0.4477809248070325 435
1739715975572 0.4760297193444851 436
1739715975577 0.42731773702213144 437
1739715975581 0.3406028606988286 438
1739715975586 0.5354418598737427 439
1739715975591 0.5159121430331687 440
1739715975596 0.4430310058322367 441
1739715975600 0.418570421674001 442
1739715975605 0.5009808680584483 443
1739715975609 0.5199312217940901 444
1739715975614 0.43745346439666954 445
1739715975619 0.45399406382510854 446
1739715975623 0.4724223601203564 447
1739715975628 0.29874683095116605 448
1739715975632 0.42904006992519705 449
1739715975637 0.5058414209332115 450
1739715975641 0.5614687595014616 451
1739715975646 0.36069377957159765 452
1739715975650 0.3954706648890652 453
1739715975655 0.4150802708399475 454
1739715975661 0.35939888074595633 455
1739715975665 0.440804686577345 456
1739715975670 0.386903656178257 457
1739715975674 0.33233871927052755 458
1739715975679 0.3483410243182422 459
1739715975683 0.4386733668637836 460
1739715975688 0.4061342334046277 461
1739715975692 0.47548199339355035 462
1739715975697 0.3003864161910926 463
1739715975701 0.6008091891825378 464
1739715975706 0.31077090404564695 465
1739715975710 0.32109760944541593 466
1739715975715 0.3735331501923271 467
1739715975720 0.3710368205276742 468
1739715975725 0.3552909079405332 469
1739715975730 0.29255824248141066 470
1739715975735 0.2969574600911373 471
1739715975739 0.4075499336037009 472
1739715975744 0.3757240155992419 473
1739715975749 0.3587679513377141 474
1739715975753 0.3819984553451094 475
1739715975758 0.3231897576416422 476
1739715975763 0.5449902682825938 477
1739715975768 0.4347830008995894 478
1739715975773 0.36580499726359034 479
1739715975778 0.3341046317459748 480
1739715975782 0.3805037599775949 481
1739715975787 0.2742687021994629 482
1739715975791 0.3727192887261142 483
1739715975796 0.3981809563391902 484
1739715975800 0.2844192278514436 485
1739715975805 0.33953404959451394 486
1739715975810 0.2877034871397356 487
1739715975814 0.32633572160133706 488
1739715975819 0.3141106237544246 489
1739715975824 0.28780653931215866 490
1739715975828 0.2734721934269472 491
1739715975833 0.30342780036171996 492
1739715975837 0.39713072798181864 493
1739715975842 0.3082017669824047 494
1739715975846 0.2837955633650206 495
1739715975851 0.22764146308838887 496
1739715975855 0.3559135045118656 497
1739715975859 0.25234980103061877 498
1739715975864 0.33295678408673846 499
