1739715173837 169.32176760798075 0
1739715173842 169.02867202288851 1
1739715173847 168.7039873787754 2
1739715173852 168.37034602050124 3
1739715173859 168.0345388291858 4
1739715173864 167.69860236390596 5
1739715173868 167.36314652010992 6
1739715173873 167.02835310365657 7
1739715173878 166.69427546994518 8
1739715173882 166.3609284342943 9
1739715173887 166.0283152505174 10
1739715173891 165.69643570611973 11
1739715173895 165.365288551339 12
1739715173900 165.03487222799765 13
1739715173904 164.70518508819535 14
1739715173908 164.37622545992326 15
1739715173913 164.0479916667453 16
1739715173917 163.72048203369675 17
1739715173921 163.39369488904754 18
1739715173926 163.06762856482422 19
1739715173930 162.74228139695998 20
1739715173934 162.4176517253326 21
1739715173938 162.09373789376943 22
1739715173942 161.7705382500415 23
1739715173946 161.44805114585563 24
1739715173950 161.12627493684477 25
1739715173954 160.80520798255884 26
1739715173958 160.48484864645482 27
1739715173962 160.16519529588751 28
1739715173967 159.84624630209956 29
1739715173971 159.52800004021233 30
1739715173975 159.21045488921627 31
1739715173980 158.89360923196134 32
1739715173984 158.5774614551476 33
1739715173988 158.26200994931574 34
1739715173992 157.94725310883783 35
1739715173998 157.6331893319077 36
1739715174002 157.31981702053164 37
1739715174006 157.0071345805193 38
1739715174011 156.69514042147398 39
1739715174015 156.38383295678366 40
1739715174019 156.0732106036115 41
1739715174024 155.76327178288685 42
1739715174030 155.45401491929567 43
1739715174036 155.14543844127166 44
1739715174042 154.83754078098707 45
1739715174046 154.5303203743432 46
1739715174051 154.22377566096165 47
1739715174055 153.9179050841751 48
1739715174059 153.61270709101805 49
1739715174063 153.30818013221815 50
1739715174068 153.00432266218675 51
1739715174072 152.70113313901 52
1739715174076 152.3986100244402 53
1739715174080 152.09675178388625 54
1739715174085 151.79555688640514 55
1739715174089 151.495023804693 56
1739715174093 151.19515101507585 57
1739715174097 150.89593699750125 58
1739715174101 150.59738023552896 59
1739715174105 150.29947921632234 60
1739715174109 150.00223243063957 61
1739715174113 149.70563837282478 62
1739715174118 149.40969554079933 63
1739715174122 149.114402436053 64
1739715174126 148.81975756363542 65
1739715174130 148.5257594321471 66
1739715174135 148.23240655373104 67
1739715174139 147.93969744406394 68
1739715174144 147.64763062234758 69
1739715174148 147.35620461130014 70
1739715174152 147.0654179371478 71
1739715174156 146.775269129616 72
1739715174160 146.48575672192095 73
1739715174164 146.19687925076107 74
1739715174168 145.9086352563086 75
1739715174172 145.62102328220095 76
1739715174176 145.33404187553248 77
1739715174180 145.04768958684576 78
1739715174184 144.7619649701233 79
1739715174189 144.47686658277937 80
1739715174193 144.19239298565117 81
1739715174197 143.90854274299093 82
1739715174201 143.62531442245722 83
1739715174205 143.34270659510685 84
1739715174209 143.06071783538653 85
1739715174213 142.77934672112465 86
1739715174216 142.49859183352282 87
1739715174220 142.218451757148 88
1739715174224 141.93892507992388 89
1739715174228 141.6600103931231 90
1739715174232 141.3817062913587 91
1739715174236 141.10401137257645 92
1739715174240 140.82692423804608 93
1739715174244 140.55044349235388 94
1739715174248 140.27456774339404 95
1739715174252 139.99929560236095 96
1739715174256 139.72462568374098 97
1739715174260 139.45055660530454 98
1739715174264 139.177086988098 99
1739715174268 138.90421545643585 100
1739715174272 138.6319406378925 101
1739715174276 138.36026116329472 102
1739715174279 138.08917566671323 103
1739715174283 137.8186827854552 104
1739715174287 137.54878116005617 105
1739715174291 137.27946943427227 106
1739715174296 137.01074625507235 107
1739715174300 136.74261027263015 108
1739715174304 136.47506014031643 109
1739715174309 136.20809451469142 110
1739715174312 135.94171205549674 111
1739715174317 135.67591142564794 112
1739715174321 135.41069129122658 113
1739715174325 135.1460503214726 114
1739715174329 134.88198718877663 115
1739715174334 134.6185005686724 116
1739715174338 134.35558913982894 117
1739715174342 134.09325158404306 118
1739715174346 133.83148658623168 119
1739715174350 133.57029283442435 120
1739715174354 133.30966901975557 121
1739715174358 133.04961383645724 122
1739715174362 132.79012598185122 123
1739715174365 132.5312041563417 124
1739715174369 132.27284706340782 125
1739715174373 132.01505340959616 126
1739715174377 131.7578219045132 127
1739715174381 131.50115126081798 128
1739715174385 131.24504019421462 129
1739715174389 130.98948742344504 130
1739715174393 130.7344916702814 131
1739715174397 130.4800516595188 132
1739715174401 130.22616611896805 133
1739715174405 129.9728337794482 134
1739715174410 129.72005337477924 135
1739715174413 129.46782364177503 136
1739715174417 129.21614332023563 137
1739715174421 128.96501115294038 138
1739715174425 128.71442588564057 139
1739715174429 128.46438626705225 140
1739715174433 128.2148910488488 141
1739715174437 127.96593898565422 142
1739715174441 127.71752883503544 143
1739715174445 127.46965935749553 144
1739715174449 127.2223293164665 145
1739715174453 126.9755374783021 146
1739715174457 126.7292826122708 147
1739715174461 126.48356349054872 148
1739715174465 126.23837888821257 149
1739715174469 125.9937275832325 150
1739715174473 125.74960835646536 151
1739715174477 125.50601999164736 152
1739715174480 125.26296127538734 153
1739715174484 125.02043099715964 154
1739715174488 124.77842794929725 155
1739715174493 124.53695092698483 156
1739715174496 124.29599872825185 157
1739715174500 124.05557015396556 158
1739715174504 123.81566400782432 159
1739715174508 123.57627909635053 160
1739715174512 123.33741422888383 161
1739715174516 123.09906821757441 162
1739715174520 122.8612398773761 163
1739715174523 122.62392802603944 164
1739715174527 122.38713148410518 165
1739715174531 122.1508490748973 166
1739715174535 121.91507962451637 167
1739715174539 121.67982196183274 168
1739715174543 121.44507491847995 169
1739715174547 121.21083732884792 170
1739715174550 120.9771080300763 171
1739715174554 120.74388586204792 172
1739715174558 120.51116966738196 173
1739715174562 120.27895829142749 174
1739715174566 120.0472505822567 175
1739715174570 119.81604539065852 176
1739715174574 119.58534157013177 177
1739715174578 119.35513797687888 178
1739715174581 119.12543346979909 179
1739715174585 118.89622691048216 180
1739715174589 118.66751716320165 181
1739715174593 118.43930309490851 182
1739715174597 118.21158357522468 183
1739715174601 117.9843574764365 184
1739715174606 117.75762367348828 185
1739715174610 117.53138104397598 186
1739715174613 117.30562846814063 187
1739715174617 117.08036482886209 188
1739715174622 116.85558901165255 189
1739715174626 116.63129990465023 190
1739715174630 116.40749639861298 191
1739715174634 116.18417738691194 192
1739715174638 115.96134176552535 193
1739715174642 115.73898843303205 194
1739715174646 115.5171162906053 195
1739715174650 115.2957242420065 196
1739715174654 115.07481119357895 197
1739715174658 114.85437605424158 198
1739715174662 114.63441773548269 199
1739715174666 114.41493515135376 200
1739715174671 114.19592721846335 201
1739715174675 113.9773928559708 202
1739715174679 113.75933098558008 203
1739715174683 113.5417405315337 204
1739715174688 113.32462042060655 205
1739715174693 113.10796958209977 206
1739715174698 112.8917869478346 207
1739715174702 112.67607145214642 208
1739715174706 112.4608220318786 209
1739715174711 112.24603762637639 210
1739715174715 112.03171717748094 211
1739715174720 111.81785962952333 212
1739715174724 111.60446392931837 213
1739715174729 111.39152902615885 214
1739715174733 111.17905387180936 215
1739715174737 110.9670374205004 216
1739715174742 110.75547862892246 217
1739715174747 110.54437645621998 218
1739715174751 110.33372986398551 219
1739715174756 110.1235378162538 220
1739715174760 109.91379927949583 221
1739715174765 109.70451322261309 222
1739715174769 109.49567861693149 223
1739715174776 109.28729443619567 224
1739715174780 109.07935965656317 225
1739715174784 108.87187325659853 226
1739715174788 108.6648342172675 227
1739715174793 108.45824152193123 228
1739715174797 108.25209415634066 229
1739715174802 108.04639110863047 230
1739715174806 107.84113136931356 231
1739715174810 107.63631393127521 232
1739715174814 107.43193778976737 233
1739715174819 107.22800194240305 234
1739715174823 107.02450538915045 235
1739715174828 106.8214471323274 236
1739715174832 106.61882617659573 237
1739715174836 106.41664152895548 238
1739715174840 106.21489219873943 239
1739715174845 106.0135771976073 240
1739715174850 105.81269553954033 241
1739715174855 105.61224624083553 242
1739715174859 105.41222832010017 243
1739715174864 105.21264079824621 244
1739715174868 105.01348269848476 245
1739715174873 104.81475304632049 246
1739715174877 104.61645086954613 247
1739715174881 104.418575198237 248
1739715174886 104.22112506474544 249
1739715174890 104.0240995036954 250
1739715174894 103.82749755197689 251
1739715174899 103.63131824874056 252
1739715174903 103.4355606353923 253
1739715174908 103.24022375558775 254
1739715174912 103.04530665522687 255
1739715174917 102.8508083824486 256
1739715174921 102.65672798762544 257
1739715174927 102.46306452335806 258
1739715174931 102.2698170444699 259
1739715174936 102.07698460800195 260
1739715174941 101.88456627320728 261
1739715174945 101.69256110154576 262
1739715174949 101.5009681566788 263
1739715174953 101.30978650446393 264
1739715174958 101.11901521294963 265
1739715174962 100.92865335237005 266
1739715174967 100.73869999513971 267
1739715174972 100.5491542158482 268
1739715174976 100.36001509125512 269
1739715174980 100.17128170028468 270
1739715174984 99.98295312402058 271
1739715174989 99.79502844570082 272
1739715174993 99.60750675071249 273
1739715175000 99.42038712658666 274
1739715175004 99.2336686629931 275
1739715175009 99.04735045173523 276
1739715175013 98.86143158674504 277
1739715175019 98.67591116407789 278
1739715175024 98.4907882819074 279
1739715175032 98.30606204052039 280
1739715175039 98.12173154231178 281
1739715175044 97.93779589177954 282
1739715175049 97.75425419551969 283
1739715175054 97.57110556222115 284
1739715175059 97.38834910266073 285
1739715175064 97.20598392969823 286
1739715175068 97.02400915827123 287
1739715175073 96.84242390539036 288
1739715175077 96.66122729013406 289
1739715175081 96.48041843364379 290
1739715175085 96.29999645911901 291
1739715175090 96.1199604918122 292
1739715175094 95.94030965902398 293
1739715175099 95.76104309009827 294
1739715175103 95.58215991641715 295
1739715175108 95.4036592713962 296
1739715175114 95.22554029047953 297
1739715175118 95.04780211113483 298
1739715175122 94.8704438728487 299
1739715175126 94.69346471712157 300
1739715175130 94.51686378746307 301
1739715175134 94.3406402293871 302
1739715175138 94.16479319040708 303
1739715175143 93.98932182003098 304
1739715175147 93.81422526975682 305
1739715175151 93.6395026930677 306
1739715175155 93.46515324542699 307
1739715175159 93.29117608427376 308
1739715175163 93.11757036901794 309
1739715175167 92.94433526103555 310
1739715175171 92.77146992366407 311
1739715175175 92.59897352219762 312
1739715175179 92.42684522388247 313
1739715175183 92.25508419791208 314
1739715175187 92.08368961542273 315
1739715175191 91.91266064948854 316
1739715175195 91.74199647511715 317
1739715175200 91.57169626924481 318
1739715175204 91.40175921073194 319
1739715175208 91.2321844803584 320
1739715175212 91.06297126081898 321
1739715175217 90.89411873671868 322
1739715175221 90.72562609456833 323
1739715175225 90.55749252277981 324
1739715175229 90.38971721166163 325
1739715175233 90.22229935341436 326
1739715175237 90.055238142126 327
1739715175242 89.88853277376764 328
1739715175246 89.72218244618873 329
1739715175250 89.55618635911281 330
1739715175254 89.39054371413279 331
1739715175258 89.22525371470667 332
1739715175263 89.06031556615291 333
1739715175269 88.89572847564611 334
1739715175274 88.73149165221245 335
1739715175279 88.56760430672533 336
1739715175283 88.40406565190088 337
1739715175288 88.24087490229365 338
1739715175292 88.07803127429213 339
1739715175297 87.91553398611433 340
1739715175304 87.75338225780344 341
1739715175308 87.59157531122351 342
1739715175313 87.43011237005501 343
1739715175317 87.26899265979051 344
1739715175321 87.10821540773034 345
1739715175325 86.94777984297829 346
1739715175330 86.78768519643722 347
1739715175334 86.62793070080487 348
1739715175338 86.46851559056941 349
1739715175342 86.30943910200536 350
1739715175347 86.15070047316905 351
1739715175351 85.9922989438946 352
1739715175356 85.83423375578953 353
1739715175360 85.67650415223059 354
1739715175364 85.51910937835947 355
1739715175369 85.36204868107858 356
1739715175373 85.20532130904685 357
1739715175377 85.04892651267564 358
1739715175381 84.89286354412424 359
1739715175385 84.73713165729606 360
1739715175389 84.58173010783429 361
1739715175393 84.4266581531176 362
1739715175398 84.27191505225625 363
1739715175402 84.11750006608781 364
1739715175406 83.96341245717302 365
1739715175410 83.80965148979168 366
1739715175414 83.65621642993861 367
1739715175419 83.50310654531945 368
1739715175425 83.3503211053467 369
1739715175430 83.19785938113539 370
1739715175435 83.04572064549933 371
1739715175439 82.89390417294683 372
1739715175444 82.74240923967676 373
1739715175448 82.59123512357439 374
1739715175454 82.44038110420753 375
1739715175460 82.28984646282231 376
1739715175464 82.13963048233937 377
1739715175469 81.98973244734972 378
1739715175473 81.84015164411075 379
1739715175477 81.69088736054239 380
1739715175482 81.54193888622292 381
1739715175487 81.39330551238527 382
1739715175491 81.24498653191277 383
1739715175495 81.09698123933549 384
1739715175500 80.94928893082611 385
1739715175504 80.80190890419611 386
1739715175509 80.65484045889174 387
1739715175513 80.50808289599026 388
1739715175517 80.36163551819594 389
1739715175521 80.21549762983625 390
1739715175526 80.06966853685789 391
1739715175530 79.92414754682302 392
1739715175534 79.77893396890535 393
1739715175538 79.63402711388628 394
1739715175542 79.48942629415109 395
1739715175547 79.34513082368518 396
1739715175551 79.20114001807008 397
1739715175555 79.05745319447979 398
1739715175559 78.91406967167691 399
1739715175563 78.7709887700089 400
1739715175567 78.62820981140425 401
1739715175571 78.48573211936872 402
1739715175575 78.34355501898152 403
1739715175580 78.20167783689179 404
1739715175584 78.06009990131446 405
1739715175589 77.91882054202691 406
1739715175594 77.77783909036499 407
1739715175598 77.63715487921941 408
1739715175602 77.49676724303195 409
1739715175607 77.35667551779186 410
1739715175611 77.2168790410321 411
1739715175616 77.07737715182573 412
1739715175620 76.93816919078213 413
1739715175624 76.79925450004342 414
1739715175629 76.66063242328076 415
1739715175633 76.52230230569077 416
1739715175637 76.38426349399182 417
1739715175641 76.2465153364204 418
1739715175645 76.10905718272762 419
1739715175649 75.9718883841754 420
1739715175653 75.83500829353302 421
1739715175657 75.69841626507353 422
1739715175662 75.56211165457015 423
1739715175666 75.42609381929252 424
1739715175670 75.29036211800342 425
1739715175674 75.15491591095501 426
1739715175678 75.01975455988537 427
1739715175682 74.88487742801493 428
1739715175686 74.75028388004294 429
1739715175690 74.61597328214394 430
1739715175694 74.48194500196428 431
1739715175699 74.34819840861854 432
1739715175703 74.21473287268618 433
1739715175707 74.0815477662078 434
1739715175711 73.94864246268199 435
1739715175716 73.81601633706153 436
1739715175720 73.6836687657502 437
1739715175724 73.55159912659907 438
1739715175728 73.41980679890331 439
1739715175732 73.28829116339853 440
1739715175736 73.15705160225752 441
1739715175740 73.02608749908674 442
1739715175744 72.89539823892288 443
1739715175748 72.76498320822954 444
1739715175752 72.63484179489376 445
1739715175756 72.50497338822271 446
1739715175760 72.37537737894023 447
1739715175764 72.24605315918348 448
1739715175768 72.11700012249959 449
1739715175772 71.98821766384235 450
1739715175776 71.85970517956879 451
1739715175780 71.73146206743581 452
1739715175784 71.603487726597 453
1739715175788 71.47578155759912 454
1739715175792 71.34834296237896 455
1739715175796 71.22117134425996 456
1739715175801 71.09426610794887 457
1739715175805 70.96762665953253 458
1739715175809 70.84125240647454 459
1739715175813 70.71514275761204 460
1739715175817 70.58929712315238 461
1739715175821 70.46371491466985 462
1739715175826 70.33839554510256 463
1739715175830 70.21333842874903 464
1739715175835 70.08854298126502 465
1739715175839 69.96400861966038 466
1739715175843 69.83973476229572 467
1739715175847 69.71572082887926 468
1739715175851 69.59196624046356 469
1739715175856 69.46847041944244 470
1739715175860 69.34523278954767 471
1739715175864 69.22225277584587 472
1739715175868 69.09952980473531 473
1739715175872 68.97706330394274 474
1739715175876 68.85485270252025 475
1739715175880 68.73289743084207 476
1739715175884 68.6111969206015 477
1739715175888 68.48975060480777 478
1739715175892 68.36855791778281 479
1739715175896 68.24761829515825 480
1739715175900 68.1269311738723 481
1739715175904 68.00649599216655 482
1739715175908 67.88631218958295 483
1739715175912 67.76637920696074 484
1739715175916 67.6466964864333 485
1739715175920 67.52726347142512 486
1739715175925 67.40807960664871 487
1739715175928 67.2891443381016 488
1739715175933 67.1704571130632 489
1739715175937 67.05201738009177 490
1739715175941 66.93382458902151 491
1739715175945 66.81587819095935 492
1739715175949 66.69817763828206 493
1739715175953 66.58072238463312 494
1739715175957 66.46351188491987 495
1739715175961 66.34654559531035 496
1739715175965 66.22982297323038 497
1739715175970 66.1133434773606 498
1739715175974 65.99710656763347 499
