1739718066171 90.08945431211704 0
1739718066202 40.10157055328115 1
1739718066231 26.245339916126547 2
1739718066260 16.594812029519833 3
1739718066290 11.360514739232213 4
1739718066320 10.328416346498418 5
1739718066349 7.125493130680253 6
1739718066379 6.203240402604335 7
1739718066410 6.777816127125629 8
1739718066438 3.190234489353875 9
1739718066466 3.4721447475384752 10
1739718066494 3.004037640106422 11
1739718066522 5.5230386387759465 12
1739718066549 5.563446154134527 13
1739718066581 1.267291536143827 14
1739718066611 4.223123629015785 15
1739718066639 5.375469905416047 16
1739718066668 2.1717186777483515 17
1739718066697 7.283320976824625 18
1739718066725 4.797672440471566 19
1739718066754 5.166998030298431 20
1739718066783 5.303245109838553 21
1739718066812 3.078019045636893 22
1739718066841 3.5411883739637 23
1739718066871 6.089277620252951 24
1739718066901 2.7971139159776692 25
1739718066929 4.815728598840162 26
1739718066957 5.26733323441917 27
1739718066984 4.775837740929989 28
1739718067011 4.697567965278649 29
1739718067038 8.39870910165583 30
1739718067064 2.5416216356108094 31
1739718067090 4.270267722314674 32
1739718067116 5.9521842183852165 33
1739718067143 4.812320260646186 34
1739718067170 5.925369940793278 35
1739718067197 6.185254764911567 36
1739718067224 5.269327647446631 37
1739718067251 3.925395319491573 38
1739718067277 3.1660302693197067 39
1739718067303 4.850807013507512 40
1739718067330 4.43868323674863 41
1739718067356 6.310274210632324 42
1739718067383 4.679366005581746 43
1739718067410 4.851458857184182 44
1739718067437 5.457679329683062 45
1739718067463 8.194153608465543 46
1739718067490 6.260890057224983 47
