1739714361402 169.3217676079807 0
1739714361406 137.1109358638492 1
1739714361411 111.59426977821292 2
1739714361415 91.323454756525 3
1739714361420 75.17239911174107 4
1739714361424 62.26383551734415 5
1739714361429 51.913101891007024 6
1739714361432 43.58492052341802 7
1739714361436 36.86007394649707 8
1739714361440 31.409652636450218 9
1739714361444 26.975117363846937 10
1739714361448 23.352839581972358 11
1739714361452 20.382098164529125 12
1739714361456 17.93574859548417 13
1739714361460 15.912961437887658 14
1739714361463 14.233564946456372 15
1739714361467 12.833632523729355 16
1739714361470 11.66203709875638 17
1739714361474 10.67775721939352 18
1739714361478 9.84776805780119 19
1739714361483 9.145387945026267 20
1739714361487 8.548980000615007 21
1739714361491 8.04093084157648 22
1739714361495 7.6068457276709225 23
1739714361499 7.234912970928166 24
1739714361503 6.915400888724323 25
1739714361507 6.6402586928840215 26
1739714361511 6.4027990086714555 27
1739714361514 6.197444614484679 28
1739714361518 6.019525800824678 29
1739714361522 5.865117709803411 30
1739714361526 5.730909323215859 31
1739714361529 5.614097564609405 32
1739714361534 5.5123013824822795 33
1739714361538 5.423491775862754 34
1739714361543 5.345934578435845 35
1739714361547 5.278143486157357 36
1739714361551 5.21884133711974 37
1739714361555 5.166928063304482 38
1739714361559 5.121454056631808 39
1739714361563 5.081597945723153 40
1739714361567 5.0466479800565445 41
1739714361572 5.015986376416237 42
1739714361576 4.989076107824884 43
1739714361580 4.965449714598042 44
1739714361584 4.94469979631439 45
1739714361588 4.926470906672799 46
1739714361592 4.910452623788552 47
1739714361596 4.896373609107842 48
1739714361600 4.8839965008637005 49
1739714361605 4.873113514481719 50
1739714361610 4.863542643847091 51
1739714361614 4.855124374870763 52
1739714361619 4.847718837133019 53
1739714361623 4.841203331165592 54
1739714361628 4.835470178652977 55
1739714361632 4.830424850884731 56
1739714361636 4.825984337485899 57
1739714361641 4.822075723044264 58
1739714361645 4.8186349439394105 59
1739714361649 4.815605701622283 60
1739714361653 4.812938511924521 61
1739714361657 4.810589872799127 62
1739714361661 4.808521535293868 63
1739714361665 4.806699864605588 64
1739714361669 4.805095279814695 65
1739714361673 4.8036817624006245 66
1739714361677 4.80243642493074 67
1739714361681 4.801339132427923 68
1739714361685 4.800372169883803 69
1739714361689 4.79951995021642 70
1739714361693 4.798768757692369 71
1739714361697 4.798106522459964 72
1739714361701 4.797522622384754 73
1739714361705 4.797007708852603 74
1739714361710 4.796553553619431 75
1739714361714 4.796152914147472 76
1739714361718 4.795799415182816 77
1739714361722 4.795487444604978 78
1739714361726 4.7952120618199725 79
1739714361730 4.7949689171797845 80
1739714361733 4.794754181095688 81
1739714361737 4.794564481675247 82
1739714361741 4.794396849854799 83
1739714361745 4.7942486711238494 84
1739714361749 4.794117643047431 85
1739714361753 4.794001737888344 86
1739714361757 4.793899169715619 87
1739714361761 4.793808365459599 88
1739714361765 4.793727939439213 89
1739714361769 4.793656670944182 90
1739714361772 4.793593484504987 91
1739714361776 4.793537432528016 92
1739714361780 4.793487680011712 93
1739714361784 4.793443491094046 94
