1739715876077 146.03478553706574 0
1739715876083 127.62143680965633 1
1739715876089 108.16922093204298 2
1739715876094 97.07543436376966 3
1739715876099 83.26238136393447 4
1739715876105 72.7084391223864 5
1739715876110 64.34895782059272 6
1739715876114 54.82260516274717 7
1739715876118 49.75318424352466 8
1739715876123 43.56321205649935 9
1739715876128 38.710691451492664 10
1739715876132 34.208139935693616 11
1739715876137 30.676514008948836 12
1739715876142 28.057050673167122 13
1739715876146 24.844172569218813 14
1739715876152 22.48219661769038 15
1739715876157 21.113189588372713 16
1739715876161 18.946157196041554 17
1739715876166 17.491712140172456 18
1739715876171 15.758475416165632 19
1739715876176 14.505910274058321 20
1739715876180 13.142241299028251 21
1739715876185 12.370869368196988 22
1739715876189 12.007264418326864 23
1739715876194 10.782277154465195 24
1739715876199 10.360001962905486 25
1739715876203 9.694960852749087 26
1739715876208 8.85521947234278 27
1739715876213 8.74262713446511 28
1739715876217 8.270949176021684 29
1739715876222 8.207563270036166 30
1739715876226 7.624141885193782 31
1739715876231 7.1596403760161795 32
1739715876235 7.513341222205718 33
1739715876240 6.688649611552999 34
1739715876244 7.019688972623836 35
1739715876249 6.768665179606108 36
1739715876254 6.323373354888672 37
1739715876259 6.072892438918252 38
1739715876263 6.108358095953033 39
1739715876268 5.837240896522826 40
1739715876273 5.934456619761612 41
1739715876279 5.840892987216777 42
1739715876284 5.235409219566828 43
1739715876290 5.455088117636922 44
1739715876295 5.832914629924463 45
1739715876300 5.595096242261639 46
1739715876305 5.656060917381233 47
1739715876309 5.316434855826503 48
1739715876314 5.58492304150699 49
1739715876319 5.090720445388438 50
1739715876324 4.868201999054545 51
1739715876328 5.360760341573991 52
1739715876332 4.836114808154969 53
1739715876337 4.984983491939022 54
1739715876343 4.745235270085208 55
1739715876348 5.233343834951757 56
1739715876353 5.312784350991024 57
1739715876359 5.261891580555124 58
1739715876364 5.121656973698931 59
1739715876369 5.251821532394047 60
1739715876374 5.239163634385775 61
1739715876379 5.013128572984601 62
1739715876383 5.146042076230658 63
1739715876388 4.7511862000931595 64
1739715876393 5.293303699569865 65
1739715876397 5.10641931556699 66
1739715876401 4.660035734646725 67
1739715876406 4.561971344107643 68
1739715876410 4.681528505516832 69
1739715876415 4.98011780547039 70
1739715876420 4.958408954208455 71
1739715876425 4.943071087061424 72
1739715876430 4.885818523136871 73
1739715876435 4.781070531428703 74
1739715876439 4.934458181820394 75
1739715876445 4.888414904856525 76
1739715876449 5.173508650209353 77
1739715876454 4.935265533560343 78
1739715876459 4.969771974475663 79
1739715876464 4.895860621314391 80
1739715876468 4.577408997621401 81
1739715876473 5.1949196629405945 82
1739715876477 5.038626339483921 83
1739715876482 4.654497369682945 84
1739715876486 4.848975522192475 85
1739715876491 4.650016232119819 86
1739715876495 5.110402561072822 87
1739715876500 4.475870290500189 88
1739715876504 4.970523399132261 89
1739715876509 5.169542961997342 90
1739715876513 4.75845707029709 91
1739715876518 4.8190526823501845 92
1739715876522 4.57189518569682 93
1739715876527 4.642346791722524 94
1739715876532 4.956669390962995 95
1739715876537 4.953329744993925 96
1739715876542 5.104993530045976 97
1739715876547 4.759632768747411 98
1739715876552 4.95658503688468 99
1739715876556 4.661241861046636 100
1739715876561 4.6804851906166665 101
1739715876565 4.997001624830264 102
1739715876570 4.545449878077029 103
1739715876575 4.994691521288532 104
1739715876579 4.518454720709864 105
1739715876583 4.692942494371553 106
1739715876588 4.8687796155028 107
1739715876592 5.059316255591215 108
1739715876597 4.704902530663142 109
1739715876602 4.266040526509611 110
1739715876606 5.185763731375284 111
1739715876611 4.775902198331647 112
1739715876616 4.881031062542405 113
1739715876621 4.8780007623142145 114
1739715876626 4.83691082482742 115
1739715876630 4.9056321920986585 116
1739715876635 4.265205279444186 117
1739715876640 5.056216132269026 118
1739715876644 5.210701049408872 119
1739715876649 4.873255840892765 120
1739715876653 4.698265607854193 121
1739715876658 4.681132673276485 122
1739715876662 4.6419943780403745 123
1739715876667 4.91724291354348 124
