1739718564214 5.6785420083159295 0
1739718564241 3.5203823427484777 1
1739718564269 5.423191567436471 2
1739718564296 4.042914543439385 3
1739718564322 5.101181723480644 4
1739718564350 6.4060612168910485 5
1739718564376 2.2801695412672704 6
1739718564403 5.991277511795566 7
1739718564429 5.541301520816498 8
1739718564455 0.5697578326865863 9
1739718564481 7.205129411111852 10
1739718564507 4.80278591055067 11
1739718564533 5.434164640737184 12
1739718564560 2.116097738040934 13
1739718564586 0.9755008953845742 14
1739718564611 4.690759937559768 15
1739718564637 5.904791875408315 16
1739718564662 9.80853200222687 17
1739718564688 1.897985278397636 18
1739718564714 5.026052604593176 19
1739718564739 1.1474246459611819 20
1739718564765 4.151065735084661 21
1739718564791 6.07180375864999 22
1739718564817 5.182818124279612 23
1739718564843 5.628202490583924 24
1739718564869 2.0196046355183075 25
1739718564895 6.902419953006663 26
1739718564921 6.108802352266534 27
1739718564947 6.278081725768099 28
1739718564973 2.9706980384803603 29
1739718564999 3.252383657384996 30
1739718565025 3.9260238173070383 31
1739718565052 6.920261184088351 32
1739718565078 8.677909280966624 33
1739718565104 2.5905765973077988 34
1739718565130 10.208554913896272 35
1739718565156 4.964062280495217 36
1739718565182 5.254657290421792 37
1739718565207 4.160740423373004 38
1739718565234 4.918585570760039 39
1739718565260 7.3964066271333575 40
1739718565286 5.204121589110752 41
1739718565313 7.506478895937352 42
1739718565339 8.769755733482544 43
1739718565365 2.6380997473821637 44
1739718565391 1.7735778288461044 45
1739718565420 7.439875047609514 46
1739718565447 6.454950952840696 47
1739718565473 5.818147249274974 48
1739718565499 5.80763183465721 49
1739718565524 2.2660707909500855 50
1739718565551 4.26098501081203 51
1739718565577 4.182549753658057 52
1739718565603 4.875069302174291 53
1739718565629 5.8401741928292905 54
1739718565655 5.016609383172513 55
1739718565683 8.018532029884371 56
1739718565710 4.738128267396946 57
1739718565738 4.10356922341538 58
1739718565765 9.453431739042406 59
1739718565791 5.379341213990314 60
1739718565817 6.066954325355249 61
1739718565843 4.780073520681502 62
1739718565869 6.468349700937682 63
1739718565895 4.06910541745925 64
1739718565921 6.614006510607501 65
1739718565947 5.233729781346056 66
1739718565973 7.154950415633956 67
1739718566001 3.0657745713675153 68
1739718566028 6.289732648242241 69
1739718566056 11.387679213252573 70
1739718566082 3.1950816379933458 71
1739718566109 3.9202873428441 72
1739718566136 3.641928627157968 73
1739718566161 3.365320154761809 74
1739718566187 4.413513257689696 75
1739718566213 6.452197180683283 76
1739718566240 4.6135756075902785 77
1739718566266 2.717472231193979 78
1739718566292 6.5262839333149385 79
1739718566318 3.399505461508129 80
1739718566345 3.568097583231482 81
1739718566371 4.0310551795105 82
1739718566398 4.61474681225744 83
1739718566425 4.829164912451785 84
1739718566452 16.988684048179806 85
1739718566478 5.265852634282692 86
1739718566504 7.37034568167796 87
1739718566530 3.901172492865334 88
1739718566557 5.5180957972917675 89
1739718566584 2.46344142864702 90
1739718566609 6.216553893649777 91
1739718566635 4.523358519472517 92
1739718566661 2.954216887830913 93
1739718566688 6.252639118459267 94
1739718566714 5.8087280933886 95
1739718566740 3.7599148957589046 96
1739718566767 2.899778539860325 97
1739718566793 4.133555321243706 98
1739718566818 9.05375741083056 99
1739718566844 6.042368024617258 100
1739718566870 4.318423828560148 101
1739718566896 6.10215793373208 102
1739718566922 5.692614941838507 103
1739718566948 6.52565524968477 104
1739718566974 2.3574019491116416 105
1739718567001 2.156115000697047 106
1739718567027 2.956470906739605 107
1739718567053 3.250159273022282 108
1739718567080 5.0667279345494425 109
1739718567106 4.306594221518735 110
1739718567132 4.144325659824503 111
1739718567158 1.0318519250158409 112
1739718567184 5.273641169200674 113
1739718567210 5.198759664097973 114
1739718567236 4.33646349312659 115
1739718567262 3.662818248151501 116
1739718567290 4.190236084761162 117
1739718567318 3.4293600724638678 118
1739718567346 6.391916770614712 119
1739718567373 9.028644424757193 120
1739718567401 5.36521883484302 121
1739718567428 3.4691078358808736 122
1739718567455 3.8225858224541054 123
1739718567482 3.8914727330315984 124
1739718567508 6.310722348343673 125
1739718567534 1.0884891758046744 126
1739718567561 1.5668924457819249 127
1739718567589 8.080932080221157 128
1739718567617 5.758606348223291 129
1739718567644 2.5855115482674473 130
1739718567671 8.103329368066754 131
1739718567697 4.147748989136416 132
1739718567723 5.249364715733995 133
1739718567749 7.891634598752404 134
1739718567775 5.355184510135823 135
1739718567802 5.390038594361052 136
1739718567828 5.7360166954911405 137
1739718567854 4.372183797878027 138
1739718567880 5.627733936431084 139
1739718567906 7.411172205470529 140
1739718567932 8.820627914052825 141
1739718567960 4.150099206276835 142
1739718567987 4.258502101952195 143
1739718568014 6.627072959745723 144
1739718568040 3.4199443580312714 145
1739718568067 1.4319214955795099 146
1739718568093 3.3091123133813007 147
1739718568120 4.273387722155042 148
1739718568146 4.5525398486979265 149
1739718568172 3.247639867502503 150
1739718568198 3.1429783961223317 151
1739718568225 3.772000543574449 152
1739718568252 5.51940928351236 153
1739718568278 4.338208639586877 154
1739718568304 5.595739354775225 155
1739718568330 5.9352623120191845 156
1739718568358 4.415284575295704 157
1739718568385 3.8918342424276267 158
1739718568413 6.585278506363926 159
1739718568440 9.134273231863602 160
1739718568467 3.4923948203753206 161
1739718568494 5.453483527842711 162
1739718568521 1.1451187641899654 163
1739718568548 3.5630172016795143 164
1739718568574 7.388206480093758 165
1739718568601 3.0328893612662635 166
1739718568629 1.8721256240201576 167
1739718568656 10.659933190382581 168
1739718568683 6.898298064937425 169
1739718568709 3.262333384630937 170
1739718568734 3.6804539979608744 171
1739718568760 1.493859623835398 172
1739718568787 5.835298863496034 173
1739718568812 6.781279348750367 174
1739718568838 4.11540311743316 175
1739718568864 3.9107694638257775 176
1739718568891 2.734136395201549 177
1739718568919 3.9647089214592843 178
1739718568945 2.4731704822255174 179
1739718568972 9.736543946377962 180
1739718568998 9.656111084144193 181
1739718569024 1.2483276864453845 182
1739718569051 4.094940660167806 183
1739718569077 7.463005473176358 184
1739718569103 5.936638390101757 185
1739718569128 10.694118898938367 186
1739718569154 1.996228583251501 187
1739718569180 2.5841663041254033 188
1739718569207 2.218618252276016 189
1739718569233 3.6725471375308767 190
1739718569260 4.15049837649067 191
1739718569288 4.509388798918401 192
1739718569314 7.1049416395580565 193
1739718569340 5.715433975910335 194
1739718569366 1.4485695437946642 195
1739718569393 3.5528226052747542 196
1739718569419 5.404622833826343 197
1739718569445 0.3521372071939078 198
1739718569472 3.091750835748424 199
1739718569498 4.308672615333135 200
1739718569524 4.413511779171018 201
1739718569550 2.963479881581553 202
1739718569576 3.8683322888212595 203
1739718569602 4.667458736315029 204
1739718569630 3.629864580063618 205
1739718569658 3.155557427390262 206
1739718569685 2.4348626926025636 207
1739718569711 6.264390983178061 208
1739718569738 4.260448966739612 209
1739718569763 5.4402676708621165 210
1739718569790 4.774113431498957 211
1739718569815 2.5486656744369265 212
1739718569841 5.423856216104032 213
1739718569867 5.904505314980383 214
1739718569893 10.822796339666265 215
1739718569919 10.15902182581472 216
1739718569945 4.149331664187809 217
1739718569971 4.116590116385489 218
1739718569997 3.458489200430783 219
1739718570023 4.732744219141069 220
1739718570049 5.172640073760142 221
1739718570075 3.6677806340606 222
1739718570102 6.6440916870334235 223
1739718570128 1.9105956885359585 224
1739718570154 1.7506833685599632 225
1739718570180 5.849342886069947 226
1739718570207 5.286624984849059 227
1739718570233 6.58033116305261 228
1739718570260 6.051813850993591 229
1739718570288 2.7497842534546977 230
1739718570314 10.668292087201477 231
1739718570340 5.1730080704170405 232
1739718570365 2.2663893049139197 233
1739718570391 4.828547878191073 234
1739718570418 5.502825206323061 235
1739718570443 3.7573828189825975 236
1739718570469 3.697749818546193 237
1739718570495 3.249960976390316 238
1739718570521 4.675327529383052 239
1739718570547 5.646098236961432 240
1739718570572 2.44808223494476 241
1739718570598 2.640611677044402 242
1739718570624 7.788581791639963 243
1739718570651 3.64653474909403 244
1739718570678 6.175791995750912 245
1739718570704 1.0678981600897424 246
1739718570730 3.237104511750639 247
1739718570756 3.871161226083482 248
1739718570784 6.297463185507822 249
1739718570810 5.188197727467279 250
1739718570836 4.083142432423555 251
1739718570862 4.4010411396548195 252
1739718570887 7.7511006329937215 253
1739718570913 4.992693052325278 254
1739718570939 6.4231789310332505 255
1739718570965 4.291309286084376 256
1739718570992 16.849433712170725 257
1739718571018 7.988701310987873 258
1739718571044 4.452047095830081 259
1739718571073 4.4914047784194295 260
1739718571105 1.8394950724269579 261
1739718571133 2.656970888937506 262
1739718571165 4.200823404813194 263
1739718571192 4.298598077597265 264
1739718571219 5.801699658936532 265
1739718571245 4.083227444246454 266
1739718571272 3.832148467882736 267
1739718571298 7.0955582776498884 268
1739718571325 2.0546626616610646 269
1739718571350 3.775911591793353 270
1739718571376 3.836921425487612 271
1739718571402 5.079337148421631 272
1739718571428 1.7582638401289858 273
1739718571454 6.150028526966335 274
1739718571480 4.037496923691525 275
1739718571506 4.2013305589304055 276
1739718571532 4.6750934119100975 277
1739718571558 3.947713680095597 278
1739718571584 3.6128409040025655 279
1739718571611 1.8673302033078154 280
1739718571637 3.6461610655653 281
1739718571667 0.5999442135933262 282
1739718571696 5.199542681592062 283
1739718571724 4.365898846036605 284
1739718571751 2.067627555862732 285
1739718571777 5.981692537064398 286
1739718571803 4.762536142740413 287
1739718571829 3.8332642584103884 288
1739718571855 6.532758676900205 289
1739718571884 7.408494399824223 290
1739718571914 5.300403270366233 291
1739718571948 5.675228009104471 292
1739718571978 6.254869792418075 293
1739718572006 2.8596166338664957 294
1739718572033 12.575667291805729 295
1739718572060 3.2613360270418537 296
1739718572086 1.8043576438339972 297
1739718572113 5.813143028627781 298
1739718572139 4.00586271038608 299
1739718572165 6.480286569513107 300
1739718572193 1.5260288587734332 301
1739718572220 4.384183987373918 302
1739718572247 0.9868620947824196 303
1739718572273 10.643757010743936 304
1739718572299 2.222799219431664 305
1739718572325 6.040875133905876 306
1739718572351 6.826761995650696 307
1739718572377 6.49384056055562 308
1739718572403 2.9983179372376307 309
1739718572430 6.001176630884305 310
1739718572456 4.661876339616507 311
1739718572483 3.269386037090658 312
1739718572509 6.254812951628305 313
1739718572535 5.000930747526106 314
1739718572562 6.4524895664351964 315
1739718572588 2.4125146805811593 316
1739718572615 5.765920721937933 317
1739718572641 5.262897610225603 318
1739718572666 4.255267304665904 319
1739718572692 7.166456649102349 320
1739718572718 3.6739287566581083 321
1739718572745 3.3924054079057955 322
1739718572776 4.8217880371934605 323
1739718572803 5.768693458113756 324
1739718572829 2.990356249138706 325
1739718572856 3.4703112773381695 326
1739718572882 3.8145292196770297 327
1739718572908 2.765290223064778 328
1739718572934 5.300608760993819 329
1739718572960 3.295289989244383 330
1739718572985 3.4483913607506196 331
1739718573012 2.0927900717648518 332
1739718573037 7.55754629989893 333
1739718573063 4.217810069472961 334
1739718573090 7.839606818555295 335
1739718573116 4.581024691977826 336
1739718573143 2.9563559959387615 337
1739718573168 6.462560977595513 338
1739718573194 6.770688047329142 339
1739718573221 6.683921445318491 340
1739718573247 3.8073625419945207 341
1739718573272 2.9676214492489312 342
1739718573299 6.635431248758008 343
1739718573325 2.38651997924289 344
1739718573351 3.566828252239271 345
1739718573376 2.189931580462179 346
1739718573402 3.9819252939796845 347
1739718573428 1.2632411058478064 348
1739718573455 2.8839368339308495 349
1739718573481 6.407114028586734 350
1739718573507 3.353865245153921 351
1739718573533 4.4145036749121385 352
1739718573559 2.9678499441979107 353
1739718573586 0.6713996725224463 354
1739718573612 6.067073952088557 355
1739718573638 6.167476591979163 356
1739718573664 7.84119892801807 357
1739718573690 3.434075171251251 358
1739718573715 3.1668844727026886 359
1739718573741 4.611009275179717 360
1739718573767 7.831222549684527 361
1739718573792 5.885225898716875 362
1739718573818 10.729636885614372 363
1739718573844 4.20594868523369 364
1739718573870 2.9387038047058733 365
1739718573896 3.4149601553897915 366
1739718573922 7.042090582873783 367
1739718573948 3.1855081731693016 368
1739718573973 8.187439667505048 369
1739718573999 5.442164963599038 370
1739718574025 8.124913065492018 371
1739718574052 2.541643118178865 372
1739718574078 14.659605896358272 373
1739718574104 3.7354639969030883 374
1739718574130 5.70859231679419 375
1739718574156 5.812995270589804 376
1739718574182 5.991061393738872 377
1739718574208 6.39231213571133 378
1739718574235 6.089670316772953 379
1739718574261 7.655738843830531 380
1739718574287 2.857878031733775 381
1739718574312 6.24557661967747 382
1739718574339 4.5191103284682335 383
1739718574365 1.5659745510407599 384
1739718574391 7.939901061736908 385
1739718574417 7.557404354622757 386
1739718574443 7.332684850978791 387
1739718574469 6.598911223659663 388
1739718574521 4.627581196476491 389
1739718574548 2.17533377026662 390
1739718574575 5.473807281124749 391
1739718574601 5.383335619929716 392
1739718574627 5.215351590205874 393
1739718574655 3.1826158098427393 394
1739718574681 3.908863992128877 395
1739718574708 9.148705603477824 396
1739718574734 0.9832666855628015 397
1739718574760 5.457020566177304 398
1739718574786 4.10593852697338 399
1739718574813 6.0065285455151125 400
1739718574839 5.278905479676102 401
1739718574866 3.4517033145268248 402
1739718574893 6.649315105705655 403
1739718574918 0.9197173742198185 404
1739718574945 6.0376102878974045 405
1739718574971 5.325991632296801 406
1739718574997 3.080541984552757 407
1739718575023 2.6686894918358504 408
1739718575049 2.9937236223156747 409
1739718575075 4.472594489488687 410
1739718575102 5.664955514478144 411
1739718575127 5.864233482619485 412
1739718575154 1.3286800905452663 413
1739718575180 8.589785035604988 414
1739718575206 2.6102034905628764 415
1739718575232 0.8776250631512402 416
1739718575258 3.1180274106214703 417
1739718575285 3.62391266987528 418
1739718575310 8.30199619213634 419
1739718575336 4.321884297581421 420
1739718575362 7.647127121152925 421
1739718575388 4.1354025983086915 422
1739718575415 5.714760082360322 423
1739718575440 7.0516487432829 424
1739718575466 6.91549792296743 425
1739718575492 5.850676875955817 426
1739718575518 6.07574409824364 427
1739718575543 3.1567853095411285 428
1739718575569 4.614442909957628 429
1739718575596 0.6035690678543821 430
1739718575621 4.536646582058464 431
1739718575648 6.106349430819714 432
1739718575674 7.562712669252503 433
1739718575700 13.767747963895092 434
1739718575726 3.6357405136526433 435
1739718575752 3.8666838010128237 436
1739718575779 6.325159600220389 437
1739718575806 3.5662502485711167 438
1739718575833 2.866396162273244 439
1739718575860 4.437085466345162 440
1739718575887 6.368720627074841 441
1739718575914 3.7224080845604024 442
1739718575941 2.3119195210325345 443
1739718575968 4.362212129216 444
1739718575995 3.197028356156584 445
1739718576021 1.1898733739953762 446
1739718576048 6.17179534273216 447
1739718576075 4.617607589840728 448
1739718576101 6.566634292702418 449
1739718576128 2.2142572312798086 450
1739718576155 2.164121085573193 451
1739718576182 4.897561996530677 452
1739718576208 5.278270328540911 453
1739718576234 3.5542367244027187 454
1739718576261 6.712143840448292 455
1739718576287 8.522787619725595 456
1739718576314 1.9455394154252599 457
1739718576340 4.657854074619322 458
1739718576368 3.0714357995870745 459
1739718576395 3.091522011135564 460
1739718576422 6.054392760781968 461
1739718576449 1.415442886053334 462
1739718576476 3.602332576403637 463
1739718576502 3.527316503495091 464
1739718576529 5.065725587956632 465
1739718576556 5.283066879744535 466
1739718576582 3.1290745255843584 467
1739718576609 5.23549979836692 468
1739718576635 6.213990622168988 469
1739718576661 2.2540295873813294 470
1739718576687 2.2302039610686264 471
1739718576713 2.766338715367444 472
1739718576740 2.617421334790423 473
1739718576766 8.271931485434214 474
1739718576792 6.254240249110609 475
1739718576818 5.10777542145013 476
1739718576845 6.305369954919677 477
1739718576871 3.9031643371926545 478
1739718576897 4.967148894844074 479
1739718576923 3.5331491965405855 480
1739718576949 7.789520952748531 481
1739718576976 6.1492887207959095 482
1739718577002 7.4865329412985 483
1739718577028 4.879067882268934 484
1739718577055 4.171737727757146 485
1739718577081 1.9987036460065997 486
1739718577106 4.930391536946251 487
1739718577132 5.807316394320088 488
1739718577158 6.796387926069102 489
1739718577184 4.271961736419623 490
1739718577210 11.611421569992567 491
1739718577235 1.055981006561245 492
1739718577261 6.314648216767405 493
1739718577287 6.177131247319018 494
1739718577313 1.2249888350253753 495
1739718577339 5.8924375424856175 496
1739718577365 8.488608776082637 497
1739718577391 3.484922839695024 498
1739718577417 6.142856237927582 499
