1739715134234 169.52366071818852 0
1739715134239 167.16233435870294 1
1739715134245 164.13423680822365 2
1739715134249 160.95247650663205 3
1739715134253 157.77054596115272 4
1739715134258 154.63359147984792 5
1739715134262 151.55423055411495 6
1739715134266 148.53533765824915 7
1739715134271 145.5768835591477 8
1739715134275 142.67798709591463 9
1739715134279 139.83753032462317 10
1739715134284 137.05434263188675 11
1739715134289 134.32725554102785 12
1739715134293 131.6551187352416 13
1739715134299 129.03680445650912 14
1739715134304 126.47120842801992 15
1739715134308 123.95724974422117 16
1739715134313 121.49387046143003 17
1739715134317 119.0800351085732 18
1739715134322 116.71473018360824 19
1739715134326 114.39696365498953 20
1739715134332 112.12576447369317 21
1739715134336 109.90018209717267 22
1739715134340 107.71928602538487 23
1739715134345 105.58216534866499 24
1739715134349 103.48792830713265 25
1739715134353 101.43570186129028 26
1739715134357 99.42463127347757 27
1739715134362 97.45387969985603 28
1739715134366 95.52262779260802 29
1739715134370 93.63007331204624 30
1739715134375 91.7754307483399 31
1739715134379 89.95793095257537 32
1739715134383 88.17682077687772 33
1739715134387 86.43136272333045 34
1739715134391 84.72083460143948 35
1739715134395 83.04452919389594 36
1739715134399 81.40175393040174 37
1739715134403 79.79183056932905 38
1739715134407 78.2140948869934 39
1739715134411 76.66789637432736 40
1739715134416 75.15259794074889 41
1739715134420 73.66757562502542 42
1739715134425 72.2122183129416 43
1739715134429 70.78592746158473 44
1739715134435 69.38811683006811 45
1739715134439 68.01821221651873 46
1739715134444 66.67565120116095 47
1739715134448 65.35988289533344 48
1739715134452 64.07036769628226 49
1739715134457 62.806577047577065 50
1739715134461 61.56799320500355 51
1739715134465 60.35410900778869 52
1739715134469 59.16442765502056 53
1739715134473 57.99846248712864 54
1739715134477 56.85573677229454 55
1739715134481 55.73578349766726 56
1739715134486 54.638145165260816 57
1739715134490 53.56237359241589 58
1739715134494 52.508029716710595 59
1739715134498 51.47468340520905 60
1739715134502 50.461913267939615 61
1739715134506 49.46930647549796 62
1739715134511 48.4964585806732 63
1739715134515 47.542973343998256 64
1739715134519 46.608462563128455 65
1739715134523 45.69254590595535 66
1739715134528 44.794850747365054 67
1739715134532 43.91501200955331 68
1739715134536 43.052672005811914 69
1739715134540 42.20748028770325 70
1739715134544 41.379093495542406 71
1739715134548 40.567175212108495 72
1739715134552 39.77139581950858 73
1739715134556 38.99143235912039 74
1739715134560 38.22696839454133 75
1739715134564 37.477693877473854 76
1739715134568 36.743305016478644 77
1739715134572 36.02350414852933 78
1739715134577 35.31799961330397 79
1739715134582 34.62650563015015 80
1739715134586 33.9487421776627 81
1739715134590 33.28443487581402 82
1739715134595 32.633314870578985 83
1739715134600 31.99511872099783 84
1739715134605 31.369588288621742 85
1739715134609 30.75647062928736 86
1739715134614 30.155517887167992 87
1739715134618 29.566487191050218 88
1739715134624 28.98914055278627 89
1739715134628 28.423244767873747 90
1739715134633 27.868571318115066 91
1739715134637 27.324896276310938 92
1739715134641 26.792000212942465 93
1739715134646 26.26966810479831 94
1739715134649 25.75768924550398 95
1739715134654 25.255857157911525 96
1739715134658 24.763969508308914 97
1739715134662 24.281828022409382 98
1739715134667 23.809238403081824 99
1739715134671 23.346010249784584 100
1739715134675 22.891956979665622 101
1739715134679 22.446895750292736 102
1739715134683 22.010647383979197 103
1739715134687 21.583036293669714 104
1739715134691 21.163890410353783 105
1739715134695 20.753041111973193 106
1739715134699 20.35032315379191 107
1739715134704 19.955574600197007 108
1739715134709 19.568636757900055 109
1739715134714 19.189354110509104 110
1739715134718 18.81757425444228 111
1739715134723 18.453147836154194 112
1739715134728 18.09592849064769 113
1739715134732 17.745772781243428 114
1739715134737 17.402540140580886 115
1739715134742 17.06609281282473 116
1739715134746 16.73629579705119 117
1739715134751 16.413016791789552 118
1739715134755 16.096126140694626 119
1739715134759 15.785496779326344 120
1739715134767 15.481004183013292 121
1739715134771 15.182526315777583 122
1739715134775 14.889943580298809 123
1739715134779 14.603138768895478 124
1739715134783 14.321997015502582 125
1739715134787 14.04640574862472 126
1739715134792 13.776254645244348 127
1739715134796 13.511435585665348 128
1739715134801 13.251842609272693 129
1739715134805 12.997371871188813 130
1739715134809 12.74792159980859 131
1739715134814 12.503392055194356 132
1739715134818 12.263685488313403 133
1739715134823 12.028706101100497 134
1739715134827 11.798360007328494 135
1739715134831 11.5725551942702 136
1739715134835 11.351201485135313 137
1739715134839 11.134210502266601 138
1739715134843 10.921495631079422 139
1739715134847 10.712971984729641 140
1739715134851 10.50855636949477 141
1739715134855 10.308167250853755 142
1739715134859 10.111724720251216 143
1739715134863 9.91915046253191 144
1739715134867 9.730367724031892 145
1739715134871 9.54530128131283 146
1739715134875 9.36387741052641 147
1739715134878 9.18602385739591 148
1739715134882 9.011669807802306 149
1739715134886 8.840745858962746 150
1739715134890 8.67318399118912 151
1739715134894 8.508917540214963 152
1739715134898 8.347881170079319 153
1739715134903 8.190010846555861 154
1739715134907 8.035243811116468 155
1739715134911 7.883518555418381 156
1739715134920 7.734774796304072 157
1739715134928 7.588953451303695 158
1739715134934 7.445996614629671 159
1739715134938 7.305847533653696 160
1739715134942 7.168450585856072 161
1739715134946 7.033751256238047 162
1739715134950 6.90169611518765 163
1739715134954 6.772232796789858 164
1739715134957 6.645309977572144 165
1739715134961 6.5208773556765065 166
1739715134966 6.398885630449475 167
1739715134970 6.279286482441497 168
1739715134975 6.162032553807585 169
1739715134979 6.047077429100943 170
1739715134984 5.934375616451808 171
1739715134988 5.823882529123588 172
1739715134992 5.715554467438765 173
1739715134997 5.609348601067064 174
1739715135002 5.505222951668576 175
1739715135006 5.403136375884724 176
1739715135010 5.303048548669943 177
1739715135015 5.204919946957384 178
1739715135019 5.108711833651728 179
1739715135022 5.014386241942628 180
1739715135026 4.921905959932345 181
1739715135030 4.831234515571088 182
1739715135035 4.742336161894088 183
1739715135040 4.6551758625541755 184
1739715135044 4.569719277643927 185
1739715135048 4.485932749801648 186
1739715135052 4.403783290595402 187
1739715135056 4.323238567179483 188
1739715135060 4.244266889217962 189
1739715135064 4.166837196069766 190
1739715135068 4.090919044230216 191
1739715135072 4.016482595023744 192
1739715135076 3.943498602542802 193
1739715135080 3.8719384018279652 194
1739715135086 3.8017738972844937 195
1739715135091 3.732977551330453 196
1739715135096 3.6655223732718705 197
1739715135100 3.5993819084003116 198
1739715135104 3.534530227308438 199
1739715135108 3.4709419154191288 200
1739715135113 3.4085920627239266 201
1739715135117 3.347456253726631 202
1739715135122 3.2875105575878223 203
1739715135126 3.2287315184663843 204
1739715135130 3.1710961460540514 205
1739715135134 3.114581906299085 206
1739715135139 3.05916671231533 207
1739715135143 3.0048289154728334 208
1739715135148 2.9515472966665777 209
1739715135152 2.899301057759557 210
1739715135156 2.848069813196806 211
1739715135161 2.7978335817869597 212
1739715135165 2.7485727786479672 213
1739715135170 2.700268207313639 214
1739715135174 2.652901051997892 215
1739715135178 2.606452870013424 216
1739715135183 2.5609055843418362 217
1739715135187 2.516241476352064 218
1739715135192 2.472443178664271 219
1739715135196 2.4294936681561334 220
1739715135200 2.387376259108851 221
1739715135205 2.3460745964899075 222
1739715135209 2.305572649369982 223
1739715135214 2.265854704471249 224
1739715135218 2.2269053598444684 225
1739715135222 2.1887095186722716 226
1739715135226 2.1512523831961627 227
1739715135230 2.1145194487646495 228
1739715135235 2.0784964980002467 229
1739715135238 2.0431695950828273 230
1739715135243 2.0085250801470638 231
1739715135248 1.974549563791675 232
1739715135253 1.9412299216982054 233
1739715135258 1.9085532893572108 234
1739715135262 1.876507056899637 235
1739715135266 1.8450788640313314 236
1739715135270 1.8142565950685796 237
1739715135274 1.784028374072736 238
1739715135279 1.754382560081842 239
1739715135285 1.7253077424374172 240
1739715135290 1.6967927362044148 241
1739715135294 1.668826577682571 242
1739715135299 1.6413985200072447 243
1739715135303 1.6144980288380115 244
1739715135307 1.5881147781332343 245
1739715135311 1.5622386460088893 246
1739715135316 1.5368597106800075 247
1739715135320 1.5119682464829696 248
1739715135323 1.4875547199772101 249
1739715135328 1.463609786124564 250
1739715135332 1.4401242845448448 251
1739715135336 1.4170892358460463 252
1739715135340 1.3944958380277184 253
1739715135344 1.3723354629560194 254
1739715135348 1.3505996529090871 255
1739715135353 1.3292801171912183 256
1739715135357 1.3083687288145491 257
1739715135361 1.287857521246925 258
1739715135365 1.2677386852245112 259
1739715135369 1.2480045656279795 260
1739715135374 1.2286476584209522 261
1739715135378 1.2096606076494356 262
1739715135382 1.1910362025010435 263
1739715135386 1.1727673744228686 264
1739715135390 1.15484719429672 265
1739715135395 1.1372688696706896 266
1739715135398 1.1200257420458668 267
1739715135403 1.1031112842170965 268
1739715135407 1.0865190976667334 269
1739715135411 1.0702429100103203 270
1739715135415 1.0542765724931331 271
1739715135419 1.0386140575366107 272
1739715135423 1.023249456333651 273
1739715135427 1.0081769764917985 274
1739715135431 0.9933909397234032 275
1739715135439 0.9788857795817362 276
1739715135443 0.9646560392422387 277
1739715135448 0.950696369327929 278
1739715135453 0.9370015257781216 279
1739715135457 0.9235663677595912 280
1739715135462 0.9103858556193323 281
1739715135465 0.8974550488780669 282
1739715135469 0.884769104263713 283
1739715135473 0.8723232737840242 284
1739715135477 0.8601129028375516 285
1739715135482 0.8481334283622706 286
1739715135488 0.8363803770210151 287
1739715135492 0.8248493634230671 288
1739715135498 0.813536088381117 289
1739715135503 0.8024363372029362 290
1739715135507 0.7915459780170513 291
1739715135514 0.7808609601317246 292
1739715135520 0.7703773124266091 293
1739715135525 0.7600911417764015 294
1739715135530 0.749998631505866 295
1739715135535 0.7400960398756066 296
1739715135540 0.7303796985979483 297
1739715135544 0.7208460113823738 298
1739715135548 0.7114914525098817 299
1739715135552 0.7023125654357096 300
1739715135557 0.6933059614198538 301
1739715135561 0.6844683181848358 302
1739715135565 0.6757963786001618 303
1739715135570 0.6672869493929514 304
1739715135575 0.6589368998842111 305
1739715135579 0.6507431607502346 306
1739715135583 0.6427027228086499 307
1739715135587 0.6348126358285843 308
1739715135591 0.6270700073645212 309
1739715135596 0.619472001613302 310
1739715135600 0.6120158382938998 311
1739715135605 0.6046987915494205 312
1739715135609 0.5975181888709719 313
1739715135613 0.5904714100429053 314
1739715135619 0.5835558861090145 315
1739715135623 0.5767690983593051 316
1739715135627 0.5701085773368973 317
1739715135632 0.5635719018646527 318
1739715135636 0.5571566980911564 319
1739715135640 0.5508606385556659 320
1739715135644 0.5446814412716124 321
1739715135648 0.5386168688283528 322
1739715135652 0.5326647275107259 323
1739715135656 0.5268228664361438 324
1739715135661 0.5210891767087824 325
1739715135665 0.5154615905906111 326
1739715135669 0.50993808068887 327
1739715135674 0.5045166591596836 328
1739715135678 0.499195376927501 329
1739715135683 0.49397232292004334 330
1739715135687 0.4888456233184162 331
1739715135693 0.4838134408221451 332
1739715135697 0.4788739739287918 333
1739715135702 0.4740254562278631 334
1739715135706 0.4692661557087522 335
1739715135710 0.46459437408241966 336
1739715135715 0.460008446116521 337
1739715135719 0.4555067389837519 338
1739715135723 0.45108765162311515 339
1739715135728 0.4467496141138736 340
1739715135732 0.4424910870619126 341
1739715135736 0.4383105609982914 342
1739715135740 0.43420655578973316 343
1739715135744 0.4301776200607806 344
1739715135749 0.4262223306274642 345
1739715135753 0.4223392919421539 346
1739715135757 0.4185271355494628 347
1739715135761 0.41478451955292006 348
1739715135765 0.41111012809222935 349
1739715135774 0.40750267083088604 350
1739715135778 0.40396088245397443 351
1739715135782 0.40048352217589345 352
1739715135787 0.39706937325786784 353
1739715135791 0.3937172425350143 354
1739715135796 0.39042595995277823 355
1739715135800 0.38719437811256924 356
1739715135804 0.3840213718263939 357
1739715135808 0.3809058376803167 358
1739715135814 0.3778466936065774 359
1739715135819 0.37484287846417597 360
1739715135823 0.3718933516277789 361
1739715135828 0.36899709258476165 362
1739715135832 0.36615310054023575 363
1739715135835 0.3633603940299015 364
1739715135840 0.3606180105405669 365
1739715135844 0.3579250061381802 366
1739715135849 0.35528045510323175 367
1739715135853 0.3526834495733727 368
1739715135858 0.35013309919310576 369
1739715135862 0.34762853077042616 370
1739715135866 0.34516888794023093 371
1739715135870 0.34275333083442483 372
1739715135874 0.34038103575852774 373
1739715135878 0.3380511948746911 374
1739715135882 0.3357630158909941 375
1739715135887 0.3335157217568718 376
1739715135891 0.33130855036458234 377
1739715135895 0.3291407542565741 378
1739715135899 0.32701160033863613 379
1739715135903 0.3249203695987296 380
1739715135907 0.32286635683137715 381
1739715135911 0.32084887036749304 382
1739715135916 0.3188672318095697 383
1739715135921 0.3169207757720877 384
1739715135925 0.3150088496270597 385
1739715135929 0.313130813254607 386
1739715135933 0.3112860387984612 387
1739715135937 0.30947391042629424 388
1739715135941 0.30769382409479423 389
1739715135945 0.30594518731936793 390
1739715135949 0.3042274189484085 391
1739715135954 0.3025399489420052 392
1739715135958 0.3008822181550319 393
1739715135962 0.2992536781245185 394
1739715135966 0.2976537908612223 395
1739715135970 0.296082028645304 396
1739715135974 0.2945378738260491 397
1739715135979 0.2930208186255333 398
1739715135983 0.29153036494616413 399
1739715135986 0.29006602418202426 400
1739715135991 0.28862731703393213 401
1739715135994 0.28721377332815035 402
1739715135999 0.28582493183867314 403
1739715136003 0.28446034011301263 404
1739715136007 0.28311955430143104 405
1739715136011 0.2818021389895285 406
1739715136015 0.28050766703413454 407
1739715136019 0.27923571940243413 408
1739715136023 0.27798588501426813 409
1739715136026 0.276757760587536 410
1739715136031 0.27555095048664374 411
1739715136035 0.27436506657394366 412
1739715136039 0.2731997280640909 413
1739715136043 0.27205456138127954 414
1739715136047 0.27092920001927606 415
1739715136051 0.2698232844042221 416
1739715136055 0.26873646176012933 417
1739715136059 0.2676683859770197 418
1739715136063 0.26661871748167193 419
1739715136067 0.26558712311089444 420
1739715136071 0.26457327598730984 421
1739715136075 0.26357685539756764 422
1739715136079 0.2625975466729565 423
1739715136083 0.2616350410723698 424
1739715136087 0.26068903566756385 425
1739715136091 0.2597592332306764 426
1739715136095 0.25884534212395227 427
1739715136099 0.25794707619164187 428
1739715136104 0.2570641546540152 429
1739715136108 0.25619630200346766 430
1739715136112 0.2553432479026542 431
1739715136116 0.2545047270846365 432
1739715136120 0.25368047925498033 433
1739715136124 0.25287024899577987 434
1739715136128 0.25207378567156935 435
1739715136133 0.251290843337068 436
1739715136137 0.2505211806467509 437
1739715136142 0.2497645607661803 438
1739715136146 0.24902075128508552 439
1739715136150 0.24828952413214359 440
1739715136154 0.2475706554914275 441
1739715136158 0.24686392572049395 442
1739715136163 0.2461691192700836 443
1739715136167 0.2454860246053825 444
1739715136171 0.2448144341288338 445
1739715136175 0.24415414410446018 446
1739715136179 0.24350495458366617 447
1739715136183 0.24286666933249476 448
1739715136187 0.2422390957603081 449
1739715136191 0.24162204484986186 450
1739715136195 0.24101533108874834 451
1739715136199 0.24041877240218595 452
1739715136203 0.23983219008711243 453
1739715136206 0.23925540874757711 454
1739715136210 0.2386882562313934 455
1739715136214 0.2381305635680211 456
1739715136218 0.23758216490767595 457
1739715136222 0.2370428974616227 458
1739715136226 0.23651260144362993 459
1739715136230 0.23599112001257425 460
1739715136234 0.23547829921616317 461
1739715136238 0.2349739879357555 462
1739715136242 0.23447803783226068 463
1739715136246 0.23399030329309295 464
1739715136250 0.23351064138015484 465
1739715136254 0.23303891177884395 466
1739715136257 0.2325749767480514 467
1739715136261 0.23211870107112764 468
1739715136265 0.23166995200781285 469
1739715136270 0.23122859924709918 470
1739715136273 0.2307945148610118 471
1739715136277 0.23036757325929139 472
1739715136281 0.22994765114495644 473
1739715136285 0.22953462747073108 474
1739715136289 0.2291283833963244 475
1739715136293 0.228728802246535 476
1739715136297 0.22833576947017234 477
1739715136302 0.2279491725997773 478
1739715136306 0.2275689012121304 479
1739715136311 0.22719484688951405 480
1739715136315 0.2268269031817444 481
1739715136319 0.22646496556892456 482
1739715136323 0.22610893142493713 483
1739715136327 0.22575869998162698 484
1739715136331 0.22541417229369354 485
1739715136335 0.22507525120426305 486
1739715136339 0.2247418413111161 487
1739715136343 0.22441384893358654 488
1739715136347 0.22409118208008774 489
1739715136351 0.22377375041628006 490
1739715136354 0.2234614652338448 491
1739715136358 0.2231542394198677 492
1739715136363 0.22285198742681722 493
1739715136367 0.22255462524309952 494
1739715136371 0.2222620703641837 495
1739715136375 0.22197424176428904 496
1739715136379 0.22169105986861556 497
1739715136383 0.22141244652611342 498
1739715136388 0.22113832498277672 499
