1739723160722 163.46097342360153 0
1739723160729 148.79415717962578 1
1739723160734 143.6532840804637 2
1739723160740 135.78002850371135 3
1739723160745 122.17328058898492 4
1739723160751 113.48283064883712 5
1739723160757 111.1120021663424 6
1739723160764 103.11447044333443 7
1739723160769 92.79387584225177 8
1739723160775 91.52184510383152 9
1739723160781 81.51857811069183 10
1739723160787 78.0328581357319 11
1739723160792 69.57598835697185 12
1739723160797 70.04917448451121 13
1739723160803 64.97177012463109 14
1739723160808 61.11551822641184 15
1739723160814 53.1833566277224 16
1739723160819 56.387065975919036 17
1739723160824 49.15167101551232 18
1739723160830 46.78245392812943 19
1739723160835 42.94764518743681 20
1739723160840 43.81969190216864 21
1739723160845 34.68822453595323 22
1739723160851 36.63594746192627 23
1739723160856 36.35015036487466 24
1739723160862 32.82406531019256 25
1739723160867 27.604325936134483 26
1739723160872 26.125618086940108 27
1739723160878 26.38726612186185 28
1739723160884 25.70548453342229 29
1739723160889 23.93973422500553 30
1739723160895 21.427061058739124 31
1739723160900 20.641660119332403 32
1739723160906 17.613225022092802 33
1739723160912 18.302264275318326 34
1739723160919 17.419602222510566 35
1739723160926 16.07823251203982 36
1739723160932 15.894045456179384 37
1739723160937 15.166433563205176 38
1739723160942 13.930810903858283 39
1739723160948 10.808759800465099 40
1739723160953 12.396599043233165 41
1739723160959 9.791410009329221 42
1739723160965 10.901308649507834 43
1739723160970 11.182146229198503 44
1739723160976 9.224753638588028 45
1739723160981 9.512086404152267 46
1739723160987 6.612969218658691 47
1739723160993 7.027549912463322 48
1739723160998 6.675851474390086 49
1739723161003 7.38809416281171 50
1739723161009 5.311075111390563 51
1739723161014 5.544576666397263 52
1739723161019 4.699519045251273 53
1739723161027 4.22201703017948 54
1739723161033 4.512035147568598 55
1739723161039 5.267257519612618 56
1739723161045 4.823295258276027 57
1739723161050 4.387594215449926 58
1739723161056 3.905490161184607 59
1739723161062 3.589020820470349 60
1739723161067 3.6658961105995433 61
1739723161072 3.4617307707386553 62
1739723161078 2.9937098228530066 63
1739723161083 2.003846940586014 64
1739723161088 2.226840437341383 65
1739723161093 2.490037501653377 66
1739723161099 2.1573443858093824 67
1739723161104 1.9202599054680658 68
1739723161109 1.8939229916117177 69
1739723161114 2.203486447538098 70
1739723161119 1.8299985835181256 71
1739723161124 1.9566349065767503 72
1739723161130 1.8852156099959836 73
1739723161135 1.605440151895403 74
1739723161140 1.4141473386466967 75
1739723161145 1.4166598751440647 76
1739723161151 0.9520679298431445 77
1739723161156 1.2838787316093998 78
1739723161162 1.3524863477101063 79
1739723161167 0.898277180749643 80
1739723161173 0.974520178890406 81
1739723161178 0.8798045375668252 82
1739723161184 1.1272986144546648 83
1739723161189 1.155584325265622 84
1739723161194 0.9498992528963753 85
1739723161199 0.7064900972381397 86
1739723161204 0.602955107167195 87
1739723161210 0.591202401979782 88
1739723161215 0.49923379184555067 89
1739723161220 0.6661162324997825 90
1739723161224 0.6521040699179894 91
1739723161229 0.2861359963335639 92
1739723161234 0.4928009380156894 93
1739723161239 0.5142897881488597 94
1739723161244 0.46404323984461027 95
1739723161249 0.48463860131041603 96
1739723161255 0.5850044485936066 97
1739723161260 0.6326024744918878 98
1739723161265 0.3686262572543679 99
1739723161270 0.47603285101732823 100
1739723161276 0.29865882819943507 101
1739723161281 0.2961001297934572 102
1739723161286 0.33106420612386683 103
1739723161291 0.20287252101911424 104
1739723161296 0.2858570568604583 105
1739723161301 0.4488966619286487 106
1739723161306 0.12403264265534795 107
1739723161311 0.3196469711234568 108
1739723161316 0.2792508636877849 109
1739723161322 0.24832244624206865 110
1739723161327 0.24318351216404466 111
1739723161332 0.17730135582924608 112
1739723161337 0.17783648083744188 113
1739723161342 0.1425774460206057 114
1739723161347 0.20593040594849057 115
1739723161352 0.16658536033321666 116
1739723161358 0.10702275537569592 117
1739723161363 0.25596829957265754 118
1739723161369 0.14129264589733914 119
1739723161374 0.13938437740202814 120
1739723161379 0.16986465969037673 121
1739723161383 0.127306109230146 122
1739723161389 0.14255183595074433 123
1739723161394 0.13705272713197764 124
1739723161399 0.1572564727160943 125
1739723161404 0.1640574668933172 126
1739723161410 0.09358944296172486 127
1739723161415 0.12610353783484482 128
1739723161420 0.06609752867500245 129
1739723161425 0.1833919331375282 130
1739723161431 0.10166405446334704 131
1739723161436 0.1632017309516772 132
1739723161441 0.15795524422953142 133
1739723161447 0.11504702586531661 134
1739723161452 0.11492663161215985 135
1739723161457 0.11479235572260259 136
1739723161462 0.06894198596047282 137
1739723161468 0.12216424815511424 138
1739723161473 0.11095680102149248 139
1739723161478 0.12787952427880953 140
1739723161483 0.13181908245431145 141
1739723161488 0.1574043778354445 142
1739723161494 0.07416469152739401 143
1739723161499 0.04917405189915236 144
1739723161505 0.06772307078627543 145
1739723161510 0.08352060292772576 146
1739723161516 0.08888149481748572 147
1739723161521 0.11473909882556345 148
1739723161526 0.0962837997973527 149
1739723161530 0.081262174213606 150
1739723161535 0.059311180469080294 151
1739723161541 0.12223675833385873 152
1739723161547 0.10812442495256555 153
1739723161553 0.060168958005516956 154
1739723161558 0.11727764685961398 155
1739723161564 0.0704782737176016 156
1739723161569 0.09369626159792895 157
1739723161574 0.09096885604518487 158
1739723161579 0.17447174022551 159
1739723161584 0.12033053157371962 160
1739723161589 0.09328119086882866 161
1739723161594 0.0948882947682631 162
1739723161599 0.05117482107037774 163
1739723161604 0.07249623920260075 164
1739723161610 0.07369371837054592 165
1739723161615 0.07235483578746947 166
1739723161620 0.0890558423591424 167
1739723161626 0.1147295896788459 168
1739723161631 0.1372760786417726 169
1739723161636 0.09511509470585888 170
1739723161641 0.17636697072053767 171
1739723161647 0.1110747741107899 172
1739723161652 0.053650298941287825 173
1739723161657 0.11277701488388259 174
1739723161662 0.08922697880435851 175
1739723161668 0.030875975045432377 176
1739723161673 0.08935193819266798 177
1739723161678 0.10447547526768908 178
1739723161683 0.05964210168786606 179
1739723161689 0.07751301558019255 180
1739723161694 0.11127987859377712 181
1739723161699 0.09390661021698189 182
1739723161704 0.08004793474757181 183
1739723161709 0.10237264437702527 184
1739723161714 0.12433585856163211 185
1739723161719 0.08733640778869535 186
1739723161725 0.06283275772241255 187
1739723161730 0.03717405277435426 188
1739723161735 0.060907282458662046 189
1739723161740 0.06753277404616094 190
1739723161745 0.12505982469402396 191
1739723161751 0.13915473293479294 192
1739723161756 0.12082068986107604 193
1739723161762 0.08954711445166384 194
1739723161767 0.10640261297928298 195
1739723161772 0.05524730975649559 196
1739723161778 0.08081394828000667 197
1739723161783 0.08098799389747344 198
1739723161788 0.09305188197885188 199
1739723161793 0.034252589674217945 200
1739723161798 0.0833451317899044 201
1739723161804 0.09421415876807092 202
1739723161809 0.11913407013147251 203
1739723161813 0.0642937111765264 204
1739723161819 0.10006886162344986 205
1739723161824 0.09950002794755061 206
1739723161829 0.11052009792603971 207
1739723161834 0.045550670496111174 208
1739723161839 0.0854399112714734 209
1739723161844 0.13622063044961336 210
1739723161849 0.05452474135685191 211
1739723161854 0.07531752134501964 212
1739723161861 0.15449182388295243 213
1739723161866 0.15359073650067817 214
1739723161872 0.09772530692088631 215
1739723161877 0.06170326594972055 216
1739723161882 0.11512842896924955 217
1739723161887 0.08101849595739978 218
1739723161892 0.11995824715722415 219
1739723161897 0.11016333032829509 220
1739723161902 0.09405977898665661 221
1739723161908 0.08352102920532022 222
1739723161913 0.10465993370515218 223
1739723161918 0.04485354212919076 224
1739723161929 0.0757230989963 225
1739723161935 0.03584421448105112 226
1739723161940 0.07700438211352835 227
1739723161946 0.04733689387156535 228
1739723161952 0.040727711971634876 229
1739723161959 0.0780865590665641 230
1739723161965 0.05767811745853989 231
1739723161971 0.05792290350027851 232
1739723161976 0.07526422508694715 233
1739723161981 0.2690251044665454 234
1739723161987 0.07168686463128907 235
1739723161992 0.11944489110874813 236
1739723161998 0.10468195332246615 237
1739723162003 0.0731586918036135 238
1739723162008 0.09760120393993248 239
1739723162013 0.12108649842617096 240
1739723162018 0.25325295082340643 241
1739723162024 0.1120877507560321 242
1739723162029 0.10569980762386076 243
1739723162034 0.02458515228519626 244
1739723162039 0.06751985862296711 245
1739723162044 0.06951287818704807 246
1739723162049 0.100895883077425 247
1739723162055 0.061449564666150584 248
1739723162060 0.07269696223412798 249
1739723162066 0.046434732053139034 250
1739723162071 0.04345515132100815 251
1739723162077 0.11720237777313858 252
1739723162082 0.11308690863049767 253
1739723162087 0.10115891057734194 254
1739723162092 0.07724013985590554 255
1739723162098 0.06236063926363876 256
1739723162103 0.04975174193383484 257
1739723162108 0.08324695355716562 258
1739723162112 0.11877168921904029 259
1739723162117 0.03361847814851625 260
1739723162123 0.09402457941268445 261
1739723162128 0.09475979478166653 262
1739723162132 0.08919991267537383 263
1739723162137 0.09714085968600493 264
1739723162143 0.07392947145375539 265
1739723162148 0.05362135485928534 266
1739723162153 0.09104718351245535 267
1739723162161 0.06077747014313234 268
1739723162166 0.20253857055850943 269
1739723162171 0.12288408237092716 270
1739723162176 0.07916179308290576 271
1739723162181 0.05166758934525376 272
1739723162186 0.0735826111629805 273
1739723162191 0.049433963358559256 274
1739723162197 0.07691234280599098 275
1739723162202 0.07427541257095667 276
1739723162207 0.09889022362864243 277
1739723162212 0.10203719613829551 278
1739723162216 0.03431734790315586 279
1739723162221 0.09709163618786042 280
1739723162227 0.10817176232565222 281
1739723162232 0.1002794132611459 282
1739723162237 0.08725495846887797 283
1739723162242 0.06502910930083518 284
1739723162248 0.09317429359305099 285
1739723162253 0.08158180198219664 286
1739723162258 0.06516168313202388 287
1739723162263 0.09626882234262633 288
1739723162268 0.09437218915007409 289
1739723162274 0.10619868784966956 290
1739723162279 0.10585406991130195 291
1739723162284 0.1403178131948429 292
1739723162289 0.11997353441540556 293
1739723162294 0.06803827983140402 294
1739723162299 0.10361603714666155 295
1739723162304 0.06531861871199417 296
1739723162309 0.1647000363227075 297
1739723162314 0.1461426976509199 298
1739723162319 0.10699244506667753 299
1739723162324 0.0452157326678369 300
1739723162329 0.07432117108334282 301
1739723162334 0.09253959245495483 302
1739723162339 0.07775655693051453 303
1739723162344 0.07193045220134937 304
1739723162349 0.06370530225649094 305
1739723162354 0.046842007231979566 306
1739723162359 0.13289527303934973 307
1739723162365 0.08866361791006948 308
1739723162370 0.053695688261507266 309
1739723162375 0.07458359340394094 310
1739723162380 0.12087076203333454 311
1739723162385 0.08110898027095392 312
1739723162390 0.05995309551855166 313
1739723162396 0.0620903902281656 314
1739723162401 0.10474302905195043 315
1739723162406 0.17347888315202548 316
1739723162412 0.09961485545717108 317
1739723162417 0.07838179450987436 318
1739723162423 0.05355462750924679 319
1739723162428 0.1252690975385509 320
1739723162433 0.11104261563724119 321
1739723162438 0.051522302831155796 322
1739723162444 0.06693736504899621 323
1739723162449 0.09222307790007603 324
1739723162501 0.06323070840402882 325
1739723162506 0.04374256904302021 326
1739723162512 0.11183543833778084 327
1739723162517 0.10404655157148641 328
1739723162522 0.10134892591008753 329
1739723162528 0.04344170479722267 330
1739723162533 0.057763682121344126 331
1739723162538 0.044651161910404955 332
1739723162543 0.059676160928169034 333
1739723162547 0.17157521428648664 334
1739723162552 0.05698712247940247 335
1739723162557 0.04345231370917653 336
1739723162562 0.03314295173808498 337
1739723162567 0.08862617851216047 338
1739723162572 0.04916809299126216 339
1739723162577 0.11448655040164148 340
1739723162582 0.07030635907579506 341
1739723162587 0.08001045474913902 342
1739723162592 0.08793474516740296 343
1739723162598 0.07539457240929884 344
1739723162603 0.05784072505840502 345
1739723162607 0.15649919793345668 346
1739723162612 0.07226293698038808 347
1739723162617 0.027141679392039736 348
1739723162622 0.23205146945679722 349
1739723162627 0.03775972437571707 350
1739723162632 0.08885705298699557 351
1739723162637 0.07146862924544847 352
1739723162643 0.08409328824323722 353
1739723162648 0.03935379252271535 354
1739723162654 0.07319080357282522 355
1739723162659 0.06083292175575185 356
1739723162664 0.04882854118026837 357
1739723162670 0.06225570479248506 358
1739723162675 0.06804874209666593 359
1739723162680 0.0947713778148441 360
1739723162686 0.08780390736939667 361
1739723162691 0.06892797845154454 362
1739723162696 0.07372136615207232 363
1739723162702 0.10862801165965863 364
1739723162707 0.036084130656560694 365
1739723162712 0.10792771547792834 366
1739723162717 0.06044780380838173 367
1739723162722 0.10308636634102562 368
1739723162727 0.03904381223003515 369
1739723162733 0.12022847317016794 370
1739723162739 0.058253931228170415 371
1739723162744 0.13345127995515024 372
1739723162750 0.11343678520950078 373
1739723162755 0.07343601730842471 374
1739723162760 0.0893483715725684 375
1739723162766 0.08135980408299386 376
1739723162771 0.055378817075333354 377
1739723162777 0.10160229641057734 378
1739723162782 0.17680189670580868 379
1739723162788 0.08414130691387642 380
1739723162793 0.11319046347481951 381
1739723162799 0.043921901486575717 382
1739723162804 0.11073745364811002 383
1739723162809 0.10479288210542992 384
1739723162815 0.07595119744432222 385
1739723162820 0.0766735264682915 386
1739723162825 0.06039799476466334 387
1739723162830 0.16106215442488175 388
1739723162836 0.14241913470216344 389
1739723162842 0.10690208163782478 390
1739723162847 0.09682224448036092 391
1739723162852 0.10738609589651596 392
1739723162858 0.056428616261136696 393
1739723162863 0.10010773318515698 394
1739723162868 0.05235279402354433 395
1739723162875 0.0421113971741808 396
1739723162880 0.09381064755118537 397
1739723162886 0.1515073737811439 398
1739723162891 0.04365769717932387 399
1739723162897 0.04884369920719874 400
1739723162902 0.05338289399873751 401
1739723162908 0.06304448636393192 402
1739723162913 0.19429929052932443 403
1739723162919 0.08527764216957552 404
1739723162924 0.06988431123750237 405
1739723162929 0.09928654853725015 406
1739723162934 0.10837245781088209 407
1739723162940 0.0724155343716865 408
1739723162946 0.06975290953477147 409
1739723162951 0.07624073794937891 410
1739723162957 0.09127683741162865 411
