1739717395183 13.482412764771102 0
1739717395219 1084.5392271417459 1
1739717395251 25099.37322657046 2
1739717395283 0.5728072293096522 3
1739717395316 33.49486364906995 4
1739717395348 0.1141882370484135 5
1739717395381 28386.508006980876 6
1739717395414 1600.286042501768 7
1739717395446 1588535.0526001055 8
1739717395478 80928320.11465465 9
1739717395514 1.1182063480292797 10
1739717395583 10993.600431892477 11
1739717395616 648.4630223429617 12
1739717395648 2153.5149064199727 13
1739717395681 7535.14977957721 14
1739717395713 0.006993510268738082 15
1739717395745 188.7928145405793 16
1739717395777 26.70710053575965 17
1739717395809 957.7054060876563 18
1739717395841 4825770.184963132 19
1739717395874 145407.5605065441 20
1739717395906 545.8944533791915 21
1739717395938 3151.048695721435 22
1739717395970 0.016658173330422583 23
1739717396002 0.00026263497257642817 24
1739717396034 1.0315159183825824 25
1739717396067 2802.5069100262567 26
1739717396099 0.10038728604251411 27
1739717396131 9001.271975484715 28
1739717396163 612.3353362649207 29
1739717396195 4395.859508854564 30
1739717396227 19195285513.499615 31
1739717396259 19140320.62269245 32
1739717396291 13903.753305334907 33
1739717396323 0.1031942008401311 34
1739717396355 0.10419645862553929 35
1739717396387 5.901116154887594 36
1739717396419 6982.549430799728 37
1739717396452 5.272708034242729 38
1739717396484 126294.85793341245 39
1739717396516 1381.7729698972903 40
1739717396548 41008.49053156398 41
1739717396580 7.137658331083404 42
1739717396612 0.13764606728310216 43
1739717396645 1.116463121308441 44
1739717396677 35.0672307739239 45
1739717396709 0.018021967433795836 46
1739717396741 46317.11915277793 47
1739717396774 5.123596849996852 48
1739717396806 464.55591594258874 49
1739717396838 211.93435411766762 50
1739717396870 0.19298250045523072 51
1739717396903 1346.3428871526803 52
1739717396935 4.406043448743341 53
1739717396967 767.9018087286437 54
1739717396999 1167293.2870760984 55
1739717397031 1.4881724812991741 56
1739717397064 9.902081716504755 57
1739717397096 0.015885341890927933 58
1739717397128 88035.67903856935 59
1739717397161 160192.345309103 60
1739717397193 35.74894123398272 61
1739717397225 1228.8989957842434 62
1739717397257 123.38908365446538 63
1739717397290 7905.192650888104 64
1739717397322 212.86284081902352 65
1739717397354 12.189889222772413 66
1739717397386 36.333824925206585 67
1739717397418 3197.55599392524 68
1739717397450 617.3146681893338 69
1739717397482 52603.00223678498 70
1739717397514 0.13785736201821835 71
1739717397546 31751.798482774644 72
1739717397578 46855195.86468673 73
1739717397610 0.8203788222460608 74
1739717397642 63.35620292468673 75
1739717397675 3691037.857058789 76
1739717397707 12385391.102034634 77
1739717397739 3.0164048764374116 78
1739717397771 76.12904402701255 79
1739717397803 90.3683789530194 80
1739717397835 10.477449280882075 81
1739717397866 241187.87829714554 82
1739717397898 160214229759.31693 83
1739717397930 2074762693.8412302 84
1739717397961 1200228976.1005816 85
1739717397993 352390726.2101723 86
1739717398025 877167222061.7559 87
1739717398058 246176171967741.25 88
1739717398090 3087907279.8749948 89
1739717398121 15663550801188.188 90
1739717398154 2287126246488.0176 91
1739717398186 1510465719086.4482 92
1739717398218 233.16742698876828 93
1739717398250 5.464546406936921 94
1739717398283 0.9857251601676438 95
1739717398315 277092807.7015119 96
1739717398347 383921.51976603904 97
1739717398379 873019206.7262708 98
1739717398410 1.0016013391064283e+21 99
1739717398442 6.640084454629502e+24 100
1739717398474 2.50149082448039e+20 101
1739717398507 2.4049577080500211e+27 102
1739717398539 2.4388843031196933e+20 103
1739717398571 2.06952575399597e+23 104
1739717398603 2.1196956821440707e+22 105
1739717398635 1.2263359397269993e+18 106
1739717398667 4.009281486667254e+23 107
1739717398699 4.7400669729394976e+23 108
1739717398731 4.010803573866618e+22 109
1739717398763 3.314687105533624e+29 110
1739717398796 3.2820514544120207e+22 111
1739717398827 1.576252623985153e+23 112
1739717398867 8.389124988749049e+27 113
1739717398900 8.009736352527969e+29 114
1739717398937 9.02824654984453e+19 115
1739717398970 2.1188175748999888e+22 116
1739717399003 6.145062811798972e+28 117
1739717399035 1.6586774551799782e+28 118
1739717399069 9.667998662506029e+27 119
1739717399101 2.524315906282613e+31 120
1739717399133 5.629622509385889e+30 121
1739717399165 8.206523591529751e+27 122
1739717399197 1.0974574536179318e+27 123
1739717399229 2.4126352392109638e+19 124
1739717399260 3.093724607802652e+18 125
1739717399292 4884691511915292.0 126
1739717399324 7.514297209842324e+18 127
1739717399356 5.906659239541583e+18 128
1739717399388 6.78067366959918e+20 129
1739717399420 1306727660539455.5 130
1739717399452 5124393042775.91 131
1739717399485 16287.157208484541 132
1739717399517 200421.01809596652 133
1739717399548 1.423861642879113 134
1739717399579 5.770299394555738 135
1739717399612 36596860.28384618 136
1739717399643 256283.39196054835 137
1739717399675 3196036.5536364857 138
1739717399708 202.43115401682388 139
1739717399740 7761967.048392904 140
1739717399772 158.21782009594455 141
1739717399804 6459682181.116258 142
1739717399836 122380435.00985299 143
1739717399869 24946702.36540093 144
1739717399901 2415.4104454647168 145
1739717399933 51.633082152388994 146
1739717399965 1.3770583112287529 147
1739717399998 25.338622042632664 148
1739717400030 1634.6812111163738 149
1739717400062 0.013855406495349746 150
1739717400094 1997.161418034631 151
1739717400127 85.66568870993808 152
1739717400159 1.9236240416242174 153
1739717400191 2558.907404713169 154
1739717400224 3.4986825127272687 155
1739717400256 1406.0487740193898 156
1739717400289 77.0502389049967 157
1739717400321 30579.19073381342 158
1739717400353 1.5015305409764457 159
1739717400386 3197810.0198523523 160
1739717400418 4265.821075280481 161
1739717400450 1977.7036464902342 162
1739717400482 603.8490872706576 163
1739717400515 0.02559087432031774 164
1739717400547 5097.240921105485 165
1739717400579 696.289458748143 166
1739717400611 2.454793949077143 167
1739717400643 820.909683116823 168
1739717400675 1.2281669594894025 169
1739717400707 3226768.2748912303 170
1739717400739 188757959.75467646 171
1739717400771 1309567251609745.5 172
1739717400803 205223966.54805598 173
1739717400835 10875985.87939658 174
1739717400867 605367.1102473802 175
1739717400900 11602.070212718436 176
1739717400932 163.7450407147201 177
1739717400964 20983.84718452346 178
1739717400997 18044655.644189704 179
1739717401029 36637241606729.734 180
1739717401061 27415944.17510273 181
1739717401093 5185881.805290763 182
1739717401126 1404070637.042796 183
1739717401158 1967239.1018055058 184
1739717401191 77257.78942149751 185
1739717401224 0.1744710337127745 186
1739717401256 3469761.4256377546 187
1739717401289 7.705139403754674 188
1739717401321 7.6515124170925475 189
1739717401353 278650.93254505 190
1739717401385 7960.459593211534 191
1739717401418 123268126366.3035 192
1739717401450 6.981830324980655 193
1739717401482 0.9111771662819651 194
1739717401514 67592.8935051987 195
1739717401546 4.638328955242791 196
1739717401579 64.3790761550705 197
1739717401611 0.013396983931330562 198
1739717401643 57.632168863365074 199
1739717401675 83595.11827385816 200
1739717401708 5636327001.631883 201
1739717401741 24861.89921715446 202
1739717401773 154412189.25123036 203
1739717401805 7.997752710151974 204
1739717401838 344.7208864349349 205
1739717401870 338238.15145999705 206
1739717401903 220628.9432415773 207
1739717401935 223.99788386704319 208
1739717401967 432.17600430403456 209
1739717401999 2.0267767343407375 210
1739717402031 1165.2117067757451 211
1739717402063 11.042158525584902 212
1739717402095 925.9462027741766 213
1739717402127 1140177.4624400525 214
1739717402161 88103.53924123754 215
1739717402195 67.32703869625102 216
1739717402229 1362.640385997147 217
1739717402263 58733463.407924145 218
1739717402297 934.3866379631936 219
1739717402330 3.336176456636641 220
1739717402364 471089.18352342886 221
1739717402398 3236350769.7121363 222
1739717402431 11805295830.526903 223
1739717402465 121297805156.46782 224
1739717402499 4440273.51440068 225
1739717402533 87.04094945995031 226
1739717402566 74.9461069454508 227
1739717402599 10.350811967851099 228
1739717402632 0.025108771098863322 229
1739717402664 0.42962651924440926 230
1739717402698 24.543343010798864 231
1739717402731 0.47297202999830357 232
1739717402765 0.04529421363896507 233
1739717402798 9.133464923297538 234
1739717402832 4.442117275547927 235
1739717402865 2264.67914401473 236
1739717402899 4708.08849904917 237
1739717402932 16.279621710064486 238
1739717402966 0.04418368604162999 239
1739717403000 14.059815338537216 240
1739717403033 2248636.593321945 241
1739717403067 17487492.711040646 242
1739717403100 5300140582140.46 243
1739717403134 1.744504267669332e+16 244
1739717403167 214427677746.77585 245
1739717403201 5189838602563.632 246
1739717403235 196825928334.82095 247
1739717403268 374.9354856374738 248
1739717403302 3954.4440546239266 249
1739717403336 0.17129316308523324 250
1739717403370 256607.84260300655 251
1739717403404 3.734245946211154 252
1739717403438 195505.162955435 253
1739717403472 24890.68651947597 254
1739717403506 1.766088119995713 255
1739717403540 794.7463247595086 256
1739717403574 0.05225923478445877 257
1739717403607 178.1833396793737 258
1739717403641 1579354707.9073179 259
1739717403675 15084.396147156904 260
1739717403709 8322613.433724667 261
1739717403743 1447380.878531868 262
1739717403777 2669.096759941743 263
1739717403812 2481.97329007944 264
1739717403847 110.32756455735804 265
1739717403881 8658.537702698768 266
1739717403914 3062152.280862484 267
1739717403947 62.43746475953484 268
1739717403980 0.17423082913412405 269
1739717404015 40.173290515244 270
1739717404049 0.3984227022189639 271
1739717404082 28.56463781603072 272
1739717404116 2.0039691092512575 273
1739717404149 0.18687795456558337 274
1739717404182 1.210772726005223 275
1739717404215 52369.83627839999 276
1739717404248 253990805.03731376 277
1739717404280 7715571.895967207 278
1739717404313 15292.401094235502 279
1739717404346 88268383.82246011 280
1739717404378 903134698.4521977 281
1739717404410 18986213.73920448 282
1739717404443 0.3918307481635978 283
1739717404475 0.21722218521392758 284
1739717404508 0.4773783258037169 285
1739717404540 19995.106052254538 286
1739717404573 11.63849797966696 287
1739717404605 0.18100552248040627 288
1739717404638 2.4195390272993467 289
1739717404670 89.81124488377154 290
1739717404702 8.983900565512327 291
1739717404736 0.8910410205480676 292
1739717404770 257171590.62232304 293
1739717404805 3.9446936967156666e+17 294
1739717404838 523130705317380.0 295
1739717404870 960195195.5410882 296
1739717404903 14395412510546.246 297
1739717404935 12286635335.690533 298
1739717404968 33097129095491.035 299
1739717405000 4505805534635.443 300
1739717405032 152381920.45644307 301
1739717405065 1876369.7685024063 302
1739717405097 1.008511459856682 303
1739717405129 54850.15324373828 304
1739717405161 0.08336578075349414 305
1739717405193 25855.53123185895 306
1739717405225 9019.140812242611 307
1739717405258 5.361142331486841 308
1739717405290 3.01202491804671 309
1739717405322 1349095148.0835137 310
1739717405354 2.5938369460491302e+17 311
1739717405386 2.2481504423297298e+18 312
1739717405419 1.1953328683087657e+19 313
1739717405451 1.2618143693845167e+22 314
1739717405483 7.90725581138432e+23 315
1739717405515 1.2618021340618117e+19 316
1739717405548 2.70243877891843e+24 317
1739717405580 4.446871495227789e+26 318
1739717405613 1.1295289967228435e+27 319
1739717405646 6.193604657841033e+25 320
1739717405680 2.2646795626259927e+26 321
1739717405712 2.3297533353524564e+25 322
1739717405745 1.0945941942553848e+31 323
1739717405777 4.844402512484137e+28 324
1739717405808 1.237905068379974e+34 325
1739717405840 3.555072910750141e+30 326
1739717405872 3.380294013895958e+36 327
1739717405904 2.6595801745100317e+38 328
1739717405936 7.7030948175540115e+31 329
1739717405968 1.1194549128451104e+34 330
1739717406000 3.595723778490161e+32 331
1739717406032 2.3762929480933167e+35 332
1739717406064 2.741434011095024e+36 333
1739717406096 2.8657218507164244e+32 334
1739717406128 8.88333832145429e+27 335
1739717406161 2.3089057327802196e+33 336
1739717406193 2.920051893128242e+33 337
1739717406225 1.2827631229273279e+29 338
1739717406257 3.0219958116829294e+41 339
1739717406289 3.21923484223143e+35 340
1739717406321 5.12346169908757e+36 341
1739717406353 8.142129684078475e+32 342
1739717406386 1.4089022450501222e+34 343
1739717406418 8.175185565460252e+28 344
1739717406450 7.566247838310625e+27 345
1739717406482 6.611693745993697e+27 346
1739717406514 9.057415983489878e+23 347
1739717406547 8695416142411708.0 348
1739717406579 1.047594052182245e+20 349
1739717406611 2.145238832026237e+16 350
1739717406644 1.804952966813453e+19 351
1739717406676 160926223007.96793 352
1739717406708 3119944779142.1646 353
1739717406740 32915699531.014244 354
1739717406773 14717804.031551406 355
1739717406805 697.0982412061181 356
1739717406837 15.70478082183565 357
1739717406869 1271.0307306772104 358
1739717406901 1560.2831885854193 359
1739717406933 28.633419822663576 360
1739717406966 163352.49404837957 361
1739717406997 10.512766503229026 362
1739717407029 3338.0029455339054 363
1739717407061 1.7568334527570904 364
1739717407094 464.55645368298866 365
1739717407125 36.924197361857786 366
1739717407158 0.059331013212150695 367
1739717407190 19218243.809431303 368
1739717407223 16600.832605383544 369
1739717407255 11.157342378749725 370
1739717407287 50127202.747997195 371
1739717407319 749276796.0698842 372
1739717407352 102269976580.38861 373
1739717407384 21772240222.976852 374
1739717407416 6412624125.59693 375
1739717407449 4709124373034.0625 376
1739717407481 430574785508205.1 377
1739717407514 698344081527.8468 378
1739717407547 212008702404.3252 379
1739717407579 41173070.51302365 380
1739717407611 2594.8681284504146 381
1739717407643 0.17366054487342975 382
1739717407676 6.997428918017711 383
1739717407708 0.31233665330728455 384
1739717407740 148.5704172882826 385
1739717407772 17.163130939188804 386
1739717407804 2083.812509713455 387
1739717407836 521517.05487008824 388
1739717407869 5708770.295981424 389
1739717407902 1647508.296101691 390
1739717407934 650866854633751.0 391
1739717407966 4.663293451149234e+21 392
1739717407998 4.232318248963152e+24 393
1739717408031 2.4308876743744703e+26 394
1739717408063 2.778949436258688e+28 395
1739717408095 3.796833435161212e+26 396
1739717408128 4.639606621830443e+28 397
1739717408160 2.8157423941191046e+28 398
1739717408192 2.156505616858282e+24 399
1739717408224 9.305278606859435e+24 400
1739717408257 5.296104857956588e+20 401
1739717408289 231470443872559.97 402
1739717408321 5990889049.426722 403
1739717408353 790701736854.3601 404
1739717408385 108566.11014115239 405
1739717408418 299647490.9652154 406
1739717408450 57155729181.33598 407
1739717408482 755051.3439049242 408
1739717408514 262617.5310476073 409
1739717408547 166418.5507473639 410
1739717408579 0.12874797823433107 411
1739717408612 985100.9950993517 412
1739717408644 1479437.1989858916 413
1739717408676 60802782.25966162 414
1739717408709 1435.251783728831 415
1739717408741 5788892.655041475 416
1739717408773 0.10344707541708145 417
1739717408805 26314502.73392829 418
1739717408837 3005.6877275666648 419
1739717408870 184930.34981439312 420
1739717408903 267900.4222831075 421
1739717408935 715710240838.4889 422
1739717408968 17192355506.702007 423
1739717409001 2972554.587421041 424
1739717409033 204801998.69676352 425
1739717409066 50864.87271145784 426
1739717409098 100931855.77450104 427
1739717409130 181195906.16870883 428
1739717409162 45213.11205267299 429
1739717409195 10723.586614247179 430
1739717409227 243133.65589124963 431
1739717409259 14379.948323270157 432
1739717409292 106152.5424644837 433
1739717409324 802528218.0056044 434
1739717409356 63110439.2971249 435
1739717409390 6484.823907695918 436
1739717409422 31590105.57482376 437
1739717409454 2.7933352186592266 438
1739717409487 318.52318662814434 439
1739717409519 610.1371871485397 440
1739717409551 4918870.344299899 441
1739717409583 60.76270440421073 442
1739717409616 70.20502421195971 443
1739717409648 8.411100122744937 444
1739717409680 0.612707962454 445
1739717409713 4.90638417351849 446
1739717409745 266564.2376162834 447
1739717409777 0.007403085244295876 448
1739717409810 2.023715810832553 449
1739717409842 0.3998881482461058 450
1739717409874 9911.53323999369 451
1739717409907 0.006383883605842485 452
1739717409939 2124.94529270783 453
1739717409972 0.0423336512732507 454
1739717410004 0.034194470595998665 455
1739717410036 0.3190148081622252 456
1739717410068 0.0015431249282302501 457
1739717410101 0.7520383195372172 458
1739717410133 0.4277718476620136 459
1739717410165 1530.1344101707452 460
1739717410197 1.8937958441235558 461
1739717410229 4682.60320227867 462
1739717410261 0.7149149425655699 463
1739717410293 0.09002921088290948 464
1739717410325 0.04797451752751222 465
1739717410358 2.002172721158013 466
1739717410390 0.030381331198146698 467
1739717410423 45.800023777110304 468
1739717410455 109.59392948802734 469
1739717410487 0.06803214486566585 470
1739717410520 394170.87969687034 471
1739717410552 18373.08808041695 472
1739717410584 45.49327294167446 473
1739717410616 4.3043058844545214 474
1739717410647 0.0675796879203015 475
1739717410680 10.106169871698995 476
1739717410712 843660.481555296 477
1739717410743 253192809.18778 478
1739717410775 1867.8764924664958 479
1739717410807 607.2307683856596 480
1739717410839 1.9841117563662194 481
1739717410872 89.07956390637274 482
1739717410904 1962.5207558599307 483
1739717410936 0.2555366135015237 484
1739717410968 1.2707189856954344 485
1739717411000 2177.12542931926 486
1739717411032 1513.968944486379 487
1739717411064 72.12472323755307 488
1739717411096 12145.93999389459 489
1739717411129 23880.539193194174 490
1739717411161 13.011178461617488 491
1739717411193 6953.680972526135 492
1739717411226 4.5235281383446155 493
1739717411258 62222568.53897128 494
1739717411289 150773.80590260774 495
1739717411322 0.46964646200534377 496
1739717411354 11.153791757057622 497
1739717411386 2677.754739387768 498
1739717411418 247.99281245716497 499
