1739717951098 77.18447214880538 0
1739717951126 42.01094310111414 1
1739717951154 22.16242582375634 2
1739717951182 14.308289006042838 3
1739717951210 11.181507132884974 4
1739717951238 6.663455213182518 5
1739717951267 7.694961055682484 6
1739717951296 6.87122336362958 7
1739717951324 7.289569611779524 8
1739717951353 5.463384399128811 9
1739717951383 4.784742421013883 10
1739717951412 5.818850965345946 11
1739717951440 5.510976706158903 12
1739717951468 5.122818228388501 13
1739717951496 3.1642016712365084 14
1739717951524 2.465391964071888 15
1739717951551 4.590415712171743 16
1739717951580 4.355483010715823 17
1739717951610 5.022147876514765 18
1739717951638 4.911322544586819 19
1739717951666 2.913741038978183 20
1739717951693 4.261668516717443 21
1739717951722 4.90419609746372 22
1739717951749 4.704509408696827 23
1739717951777 4.268800060251748 24
1739717951806 5.199723317518634 25
1739717951834 5.4427862323628995 26
1739717951862 6.16229772756013 27
1739717951891 5.718752718946503 28
1739717951919 3.7057599068937273 29
1739717951946 6.60893151766474 30
1739717951973 5.676950268703063 31
1739717952000 5.238040700960456 32
1739717952028 3.382942056458558 33
