1739715881559 142.14935964556796 0
1739715881567 124.75972488265349 1
1739715881573 109.08425061713235 2
1739715881579 93.15503994647679 3
1739715881585 80.00569430464927 4
1739715881591 69.83225069121885 5
1739715881597 60.511413145153945 6
1739715881602 52.42331912748055 7
1739715881608 45.5858315849368 8
1739715881613 38.55248943133411 9
1739715881619 32.797040296186886 10
1739715881624 29.714288547316848 11
1739715881630 25.28785580280473 12
1739715881637 21.426615858270154 13
1739715881643 19.396539528273763 14
1739715881648 16.418748354011402 15
1739715881654 14.02362430177539 16
1739715881660 12.547960164540962 17
1739715881666 10.461032882441842 18
1739715881672 9.513534380578784 19
1739715881678 7.832540131967986 20
1739715881684 6.9452199299651625 21
1739715881689 6.186532479799811 22
1739715881695 5.246648403305791 23
1739715881701 4.524473790606064 24
1739715881707 3.860872192777972 25
1739715881713 3.24113675522122 26
1739715881719 2.8327873269689055 27
1739715881725 2.6379862999671495 28
1739715881731 2.0716733296161376 29
1739715881737 2.0619243693680285 30
1739715881743 1.5787056004799127 31
1739715881748 1.362107187777659 32
1739715881755 1.188129587361991 33
1739715881762 1.1245449963233476 34
1739715881768 0.8023508348693479 35
1739715881774 0.8609474609315291 36
1739715881780 0.702021797723232 37
1739715881788 0.797533800063549 38
1739715881796 0.7563684749474434 39
1739715881802 0.5460773199344523 40
1739715881808 0.40362183314664823 41
1739715881814 0.451132306414273 42
1739715881820 0.3560170574283408 43
1739715881826 0.28142789531501533 44
1739715881833 0.29528606439629834 45
1739715881839 0.1861424047431409 46
1739715881845 0.2400858233241536 47
1739715881852 0.18702779766363856 48
1739715881858 0.16434530857273963 49
1739715881864 0.20182443777414286 50
1739715881871 0.20304005781147746 51
1739715881877 0.18586432314540838 52
1739715881883 0.08862034402420171 53
1739715881889 0.16184275763411146 54
1739715881896 0.11284610282431363 55
1739715881903 0.23662167824822739 56
1739715881909 0.12413870548721385 57
1739715881916 0.08371184264558836 58
1739715881922 0.11608201530189892 59
1739715881929 0.10156618285235695 60
1739715881935 0.13916503611362652 61
1739715881941 0.18014279224064 62
1739715881947 0.08428321821985056 63
1739715881953 0.11614614805746483 64
1739715881959 0.08108653020215269 65
1739715881965 0.0940394038666288 66
1739715881970 0.08018740176204706 67
1739715881976 0.11096220709089778 68
1739715881981 0.09480231773929361 69
1739715881986 0.07751892804469225 70
1739715881992 0.06374478736206593 71
1739715881997 0.067177346267733 72
1739715882002 0.09829062848198344 73
1739715882007 0.06486556978068835 74
1739715882013 0.04566696863890633 75
1739715882018 0.10100151451281544 76
1739715882023 0.12215044664308196 77
1739715882029 0.07109493851157539 78
1739715882034 0.0879357507624304 79
1739715882040 0.09639347421283598 80
1739715882046 0.10573799596268688 81
1739715882051 0.0948451613514337 82
1739715882057 0.11026266087697327 83
1739715882063 0.09479492849920942 84
1739715882068 0.10352396321783709 85
1739715882073 0.08735741121160447 86
1739715882078 0.05984168634332793 87
1739715882084 0.08531799988346091 88
1739715882089 0.06294788667384267 89
1739715882095 0.05177678723703767 90
1739715882101 0.07351273889076397 91
1739715882107 0.10503497212931458 92
1739715882112 0.09454009687031042 93
1739715882117 0.10905473436113983 94
1739715882123 0.06991051994725916 95
1739715882128 0.09689223588341819 96
1739715882133 0.06723150683500384 97
1739715882139 0.09444521963687098 98
1739715882145 0.07708285426105749 99
1739715882151 0.1461409832586407 100
1739715882156 0.1293633466077148 101
1739715882162 0.07361784911158367 102
1739715882168 0.07296518571208789 103
1739715882173 0.059876420851096734 104
1739715882178 0.07680014841599457 105
1739715882183 0.08779850015430299 106
1739715882189 0.10878342780081023 107
1739715882195 0.07166226244274507 108
1739715882200 0.07546186067394875 109
1739715882205 0.08580653863057511 110
1739715882210 0.12226990981861696 111
1739715882216 0.09231496778435952 112
1739715882225 0.08432315011119616 113
1739715882232 0.10361329994231008 114
1739715882238 0.11305969615341813 115
1739715882244 0.0825398271528762 116
1739715882252 0.08405181737635249 117
1739715882260 0.053029552854620396 118
1739715882266 0.1071336029593726 119
1739715882272 0.05806806175288122 120
1739715882278 0.08439843094648389 121
1739715882284 0.08908619538039858 122
1739715882290 0.09101817463822096 123
1739715882296 0.0911551745947285 124
1739715882302 0.11451246223286966 125
1739715882308 0.07121962516791948 126
1739715882313 0.0913175651608784 127
1739715882319 0.0814545002501775 128
1739715882325 0.049665290662704066 129
1739715882330 0.09426347552942044 130
1739715882336 0.09040146610580774 131
1739715882341 0.1296827150452684 132
1739715882347 0.06313581558912937 133
1739715882353 0.10730151598763321 134
1739715882358 0.1992832450990814 135
1739715882364 0.06968129261171199 136
1739715882369 0.0829834523772621 137
1739715882375 0.0813518656469622 138
1739715882381 0.08998194090044631 139
1739715882386 0.11658379610952697 140
1739715882393 0.0830400334272783 141
1739715882399 0.06479925024821118 142
1739715882406 0.09043319986763096 143
1739715882412 0.08380962751273371 144
1739715882418 0.0775446877707325 145
1739715882426 0.0820844653240693 146
1739715882433 0.07997687193339427 147
1739715882439 0.05293576458042736 148
1739715882445 0.04667250353226973 149
1739715882451 0.09329522683174682 150
1739715882458 0.08040573629822809 151
1739715882464 0.129241015938348 152
1739715882470 0.0827578092997551 153
1739715882476 0.11244861295799685 154
1739715882482 0.06375150317996175 155
1739715882487 0.08131341011971152 156
1739715882493 0.05379980251515535 157
1739715882498 0.12227742096264152 158
1739715882504 0.07095176731875873 159
1739715882510 0.06503840782265755 160
1739715882516 0.05217432035562466 161
1739715882523 0.08240185074225378 162
1739715882528 0.10465787101794558 163
1739715882534 0.04816852676319621 164
1739715882540 0.13616167720574437 165
1739715882545 0.10248264605513416 166
1739715882551 0.08505804105622863 167
1739715882557 0.1141318360068197 168
1739715882563 0.15185896866496518 169
1739715882568 0.07212422795609305 170
1739715882574 0.10642776482234396 171
1739715882580 0.06772277605246822 172
1739715882586 0.07760370097147265 173
1739715882591 0.09293859605566261 174
1739715882597 0.0642970831471441 175
1739715882604 0.05606155247726115 176
1739715882609 0.07932901019626383 177
1739715882614 0.07681312909783362 178
1739715882620 0.08368509194159175 179
1739715882626 0.09597230531545878 180
1739715882631 0.13148405345397804 181
1739715882637 0.0971366414762906 182
1739715882644 0.06973001125728975 183
1739715882650 0.1154313218097284 184
1739715882656 0.08033495628174146 185
1739715882663 0.09174038452417457 186
1739715882669 0.07425174932084326 187
1739715882675 0.10090382887510331 188
1739715882680 0.08388641788800517 189
1739715882686 0.06899961707806682 190
1739715882691 0.08695217225895982 191
1739715882697 0.09704769008375423 192
1739715882702 0.20682952724238626 193
1739715882708 0.08045896043716813 194
1739715882713 0.09055707126766323 195
1739715882719 0.12824707846215927 196
1739715882726 0.08407637262445802 197
1739715882731 0.07519072382201056 198
1739715882736 0.10018680165516301 199
1739715882742 0.07893372815615894 200
1739715882747 0.08594169431670254 201
1739715882752 0.09011798553411206 202
1739715882763 0.050202185104638385 203
1739715882769 0.08589126124195368 204
1739715882776 0.25993670016669335 205
1739715882783 0.08398755492766086 206
1739715882789 0.07887642023163732 207
