1739714623479 169.81533596875286 0
1739714623485 166.1252234708072 1
1739714623490 162.6875515554982 2
1739714623495 159.3902789690402 3
1739714623501 156.1890875521509 4
1739714623506 153.065405363775 5
1739714623511 150.0106780309035 6
1739714623516 147.02039047836075 7
1739714623521 144.09174321281165 8
1739714623525 141.22271823924802 9
1739714623530 138.4116853902437 10
1739714623535 135.65722598358505 11
1739714623541 132.95804807051678 12
1739714623547 130.31294266076355 13
1739714623552 127.72075957188773 14
1739714623557 125.18039334268028 15
1739714623562 122.69077463180385 16
1739714623567 120.25086475635162 17
1739714623572 117.85965209571901 18
1739714623577 115.51614963473986 19
1739714623582 113.21939321789462 20
1739714623586 110.96844025570296 21
1739714623591 108.76236872391192 22
1739714623596 106.60027635595176 23
1739714623600 104.48127996574068 24
1739714623605 102.4045148605816 25
1739714623610 100.36913431806427 26
1739714623615 98.37430910982388 27
1739714623619 96.41922706070127 28
1739714623624 94.50309263551115 29
1739714623629 92.6251265480085 30
1739714623634 90.784565388217 31
1739714623639 88.98066126533347 32
1739714623643 87.21268146414208 33
1739714623649 85.47990811336709 34
1739714623654 83.78163786474578 35
1739714623659 82.11718158185556 36
1739714623664 80.4858640379161 37
1739714623669 78.88702362192618 38
1739714623674 77.32001205260144 39
1739714623679 75.78419409966058 40
1739714623685 74.27894731207311 41
1739714623690 72.8036617529317 42
1739714623695 71.35773974065403 43
1739714623700 69.94059559625228 44
1739714623706 68.5516553964356 45
1739714623711 67.19035673233347 46
1739714623715 65.85614847364758 47
1739714623721 64.54849053805424 48
1739714623725 63.266853665693915 49
1739714623730 62.01071919859564 50
1739714623735 60.77957886489373 51
1739714623740 59.572934567703 52
1739714623745 58.39029817852592 53
1739714623750 57.23119133507182 54
1739714623755 56.095145243374525 55
1739714623760 54.981700484098965 56
1739714623764 53.890406822932945 57
1739714623769 52.82082302496445 58
1739714623774 51.772516672947575 59
1739714623779 50.7450639893656 60
1739714623784 49.7380496622012 61
1739714623789 48.751066674328044 62
1739714623794 47.78371613644009 63
1739714623799 46.83560712343801 64
1739714623804 45.90635651419456 65
1739714623809 44.99558883462269 66
1739714623813 44.10293610397285 67
1739714623818 43.228037684288054 68
1739714623823 42.3705401329467 69
1739714623828 41.53009705822557 70
1739714623833 40.70636897781759 71
1739714623838 39.89902318023916 72
1739714623843 39.10773358906585 73
1739714623848 38.33218062993415 74
1739714623854 37.5720511002515 75
1739714623859 36.82703804155535 76
1739714623864 36.096840614465414 77
1739714623868 35.38116397617444 78
1739714623873 34.679719160423076 79
1739714623878 33.992222959906734 80
1739714623883 33.31839781106324 81
1739714623888 32.65797168119145 82
1739714623900 32.01067795785172 83
1739714623906 31.37625534050082 84
1739714623912 30.754447734314475 85
1739714623918 30.145004146152218 86
1739714623924 29.547678582620154 87
1739714623929 28.962229950187837 88
1739714623934 28.38842195731704 89
1739714623940 27.826023018560832 90
1739714623947 27.27480616059235 91
1739714623953 26.734548930123434 92
1739714623960 26.205033303674483 93
1739714623966 25.68604559915729 94
1739714623972 25.17737638923398 95
1739714623979 24.678820416415586 96
1739714623986 24.190176509864376 97
1739714623993 23.71124750386591 98
1739714624000 23.24184015793588 99
1739714624006 22.781765078529165 100
1739714624012 22.330836642317742 101
1739714624020 21.88887292100665 102
1739714624030 21.45569560765528 103
1739714624039 21.031129944474973 104
1739714624047 20.615004652071736 105
1739714624056 20.2071518601056 106
1739714624063 19.807407039337512 107
1739714624070 19.415608935035856 108
1739714624076 19.031599501715075 109
1739714624083 18.655223839179467 110
1739714624090 18.2863301298457 111
1739714624096 17.92476957731865 112
1739714624102 17.570396346194524 113
1739714624108 17.223067503067366 114
1739714624115 16.882642958714065 115
1739714624122 16.548985411434558 116
1739714624129 16.221960291523523 117
1739714624136 15.901435706851446 118
1739714624143 15.587282389532044 119
1739714624151 15.27937364365461 120
1739714624159 14.977585294060049 121
1739714624165 14.681795636138949 122
1739714624172 14.391885386632023 123
1739714624179 14.107737635412201 124
1739714624187 13.829237798228817 125
1739714624194 13.55627357039488 126
1739714624202 13.288734881397945 127
1739714624209 13.026513850416691 128
1739714624216 12.769504742724639 129
1739714624224 12.51760392696339 130
1739714624231 12.270709833267892 131
1739714624238 12.028722912226721 132
1739714624245 11.79154559466087 133
1739714624252 11.559082252204174 134
1739714624259 11.331239158669616 135
1739714624266 11.10792445218608 136
1739714624273 10.889048098089503 137
1739714624279 10.674521852553896 138
1739714624286 10.464259226947062 139
1739714624292 10.258175452896815 140
1739714624299 10.05618744805329 141
1739714624307 9.858213782533518 142
1739714624313 9.66417464603455 143
1739714624320 9.47399181560209 144
1739714624325 9.287588624040868 145
1739714624331 9.10488992895494 146
1739714624337 8.925822082404009 147
1739714624343 8.750312901164975 148
1739714624350 8.578291637585389 149
1739714624357 8.409688951017563 150
1739714624364 8.244436879821738 151
1739714624370 8.082468813926878 152
1739714624376 7.92371946793775 153
1739714624382 7.76812485477788 154
1739714624387 7.615622259857237 155
1739714624392 7.466150215754291 156
1739714624399 7.319648477402338 157
1739714624405 7.176057997769925 158
1739714624411 7.035320904025547 159
1739714624417 6.897380474176666 160
1739714624423 6.762181114174385 161
1739714624430 6.629668335473428 162
1739714624435 6.499788733039217 163
1739714624441 6.3724899637926296 164
1739714624447 6.247720725484049 165
1739714624452 6.12543073598782 166
1739714624457 6.005570713008947 167
1739714624462 5.888092354193777 168
1739714624467 5.7729483176366605 169
1739714624472 5.660092202774437 170
1739714624477 5.549478531661441 171
1739714624482 5.441062730617121 172
1739714624487 5.334801112238857 173
1739714624492 5.2306508577730195 174
1739714624497 5.128569999836609 175
1739714624502 5.02851740548302 176
1739714624506 4.930452759604733 177
1739714624511 4.834336548666301 178
1739714624516 4.740130044761125 179
1739714624521 4.647795289985469 180
1739714624526 4.557295081123506 181
1739714624531 4.468592954637069 182
1739714624535 4.381653171954176 183
1739714624540 4.296440705050142 184
1739714624545 4.212921222315845 185
1739714624550 4.131061074707082 186
1739714624555 4.050827282169461 187
1739714624560 3.972187520333524 188
1739714624565 3.8951101074745624 189
1739714624569 3.8195639917318878 190
1739714624574 3.745518738582437 191
1739714624578 3.6729445185635745 192
1739714624583 3.601812095240132 193
1739714624588 3.532092813411039 194
1739714624592 3.463758587550353 195
1739714624597 3.396781890478358 196
1739714624602 3.331135742258164 197
1739714624607 3.266793699313033 198
1739714624611 3.203729843760289 199
1739714624616 3.141918772957501 200
1739714624621 3.0813355892564167 201
1739714624625 3.021955889961093 202
1739714624630 2.963755757485345 203
1739714624634 2.906711749706385 204
1739714624639 2.850800890510121 205
1739714624645 2.796000660524676 206
1739714624650 2.7422889880381094 207
1739714624655 2.6896442400969605 208
1739714624660 2.638045213781727 209
1739714624665 2.587471127655962 210
1739714624670 2.5379016133854333 211
1739714624674 2.4893167075240044 212
1739714624679 2.4416968434629167 213
1739714624689 2.395022843540227 214
1739714624694 2.349275911307022 215
1739714624699 2.304437623947774 216
1739714624706 2.260489924851206 217
1739714624711 2.217415116328969 218
1739714624716 2.1751958524792347 219
1739714624722 2.1338151321921797 220
1739714624727 2.09325629229454 221
1739714624732 2.053503000830538 222
1739714624737 2.0145392504765636 223
1739714624741 1.9763493520866509 224
1739714624746 1.9389179283664078 225
1739714624751 1.9022299076727878 226
1739714624756 1.8662705179371786 227
1739714624761 1.8310252807092573 228
1739714624766 1.796480005319417 229
1739714624771 1.7626207831571996 230
1739714624776 1.7294339820635505 231
1739714624781 1.6969062408346967 232
1739714624786 1.6650244638351035 233
1739714624791 1.6337758157177404 234
1739714624796 1.6031477162493806 235
1739714624801 1.5731278352385898 236
1739714624805 1.543704087564845 237
1739714624810 1.5148646283062634 238
1739714624815 1.4865978479644373 239
1739714624820 1.45889236778406 240
1739714624826 1.431737035165776 241
1739714624831 1.4051209191700866 242
1739714624835 1.379033306110734 243
1739714624840 1.353463695235863 244
1739714624845 1.3284017944947817 245
1739714624850 1.3038375163891347 246
1739714624855 1.2797609739064286 247
1739714624859 1.2561624765345367 248
1739714624864 1.2330325263553448 249
1739714624869 1.2103618142161803 250
1739714624874 1.188141215977269 251
1739714624878 1.1663617888338802 252
1739714624883 1.1450147677115634 253
1739714624888 1.124091561733101 254
1739714624893 1.1035837507556858 255
1739714624898 1.0834830819768988 256
1739714624907 1.0637814666083323 257
1739714624911 1.0444709766151619 258
1739714624916 1.0255438415206724 259
1739714624921 1.0069924452742918 260
1739714624927 0.9888093231818541 261
1739714624932 0.9709871588969735 262
1739714624937 0.9535187814721815 263
1739714624942 0.9363971624687077 264
1739714624947 0.91961541312373 265
1739714624952 0.9031667815739665 266
1739714624958 0.8870446501344444 267
1739714624964 0.871242532631364 268
1739714624968 0.8557540717880158 269
1739714624973 0.8405730366626671 270
1739714624978 0.8256933201373645 271
1739714624982 0.8111089364567236 272
1739714624987 0.7968140188155598 273
1739714624993 0.7828028169945658 274
1739714624998 0.7690696950429333 275
1739714625003 0.7556091290070995 276
1739714625008 0.742415704704595 277
1739714625013 0.7294841155422314 278
1739714625019 0.7168091603775437 279
1739714625024 0.7043857414228706 280
1739714625028 0.692208862191027 281
1739714625033 0.6802736254818337 282
1739714625038 0.6685752314087263 283
1739714625043 0.657108975464498 284
1739714625047 0.645870246625596 285
1739714625052 0.6348545254940362 286
1739714625057 0.6240573824762888 287
1739714625062 0.613474475998362 288
1739714625067 0.6031015507563642 289
1739714625072 0.5929344360018584 290
1739714625077 0.5829690438612696 291
1739714625081 0.57320136768876 292
1739714625086 0.5636274804517902 293
1739714625091 0.5542435331487919 294
1739714625096 0.5450457532583236 295
1739714625101 0.5360304432190229 296
1739714625107 0.5271939789398 297
1739714625112 0.5185328083395968 298
1739714625117 0.5100434499162663 299
1739714625122 0.5017224913438108 300
1739714625127 0.4935665880975449 301
1739714625132 0.48557246210658467 302
1739714625137 0.47773690043314604 303
1739714625142 0.47005675397804786 304
1739714625146 0.4625289362119829 305
1739714625151 0.45515042193198335 306
1739714625156 0.44791824604266434 307
1739714625160 0.44082950236159074 308
1739714625165 0.4338813424485111 309
1739714625170 0.4270709744577714 310
1739714625174 0.42039566201356926 311
1739714625179 0.41385272310758753 312
1739714625184 0.40743952901850855 313
1739714625188 0.40115350325303367 314
1739714625193 0.39499212050792315 315
1739714625198 0.3889529056526894 316
1739714625203 0.38303343273250356 317
1739714625208 0.3772313239909399 318
1739714625214 0.3715442489120909 319
1739714625219 0.36596992328180283 320
1739714625223 0.3605061082675032 321
1739714625228 0.35515060951633465 322
1739714625233 0.3499012762712555 323
1739714625237 0.3447560005046526 324
1739714625242 0.33971271606920567 325
1739714625247 0.33476939786562165 326
1739714625252 0.329924061026918 327
1739714625257 0.3251747601189171 328
1739714625262 0.32051958835662026 329
1739714625267 0.31595667683617795 330
1739714625272 0.31148419378210684 331
1739714625276 0.30710034380946943 332
1739714625281 0.30280336720074624 333
1739714625286 0.2985915391970408 334
1739714625292 0.29446316930339783 335
1739714625297 0.29041660060793456 336
1739714625302 0.286450209114471 337
1739714625307 0.2825624030884622 338
1739714625312 0.27875162241590723 339
1739714625318 0.2750163379750126 340
1739714625322 0.2713550510203439 341
1739714625328 0.2677662925791892 342
1739714625333 0.26424862285997247 343
1739714625338 0.2608006306723778 344
1739714625344 0.257420932859023 345
1739714625349 0.2541081737384196 346
1739714625355 0.2508610245590044 347
1739714625361 0.24767818296402636 348
1739714625366 0.2445583724670769 349
1739714625371 0.24150034193800493 350
1739714625376 0.2385028650991135 351
1739714625381 0.23556474003130023 352
1739714625385 0.23268478869007797 353
1739714625390 0.2298618564311391 354
1739714625395 0.22709481154544212 355
1739714625400 0.22438254480345116 356
1739714625405 0.22172396900848348 357
1739714625411 0.21911801855892035 358
1739714625417 0.2165636490191178 359
1739714625422 0.21405983669883683 360
1739714625427 0.21160557824105597 361
1739714625432 0.2091998902179522 362
1739714625437 0.20684180873491506 363
1739714625441 0.20453038904244317 364
1739714625447 0.20226470515573805 365
1739714625451 0.2000438494818703 366
1739714625456 0.1978669324543474 367
1739714625461 0.19573308217494162 368
1739714625466 0.19364144406265268 369
1739714625471 0.19159118050962784 370
1739714625476 0.18958147054392055 371
1739714625481 0.18761150949897248 372
1739714625486 0.18568050868962976 373
1739714625491 0.18378769509463383 374
1739714625495 0.18193231104539517 375
1739714625500 0.18011361392096603 376
1739714625505 0.17833087584906812 377
1739714625510 0.17658338341305976 378
1739714625515 0.17487043736474356 379
1739714625520 0.1731913523428565 380
1739714625525 0.17154545659717038 381
1739714625531 0.16993209171807488 382
1739714625536 0.16835061237151447 383
1739714625540 0.16680038603923117 384
1739714625545 0.16528079276412883 385
1739714625549 0.16379122490072792 386
1739714625554 0.16233108687055464 387
1739714625559 0.1608997949224105 388
1739714625564 0.1594967768973969 389
1739714625569 0.15812147199861365 390
1739714625574 0.15677333056541853 391
1739714625578 0.15545181385219695 392
1739714625584 0.15415639381151752 393
1739714625589 0.15288655288158096 394
1739714625594 0.15164178377791784 395
1739714625599 0.1504215892892116 396
1739714625605 0.14922548207717728 397
1739714625610 0.14805298448043228 398
1739714625615 0.14690362832223158 399
1739714625619 0.1457769547220715 400
1739714625625 0.14467251391099142 401
1739714625629 0.14358986505057772 402
1739714625634 0.1425285760555325 403
1739714625639 0.14148822341981201 404
1739714625643 0.14046839204617426 405
1739714625648 0.13946867507914254 406
1739714625653 0.13848867374128015 407
1739714625658 0.13752799717271544 408
1739714625663 0.1365862622738551 409
1739714625668 0.13566309355123715 410
1739714625672 0.13475812296641726 411
1739714625677 0.13387098978789416 412
1739714625682 0.13300134044594164 413
1739714625686 0.13214882839035932 414
1739714625691 0.13131311395101777 415
1739714625695 0.13049386420120257 416
1739714625700 0.1296907528236448 417
1739714625704 0.12890345997925254 418
1739714625709 0.1281316721784046 419
1739714625713 0.1273750821548365 420
1739714625718 0.12663338874201963 421
1739714625722 0.125906296751997 422
1739714625727 0.1251935168566198 423
1739714625732 0.1244947654711647 424
1739714625736 0.12380976464023352 425
1739714625741 0.1231382419259507 426
1739714625746 0.12247993029835852 427
1739714625750 0.1218345680280009 428
1739714625755 0.12120189858064143 429
1739714625760 0.1205816705140702 430
1739714625765 0.11997363737696325 431
1739714625771 0.11937755760974725 432
1739714625775 0.11879319444744209 433
1739714625780 0.11822031582442702 434
1739714625785 0.11765869428109588 435
1739714625789 0.11710810687238042 436
1739714625794 0.11656833507807614 437
1739714625799 0.11603916471495901 438
1739714625804 0.11552038585064696 439
1739714625809 0.11501179271916158 440
1739714625813 0.1145131836381965 441
1739714625819 0.11402436092798907 442
1739714625824 0.1135451308318363 443
1739714625829 0.11307530343817912 444
1739714625833 0.11261469260423078 445
1739714625838 0.11216311588112651 446
1739714625843 0.11172039444055754 447
1739714625847 0.11128635300287287 448
1739714625852 0.11086081976659003 449
1739714625857 0.11044362633932768 450
1739714625862 0.11003460767009511 451
1739714625867 0.10963360198293444 452
1739714625872 0.10924045071187634 453
1739714625877 0.10885499843719534 454
1739714625882 0.10847709282292425 455
1739714625888 0.10810658455560646 456
1739714625893 0.10774332728428845 457
1739714625897 0.10738717756166223 458
1739714625903 0.10703799478642666 459
1739714625913 0.10669564114675342 460
1739714625917 0.10635998156489533 461
1739714625922 0.10603088364289706 462
1739714625927 0.105708217609373 463
1739714625933 0.10539185626735062 464
1739714625938 0.10508167494314519 465
1739714625944 0.10477755143625764 466
1739714625949 0.10447936597026192 467
1739714625955 0.10418700114466173 468
1739714625961 0.10390034188772145 469
1739714625967 0.10361927541021665 470
1739714625974 0.10334369116011352 471
1739714625981 0.10307348077814069 472
1739714625987 0.10280853805425581 473
1739714625995 0.10254875888496146 474
1739714626002 0.10229404123148392 475
1739714626011 0.10204428507877056 476
1739714626018 0.10179939239530844 477
1739714626026 0.10155926709374384 478
1739714626034 0.10132381499227287 479
1739714626041 0.10109294377680915 480
1739714626048 0.10086656296390183 481
1739714626055 0.10064458386438659 482
1739714626063 0.10042691954775898 483
1739714626071 0.10021348480725893 484
1739714626079 0.1000041961256456 485
1739714626085 0.0997989716416564 486
1739714626092 0.09959773111712332 487
1739714626100 0.09940039590475365 488
1739714626106 0.09920688891654336 489
1739714626113 0.09901713459281687 490
1739714626121 0.09883105887189214 491
1739714626128 0.09864858916033274 492
1739714626135 0.0984696543038055 493
1739714626141 0.09829418455850826 494
1739714626148 0.0981221115631644 495
1739714626155 0.09795336831158187 496
1739714626162 0.09778788912575057 497
1739714626170 0.09762560962947427 498
1739714626177 0.09746646672252735 499
