1739718169139 0.43496784588472154 0
1739718169166 0.07640224539993345 1
1739718169193 0.11989131454209209 2
1739718169221 0.019968900522786947 3
1739718169249 0.17939409723333338 4
1739718169276 0.001273679096292111 5
1739718169304 0.8643664555631495 6
1739718169332 0.0016919097560563676 7
1739718169360 0.03313018630918455 8
1739718169388 0.06048277824048368 9
1739718169416 0.0035791709800433893 10
1739718169443 0.0018524737498506769 11
1739718169471 0.00027719622876358496 12
1739718169499 0.10247264174953245 13
1739718169526 4.872532141986939e-05 14
1739718169553 0.2784223342276635 15
1739718169581 0.0013682183029959526 16
1739718169615 0.021674073577166286 17
1739718169642 0.19152049186723102 18
1739718169669 0.13744770526281394 19
1739718169697 0.0002590367313318822 20
1739718169724 0.4604148533149364 21
1739718169752 0.27175589814728995 22
1739718169780 0.31933275050171106 23
1739718169807 0.1274166364340381 24
1739718169834 0.12764844989812235 25
1739718169862 0.08492805106465554 26
1739718169890 0.5145231291114339 27
1739718169918 0.43728451617011116 28
1739718169946 0.12742417003593118 29
1739718169974 0.02110959580382259 30
1739718170001 0.0008422858299250041 31
1739718170028 0.10480210644483635 32
1739718170056 0.22661641972740984 33
1739718170083 0.04131886474251829 34
1739718170111 0.20495563669881378 35
1739718170140 0.1592277356405067 36
1739718170168 0.22428250665939375 37
1739718170195 0.5098243580753743 38
1739718170223 0.0450658828280496 39
1739718170250 0.3910059849566763 40
1739718170277 0.053458540461710696 41
1739718170304 0.0816959060820273 42
1739718170331 0.08680915916384904 43
1739718170359 0.14961812506137057 44
1739718170387 0.4791590739811387 45
1739718170414 0.03187900954736522 46
1739718170441 0.12580428456127146 47
1739718170468 0.10018436341642693 48
1739718170496 9.686504911002792e-05 49
1739718170524 0.46431301171236794 50
1739718170551 0.24277050055940666 51
1739718170579 0.1252358819874221 52
1739718170606 0.0270460282158675 53
1739718170633 0.2856993054194553 54
1739718170661 0.05262286420526886 55
1739718170689 0.4021300139152518 56
1739718170716 0.17809570759592175 57
1739718170744 0.16968291874651506 58
1739718170772 0.0657047189862532 59
1739718170800 0.020883955966505562 60
1739718170828 0.17631075232970547 61
1739718170856 0.11020647655755943 62
1739718170884 0.4010272880183622 63
1739718170913 0.005157886729638124 64
1739718170941 7.31046620304407e-05 65
1739718170969 0.2810394702409587 66
1739718170997 0.021725676968007188 67
1739718171025 0.09300851966781665 68
1739718171053 0.11339261085339701 69
1739718171081 0.05585632442551627 70
1739718171109 0.30471667208438485 71
1739718171137 0.17767897050655673 72
1739718171166 1.5096171493778615e-09 73
1739718171194 0.0004253839400681818 74
1739718171223 0.25654162686195114 75
1739718171251 0.0009860560952151107 76
1739718171279 0.001811865134560368 77
1739718171308 0.10294132257570887 78
1739718171336 0.0044232817435213715 79
1739718171364 0.000750314861750947 80
1739718171392 0.006846612079591472 81
1739718171420 0.030316411097698066 82
1739718171448 0.13676409713974164 83
1739718171476 0.4456366433435278 84
1739718171503 0.03294737969160721 85
1739718171531 0.2257424792545698 86
1739718171558 0.2355780862257849 87
1739718171586 0.29880418858013924 88
1739718171614 0.1369929013953277 89
1739718171641 0.025311492882411114 90
1739718171669 0.055793282972000056 91
1739718171697 0.048117514010948305 92
1739718171724 0.16470948383402925 93
1739718171752 0.008072665044076421 94
1739718171779 0.026852820280276656 95
1739718171807 0.22887278675086106 96
1739718171834 0.12183431222188511 97
1739718171861 0.03220431863461112 98
1739718171889 0.03234686509995983 99
1739718171916 0.02358642473340556 100
1739718171944 0.05992946854584826 101
1739718171971 0.040115814377969336 102
1739718171999 0.0536248682866658 103
1739718172027 0.15389968608559873 104
1739718172055 0.020067210345307805 105
1739718172082 0.5901023365460685 106
1739718172110 0.255381028166067 107
1739718172138 0.0002260695747059836 108
1739718172165 0.01867707805888729 109
1739718172193 0.9644688370162557 110
1739718172223 0.037652785797109345 111
1739718172253 0.2777122258285047 112
1739718172281 0.04978741515826068 113
1739718172309 0.003255157880276669 114
1739718172337 0.03666279069828733 115
1739718172366 0.24690680366862813 116
1739718172394 0.39942755730244783 117
1739718172422 0.22288393436343132 118
1739718172449 0.31171976848694843 119
1739718172476 0.04898685226754692 120
1739718172525 0.04317521127165489 121
1739718172554 0.11347606275840241 122
1739718172582 7.676434292307427e-05 123
1739718172610 0.4911036179653419 124
1739718172637 0.01847062859975666 125
1739718172665 0.006314095090948818 126
1739718172692 0.011815405836948005 127
1739718172720 0.01791047539588411 128
1739718172747 0.22772946936600696 129
1739718172775 0.22832822579709247 130
1739718172802 0.003961599416869102 131
1739718172830 0.013537459598942599 132
1739718172857 0.04374629694068366 133
1739718172885 0.1851488376008707 134
1739718172913 0.020969513157045882 135
1739718172940 0.0033242762298343596 136
1739718172967 0.14776819859880252 137
1739718172995 0.640191916377957 138
1739718173024 0.2517832150965327 139
1739718173053 0.08628259114622058 140
1739718173080 0.10619736027885089 141
1739718173108 0.4874773382663964 142
1739718173136 0.0628499667009085 143
1739718173163 0.09035914988982607 144
1739718173191 0.0007404022963376493 145
1739718173219 0.23361317663481543 146
1739718173247 0.3287652267767724 147
1739718173274 0.0011001524042939844 148
1739718173302 4.344171709407787e-05 149
1739718173329 5.126909391896266e-06 150
1739718173356 0.0635739553783849 151
1739718173384 0.021542843267855404 152
1739718173412 0.11975153340243623 153
1739718173440 0.30541631215252973 154
1739718173467 0.025331786528313825 155
1739718173495 0.012846739023695024 156
1739718173523 0.03696394312620023 157
1739718173551 0.0007458895298105104 158
1739718173579 0.07060570216601005 159
1739718173607 0.028908773765437885 160
1739718173634 0.6581239432937355 161
1739718173662 0.01555596095607526 162
1739718173690 0.05469154903791427 163
1739718173718 0.06485828265899465 164
1739718173745 0.16041610921478272 165
1739718173773 0.4289167016571838 166
1739718173801 0.09168479989071616 167
1739718173828 0.0004486015961375641 168
1739718173856 0.009377639873541446 169
1739718173884 0.000532635760905497 170
1739718173912 0.0014213335209454718 171
1739718173940 0.06108895931106929 172
1739718173970 0.017524073979415345 173
1739718173998 0.06834133950963497 174
1739718174026 1.1639751747332332 175
1739718174053 0.28243023600559986 176
1739718174081 0.2105620719322946 177
1739718174108 0.6115778869469284 178
1739718174135 0.0377295004001357 179
1739718174162 0.0063506940830086 180
1739718174189 0.27868794352203563 181
1739718174218 0.07015539385233174 182
1739718174246 0.156261444664883 183
1739718174272 0.24330557774762718 184
1739718174300 0.004105080578576739 185
1739718174327 0.05545432560469362 186
1739718174355 0.018834709781823153 187
1739718174383 0.029115642503221625 188
1739718174410 0.17004223691364823 189
1739718174438 0.10434783976392877 190
1739718174466 0.6436349757491334 191
1739718174493 0.09622221529602162 192
1739718174520 0.0020977676234968635 193
1739718174548 0.025944919294701017 194
1739718174576 0.06363269172188879 195
1739718174603 0.2409188672602225 196
1739718174630 0.032855863168295585 197
1739718174657 0.16489727787595232 198
1739718174685 0.0057676597902406685 199
1739718174712 0.039704210993621786 200
1739718174739 0.008283047090556437 201
1739718174767 0.1467839909017556 202
1739718174794 0.13100092553524748 203
1739718174822 9.768409558586894e-05 204
1739718174849 0.0664364162154874 205
1739718174876 0.013836851506062597 206
1739718174904 0.003979911395540024 207
1739718174931 0.00932195968371053 208
1739718174958 0.13133164267646416 209
1739718174985 0.12940747839928987 210
1739718175013 0.08058787273798285 211
1739718175040 0.1904029837883799 212
1739718175068 0.043624212662157026 213
1739718175096 1.331097130507285e-05 214
1739718175124 0.22476284044832603 215
1739718175152 0.20001167075974843 216
1739718175180 0.21475682239668858 217
1739718175208 0.02013497793770494 218
1739718175236 0.15066872706194762 219
1739718175263 0.0021135806793809277 220
1739718175290 0.22736110145145078 221
1739718175318 0.03329505191239008 222
1739718175347 0.04181552877153361 223
1739718175375 0.028249066073688208 224
1739718175402 0.004011010395813765 225
1739718175430 0.017514939678163036 226
1739718175457 5.2487047045088164e-06 227
1739718175484 0.04815830265139894 228
1739718175512 1.4676797721236608e-05 229
1739718175540 0.035093971651997326 230
1739718175567 0.01038697129520088 231
1739718175594 0.21455190318135625 232
1739718175622 0.014894807326878493 233
1739718175650 0.00041071622997006484 234
1739718175678 0.8034715742948246 235
1739718175705 0.003911023891888252 236
1739718175733 0.026773154744846674 237
1739718175760 0.028096449593917956 238
1739718175788 0.06231873745664384 239
1739718175816 2.0771318583629033e-05 240
1739718175843 0.011168306068884066 241
1739718175871 0.306846020242348 242
1739718175898 0.0590887371010991 243
1739718175925 0.06501872504589228 244
1739718175953 0.11794552903631621 245
1739718175981 0.14626664023975797 246
1739718176008 0.08015587776533709 247
1739718176036 0.17130169304089019 248
1739718176063 0.0878865903089702 249
1739718176091 0.41001444950763893 250
1739718176118 0.011599316612901815 251
1739718176146 0.017327633903579356 252
1739718176174 0.1326855845182819 253
1739718176201 0.26211508151080737 254
1739718176229 0.13584415784186504 255
1739718176257 0.07129183375466007 256
1739718176284 0.05814053203602254 257
1739718176312 0.04618680820157358 258
1739718176340 0.023545106692976842 259
1739718176367 0.11621760904064933 260
1739718176394 0.04432742031576059 261
1739718176422 0.006548676209879045 262
1739718176449 0.07321750658239584 263
1739718176477 0.07046664939783191 264
1739718176505 0.0006023641990219146 265
1739718176532 0.024116917420950873 266
1739718176559 0.3616151322201875 267
1739718176587 0.0892601908178654 268
1739718176614 0.07524770465326888 269
1739718176641 0.02653838649472671 270
1739718176668 0.12104941083676153 271
1739718176696 0.45011156289393206 272
1739718176723 0.0006679105834595337 273
1739718176751 0.08277938027788731 274
1739718176778 0.14090749333592073 275
1739718176806 0.0014273614741000715 276
1739718176833 0.08570361408101757 277
1739718176860 0.1971268661215113 278
1739718176888 0.6834154247237243 279
1739718176915 0.42608920938129485 280
1739718176943 0.013054027330695984 281
1739718176970 0.00020844429870181517 282
1739718176997 0.12474086288167509 283
1739718177025 0.2143494847349777 284
1739718177052 0.09487419429776943 285
1739718177080 0.0005385980986197434 286
1739718177107 0.029964810988500037 287
1739718177135 0.004652710960051981 288
1739718177163 0.075417958554917 289
1739718177192 0.05668801338970071 290
1739718177220 0.08683637809268364 291
1739718177247 0.029277496878484452 292
1739718177276 0.128096819439502 293
1739718177304 0.1152502892426341 294
1739718177332 0.0058806566661706245 295
1739718177360 0.05134469795508944 296
1739718177388 0.004791499972294859 297
1739718177415 0.16801421948050047 298
1739718177443 0.0018944456926520115 299
1739718177471 0.027888355359497644 300
1739718177499 1.1060239395263136 301
1739718177526 0.15848679899103113 302
1739718177554 0.00043864921235617685 303
1739718177581 0.022672915145269663 304
1739718177609 0.016093726397664324 305
1739718177636 0.3274270116370376 306
1739718177663 0.4251724454361567 307
1739718177691 0.01956594871843253 308
1739718177718 1.0154040851286887 309
1739718177745 0.10436162412219216 310
1739718177772 0.08331593772705494 311
1739718177799 0.21696788434928763 312
1739718177826 0.16001855078082516 313
1739718177853 0.0014371143021087239 314
1739718177880 0.581887216872175 315
1739718177908 0.16187501007094815 316
1739718177936 0.01959390155050585 317
1739718177963 0.034824482942294184 318
1739718177991 0.043433220487960555 319
1739718178018 0.005312594364542424 320
1739718178046 0.1010882246501405 321
1739718178073 0.18091239330272968 322
1739718178101 0.2773768791995033 323
1739718178128 0.047302265668495616 324
1739718178156 0.035005116528237394 325
1739718178183 0.03493228473881629 326
1739718178210 0.01911753562028443 327
1739718178238 0.030275361987604884 328
1739718178266 0.13234332526712556 329
1739718178293 0.03507909563644547 330
1739718178321 0.1897495686838029 331
1739718178348 0.10320910728520295 332
1739718178376 0.008639220141266895 333
1739718178403 0.017821862774196118 334
1739718178430 0.02063636837369354 335
1739718178458 0.17286884146253553 336
1739718178486 0.1372560046492803 337
1739718178513 0.002009000338883334 338
1739718178541 0.009599691363577858 339
1739718178568 0.026476847449112002 340
1739718178596 0.040181395325548985 341
1739718178624 0.03445419339428592 342
1739718178651 0.038294360381387824 343
1739718178679 0.1080732802819642 344
1739718178706 0.18679365080345725 345
1739718178734 0.001989043554154372 346
1739718178762 0.006040926335085809 347
1739718178789 0.17409493161296458 348
1739718178816 0.10886743101041693 349
1739718178844 0.0033484957678871887 350
1739718178871 0.06386301032687638 351
1739718178898 0.003956130998807571 352
1739718178925 0.008326238847462386 353
1739718178953 0.03823497280873195 354
1739718178981 0.003241003176022859 355
1739718179010 0.16255822855437937 356
1739718179037 0.008287790894771786 357
1739718179065 0.0011217223605553197 358
1739718179092 0.005730041792530471 359
1739718179119 0.0007606499424771136 360
1739718179147 0.13278107092663846 361
1739718179175 0.183279732393442 362
1739718179203 0.0014874461027960595 363
1739718179230 0.5266453400455491 364
1739718179259 0.0734557258162753 365
1739718179287 0.018523191453403073 366
1739718179314 0.18344788255886443 367
1739718179341 0.006450294577563707 368
1739718179369 0.028622309949243675 369
1739718179397 0.2005812869811806 370
1739718179424 4.972000208552738e-05 371
1739718179451 0.006698155863153612 372
1739718179478 0.0005035240959052402 373
1739718179506 0.04560587400195966 374
1739718179533 0.3359771534988269 375
1739718179561 0.0695751646489278 376
1739718179589 0.01937340388282342 377
1739718179616 0.05095834264599231 378
1739718179644 0.3206193578164392 379
1739718179672 0.004328000890343797 380
1739718179700 0.06540015441587657 381
1739718179728 0.023289503941128362 382
1739718179757 0.2383347743368193 383
1739718179787 0.051571216713851224 384
1739718179817 0.29173154967409776 385
1739718179847 0.19789992628147698 386
1739718179877 0.33318644554124655 387
1739718179906 0.7768169618264839 388
1739718179935 0.005161664411255584 389
1739718179965 0.9787145027808364 390
1739718179994 0.19681728845980612 391
1739718180022 0.2813613081925535 392
1739718180051 0.23949011057061353 393
1739718180080 0.05509285254576831 394
1739718180108 0.005443711038454761 395
1739718180136 0.3686318559460712 396
1739718180164 0.0027128982533983974 397
1739718180192 0.0003692519674335787 398
1739718180220 0.03397715109139291 399
1739718180247 0.00825851372883291 400
1739718180275 0.025926211619184965 401
1739718180302 1.4421379577084403 402
1739718180330 0.011022513940368543 403
1739718180357 0.6127115867359308 404
1739718180384 0.0007651577702038705 405
1739718180411 0.02325809419748341 406
1739718180445 0.0001516463496091306 407
1739718180473 0.04987318742575029 408
1739718180505 0.0033927341342113466 409
1739718180535 0.0328725995756652 410
1739718180563 0.026873478717817013 411
1739718180591 0.014107702395435016 412
1739718180619 0.0032585685465888535 413
1739718180646 0.05040555311448831 414
1739718180674 0.1145306316766308 415
1739718180703 0.18423533214036533 416
1739718180730 0.006361990087936688 417
1739718180757 0.03798203386338564 418
1739718180786 0.054676718869563774 419
1739718180813 0.18632648892310888 420
1739718180841 0.011053106950253822 421
1739718180869 0.17116493530987628 422
1739718180896 0.023167082390026014 423
1739718180924 0.0007895681234162414 424
1739718180951 0.029719271661552634 425
1739718180978 0.013940927991498731 426
1739718181006 0.00619742209239911 427
1739718181033 0.19546833733414254 428
1739718181060 0.26496562700428766 429
1739718181087 0.0015014010436992247 430
1739718181115 0.0001043872438724563 431
1739718181142 0.33405799711873546 432
1739718181170 0.04639177753947028 433
1739718181198 0.0243423203607543 434
1739718181226 0.04734886922503181 435
1739718181253 0.19018473536092315 436
1739718181280 0.014493528366647307 437
1739718181308 0.06613732363427662 438
1739718181336 0.09373481674549757 439
1739718181363 0.043430710176598816 440
1739718181391 0.0007038826583378549 441
1739718181418 0.01730924175970951 442
1739718181446 0.2633875544963857 443
1739718181473 0.9727148026824393 444
1739718181501 0.07367439147670282 445
1739718181528 0.05203711484202256 446
1739718181555 0.023813914288384894 447
1739718181582 0.0001719325835198666 448
1739718181610 0.009649230080541601 449
1739718181637 0.05925060559169088 450
1739718181665 0.008509930420246952 451
1739718181693 0.05364734431984204 452
1739718181720 0.4480912555248795 453
1739718181747 0.1812890870653564 454
1739718181775 0.010993526664812018 455
1739718181802 0.10590946856593647 456
1739718181830 0.13695467267483893 457
1739718181857 0.0011099679256388357 458
1739718181885 0.019503570925108547 459
1739718181912 0.010907046743911665 460
1739718181939 0.17910677582056275 461
1739718181967 0.03326640466272888 462
1739718181995 0.0858827184172384 463
1739718182022 0.41547819260631746 464
1739718182050 0.037065815641287976 465
1739718182077 0.027059371679368147 466
1739718182105 0.4802610104650201 467
1739718182133 0.1001372563089474 468
1739718182160 0.09091059050439301 469
1739718182188 0.22450070566285185 470
1739718182216 0.13853936915106263 471
1739718182243 0.037804424591941756 472
1739718182271 0.046593109873777114 473
1739718182299 0.4243397900428682 474
1739718182327 0.17352559942569526 475
1739718182354 0.12151044797565073 476
1739718182382 0.04632108293679242 477
1739718182410 0.024730911235262453 478
1739718182438 0.29295945101138365 479
1739718182465 0.16973593461723274 480
1739718182493 0.14275648938214747 481
1739718182521 0.017595908223559026 482
1739718182548 0.035399629067727444 483
1739718182575 0.3805114649474912 484
1739718182603 0.07416597273375593 485
1739718182631 0.01987427620190037 486
1739718182658 0.0022325557389860713 487
1739718182686 0.10674058701925798 488
1739718182713 0.012498706377180275 489
1739718182740 0.0002748549159999191 490
1739718182768 0.06408164941222327 491
1739718182795 0.008484433939539982 492
1739718182823 0.040149067752791215 493
1739718182851 0.13015496267303622 494
1739718182878 0.016278366100845473 495
1739718182905 0.21616280343202443 496
1739718182933 0.007676203295439376 497
1739718182961 0.05533583600034228 498
1739718182988 0.13119866958817572 499
