1739718817895 0.28654762393760536 0
1739718817921 1.4546501154448495 1
1739718817946 0.07734591285241865 2
1739718817971 0.6512786027320404 3
1739718817996 0.13351424744362542 4
1739718818022 0.00019232102098642851 5
1739718818047 0.10092687778082089 6
1739718818073 0.004335379809557188 7
1739718818098 0.03500663962344362 8
1739718818124 0.05679472041400003 9
1739718818150 0.05444064888530702 10
1739718818174 0.3533521438244825 11
1739718818199 0.10808905718859334 12
1739718818224 0.01394704438934058 13
1739718818250 0.9857404484305808 14
1739718818275 0.032102107560474054 15
1739718818300 4.687976580354838e-05 16
1739718818325 0.02941617885019956 17
1739718818351 0.0026734600866321566 18
1739718818376 0.7382043801982593 19
1739718818401 0.008495517244482444 20
1739718818426 0.000301426466200457 21
1739718818451 0.019962473874104113 22
1739718818476 0.4545715914261489 23
1739718818501 0.042369757829445714 24
1739718818527 0.05019256746152082 25
1739718818554 2.5537509720614532e-05 26
1739718818580 0.006416207789511814 27
1739718818606 0.40026446971952157 28
1739718818631 0.058186124546124214 29
1739718818656 0.027453112424422412 30
1739718818682 0.5306554713748934 31
1739718818707 0.1519022450797971 32
1739718818732 0.22750803312732099 33
1739718818758 0.056523744888807986 34
1739718818783 0.18013768655329457 35
1739718818808 0.4488176111000467 36
1739718818833 0.34660446858290145 37
1739718818859 0.3445100061717937 38
1739718818884 0.5054080143141022 39
1739718818909 0.2909379911720641 40
1739718818934 0.3699655652794522 41
1739718818959 0.129061256571292 42
1739718818984 2.5847968615834948e-05 43
1739718819009 0.015104362543792481 44
1739718819035 0.006484645545621607 45
1739718819060 0.5611911788805848 46
1739718819085 0.09424938296692772 47
1739718819115 0.11824060034474114 48
1739718819141 0.07502800698618343 49
1739718819166 0.00039742889781771456 50
1739718819192 0.3303643587543963 51
1739718819217 0.00014031434171062583 52
1739718819242 0.1991566413651477 53
1739718819268 0.228280545265038 54
1739718819293 0.16321029491156663 55
1739718819318 0.08253747252932314 56
1739718819344 0.007183052775516132 57
1739718819369 0.22517489392800255 58
1739718819394 0.000349144965473083 59
1739718819419 0.0022762396426427014 60
1739718819444 0.6489786089170351 61
1739718819469 0.009567342541684738 62
1739718819494 0.04256998306492446 63
1739718819519 0.008493367481290327 64
1739718819544 0.03851227384531449 65
1739718819569 1.232085751585004 66
1739718819594 0.021159395171070475 67
1739718819619 0.07869730534398223 68
1739718819645 0.008875687426614487 69
1739718819670 0.07359767240196928 70
1739718819695 0.041102587524273905 71
1739718819720 1.2699842376491932 72
1739718819745 8.884728793325187e-06 73
1739718819770 0.30535796892678696 74
1739718819795 0.40718233039427126 75
1739718819821 0.01967561440268231 76
1739718819846 0.0710587265127749 77
1739718819871 0.0547601582473314 78
1739718819897 0.2592445186387412 79
1739718819922 0.03386561200117127 80
1739718819947 0.2103758048905275 81
1739718819973 0.7828594094042383 82
1739718819998 0.035057257638309774 83
1739718820023 0.06944218435225764 84
1739718820049 0.01022447595007703 85
1739718820074 0.07359332422973378 86
1739718820099 0.1854172685173764 87
1739718820125 0.7178993564357857 88
1739718820151 0.045721666625760944 89
1739718820176 0.0006168912265951788 90
1739718820201 0.16369618503836222 91
1739718820226 0.47188527558605864 92
1739718820252 0.018218662528250735 93
1739718820277 0.059752651700978064 94
1739718820303 0.007032962639265904 95
1739718820328 0.22522894415150205 96
1739718820353 0.2517125244385341 97
1739718820379 0.19805576314310466 98
1739718820404 0.02509738637420428 99
1739718820429 0.09571676857269562 100
1739718820455 0.07998756801315215 101
1739718820480 0.6497631269711838 102
1739718820505 0.0396689375072573 103
1739718820530 0.11912634492633349 104
1739718820556 0.075572799295952 105
1739718820581 0.0005904984750545166 106
1739718820606 0.37182655903090317 107
1739718820632 0.055265485592039004 108
1739718820658 0.8349378072985836 109
1739718820683 0.7731424506806803 110
1739718820709 0.6901271401471915 111
1739718820734 0.0254314406290916 112
1739718820759 0.22879228244408645 113
1739718820785 0.02617989295667388 114
1739718820810 0.3802856471147249 115
1739718820835 0.3543689220714576 116
1739718820861 6.159200218198895e-05 117
1739718820886 0.020731279736683015 118
1739718820912 0.187668283634528 119
1739718820937 0.009967203682340981 120
1739718820963 0.10728576249846201 121
1739718820988 0.20881529389232314 122
1739718821013 0.0035918065437680687 123
1739718821039 0.13675944653790897 124
1739718821065 0.01637812590532208 125
1739718821090 0.19527299041753493 126
1739718821115 0.015143738390797142 127
1739718821141 0.016303230753000587 128
1739718821166 0.0007297557520552973 129
1739718821191 0.24243895935038456 130
1739718821216 1.5775171821430938 131
1739718821242 0.7955007042024275 132
1739718821267 0.08296477781370366 133
1739718821292 0.15758668177989088 134
1739718821316 0.1313846246855115 135
1739718821341 0.002658561334807946 136
1739718821367 0.02291638244713429 137
1739718821392 1.0777200248102398e-07 138
1739718821417 0.13503544328449624 139
1739718821442 0.6951045305853536 140
1739718821468 0.005796537534472733 141
1739718821493 0.08705151117366977 142
1739718821518 3.440054668553323 143
1739718821543 2.555321634998324 144
1739718821569 0.0681635589986948 145
1739718821594 0.06013346491602017 146
1739718821620 0.17568868821461306 147
1739718821646 0.09507691096041819 148
1739718821671 0.0902111910090154 149
1739718821697 0.6108191445388981 150
1739718821722 0.07418537582712519 151
1739718821747 0.0033103612737328293 152
1739718821773 0.11808918749475487 153
1739718821798 0.0109405599631912 154
1739718821824 0.004475858626740045 155
1739718821849 0.06087329945116403 156
1739718821875 0.0005721117041546296 157
1739718821900 1.1297618608489783 158
1739718821925 0.025664242848180523 159
1739718821951 0.031351142513619076 160
1739718821977 0.05227679785955538 161
1739718822002 0.005980758898434238 162
1739718822027 0.18159687397972651 163
1739718822053 0.06020557432675699 164
1739718822079 0.020653188092446432 165
1739718822104 0.007503470310572865 166
1739718822130 0.13098970372704144 167
1739718822156 0.019388402876223017 168
1739718822182 0.882353211651203 169
1739718822207 0.06455582634089262 170
1739718822232 0.1090301903537368 171
1739718822257 0.3254945705148962 172
1739718822283 0.015697805139825095 173
1739718822308 0.015218392746932546 174
1739718822334 0.04739342637277195 175
1739718822360 0.011597350473809694 176
1739718822385 0.006755353543646878 177
1739718822411 0.14125069505479407 178
1739718822436 0.0441256702241675 179
1739718822462 0.09279933370581324 180
1739718822487 0.012379459207321463 181
1739718822512 0.0019095285142221765 182
1739718822538 0.2815704636649769 183
1739718822563 0.791734667368332 184
1739718822589 0.0263456673149071 185
1739718822615 0.0795085574627356 186
1739718822640 0.008675512352133001 187
1739718822666 0.1782742409595664 188
1739718822691 0.14540554533859354 189
1739718822716 0.004579881860978087 190
1739718822741 0.0016542496650598585 191
1739718822767 0.05623044270856125 192
1739718822794 0.16628612627583642 193
1739718822820 0.05832688203912076 194
1739718822845 0.06636541493114072 195
1739718822870 0.09452212313534471 196
1739718822895 0.031029884471933313 197
1739718822920 0.09124851391366817 198
1739718822945 0.0008007507475499179 199
1739718822971 0.3445813450409964 200
1739718822996 0.049401554071601475 201
1739718823021 0.14028836645179069 202
1739718823046 0.0370827706380545 203
1739718823072 0.15793375527637105 204
1739718823097 0.2686703675225963 205
1739718823122 0.17492038777153207 206
1739718823148 0.050797753210155706 207
1739718823174 0.022233633932102922 208
1739718823199 0.6531553345097653 209
1739718823224 0.08654970917493708 210
1739718823249 0.11028035007329985 211
1739718823274 0.0002900764322107365 212
1739718823300 5.369463527850854e-05 213
1739718823325 0.506370918052551 214
1739718823350 0.00906649999457591 215
1739718823376 0.03584265918901469 216
1739718823401 0.17563451891080464 217
1739718823427 0.003914232851506727 218
1739718823452 0.04541116538431273 219
1739718823477 0.15258940177567953 220
1739718823502 0.3354243333402306 221
1739718823527 3.4125968824329584 222
1739718823552 0.2564421906318633 223
1739718823577 0.005744892803402493 224
1739718823603 0.3149092620776602 225
1739718823628 0.20585618562088137 226
1739718823654 0.0008522393184412918 227
1739718823679 0.2333407988397382 228
1739718823705 0.008833594158637855 229
1739718823730 0.3389397536089872 230
1739718823755 0.08429039451240485 231
1739718823780 0.30851803479449136 232
1739718823805 0.7583492209513664 233
1739718823830 0.03472550667998383 234
1739718823856 0.4716303677921902 235
1739718823881 0.005220736005426121 236
1739718823906 0.1902114694893875 237
1739718823931 0.1329528579167263 238
1739718823957 0.03893008106698517 239
1739718823982 0.06005561318451522 240
1739718824008 0.11111071019881659 241
1739718824034 0.05670794259955132 242
1739718824059 0.018621375728782755 243
1739718824085 0.08518639911928437 244
1739718824111 0.12281923940515771 245
1739718824137 0.017806291339183378 246
1739718824162 0.035615364919307516 247
1739718824188 0.018767562968556004 248
1739718824213 0.011388152240059627 249
1739718824239 0.12916492965286427 250
1739718824264 0.06414290392536513 251
1739718824290 0.06858520148615627 252
1739718824315 0.3107760011057416 253
1739718824341 0.030386603993216382 254
1739718824367 0.015467590857789934 255
1739718824392 0.46483403770288556 256
1739718824418 0.1427227849451793 257
1739718824443 0.023377351791646076 258
1739718824469 0.19493243887584458 259
1739718824494 0.10617730023862411 260
1739718824520 0.004261500572941375 261
1739718824545 0.05522524919932416 262
1739718824570 9.595410101359765e-07 263
1739718824595 0.16240379590302942 264
1739718824621 0.0029253995500554395 265
1739718824647 0.026773259601700537 266
1739718824672 0.9463269376301924 267
1739718824697 0.10773075139494677 268
1739718824723 0.025004384242828682 269
1739718824748 0.0035424970714170146 270
1739718824773 1.21480208433634 271
1739718824798 0.11165880497636302 272
1739718824824 9.504235885458978e-05 273
1739718824849 0.5394517845755061 274
1739718824874 0.04322927768734384 275
1739718824900 0.009067841951293678 276
1739718824926 0.012547686181383274 277
1739718824952 0.023116177589283853 278
1739718824977 0.4852632134001064 279
1739718825003 0.10997433139452457 280
1739718825028 2.718910568951385e-08 281
1739718825053 0.017335311078811068 282
1739718825078 0.12193007435351268 283
1739718825104 0.026338154149834904 284
1739718825129 0.3028371984056422 285
1739718825155 0.0002772232631678621 286
1739718825180 0.2176207751606818 287
1739718825206 0.02473264413866121 288
1739718825231 0.007789959108424966 289
1739718825257 0.05393835025929213 290
1739718825282 0.021095220837917174 291
1739718825307 0.03048159400435498 292
1739718825333 0.18473051783544406 293
1739718825358 1.2870029105634921 294
1739718825384 0.15285930052213417 295
1739718825409 0.9070013781865491 296
1739718825434 0.10661251370411604 297
1739718825459 0.0752094405307091 298
1739718825486 0.015210526515984656 299
1739718825511 0.0990646476583376 300
1739718825536 0.018079762815475044 301
1739718825561 0.14235837181925057 302
1739718825587 0.17765878572970212 303
1739718825612 0.12074401666572004 304
1739718825637 0.23963087335110944 305
1739718825662 1.2021700152489123 306
1739718825687 0.07647632623872089 307
1739718825712 0.027493012413272643 308
1739718825737 1.791075733540756e-06 309
1739718825763 0.002324875257820467 310
1739718825787 0.0015797133495224765 311
1739718825813 0.01388244409967911 312
1739718825837 0.26744217402073656 313
1739718825862 0.011802665130762663 314
1739718825887 0.07907665091790506 315
1739718825913 0.044740057100216814 316
1739718825938 0.16263058487640805 317
1739718825963 0.003090177446797697 318
1739718825988 0.06528596647265279 319
1739718826013 0.6170969124372946 320
1739718826038 0.05360899278904221 321
1739718826063 0.02067393952456196 322
1739718826087 0.012873428101420734 323
1739718826112 0.005845308453402358 324
1739718826138 0.43961450954878684 325
1739718826162 0.00020452720347669302 326
1739718826188 0.010883848023469846 327
1739718826213 0.00011223909278674868 328
1739718826238 0.5016173313262181 329
1739718826264 0.14430852822189325 330
1739718826288 0.5585826811553559 331
1739718826314 0.24643429703051548 332
1739718826339 0.04814839568532024 333
1739718826364 0.08706338634095741 334
1739718826389 0.294072516871813 335
1739718826414 0.042850425263422386 336
1739718826439 0.008690587695314283 337
1739718826464 0.001632445252679216 338
1739718826489 0.01105195528016204 339
1739718826515 0.1882492302527034 340
1739718826539 0.0004886651502839878 341
1739718826565 0.02852060613543807 342
1739718826590 0.0012943452087333263 343
1739718826615 0.10208341761443855 344
1739718826641 0.014988891588324369 345
1739718826666 0.9605218188806829 346
1739718826691 0.7917696625275429 347
1739718826717 0.001453035542094131 348
1739718826742 1.2607573764763114 349
1739718826767 0.008078394315213669 350
1739718826792 0.3934410098509323 351
1739718826817 0.3254792597654811 352
1739718826842 0.36041601362245135 353
1739718826867 0.0007214592428792033 354
1739718826893 0.010885445324647863 355
1739718826918 0.011578608311001609 356
1739718826944 0.0747504227900395 357
1739718826969 0.06577951076849482 358
1739718826994 0.08792031997040406 359
1739718827020 0.3366263955438275 360
1739718827046 0.2857062769375822 361
1739718827071 0.024963570172228795 362
1739718827096 0.8621501572070346 363
1739718827122 0.1984592912183706 364
1739718827147 0.228066762274591 365
1739718827173 0.003806986969231543 366
1739718827214 0.6704895106145021 367
1739718827240 0.005782664773019021 368
1739718827267 0.016290980699849654 369
1739718827292 0.15156478118411437 370
1739718827317 0.10855985523128503 371
1739718827343 0.25869704151991413 372
1739718827368 0.012957267258452646 373
1739718827394 0.4092372849959879 374
1739718827419 0.5433274457445967 375
1739718827445 0.22560173447337975 376
1739718827470 0.43221208700790087 377
1739718827496 0.10510777864439146 378
1739718827521 0.0026240475600897185 379
1739718827546 0.044385784034495515 380
1739718827571 0.03614145788715266 381
1739718827595 0.3617652488222446 382
1739718827621 0.029646590994348344 383
1739718827647 0.09653880627752953 384
1739718827672 0.12752426103162842 385
1739718827697 0.00016993162365284406 386
1739718827724 0.029141975003892307 387
1739718827749 0.986723494868753 388
1739718827774 0.13405119360543 389
1739718827799 0.23893901685766045 390
1739718827824 0.00927617405979925 391
1739718827850 0.12001266814071314 392
1739718827875 0.1444289994954568 393
1739718827900 0.016680651244779826 394
1739718827926 0.12175473843195705 395
1739718827951 0.012607259306072512 396
1739718827976 0.0052875557239404165 397
1739718828001 0.02736057204418841 398
1739718828026 0.003159334704899526 399
1739718828051 0.013086631489076002 400
1739718828075 0.2805064127003599 401
1739718828100 0.09574858307741822 402
1739718828126 0.13684568147437598 403
1739718828152 0.3244412144262158 404
1739718828177 0.01807451990914272 405
1739718828203 0.019805781217572652 406
1739718828228 0.6701514250775644 407
1739718828254 0.1364465876929671 408
1739718828279 0.0025720906047700326 409
1739718828304 1.0999307298882564 410
1739718828329 0.30357807755391253 411
1739718828354 0.18478529022441514 412
1739718828379 0.10580081417788462 413
1739718828405 0.0001203586079399159 414
1739718828430 0.04148325838987821 415
1739718828456 0.15377121224402154 416
1739718828481 0.08658251298204295 417
1739718828506 0.01745334780848 418
1739718828531 0.37821893338628365 419
1739718828556 0.01095047247151799 420
1739718828581 0.002883568929321018 421
1739718828606 0.29859172198010847 422
1739718828631 0.20713116054470734 423
1739718828657 0.7640444821060269 424
1739718828682 0.0061315441952294 425
1739718828707 0.4065994922868157 426
1739718828733 0.7128879314269179 427
1739718828758 0.0002403945798938255 428
1739718828783 0.000634197134611767 429
1739718828809 3.356000890941622e-05 430
1739718828834 0.29099787494621215 431
1739718828860 0.007395432521869353 432
1739718828885 0.00036723100482708907 433
1739718828911 0.11904405362201564 434
1739718828936 0.03217296940374103 435
1739718828962 0.2710077720311629 436
1739718828987 0.9936780564450153 437
1739718829013 0.06263261074968303 438
1739718829038 0.018520514008370032 439
1739718829063 0.0001538624743838835 440
1739718829087 0.24133711462833263 441
1739718829112 0.06301392613081179 442
1739718829139 0.4312980577992959 443
1739718829165 0.13751271029372084 444
1739718829190 0.006232067935743197 445
1739718829215 0.005970016930447632 446
1739718829240 0.356669780894837 447
1739718829265 0.34386891857345103 448
1739718829291 0.1840791920577303 449
1739718829316 0.009376019029153792 450
1739718829341 0.10275076672007695 451
1739718829366 0.0033652859515870413 452
1739718829392 0.013205367688534291 453
1739718829417 0.045104311756075224 454
1739718829443 0.016406509547233005 455
1739718829468 0.02095832467689452 456
1739718829493 0.07610058570747419 457
1739718829518 0.0017310037312784077 458
1739718829543 0.494298880711266 459
1739718829569 1.119133074978095 460
1739718829594 0.36021963569815274 461
1739718829619 0.000261448322081485 462
1739718829645 0.09792262630815445 463
1739718829671 1.2329372147578084e-05 464
1739718829696 0.03939967346150735 465
1739718829721 0.3574374030047814 466
1739718829747 0.12555107148321734 467
1739718829772 0.003862696958090271 468
1739718829797 0.053647409463848855 469
1739718829822 0.10264886922894106 470
1739718829847 0.011800415064575112 471
1739718829873 1.2050053350738672 472
1739718829898 0.19451737770782213 473
1739718829922 0.044604939131823534 474
1739718829948 0.09798650555515387 475
1739718829973 6.01523727705849e-05 476
1739718829998 0.006694531089511875 477
1739718830023 0.019373674137873644 478
1739718830048 0.011233147637507764 479
1739718830073 0.08030317794207387 480
1739718830098 0.19733158993686467 481
1739718830124 0.045532422309163614 482
1739718830150 0.3768969563410716 483
1739718830175 0.0005584463005691593 484
1739718830200 0.08894903658071393 485
1739718830225 0.1839153502015036 486
1739718830251 0.05445039222525469 487
1739718830276 0.002218699375451605 488
1739718830302 0.08721958639284087 489
1739718830327 0.21661067093550465 490
1739718830353 0.0032249674041396814 491
1739718830378 0.04829545809412996 492
1739718830404 0.025724547866095116 493
1739718830429 0.18758870879837927 494
1739718830454 0.25650114388657397 495
1739718830480 0.00833933463314969 496
1739718830505 1.4846871395240495 497
1739718830530 0.041354232379199184 498
1739718830556 0.1795593915064345 499
