1739718102980 70.0987148750534 0
1739718103007 29.431533292201216 1
1739718103033 21.678509834240227 2
1739718103059 8.827948547462666 3
1739718103085 3.5845917299089263 4
1739718103111 1.3858413070930067 5
1739718103137 2.3337544364556293 6
1739718103165 0.017672047488803043 7
1739718103192 0.02038923434984955 8
1739718103219 0.08997218253603002 9
1739718103245 0.21638188367579486 10
1739718103272 0.23274346319587688 11
1739718103298 0.0010528980824907608 12
1739718103325 0.07683110843583252 13
1739718103352 0.07025568606408339 14
1739718103380 0.06395479491687948 15
1739718103408 0.08978729588097707 16
1739718103436 0.046649427736015485 17
1739718103466 0.1765434775388484 18
1739718103494 0.00031104195025873695 19
1739718103525 0.02953699839099002 20
1739718103554 0.5386541480717244 21
1739718103582 0.0001039912426950604 22
1739718103610 0.6986569867621107 23
1739718103638 0.4133165203170583 24
1739718103666 0.9138498351353316 25
1739718103694 0.06477615407155944 26
1739718103722 0.49461091974341437 27
1739718103750 0.20046325113249375 28
1739718103778 0.0030854294464875 29
1739718103806 0.015642043876933194 30
1739718103833 0.00020022748706980453 31
1739718103860 0.503535704327728 32
1739718103886 0.4343277839415675 33
1739718103913 0.006178446883908199 34
1739718103941 0.3369697878331028 35
1739718103968 0.13209087629641342 36
1739718103995 0.004631285747160443 37
1739718104021 0.01518568839192885 38
1739718104048 0.09525322956425367 39
1739718104075 0.044887328011347156 40
1739718104103 0.0031220227788302064 41
1739718104130 0.12422857529539573 42
1739718104157 0.04265322122174561 43
1739718104185 0.2529099927086961 44
1739718104213 0.13163727527718283 45
1739718104239 0.062254530184775975 46
1739718104267 0.05688495819166437 47
1739718104294 0.012409991801012776 48
1739718104321 0.032519552758627536 49
1739718104348 0.04081613670330682 50
1739718104374 0.0020136195013070284 51
1739718104401 0.00683607791437334 52
1739718104428 0.3648188103763366 53
1739718104455 0.01639833327880184 54
1739718104482 0.9287743366887657 55
1739718104509 0.06349926058092735 56
1739718104535 0.25014184734717826 57
1739718104567 0.00016761042631700451 58
1739718104652 0.18812251396263271 59
1739718104679 0.38777501452556246 60
1739718104706 0.5360317835448678 61
1739718104732 0.05633555139259239 62
1739718104759 0.007053152448224403 63
1739718104786 0.008524718444202852 64
1739718104813 0.12224017171397983 65
1739718104839 0.5884181269374503 66
1739718104866 0.02629659265466322 67
1739718104893 0.14190096557006326 68
1739718104919 0.016420932477617407 69
1739718104946 2.2608148348220346e-05 70
1739718104972 0.00016807548867440967 71
1739718104998 0.14244438961870157 72
1739718105025 0.0006873634519479136 73
1739718105051 0.007805355728157891 74
1739718105078 0.1417510431934923 75
1739718105104 0.9564058720518543 76
1739718105131 0.8646231632779875 77
1739718105157 0.053108067379689136 78
1739718105184 0.004416398755197518 79
1739718105210 0.06456658288913392 80
1739718105236 0.32683915322950435 81
1739718105262 0.014590479638621708 82
1739718105289 0.0050774032936283745 83
1739718105316 0.012752530348217064 84
1739718105343 0.1615704511659965 85
1739718105369 1.1013308301485307 86
1739718105396 0.02455962567847326 87
1739718105422 0.03359478372813817 88
1739718105448 0.3103492651129569 89
1739718105475 0.20649876803911624 90
1739718105501 0.23177908780505116 91
1739718105527 0.019053549486793407 92
1739718105553 0.03204092695662827 93
1739718105580 0.09449059721868523 94
1739718105607 0.387484127975894 95
1739718105633 1.134855152723759 96
1739718105660 1.6298876754230365 97
1739718105688 0.5125488946635482 98
1739718105715 0.43108165249546443 99
1739718105741 0.32783766823213206 100
1739718105768 1.0773241009950587 101
1739718105795 0.017921651133121143 102
1739718105822 0.22568273977122957 103
1739718105849 0.022190482713163488 104
1739718105878 0.0011211001501425023 105
1739718105904 0.07483522256261335 106
1739718105932 0.1194527943932456 107
1739718105959 0.03554652532567506 108
1739718105986 0.2609135706265877 109
1739718106014 0.5240103671612428 110
1739718106040 0.0005989246094201894 111
1739718106068 0.44099649589354933 112
1739718106096 0.4102246962759766 113
1739718106123 0.660524458654788 114
1739718106149 0.22497296144582862 115
1739718106176 0.21747128861195655 116
1739718106203 0.355407481939853 117
1739718106229 0.2788638499434607 118
1739718106255 0.05424793398411693 119
1739718106281 0.26843940184384296 120
1739718106309 0.03507776534376786 121
1739718106336 0.07554353416621494 122
1739718106362 0.002441203058017491 123
1739718106417 0.11066085308497785 124
1739718106445 0.3139836233955566 125
1739718106473 0.03260314121076927 126
1739718106500 7.056834278143268e-05 127
1739718106528 0.06424133027445304 128
1739718106557 0.16075139702823968 129
1739718106585 0.1419456668573355 130
1739718106613 0.07666280671621284 131
1739718106640 2.075779304418684e-07 132
1739718106667 0.3798810166820676 133
1739718106695 0.0668340628932435 134
1739718106724 0.3222455411610037 135
1739718106752 0.444513956746999 136
1739718106779 0.024014411374515893 137
1739718106808 0.0038148701406818617 138
1739718106836 0.24997559024033478 139
1739718106864 0.002683752060186611 140
1739718106891 0.00028524476509249336 141
1739718106918 0.0016856439996799644 142
1739718106945 0.18572181692684986 143
1739718106972 0.06358437531255155 144
1739718106998 0.0023526573669411088 145
1739718107025 0.01721230437397539 146
1739718107051 0.23594651980998124 147
1739718107077 0.7646391154952331 148
1739718107104 0.0793404123753421 149
1739718107132 0.5975336685763154 150
1739718107160 0.15158418155849673 151
1739718107213 0.006008753894761101 152
1739718107242 0.004443603393002305 153
1739718107271 0.015975398827825307 154
1739718107299 0.00037317699289087923 155
1739718107328 0.36382909447099265 156
1739718107358 0.04239837497597492 157
1739718107386 0.03025825584217757 158
1739718107414 0.40701790860981946 159
1739718107442 0.039429485954950605 160
1739718107471 0.20973805372679724 161
1739718107498 0.44797738047171193 162
1739718107525 1.1355935358306233 163
1739718107552 0.28111619476338484 164
1739718107579 0.001390628384803765 165
1739718107606 0.002673594044018695 166
1739718107632 0.08165766509827405 167
1739718107659 0.03767710775394498 168
1739718107685 0.00012745934479436278 169
1739718107712 0.026330633940510613 170
1739718107739 0.22368211331047602 171
1739718107765 0.7081875928650686 172
1739718107791 0.33345703273361416 173
1739718107818 0.028863739865435303 174
1739718107844 0.22004248311618801 175
1739718107870 0.0039566013967901196 176
1739718107896 0.004252852012469475 177
1739718107923 0.1337151832128751 178
1739718107949 0.005514452739717984 179
1739718107975 3.12595688379884e-05 180
1739718108002 0.022784490797295553 181
1739718108028 0.02129962321079284 182
1739718108054 0.20548183561337 183
1739718108080 0.01567007143868621 184
1739718108107 0.18439212294483748 185
1739718108133 0.0003668096962464389 186
1739718108159 0.06144361926041904 187
1739718108185 0.1655316410874625 188
1739718108212 1.0789627025972796e-05 189
1739718108238 0.0003412075885099148 190
1739718108264 0.02080731555096301 191
1739718108290 0.07987273599041504 192
1739718108317 0.03162083716970611 193
1739718108344 0.630109293913733 194
1739718108370 0.022325793140733637 195
1739718108396 0.6270159986016319 196
1739718108423 0.007822904181065899 197
1739718108451 0.014980689566279723 198
1739718108478 0.16212496642529725 199
1739718108506 0.6153184052776164 200
1739718108533 0.650183180113043 201
1739718108559 0.035419668891908895 202
1739718108586 0.3805795811720985 203
1739718108613 0.3836448092317339 204
1739718108640 0.17436207953513538 205
1739718108666 0.35521506719360585 206
1739718108693 0.0034533609128433425 207
1739718108719 0.09952799908784453 208
1739718108746 0.006055130190496277 209
1739718108772 0.055593377120815454 210
1739718108799 0.0001913695228744959 211
1739718108825 0.005948006765149654 212
1739718108852 0.3568919435108676 213
1739718108879 0.16177757298461456 214
1739718108906 0.6157810135310716 215
1739718108933 0.17625640489830774 216
1739718108959 0.4442767344463912 217
1739718108985 0.16879381731667228 218
1739718109011 0.7891185690781211 219
1739718109038 0.0015762673539748578 220
1739718109064 0.5631028720951696 221
1739718109090 0.017046180879851176 222
1739718109117 0.008019495419055422 223
1739718109144 0.2265582956614403 224
1739718109170 0.3087328558481804 225
1739718109196 0.06779619272950935 226
1739718109223 0.22763947139946186 227
1739718109249 0.6152999068888798 228
1739718109275 0.07538957003613694 229
1739718109301 0.000744472519422832 230
1739718109327 0.82286052117464 231
1739718109353 0.004312798329371897 232
1739718109380 0.2952350838555665 233
1739718109406 0.14117831322234334 234
1739718109432 0.2825933835126779 235
1739718109458 0.0013909283972427106 236
1739718109485 0.5624669549347106 237
1739718109511 0.019921130266940677 238
1739718109537 0.5054750742772234 239
1739718109563 0.20329144963485968 240
1739718109589 3.108094896499121e-07 241
1739718109615 0.047258069293202254 242
1739718109642 0.03747323730095049 243
1739718109668 0.10642705533955064 244
1739718109694 0.23466722834724502 245
1739718109720 0.44105343710428374 246
1739718109746 0.04667775186578991 247
1739718109772 0.012187950231992487 248
1739718109798 0.3918297360186796 249
1739718109824 0.11233942740302477 250
1739718109851 0.3468784810747237 251
1739718109877 0.30712524979061023 252
1739718109903 0.012811292688385267 253
1739718109929 0.11556145347922758 254
1739718109956 0.7674622969460925 255
1739718109982 1.199565048617663 256
1739718110009 0.3848637985899073 257
1739718110035 0.0052286511656435795 258
1739718110062 0.07975823942012543 259
1739718110088 0.0016248774014926686 260
1739718110115 0.029769875521348684 261
1739718110142 0.00022663294816070053 262
1739718110168 0.01310211483728742 263
1739718110194 0.3275495870990336 264
1739718110221 0.1524187965132388 265
1739718110248 0.23074078762243147 266
1739718110274 0.022763223986393223 267
1739718110300 0.003178372818425334 268
1739718110326 0.1880879249040034 269
1739718110353 0.07535648660004869 270
1739718110379 0.7298143693696858 271
1739718110405 0.23485461198929095 272
1739718110432 0.6028568260220902 273
1739718110459 0.09790468737973543 274
1739718110485 0.7130593324256599 275
1739718110511 0.1660442844867285 276
1739718110538 0.00035018590230959925 277
1739718110564 0.03535474748017671 278
1739718110591 0.0015158045424637232 279
1739718110618 0.24581138737024388 280
1739718110645 0.0029457178154657215 281
1739718110672 0.10974614073636696 282
1739718110698 0.04553308524253955 283
1739718110724 0.00024540121802491737 284
1739718110751 0.0028262200809298526 285
1739718110778 0.20589067570420816 286
1739718110806 0.37770777691987395 287
1739718110833 0.717319038702405 288
1739718110861 0.44473173817977785 289
1739718110889 0.09455217990606395 290
1739718110916 0.039037908853042445 291
1739718110943 0.014456375439149996 292
1739718110971 0.2882556999449187 293
1739718110998 0.025956620501749496 294
1739718111026 0.26265786579571215 295
1739718111053 0.002636350715943587 296
1739718111081 0.862664079023067 297
1739718111109 0.8794613886475009 298
1739718111136 0.016300516163584498 299
1739718111164 0.6037808470135886 300
1739718111192 0.1150334251285592 301
1739718111219 0.0018357053224306722 302
1739718111247 0.0009815269506042441 303
1739718111275 0.10100242932249463 304
1739718111302 0.06034360475907364 305
1739718111330 0.002298148476918103 306
1739718111357 0.2051576924057446 307
1739718111384 0.10475992144853163 308
1739718111412 0.24901675279248003 309
1739718111439 2.846296967706032e-07 310
1739718111466 0.22938029860943032 311
1739718111494 0.0022695564662751897 312
1739718111521 0.07508445538225417 313
1739718111549 0.0010320816232700723 314
1739718111576 0.2155369738560521 315
1739718111604 0.012807231929927996 316
1739718111631 0.45197436975684624 317
1739718111658 0.014268969330480321 318
1739718111686 0.06630636005206578 319
1739718111713 0.02452980279574091 320
1739718111740 0.10930813300028167 321
1739718111768 0.036563985300437654 322
1739718111795 0.027710439102170113 323
1739718111822 0.04101779365508303 324
1739718111850 0.038603788191031455 325
1739718111877 0.09643790278323246 326
1739718111903 0.014730395902954536 327
1739718111930 0.0011951463508469947 328
1739718111957 0.4495326124112295 329
1739718111984 0.02490004784489081 330
1739718112010 0.02430537681813257 331
1739718112037 0.02114318864816207 332
1739718112065 0.01197388487901501 333
1739718112092 0.19328232416378618 334
1739718112120 0.0335029824285889 335
1739718112147 0.28126211715222693 336
1739718112173 0.8349487829841281 337
1739718112200 0.0457087757803359 338
1739718112226 0.01880248104100121 339
1739718112252 1.1649082006970222 340
1739718112278 0.016744396427778616 341
1739718112304 0.6999567171900999 342
1739718112330 0.3437696044793655 343
1739718112357 0.16664700122135612 344
1739718112383 0.0317446451282435 345
1739718112409 0.0485956066674589 346
