1739718711368 0.31325714272595895 0
1739718711396 0.05062207635798992 1
1739718711424 6.429548410009479e-05 2
1739718711452 0.011209166994508643 3
1739718711480 0.02895797750043575 4
1739718711508 0.1336657188181394 5
1739718711536 0.08357496654035713 6
1739718711565 0.11003960642289855 7
1739718711594 0.002401950966496647 8
1739718711622 0.05624919801328006 9
1739718711649 0.287187894970104 10
1739718711677 0.09249554756779726 11
1739718711705 0.018888320274449776 12
1739718711732 0.05661542863006268 13
1739718711760 0.00042477488846065064 14
1739718711788 0.014030063349518387 15
1739718711816 0.365642986536522 16
1739718711844 0.2662921267850267 17
1739718711872 0.13003414482880377 18
1739718711901 0.21335439196291509 19
1739718711928 0.07649714865554524 20
1739718711955 1.009052021341762 21
1739718711983 0.04440251809786355 22
1739718712010 0.18761177216454533 23
1739718712061 0.12390090888022685 24
1739718712092 0.3914267108173019 25
1739718712120 0.011323998724174871 26
1739718712148 0.033574838601238687 27
1739718712176 0.03562005668317948 28
1739718712203 0.13917434983967644 29
1739718712231 0.06470018848678692 30
1739718712258 0.04120430110468468 31
1739718712285 0.11894753306002522 32
1739718712312 2.7837501814558655e-05 33
1739718712339 0.007967942274153662 34
1739718712366 0.9727146129757698 35
1739718712396 0.0002753659364102795 36
1739718712423 0.3173624605368809 37
1739718712450 1.6929863266298936e-05 38
1739718712477 0.0007391864325302081 39
1739718712507 0.004607284276045459 40
1739718712536 0.0009720203543849762 41
1739718712566 0.06250175430617859 42
1739718712597 0.0054971735382946555 43
1739718712628 0.26856761186418215 44
1739718712659 0.18656544823728716 45
1739718712687 0.15021592911605952 46
1739718712716 0.0005877197054877041 47
1739718712744 0.01884938215807609 48
1739718712772 0.03276536209958565 49
1739718712800 0.19755166316368694 50
1739718712829 0.022070676925102884 51
1739718712857 0.0066532639985445756 52
1739718712885 0.05305406631850841 53
1739718712913 0.17356171486493324 54
1739718712940 0.019278030664544657 55
1739718712967 0.007037687242485552 56
1739718712994 0.010246883338074116 57
1739718713023 0.017223548182159678 58
1739718713050 0.007227134384393947 59
1739718713078 0.05285506400723937 60
1739718713104 0.01668764318057683 61
1739718713131 0.06547928598748538 62
1739718713157 0.046457832700227006 63
1739718713184 0.007628168489289949 64
1739718713211 0.012656000406412316 65
1739718713241 0.004745709473317034 66
1739718713268 0.10948260479477244 67
1739718713295 0.0012782290781928637 68
1739718713320 0.04995465303952776 69
1739718713346 0.011434216901539644 70
1739718713374 0.27749956618855565 71
1739718713400 0.06162331909547916 72
1739718713426 1.7691172536834782e-05 73
1739718713453 0.25075747343381516 74
1739718713480 0.14101834677525169 75
1739718713506 0.09275780611458236 76
1739718713533 0.09412690234086203 77
1739718713560 0.016560922084643992 78
1739718713587 0.010147255698997456 79
1739718713613 0.11809303432585667 80
1739718713640 0.014210626137804777 81
1739718713667 0.0064781763987270926 82
1739718713694 0.07887820906836632 83
1739718713721 0.6660953385407157 84
1739718713747 0.3535596983953326 85
1739718713773 0.0035326947132517665 86
1739718713799 0.00021406293072013312 87
1739718713826 0.29900386730917994 88
1739718713852 0.1757541984101253 89
1739718713879 0.044444054185889946 90
1739718713906 0.010402061488870228 91
1739718713933 0.012155484519711518 92
1739718713959 0.11557260081168431 93
1739718713986 0.001793043231635519 94
1739718714012 0.029628535223610454 95
1739718714038 0.04552493101375096 96
1739718714064 0.0852219039778919 97
1739718714091 0.06272111108841477 98
1739718714118 0.3868139377520877 99
1739718714144 0.02601017464173166 100
1739718714171 0.0013941044662096154 101
1739718714197 0.03466942193988424 102
1739718714224 0.01563375235499413 103
1739718714251 0.0005896109635516256 104
1739718714277 0.031071275377958226 105
1739718714304 0.03722233033442092 106
1739718714331 0.017512170802267486 107
1739718714358 0.9737266546402097 108
1739718714386 0.038029775441161415 109
1739718714413 0.026608556414560045 110
1739718714440 0.08193449284715801 111
1739718714468 0.006389041152382561 112
1739718714495 0.00021024960899447984 113
1739718714523 0.05798534746343021 114
1739718714551 0.004097569938458477 115
1739718714579 0.017518313322630003 116
1739718714607 0.002088464866019775 117
1739718714636 0.07888331199442715 118
1739718714665 0.004036043646922077 119
1739718714693 0.1068564673022499 120
1739718714722 0.00032981341418660486 121
1739718714752 0.004245317031796551 122
1739718714780 0.004198115833324808 123
1739718714808 0.4505345755978142 124
1739718714837 0.003924872976847568 125
1739718714865 0.025479249808755832 126
1739718714895 6.089167776093072e-09 127
1739718714924 0.18566336597232955 128
1739718714952 0.09699345558126814 129
1739718714979 0.01680972220361595 130
1739718715007 0.05176087707217139 131
1739718715035 0.012327919917205459 132
1739718715063 0.49768154956794164 133
1739718715091 0.05427636440460431 134
1739718715118 0.04224106172370452 135
1739718715146 0.004403795762853948 136
1739718715174 0.3390522266789165 137
1739718715203 0.42929260090685345 138
1739718715231 0.30864508836285737 139
1739718715259 0.01960862125697474 140
1739718715287 0.2490924427696556 141
1739718715316 0.4268299293774489 142
1739718715350 0.21253752614464305 143
1739718715379 0.0008846692330824679 144
1739718715408 0.4096663512897131 145
1739718715436 0.0002935484432032886 146
1739718715464 0.12409059729017809 147
1739718715492 0.07000477699445244 148
1739718715519 0.05113145744760666 149
1739718715546 0.125680474638129 150
1739718715572 0.013855342584958769 151
1739718715599 0.10337413559447949 152
1739718715626 0.02936511998699971 153
1739718715653 0.009939744944737303 154
1739718715679 0.26239698038279663 155
1739718715706 0.14425937356744595 156
1739718715732 0.06386762584909854 157
1739718715758 0.024403576989734943 158
1739718715785 0.21919387593779918 159
1739718715812 0.010707250263908868 160
1739718715839 0.1208638814514003 161
1739718715866 0.015579189502266041 162
1739718715893 0.021036354514971375 163
1739718715920 0.044995981818954506 164
1739718715947 0.020479406660440666 165
1739718715973 0.017057723597032625 166
1739718716000 0.0036350559674173336 167
1739718716027 0.053551374749519334 168
1739718716055 0.03919154102153993 169
1739718716084 0.015027816738754468 170
1739718716113 0.06653104749777751 171
1739718716142 0.06124132846313869 172
1739718716170 0.44229346688062593 173
1739718716199 0.021656399356890243 174
1739718716227 0.04653709491763227 175
1739718716255 0.13969637219259198 176
1739718716283 0.15717990199855608 177
1739718716311 0.1386264488466463 178
1739718716339 0.022451713746603603 179
1739718716365 0.8889270991763318 180
1739718716392 0.0026026673691516167 181
1739718716419 0.001194948058842067 182
1739718716446 0.0018728909998628833 183
1739718716473 0.16238741990738365 184
1739718716501 0.06913066317410886 185
1739718716529 0.8341666247127556 186
1739718716556 1.0834827487802379 187
1739718716584 0.23008675457123343 188
1739718716610 0.011838655351597147 189
1739718716637 0.028152038411051437 190
1739718716664 0.00011271779653596005 191
1739718716691 0.005971781128160686 192
1739718716718 0.002274891638211281 193
1739718716745 0.035932539316994375 194
1739718716772 0.101657826676572 195
1739718716799 0.02589942834833625 196
1739718716826 0.05557320360260775 197
1739718716852 0.010602755625380284 198
1739718716880 0.03282996001204695 199
1739718716907 0.018879537117347262 200
1739718716934 0.002853738015226492 201
1739718716961 0.03677486375401663 202
1739718716988 0.13275806000283719 203
1739718717014 0.7515648312321761 204
1739718717041 0.03328586047001556 205
1739718717070 0.010818862260206662 206
1739718717098 0.04076094651999647 207
1739718717127 0.31999292345830094 208
1739718717154 0.057810944055046505 209
1739718717182 0.022152733562710265 210
1739718717210 0.30109119139867885 211
1739718717261 0.08501144224178654 212
1739718717289 0.05144649169869039 213
1739718717316 0.0005627535193750314 214
1739718717345 0.10036891284922604 215
1739718717373 0.027822131092445513 216
1739718717400 0.006895579374323497 217
1739718717428 0.1261341375188166 218
1739718717455 0.4974280885693304 219
1739718717483 0.012920354220208269 220
1739718717510 0.4951228884607902 221
1739718717537 0.2390336600572791 222
1739718717564 0.027845506548028892 223
1739718717591 0.0014143062196255286 224
1739718717618 0.02634387293235539 225
1739718717645 0.10538036613323838 226
1739718717672 0.07392227988376432 227
1739718717699 4.612675671593395e-06 228
1739718717727 0.03830690802925669 229
1739718717754 0.06984913433924149 230
1739718717781 0.09753305112875275 231
1739718717807 0.04483751771296421 232
1739718717835 0.1724327460500606 233
1739718717861 0.06812892042444478 234
1739718717888 0.5145748641620015 235
1739718717915 0.27952829401690293 236
1739718717942 0.061498595657031585 237
1739718717968 0.0046841844678944655 238
1739718717995 0.04411975161615751 239
1739718718022 0.2921129142839825 240
1739718718049 0.00033520778657283363 241
1739718718075 0.00012162421790632966 242
1739718718102 0.0449535330678977 243
1739718718128 0.6593931928678842 244
1739718718155 0.06690369583099401 245
1739718718184 0.22367106774542836 246
1739718718213 0.03097482547961341 247
1739718718241 0.16623438621224604 248
1739718718268 0.05216747965582681 249
1739718718296 0.005717675192708894 250
1739718718322 0.02132667477710522 251
1739718718349 0.1259450573933523 252
1739718718376 0.03071313412705489 253
1739718718404 0.058425888012411276 254
1739718718435 1.071003223558193 255
1739718718463 0.0750330965099143 256
1739718718491 0.05998771449464369 257
1739718718519 0.02496976978986004 258
1739718718548 0.008671245018676705 259
1739718718576 0.061473841344237064 260
1739718718603 0.00196179180798819 261
1739718718631 0.35012304773692715 262
1739718718658 0.13314097775276995 263
1739718718684 0.031019138909985387 264
1739718718711 0.013119217124026604 265
1739718718739 0.00033127187027474556 266
1739718718767 0.122238082989432 267
1739718718795 0.03295941613670053 268
1739718718823 0.023124220995280522 269
1739718718850 0.03823641807330488 270
1739718718878 0.024221407357072965 271
1739718718905 0.4453315537420828 272
1739718718933 0.23243565733973603 273
1739718718960 0.44731406329479756 274
1739718718989 0.35695008061133304 275
1739718719016 0.0561162169917437 276
1739718719043 0.19962133957755912 277
1739718719070 0.02042158156509261 278
1739718719097 0.8497135850248477 279
1739718719124 0.0001822011132641531 280
1739718719151 0.18019391222725425 281
1739718719178 0.008494490079345864 282
1739718719205 0.29122748993835185 283
1739718719232 0.2961839578704274 284
1739718719259 0.006317584101858202 285
1739718719286 0.08313689504257843 286
1739718719313 0.0007037299967939813 287
1739718719339 0.012037664351962048 288
1739718719367 0.1681254748994051 289
1739718719394 0.1539710007269415 290
1739718719421 0.003778541551827506 291
1739718719448 0.027685391593818203 292
1739718719475 0.12801563523509105 293
1739718719501 0.0008814176350723699 294
1739718719529 0.32151745747968197 295
1739718719556 0.039212971829226416 296
1739718719583 0.15744739833239058 297
1739718719610 0.21223560946867648 298
1739718719637 0.3689858758019298 299
1739718719664 0.14723497835878072 300
1739718719690 0.2222731812593376 301
1739718719717 0.00019786029148116606 302
1739718719744 0.0795691783389668 303
1739718719771 0.004534835683015883 304
1739718719806 0.23569567879739947 305
1739718719832 0.029987802232311733 306
1739718719859 0.4640521342009464 307
1739718719885 0.19306988028239314 308
1739718719912 0.12087119699175179 309
1739718719939 5.737419723835928e-05 310
1739718719966 0.059034528089478594 311
1739718719992 0.07906816159570168 312
1739718720019 0.02844343317391697 313
1739718720045 0.17566722080436423 314
1739718720072 0.03853227260102045 315
1739718720099 0.0044372734461788224 316
1739718720125 0.15541567741880322 317
1739718720151 0.001096407374977366 318
1739718720178 0.02755988914506701 319
1739718720205 0.00432175755037487 320
1739718720233 0.10889151154212692 321
1739718720261 0.06635415266138665 322
1739718720288 0.020789959555073446 323
1739718720315 0.18129302528114694 324
1739718720342 0.6603386523793628 325
1739718720368 0.0492121581400822 326
1739718720395 0.4102199920845833 327
1739718720422 0.042068289299264656 328
1739718720449 0.03197816181663184 329
1739718720476 1.0324876227693498 330
1739718720503 0.396086800953204 331
1739718720529 0.00013076769735294877 332
1739718720556 0.2868224304335162 333
1739718720583 0.22572351133270555 334
1739718720609 0.11150899457145755 335
1739718720636 0.10745679645666299 336
1739718720663 0.5870049470180619 337
1739718720690 0.06351966530000354 338
1739718720717 0.4355803232295316 339
1739718720744 0.048253724656705854 340
1739718720772 0.23591453513188607 341
1739718720799 0.030731381603327532 342
1739718720827 0.28034184237884446 343
1739718720855 0.09415883716510401 344
1739718720882 0.01000028422091639 345
1739718720908 0.03722383281187261 346
1739718720936 0.07325899083501838 347
1739718720962 0.0015099970600741823 348
1739718720989 0.09857069051525913 349
1739718721016 0.016640019113703157 350
1739718721043 0.0002386751220493637 351
1739718721070 0.8284564675230301 352
1739718721098 0.005598605064788785 353
1739718721125 0.13492869454433853 354
1739718721152 0.03868867644548073 355
1739718721179 1.1318769018075092 356
1739718721205 0.1352811445445076 357
1739718721232 0.0011332042401112025 358
1739718721259 0.7693439791367946 359
1739718721286 0.05286212929496635 360
1739718721312 0.002117662606587565 361
1739718721339 0.15102836034061085 362
1739718721366 0.16110723563376822 363
1739718721393 0.16423198803114356 364
1739718721420 0.00012758943596672558 365
1739718721446 0.0007349548243695266 366
1739718721473 5.589763343339764e-05 367
1739718721500 0.4679674219701632 368
1739718721527 0.0442256281187335 369
1739718721553 0.006218473629900775 370
1739718721580 0.41807058709665607 371
1739718721607 0.017507152039027994 372
1739718721634 0.10303097021466029 373
1739718721661 0.09600917093279196 374
1739718721688 0.04067134818709977 375
1739718721715 0.10867978289859823 376
1739718721742 0.024313078912453576 377
1739718721769 0.0029656959859222097 378
1739718721798 0.21857803320478777 379
1739718721825 0.0006532884192259824 380
1739718721852 0.38015954072810615 381
1739718721878 0.1269916463190724 382
1739718721905 0.005136763360915974 383
1739718721932 0.042262718177709234 384
1739718721958 1.4261493284029114 385
1739718721985 0.028982282860878467 386
1739718722011 0.4645871070809679 387
1739718722037 0.2611017554225762 388
1739718722064 0.4018838278166628 389
1739718722091 0.678538290533394 390
1739718722117 0.8304864515445654 391
1739718722144 0.10588321474503969 392
1739718722172 0.06396059243719959 393
1739718722198 0.10739841056249165 394
1739718722227 0.43438593884902854 395
1739718722254 0.027614086465521305 396
1739718722282 0.09852364560737308 397
1739718722309 1.313848342449405 398
1739718722336 0.019806314595172285 399
1739718722363 0.37295229151226955 400
1739718722391 0.016507062057079105 401
1739718722417 0.01687704546685463 402
1739718722444 0.017111988414099104 403
1739718722471 0.0014505628958846719 404
1739718722498 0.03943623925504879 405
1739718722525 0.027559223183249274 406
1739718722553 0.052645599152308466 407
1739718722581 0.08425516202575299 408
1739718722609 0.19190823842503577 409
1739718722636 0.011462992425318935 410
1739718722662 0.08665919403244826 411
1739718722689 0.033311344745413224 412
1739718722716 0.522005675731545 413
1739718722742 0.4696112549314654 414
1739718722769 0.19103265283134246 415
1739718722796 0.20993653003013024 416
1739718722822 0.009767162074344941 417
1739718722849 0.03787258512148569 418
1739718722876 0.058175815108587776 419
1739718722903 0.1370125747346593 420
1739718722930 0.04503676741285806 421
1739718722956 0.02168387908209414 422
1739718722987 0.011031969242283689 423
1739718723014 0.09640452034512463 424
1739718723041 0.016723086579446666 425
1739718723073 0.05168341685710843 426
1739718723101 0.06932803281576498 427
1739718723128 0.03883931599677528 428
1739718723154 0.0026967147862130346 429
1739718723180 0.07740701863340038 430
1739718723206 0.0025419100734530072 431
1739718723234 0.0010418878198796145 432
1739718723261 0.03696250423290679 433
1739718723288 0.026637050278777594 434
1739718723315 0.017301724659919217 435
1739718723341 0.015760468616067815 436
1739718723368 0.0787966900151985 437
1739718723395 0.9921517731197983 438
1739718723423 0.01346705299849043 439
1739718723451 0.1805199132085851 440
1739718723478 0.05722393584043775 441
1739718723506 0.04796916433196484 442
1739718723532 0.018319744083100026 443
1739718723559 0.002913023527115827 444
1739718723586 0.16631806579431163 445
1739718723612 1.0936558945514203 446
1739718723639 0.180752633031882 447
1739718723666 0.004481767079655983 448
1739718723692 0.27740176032480907 449
1739718723718 0.026441985664522258 450
1739718723745 0.044873223433309226 451
1739718723772 0.30981032653886054 452
1739718723800 4.131272200390331e-07 453
1739718723829 0.021452516806112657 454
1739718723856 0.18031958735393597 455
1739718723884 0.13814512677480278 456
1739718723911 0.24351861804084413 457
1739718723938 0.1661151213565817 458
1739718723964 0.20089768025813992 459
1739718723991 0.03409395994150136 460
1739718724017 0.010366079274671501 461
1739718724043 0.3991520981891818 462
1739718724070 0.0037851413551121863 463
1739718724096 0.01080760558280085 464
1739718724123 0.3430636885400382 465
1739718724149 0.5841158947106524 466
1739718724177 0.024888387528585725 467
1739718724204 0.09027593677510869 468
1739718724231 0.2045211634049725 469
1739718724257 0.05369462454875793 470
1739718724284 0.03041484818084121 471
1739718724311 0.08480798472670174 472
1739718724338 0.018447606394780994 473
1739718724364 0.0030593845516605233 474
1739718724391 0.05373767393291885 475
1739718724418 0.10676394980819326 476
1739718724445 0.2787833087287012 477
1739718724473 0.51956138039506 478
1739718724500 0.0004054478347621283 479
1739718724528 0.008794877075940335 480
1739718724557 0.304061044666151 481
1739718724584 0.04851225931615436 482
1739718724611 0.09718420576736615 483
1739718724637 0.010628485211748917 484
1739718724664 0.026154703376299108 485
1739718724690 0.07055817673825762 486
1739718724718 0.3355352850426963 487
1739718724745 0.011848001484773666 488
1739718724772 0.2988506483193382 489
1739718724798 0.014936923655893367 490
1739718724825 0.07853096274671625 491
1739718724852 0.02209966994219852 492
1739718724879 0.0788004662463193 493
1739718724906 0.05012801325348452 494
1739718724933 0.4212189366416989 495
1739718724959 0.03456026230513251 496
1739718724986 0.0054757229952266985 497
1739718725013 0.014390916182972288 498
1739718725040 0.08622140372516524 499
