1739716218306 146.11666738233626 0
1739716218313 126.47966781458757 1
1739716218319 106.13627439425294 2
1739716218326 93.48412863156557 3
1739716218331 79.53487600074293 4
1739716218335 68.04224058709706 5
1739716218341 59.9312473087942 6
1739716218346 53.054297159289774 7
1739716218351 43.28117683366529 8
1739716218355 38.22950978360713 9
1739716218360 33.55493156718198 10
1739716218364 28.80191667680888 11
1739716218370 24.280086969625803 12
1739716218374 21.190055867178607 13
1739716218379 19.18804845407753 14
1739716218384 15.269894117861206 15
1739716218389 14.078289953704369 16
1739716218394 11.571630610843936 17
1739716218398 10.712322895956847 18
1739716218403 9.07463733766416 19
1739716218407 7.947608287270262 20
1739716218412 6.4364549670615006 21
1739716218416 5.83840710226996 22
1739716218421 5.337437822131083 23
1739716218426 4.3433211117182955 24
1739716218431 4.142691599213874 25
1739716218435 3.336649399508383 26
1739716218440 3.3461534637597548 27
1739716218445 2.5361773880942113 28
1739716218449 2.3359964250098826 29
1739716218454 2.0819437352887236 30
1739716218458 1.7394133961859009 31
1739716218462 1.495595176894262 32
1739716218467 1.532285822028526 33
1739716218471 1.2699361714319017 34
1739716218476 1.0059512940641642 35
1739716218481 0.850385332945668 36
1739716218486 1.0302527291053938 37
1739716218491 0.7340217139023085 38
1739716218496 0.866213550977104 39
1739716218501 0.5960556811445913 40
1739716218507 0.46139490975326836 41
1739716218513 0.47295105081662603 42
1739716218518 0.5715706780365774 43
1739716218523 0.36380248919728053 44
1739716218527 0.45106364939500976 45
1739716218532 0.3469084265436442 46
1739716218536 0.2686635323044863 47
1739716218541 0.25226033474739085 48
1739716218546 0.23095016477318855 49
1739716218551 0.2847373484346797 50
1739716218556 0.2879621796056132 51
1739716218561 0.2581832279088031 52
1739716218566 0.25317214323159454 53
1739716218571 0.19559714698314945 54
1739716218576 0.19780607370967304 55
1739716218581 0.21663068482370051 56
1739716218586 0.16345087879311307 57
1739716218591 0.2177824514442343 58
1739716218596 0.17785685956461728 59
1739716218601 0.19907620378556887 60
1739716218606 0.17396511489655236 61
1739716218612 0.2052683206805581 62
1739716218617 0.23605979188858128 63
1739716218624 0.22008730811584293 64
1739716218630 0.16703150976292186 65
1739716218635 0.1515502669605727 66
1739716218641 0.1593205061761687 67
1739716218648 0.1646704337285027 68
1739716218654 0.15651950456598554 69
1739716218660 0.11714194785285874 70
1739716218666 0.10100289130286516 71
1739716218672 0.12780061730939285 72
1739716218678 0.13220880210587901 73
1739716218684 0.15336979529797565 74
1739716218690 0.1496431124111882 75
1739716218696 0.1361203450483615 76
1739716218702 0.11955702861769761 77
1739716218708 0.1583864243243092 78
1739716218714 0.13427397426075566 79
1739716218719 0.1485830660654502 80
1739716218725 0.1700902353033788 81
1739716218731 0.12618044434161907 82
1739716218737 0.14194981899954254 83
1739716218744 0.10040147435713498 84
1739716218750 0.10890511947377444 85
1739716218755 0.09228293408462765 86
1739716218761 0.13968126658362706 87
1739716218767 0.1370956092299282 88
1739716218773 0.11894151975004061 89
1739716218778 0.12425383481678577 90
1739716218785 0.1254920934681532 91
1739716218791 0.12554091917867224 92
1739716218797 0.13377174980196802 93
1739716218804 0.1055913380223227 94
1739716218810 0.09354443414208655 95
1739716218817 0.10667585388972381 96
1739716218824 0.14719942999091937 97
1739716218830 0.0907295143539767 98
1739716218835 0.12912191326125652 99
1739716218841 0.15899658159433813 100
1739716218847 0.2141746639744899 101
1739716218853 0.15089667158877795 102
1739716218860 0.14488250350968535 103
1739716218867 0.15038148790944056 104
1739716218875 0.15795224969468488 105
1739716218881 0.12823303705398034 106
1739716218886 0.18080814647948526 107
1739716218891 0.11726187989257798 108
1739716218897 0.11715017569754291 109
1739716218902 0.1651255445053868 110
1739716218907 0.16213535230137255 111
1739716218912 0.1741307996822713 112
1739716218916 0.18664718049799592 113
1739716218921 0.11562114770867055 114
1739716218927 0.1535526602194281 115
1739716218932 0.11511696996695155 116
1739716218936 0.117927206608582 117
1739716218941 0.15083396109329 118
1739716218946 0.11994924908618784 119
1739716218951 0.11317195857057222 120
1739716218956 0.17375024810744963 121
1739716218961 0.16294860179441123 122
