1739716346552 161.06967446473163 0
1739716346559 132.99151093142322 1
1739716346565 111.33126312519465 2
1739716346570 94.8339659276016 3
1739716346575 86.2853729125288 4
1739716346581 75.81981559040798 5
1739716346586 67.47446861516949 6
1739716346591 58.054602551561025 7
1739716346596 50.11636677153881 8
1739716346601 46.00647954663901 9
1739716346606 39.49482110354033 10
1739716346611 34.785247023955534 11
1739716346615 30.7854263148289 12
1739716346621 28.493171536365697 13
1739716346626 25.458165449116347 14
1739716346631 24.21672271527886 15
1739716346636 21.18891328913531 16
1739716346641 18.652763293070503 17
1739716346646 17.543561564133913 18
1739716346651 15.460860580180807 19
1739716346658 14.788453001043441 20
1739716346664 13.843809997337045 21
1739716346669 13.217354503630954 22
1739716346675 12.400991471163493 23
1739716346680 12.00298334743294 24
1739716346685 10.864548729909002 25
1739716346690 9.827539081952866 26
1739716346695 10.221978751896366 27
1739716346701 9.382285724953741 28
1739716346706 9.151466623584186 29
1739716346712 8.186125924170279 30
1739716346717 7.917528982206195 31
1739716346722 7.291608530790901 32
1739716346727 7.138985583583498 33
1739716346732 7.6324137272134465 34
1739716346737 7.034889583798363 35
1739716346741 6.765764146394793 36
1739716346746 6.494821371799588 37
1739716346753 6.35448566979224 38
1739716346760 6.283305761998394 39
1739716346766 6.302896405426843 40
1739716346772 6.120063794058195 41
1739716346777 5.991129121909813 42
1739716346782 5.5197670829889995 43
1739716346787 5.640094178728308 44
1739716346792 5.542546018159522 45
1739716346797 5.186604050080935 46
1739716346802 5.495358780345409 47
1739716346807 5.25026164186869 48
1739716346812 5.144640657173759 49
1739716346818 5.4739781962509 50
1739716346823 5.302614500009013 51
1739716346828 5.318632047713096 52
1739716346833 5.0105360460196815 53
1739716346838 5.105484192577819 54
1739716346843 5.167749113857543 55
1739716346848 5.059974513724947 56
1739716346853 4.834020804730598 57
1739716346859 4.8912195356389345 58
1739716346864 5.2178649588808375 59
1739716346869 4.8242766523789635 60
1739716346874 5.248156802264549 61
1739716346879 4.589177145757472 62
1739716346883 4.840564022750564 63
1739716346888 5.026190836637648 64
1739716346893 4.704593626005428 65
1739716346898 5.23619516350163 66
1739716346903 5.181326295750658 67
1739716346907 5.131374630871254 68
1739716346912 5.2257320118580735 69
1739716346917 4.743669933232361 70
1739716346922 4.9192295474212555 71
1739716346927 4.858339328873525 72
1739716346932 4.650764556657848 73
1739716346937 4.782231122581609 74
1739716346954 4.222262719515473 75
1739716346981 5.232538760305552 76
1739716346993 5.005822366929033 77
1739716347001 4.922026378914049 78
1739716347007 4.94444135737162 79
1739716347011 5.14523850703981 80
1739716347017 4.706045685977198 81
1739716347022 4.600260668310017 82
1739716347027 4.629531659654395 83
1739716347032 5.156876852844897 84
1739716347037 4.636805509691084 85
1739716347042 4.98989721680634 86
1739716347047 4.945713657532114 87
1739716347052 4.692455181012 88
1739716347056 4.800744734336454 89
1739716347061 4.4831902898871645 90
1739716347066 4.526985266733882 91
1739716347071 4.674481572725551 92
1739716347075 4.5913215461517 93
1739716347080 4.826550846669434 94
1739716347086 4.795276815030695 95
1739716347115 5.0134243009355695 96
1739716347128 4.729928392768811 97
1739716347134 4.764052200195972 98
1739716347140 5.074268333408517 99
1739716347145 4.616332111530389 100
1739716347151 4.564115427102998 101
1739716347156 4.8454154216462 102
1739716347161 4.6760480514687615 103
1739716347167 5.027084329626837 104
1739716347172 4.6301843746328135 105
1739716347178 4.61651007933382 106
1739716347183 5.099835285098502 107
1739716347189 4.946116584723153 108
1739716347194 4.888352876919346 109
1739716347199 4.76016388720923 110
1739716347204 5.033688766652326 111
1739716347209 4.84128632454203 112
1739716347215 4.750712907715323 113
1739716347220 4.810147426076253 114
1739716347225 5.01606914605615 115
