1739715366777 171.77350820527832 0
1739715366783 169.12840984478404 1
1739715366789 165.83603675191245 2
1739715366794 162.46475634338452 3
1739715366799 159.15340703710763 4
1739715366804 155.92532822130957 5
1739715366809 152.7776688016783 6
1739715366814 149.70392673567147 7
1739715366819 146.6986266237031 8
1739715366824 143.7577520288326 9
1739715366829 140.8783817906787 10
1739715366834 138.05830756482288 11
1739715366839 135.29576212955072 12
1739715366845 132.58924756732037 13
1739715366850 129.93743208727585 14
1739715366855 127.33908963039893 15
1739715366860 124.79306488935016 16
1739715366876 122.29825304775933 17
1739715366881 119.85358794122793 18
1739715366886 117.45803501812209 19
1739715366891 115.1105870403549 20
1739715366896 112.81026135721673 21
1739715366901 110.55609809074743 22
1739715366906 108.34715885634822 23
1739715366912 106.18252580333431 24
1739715366917 104.06130085126262 25
1739715366922 101.98260504968601 26
1739715366927 99.94557801862433 27
1739715366932 97.94937744412671 28
1739715366937 95.99317861324255 29
1739715366942 94.07617397856865 30
1739715366948 92.19757274603307 31
1739715366953 90.35660048169474 32
1739715366958 88.55249873464956 33
1739715366964 86.78452467396366 34
1739715366969 85.05195073809422 35
1739715366975 83.35406429561998 36
1739715366981 81.6901673163512 37
1739715366987 80.05957605206663 38
1739715366992 78.46162072625252 39
1739715366998 76.8956452323165 40
1739715367004 75.36100683982272 41
1739715367009 73.85707590835254 42
1739715367013 72.38323560864079 43
1739715367019 70.93888165067665 44
1739715367024 69.52342201848582 45
1739715367029 68.13627671133936 46
1739715367034 66.7768774911537 47
1739715367040 65.44466763586459 48
1739715367045 64.13910169857499 49
1739715367050 62.85964527228814 50
1739715367054 61.60577476004995 51
1739715367060 60.37697715033539 52
1739715367065 59.17274979752208 53
1739715367071 57.99260020730258 54
1739715367077 56.83604582689472 55
1739715367082 55.70261383991573 56
1739715367089 54.591840965791526 57
1739715367094 53.503273263579324 58
1739715367100 52.43646594008547 59
1739715367105 51.39098316216603 60
1739715367111 50.366397873102024 61
1739715367116 49.362291612945064 62
1739715367122 48.378254342732845 63
1739715367127 47.41388427247824 64
1739715367132 46.46878769283816 65
1739715367137 45.54257881037272 66
1739715367143 44.63487958630681 67
1739715367148 43.74531957871066 68
1739715367153 42.87353578801716 69
1739715367158 42.01917250579763 70
1739715367164 41.18188116671875 71
1739715367169 40.36132020360747 72
1739715367174 39.55715490555082 73
1739715367179 38.76905727896178 74
1739715367185 37.99670591154285 75
1739715367190 37.239785839081435 76
1739715367196 36.497988415013474 77
1739715367201 35.77101118269251 78
1739715367208 35.058557750304324 79
1739715367213 34.36033766836754 80
1739715367218 33.67606630976382 81
1739715367223 33.00546475224081 82
1739715367228 32.348259663334645 83
1739715367234 31.70418318765824 84
1739715367239 31.072972836504274 85
1739715367244 30.454371379712622 86
1739715367249 29.848126739753255 87
1739715367255 29.253991887976536 88
1739715367260 28.671724742985266 89
1739715367266 28.101088071081673 90
1739715367271 27.54184938874664 91
1739715367276 26.993780867106604 92
1739715367282 26.456659238346695 93
1739715367288 25.930265704028653 94
1739715367293 25.41438584527331 95
1739715367299 24.908809534768487 96
1739715367305 24.413330850563778 97
1739715367311 23.927747991614773 98
1739715367316 23.451863195040232 99
1739715367321 22.985482655056426 100
1739715367326 22.528416443553446 101
1739715367331 22.080478432279513 102
1739715367336 21.64148621660004 103
1739715367341 21.211261040798448 104
1739715367346 20.78962772488685 105
1739715367351 20.376414592895816 106
1739715367356 19.971453402612113 107
1739715367361 19.574579276735044 108
1739715367366 19.185630635421642 109
1739715367372 18.80444913019302 110
1739715367376 18.430879579172718 111
1739715367382 18.064769903631085 112
1739715367387 17.705971065807685 113
1739715367392 17.35433700798633 114
1739715367397 17.00972459279722 115
1739715367402 16.6719935447201 116
1739715367407 16.341006392765387 117
1739715367413 16.01662841430807 118
1739715367418 15.698727580051303 119
1739715367423 15.387174500097004 120
1739715367428 15.081842371100228 121
1739715367434 14.782606924486107 122
1739715367439 14.489346375706967 123
1739715367444 14.20194137451924 124
1739715367450 13.9202749562588 125
1739715367456 13.644232494094982 126
1739715367461 13.37370165224337 127
1739715367467 13.10857234011752 128
1739715367472 12.848736667401303 129
1739715367477 12.594088900022498 130
1739715367482 12.34452541701022 131
1739715367487 12.099944668217365 132
1739715367493 11.860247132891441 133
1739715367498 11.625335279076245 134
1739715367504 11.395113523827666 135
1739715367509 11.169488194227144 136
1739715367514 10.94836748917679 137
1739715367519 10.731661441960421 138
1739715367524 10.519281883554843 139
1739715367531 10.311142406676666 140
1739715367537 10.107158330549392 141
1739715367542 9.907246666376546 142
1739715367548 9.711326083506629 143
1739715367553 9.519316876275735 144
1739715367558 9.331140931514659 145
1739715367564 9.146721696706427 146
1739715367569 8.965984148781914 147
1739715367575 8.788854763540215 148
1739715367580 8.615261485681417 149
1739715367585 8.44513369943936 150
1739715367590 8.278402199802427 151
1739715367595 8.11499916431057 152
1739715367600 7.954858125416787 153
1739715367605 7.797913943401954 154
1739715367610 7.644102779831744 155
1739715367615 7.493362071545073 156
1739715367620 7.345630505162601 157
1739715367625 7.200847992105974 158
1739715367630 7.058955644116563 159
1739715367635 6.919895749264358 160
1739715367640 6.783611748436672 161
1739715367645 6.650048212297522 162
1739715367650 6.519150818707823 163
1739715367655 6.390866330597336 164
1739715367660 6.265142574279422 165
1739715367665 6.14192841819948 166
1739715367671 6.021173752108562 167
1739715367676 5.902829466653685 168
1739715367682 5.786847433376035 169
1739715367687 5.673180485109634 170
1739715367692 5.5617823967719255 171
1739715367698 5.452607866538404 172
1739715367703 5.345612497393865 173
1739715367708 5.240752779052638 174
1739715367713 5.137986070240287 175
1739715367719 5.037270581329639 176
1739715367724 4.938565357324068 177
1739715367730 4.841830261181118 178
1739715367736 4.747025957469324 179
1739715367741 4.6541138963521105 180
1739715367747 4.563056297891751 181
1739715367752 4.4738161366671125 182
1739715367757 4.3863571266991785 183
1739715367762 4.300643706677558 184
1739715367767 4.21664102548268 185
1739715367773 4.134314927997341 186
1739715367778 4.05363194120176 187
1739715367783 3.9745592605467888 188
1739715367788 3.8970647365992526 189
1739715367793 3.8211168619547347 190
1739715367798 3.746684758411334 191
1739715367804 3.673738164400257 192
1739715367809 3.6022474226675176 193
1739715367814 3.532183468201801 194
1739715367820 3.463517816403666 195
1739715367825 3.3962225514912436 196
1739715367830 3.330270315137551 197
1739715367837 3.265634295335033 198
1739715367843 3.2022882154825734 199
1739715367849 3.140206323690635 200
1739715367854 3.079363382300111 201
1739715367861 3.0197346576107065 202
1739715367867 2.961295909814521 203
1739715367874 2.904023383130807 204
1739715367885 2.8478937961378694 205
1739715367891 2.7928843322982893 206
1739715367896 2.738972630673231 207
1739715367902 2.686136776822559 208
1739715367909 2.63435529388666 209
1739715367916 2.5836071338464377 210
1739715367922 2.5338716689580365 211
1739715367927 2.4851286833587474 212
1739715367932 2.4373583648404256 213
1739715367939 2.3905412967875495 214
1739715367946 2.3446584502762033 215
1739715367952 2.2996911763309096 216
1739715367957 2.2556211983362986 217
1739715367964 2.212430604600286 218
1739715367971 2.1701018410658186 219
1739715367978 2.1286177041683567 220
1739715367986 2.087961333835971 221
1739715367992 2.0481162066292384 222
1739715367998 2.009066129018309 223
1739715368004 1.9707952307942331 224
1739715368011 1.933287958611883 225
1739715368017 1.8965290696619284 226
1739715368022 1.8605036254692426 227
1739715368028 1.8251969858151063 228
1739715368034 1.7905948027809344 229
1739715368039 1.7566830149109485 230
1739715368044 1.7234478414914285 231
1739715368050 1.6908757769443419 232
1739715368055 1.6589535853328328 233
1739715368060 1.6276682949765682 234
1739715368066 1.5970071931746423 235
1739715368072 1.5669578210338757 236
1739715368077 1.5375079684003852 237
1739715368082 1.5086456688924401 238
1739715368088 1.480359195032606 239
1739715368096 1.4526370534769417 240
1739715368104 1.4254679803396715 241
1739715368111 1.3988409366111776 242
1739715368116 1.372745103667465 243
1739715368122 1.347169878869421 244
1739715368127 1.3221048712498908 245
1739715368133 1.2975398972869965 246
1739715368138 1.2734649767616928 247
1739715368143 1.2498703286983257 248
1739715368149 1.2267463673860748 249
1739715368154 1.204083698479886 250
1739715368160 1.1818731151793738 251
1739715368166 1.1601055944839371 252
1739715368171 1.1387722935227589 253
1739715368177 1.1178645459580157 254
1739715368183 1.0973738584600246 255
1739715368188 1.0772919072527054 256
1739715368193 1.0576105347280713 257
1739715368199 1.0383217461283243 258
1739715368204 1.0194177062943 259
1739715368210 1.0008907364786603 260
1739715368215 0.9827333112229449 261
1739715368222 0.9649380552968502 262
1739715368229 0.9474977406986896 263
1739715368235 0.9304052837157646 264
1739715368241 0.9136537420434353 265
1739715368246 0.897236311961676 266
1739715368251 0.881146325568131 267
1739715368257 0.8653772480662902 268
1739715368262 0.8499226751079652 269
1739715368267 0.8347763301886636 270
1739715368273 0.819932062095197 271
1739715368279 0.805383842404059 272
1739715368284 0.7911257630298498 273
1739715368289 0.7771520338227146 274
1739715368295 0.763456980213614 275
1739715368300 0.7500350409067663 276
1739715368305 0.7368807656180908 277
1739715368310 0.7239888128588162 278
1739715368316 0.7113539477633752 279
1739715368322 0.6989710399606811 280
1739715368327 0.6868350614878359 281
1739715368332 0.6749410847456276 282
1739715368337 0.6632842804947481 283
1739715368342 0.6518599158920646 284
1739715368347 0.6406633525660895 285
1739715368353 0.6296900447309345 286
1739715368358 0.6189355373378322 287
1739715368363 0.6083954642636615 288
1739715368368 0.5980655465355526 289
1739715368373 0.5879415905910622 290
1739715368379 0.5780194865729603 291
1739715368384 0.5682952066581817 292
1739715368389 0.5587648034200368 293
1739715368394 0.5494244082232248 294
1739715368400 0.5402702296508337 295
1739715368405 0.5312985519627519 296
1739715368410 0.5225057335849093 297
1739715368415 0.5138882056286216 298
1739715368420 0.5054424704395489 299
1739715368425 0.4971651001755648 300
1739715368430 0.48905273541312905 301
1739715368435 0.4811020837813694 302
1739715368440 0.47330991862351585 303
1739715368445 0.465673077685026 304
1739715368450 0.4581884618278954 305
1739715368455 0.45085303377068353 306
1739715368460 0.44366381685367196 307
1739715368466 0.4366178938286469 308
1739715368470 0.42971240567289076 309
1739715368475 0.42294455042684836 310
1739715368480 0.41631158205498237 311
1739715368485 0.40981080932935937 312
1739715368490 0.4034395947355796 313
1739715368495 0.39719535340051787 314
1739715368500 0.39107555204144057 315
1739715368505 0.38507770793616075 316
1739715368510 0.37919938791375185 317
1739715368515 0.37343820736534933 318
1739715368521 0.36779182927478377 319
1739715368526 0.3622579632684978 320
1739715368530 0.35683436468449486 321
1739715368535 0.3515188336598224 322
1739715368540 0.3463092142363122 323
1739715368545 0.34120339348413803 324
1739715368550 0.33619930064292874 325
1739715368555 0.331294906279955 326
1739715368561 0.32648822146517703 327
1739715368566 0.32177729696276236 328
1739715368571 0.3171602224387011 329
1739715368576 0.31263512568428753 330
1739715368581 0.3082001718550758 331
1739715368587 0.3038535627250485 332
1739715368592 0.2995935359556572 333
1739715368597 0.29541836437947544 334
1739715368603 0.2913263552981257 335
1739715368608 0.2873158497942712 336
1739715368613 0.2833852220572734 337
1739715368619 0.2795328787223891 338
1739715368625 0.2757572582230866 339
1739715368630 0.27205683015635657 340
1739715368636 0.26843009466064727 341
1739715368641 0.2648755818062449 342
1739715368646 0.2613918509978015 343
1739715368652 0.2579774903888335 344
1739715368657 0.25463111630783963 345
1739715368663 0.25135137269595154 346
1739715368668 0.24813693055575867 347
1739715368674 0.2449864874111554 348
1739715368679 0.24189876677796515 349
1739715368685 0.23887251764514858 350
1739715368690 0.23590651396633933 351
1739715368695 0.2329995541615739 352
1739715368700 0.23015046062890554 353
1739715368706 0.22735807926583929 354
1739715368711 0.2246212790002679 355
1739715368716 0.22193895133079472 356
1739715368722 0.21931000987622282 357
1739715368727 0.21673338993404756 358
1739715368733 0.21420804804776125 359
1739715368738 0.21173296158278695 360
1739715368743 0.20930712831088644 361
1739715368748 0.20692956600284867 362
1739715368753 0.20459931202935472 363
1739715368759 0.20231542296973054 364
1739715368764 0.20007697422859816 365
1739715368769 0.19788305966012235 366
1739715368775 0.19573279119976075 367
1739715368781 0.1936252985034068 368
1739715368787 0.19155972859367823 369
1739715368793 0.18953524551332293 370
1739715368799 0.18755102998548742 371
1739715368805 0.1856062790808291 372
1739715368812 0.18370020589120936 373
1739715368818 0.18183203920995392 374
1739715368823 0.18000102321846165 375
1739715368828 0.17820641717908373 376
1739715368834 0.1764474951341277 377
1739715368840 0.1747235456108835 378
1739715368846 0.17303387133251869 379
1739715368851 0.17137778893474614 380
1739715368856 0.16975462868816665 381
1739715368862 0.16816373422614356 382
1739715368867 0.16660446227809164 383
1739715368873 0.165076182408116 384
1739715368879 0.16357827675886386 385
1739715368891 0.16211013980046296 386
1739715368897 0.16067117808451614 387
1739715368902 0.1592608100029621 388
1739715368908 0.15787846555178603 389
1739715368913 0.1565235860994141 390
1739715368919 0.15519562415975635 391
1739715368924 0.15389404316976796 392
1739715368929 0.15261831727146347 393
1739715368934 0.15136793109824354 394
1739715368939 0.1501423795655556 395
1739715368944 0.14894116766565454 396
1739715368949 0.14776381026652174 397
1739715368954 0.14660983191476412 398
1739715368960 0.14547876664245887 399
1739715368965 0.14437015777785794 400
1739715368971 0.14328355775985757 401
1739715368977 0.14221852795617776 402
1739715368982 0.14117463848518402 403
1739715368988 0.1401514680412383 404
1739715368994 0.13914860372355844 405
1739715369000 0.13816564086848776 406
1739715369007 0.13720218288510438 407
1739715369014 0.13625784109412786 408
1739715369020 0.1353322345700212 409
1739715369026 0.13442498998626462 410
1739715369033 0.1335357414636992 411
1739715369041 0.13266413042191036 412
1739715369048 0.13180980543357898 413
1739715369053 0.13097242208172685 414
1739715369059 0.13015164281981922 415
1739715369065 0.12934713683466603 416
1739715369073 0.12855857991204042 417
1739715369080 0.12778565430500674 418
1739715369085 0.1270280486048564 419
1739715369092 0.12628545761461188 420
1739715369099 0.12555758222509514 421
1739715369106 0.124844129293416 422
1739715369112 0.12414481152393285 423
1739715369118 0.12345934735155756 424
1739715369123 0.12278746082740837 425
1739715369130 0.12212888150673774 426
1739715369136 0.12148334433908743 427
1739715369142 0.12085058956065972 428
1739715369147 0.1202303625888163 429
1739715369152 0.11962241391868772 430
1739715369158 0.11902649902185057 431
1739715369164 0.11844237824702372 432
1739715369169 0.11786981672274882 433
1739715369175 0.11730858426201081 434
1739715369180 0.11675845526876234 435
1739715369186 0.11621920864631359 436
1739715369191 0.11569062770755484 437
1739715369196 0.11517250008696134 438
1739715369201 0.1146646176543666 439
1739715369207 0.11416677643044598 440
1739715369213 0.11367877650389256 441
1739715369219 0.11320042195024876 442
1739715369225 0.11273152075234727 443
1739715369230 0.11227188472235168 444
1739715369236 0.11182132942534381 445
1739715369242 0.11137967410444576 446
1739715369248 0.1109467416074269 447
1739715369254 0.1105223583147826 448
1739715369260 0.11010635406923776 449
1739715369266 0.10969856210667676 450
1739715369271 0.1092988189884296 451
1739715369277 0.10890696453492615 452
1739715369283 0.10852284176066508 453
1739715369289 0.10814629681048284 454
1739715369295 0.10777717889709997 455
1739715369301 0.10741534023990586 456
1739715369307 0.10706063600496675 457
1739715369312 0.1067129242462374 458
1739715369318 0.10637206584794225 459
1739715369325 0.106037924468097 460
1739715369330 0.10571036648317776 461
1739715369336 0.10538926093387245 462
1739715369342 0.1050744794719336 463
1739715369348 0.10476589630807755 464
1739715369354 0.10446338816093098 465
1739715369359 0.10416683420699833 466
1739715369364 0.10387611603161519 467
1739715369370 0.1035911175808979 468
1739715369375 0.10331172511463896 469
1739715369381 0.10303782716014687 470
1739715369387 0.10276931446700915 471
1739715369392 0.10250607996275961 472
1739715369398 0.10224801870941459 473
1739715369404 0.1019950278609028 474
1739715369409 0.10174700662132248 475
1739715369415 0.1015038562040456 476
1739715369420 0.10126547979162541 477
1739715369426 0.1010317824965176 478
1739715369431 0.10080267132257546 479
1739715369437 0.10057805512732101 480
1739715369443 0.10035784458495636 481
1739715369449 0.10014195215013176 482
1739715369454 0.09993029202242128 483
1739715369459 0.09972278011151216 484
1739715369465 0.09951933400309354 485
1739715369470 0.09931987292541634 486
1739715369476 0.09912431771653285 487
1739715369482 0.09893259079217502 488
1739715369487 0.0987446161142891 489
1739715369492 0.09856031916018802 490
1739715369497 0.09837962689232126 491
1739715369503 0.09820246772865086 492
1739715369510 0.09802877151361575 493
1739715369516 0.09785846948967732 494
1739715369522 0.09769149426943145 495
1739715369527 0.0975277798082775 496
1739715369533 0.09736726137763087 497
1739715369539 0.0972098755386776 498
1739715369545 0.09705556011664028 499
