1739714583374 169.57031890620698 0
1739714583379 137.17523803180654 1
1739714583384 111.07788054412703 2
1739714583388 90.02734737329827 3
1739714583393 73.03075657641884 4
1739714583397 59.29617508638223 5
1739714583401 48.189726516179896 6
1739714583405 39.202761787864134 7
1739714583409 31.926374327396857 8
1739714583412 26.03140460693813 9
1739714583417 21.252627476545136 10
1739714583421 17.376175307026102 11
1739714583425 14.229493312832332 12
1739714583429 11.673293427414336 13
1739714583433 9.595095431512826 14
1739714583437 7.90403437020985 15
1739714583441 6.5266814622348885 16
1739714583445 5.4036780404577796 17
1739714583450 4.487022781411583 18
1739714583454 3.737884480955778 19
1739714583458 3.1248379659160666 20
1739714583462 2.622440894042043 21
1739714583466 2.2100853038247394 22
1739714583470 1.8710706817447653 23
1739714583474 1.5918556744356835 24
1739714583478 1.361453900827296 25
1739714583483 1.1709460198235666 26
1739714583487 1.0130856041369767 27
1739714583490 0.8819807170400006 28
1739714583494 0.7728365912032362 29
1739714583498 0.681747632010486 30
1739714583502 0.60552924393347 31
1739714583507 0.5415818139854336 32
1739714583511 0.4877806664826052 33
1739714583515 0.4423869971977117 34
1739714583519 0.4039757579751172 35
1739714583523 0.37137723970387965 36
1739714583528 0.3436297282515149 37
1739714583531 0.3199411135992623 38
1739714583535 0.29965774041235343 39
1739714583539 0.2822391175120556 40
1739714583543 0.26723736941980153 41
1739714583548 0.2542805275985501 42
1739714583553 0.24305893212744972 43
1739714583557 0.23331415430057442 44
1739714583561 0.22482996348212464 45
1739714583565 0.21742495267531914 46
1739714583569 0.21094651086217958 47
1739714583574 0.20526588962775605 48
1739714583578 0.20027415962284079 49
1739714583582 0.19587889124450006 50
1739714583586 0.1920014252993447 51
1739714583590 0.18857462479287065 52
1739714583594 0.1855410195155148 53
1739714583598 0.18285127170515444 54
1739714583601 0.18046290450941344 55
1739714583606 0.1783392458572959 56
1739714583610 0.1764485491685765 57
1739714583614 0.17476325947741644 58
1739714583618 0.17325939934341464 59
1739714583622 0.17191605362711082 60
1739714583626 0.17071493602644428 61
1739714583630 0.16964002337427417 62
1739714583633 0.168677246221044 63
1739714583637 0.16781422628106313 64
1739714583641 0.1670400529945544 65
1739714583645 0.16634509282270887 66
1739714583649 0.1657208260074702 67
1739714583654 0.16515970643893535 68
1739714583657 0.16465504101906792 69
1739714583662 0.16420088552182183 70
1739714583666 0.16379195445178096 71
1739714583670 0.16342354281620744 72
1739714583675 0.1630914580655548 73
1739714583679 0.1627919607382195 74
1739714583684 0.16252171257753176 75
1739714583688 0.16227773108144425 76
1739714583692 0.16205734960530413 77
1739714583696 0.16185818227120763 78
1739714583701 0.16167809304863706 79
1739714583704 0.16151516846406488 80
1739714583708 0.16136769347531585 81
1739714583712 0.16123413011215437 82
1739714583716 0.16111309853998515 83
1739714583720 0.16100336025049305 84
1739714583724 0.16090380312283747 85
1739714583731 0.1608134281329128 86
1739714583735 0.16073133751710272 87
1739714583739 0.16065672422173544 88
1739714583742 0.16058886249068854 89
1739714583746 0.1605270994619056 90
1739714583750 0.16047084765938366 91
1739714583754 0.16041957828087305 92
1739714583759 0.1603728151933983 93
1739714583762 0.16033012955903492 94
1739714583767 0.1602911350223889 95
1739714583771 0.16025548339909143 96
1739714583775 0.16022286081150988 97
1739714583780 0.1601929842239671 98
1739714583784 0.16016559833500804 99
1739714583788 0.1601404727890352 100
1739714583792 0.1601173996736881 101
1739714583796 0.1600961912730599 102
1739714583800 0.16007667805003956 103
1739714583804 0.16005870683397147 104
1739714583808 0.16004213919234023 105
1739714583812 0.16002684996747082 106
1739714583816 0.16001272596124214 107
1739714583820 0.15999966475259167 108
1739714583824 0.15998757363420518 109
1739714583828 0.15997636865618628 110
1739714583831 0.1599659737657964 111
1739714583835 0.15995632003344923 112
1739714583840 0.15994734495621918 113
1739714583843 0.15993899183095975 114
1739714583847 0.1599312091899962 115
1739714583852 0.15992395029304377 116
1739714583855 0.159917172669676 117
1739714583859 0.15991083770723455 118
1739714583863 0.15990491027960466 119
1739714583867 0.15989935841273553 120
1739714583871 0.15989415298321935 121
1739714583874 0.15988926744660434 122
1739714583878 0.15988467759244965 123
1739714583883 0.1598803613234765 124
1739714583887 0.15987629845635448 125
1739714583891 0.15987247054201661 126
1739714583895 0.15986886070350373 127
1739714583899 0.15986545348963246 128
1739714583903 0.15986223474288433 129
1739714583907 0.15985919148011288 130
1739714583911 0.159856311784803 131
1739714583915 0.15985358470972308 132
1739714583919 0.15985100018894802 133
1739714583923 0.1598485489583348 134
1739714583927 0.15984622248360456 135
1739714583931 0.15984401289528444 136
1739714583935 0.15984191292984193 137
1739714583940 0.15983991587639484 138
1739714583943 0.15983801552845608 139
1739714583947 0.15983620614021396 140
1739714583952 0.1598344823869196 141
1739714583956 0.1598328393289612 142
1739714583959 0.15983127237928227 143
1739714583964 0.1598297772738156 144
1739714583968 0.15982835004463455 145
1739714583973 0.1598269869955724 146
1739714583977 0.1598256846800534 147
1739714583981 0.15982443988094563 148
1739714583985 0.15982324959222458 149
1739714583989 0.15982211100227506 150
1739714583992 0.15982102147869093 151
1739714583997 0.15981997855441712 152
