1739716264806 165.4951391252978 0
1739716264811 161.6563611155232 1
1739716264816 159.49125944470055 2
1739716264821 158.12114985201512 3
1739716264826 156.2530648687831 4
1739716264831 154.14364324558142 5
1739716264835 150.90207463706707 6
1739716264840 148.3722292722753 7
1739716264844 147.23839442760183 8
1739716264849 148.96043031086566 9
1739716264853 141.86934934410618 10
1739716264858 145.09938192589664 11
1739716264863 136.09493293979392 12
1739716264867 133.04663558041256 13
1739716264872 137.7109026183232 14
1739716264877 131.72155376992924 15
1739716264881 134.5998401169281 16
1739716264886 130.40866697025717 17
1739716264890 129.0885697837027 18
1739716264895 126.87280643237739 19
1739716264899 125.75059068835789 20
1739716264904 122.81320277636432 21
1739716264908 119.0533615939984 22
1739716264913 114.63235754059653 23
1739716264917 117.48463846726396 24
1739716264922 115.39715846755097 25
1739716264926 107.54649582453247 26
1739716264931 112.51226744521345 27
1739716264936 110.71758516922014 28
1739716264940 107.04511148140259 29
1739716264944 108.34509050796218 30
1739716264949 108.71234814474501 31
1739716264954 107.48311315434583 32
1739716264960 103.11305399902002 33
1739716264965 100.81207670109582 34
1739716264970 98.61009138812405 35
1739716264975 98.69183714387873 36
1739716264981 97.54444171716297 37
1739716264986 95.11664258502594 38
1739716264991 94.18941191701433 39
1739716264996 94.07411740502513 40
1739716265001 93.11937837824183 41
1739716265007 91.0976364427949 42
1739716265013 90.24989639749083 43
1739716265018 87.93759588244502 44
1739716265023 86.63458977422901 45
1739716265029 84.76062272940074 46
1739716265034 83.8660705036493 47
1739716265039 81.66074678376499 48
1739716265044 84.39473812341238 49
1739716265049 81.83236551518405 50
1739716265053 78.7890851636525 51
1739716265058 77.3347645381865 52
1739716265063 79.45635203663673 53
1739716265068 76.86216467823141 54
1739716265074 75.98485171982477 55
1739716265079 74.88906006334544 56
1739716265084 73.99275629213577 57
1739716265089 75.19461729723889 58
1739716265095 72.49497802631461 59
1739716265100 72.46768743893907 60
1739716265104 71.14060980684569 61
1739716265110 71.23594562342537 62
1739716265115 67.89607423849795 63
1739716265120 66.54850414730869 64
1739716265125 66.61844329534551 65
1739716265130 65.15542235590628 66
1739716265135 65.46760448931697 67
1739716265139 63.93978757318344 68
1739716265144 63.78946785314015 69
1739716265149 61.590466316987985 70
1739716265153 60.16000050302569 71
1739716265158 59.86856739823538 72
1739716265163 61.551825517295036 73
1739716265168 58.982879591567595 74
1739716265172 58.36803234104526 75
1739716265177 59.86846501359512 76
1739716265182 54.853074071115536 77
1739716265190 56.45530102131338 78
1739716265194 54.4551044420685 79
1739716265199 54.87309071798442 80
1739716265204 54.02497002389202 81
1739716265209 54.20061480878581 82
1739716265213 51.65102475877603 83
1739716265218 53.65167171582213 84
1739716265223 51.25906377444741 85
1739716265227 50.466171380606355 86
1739716265232 50.982617265388754 87
1739716265237 51.06986042574774 88
1739716265241 49.11355659243279 89
1739716265246 48.977658111391825 90
1739716265251 47.071177543318065 91
1739716265256 47.87400938246934 92
1739716265260 44.410613637874405 93
1739716265265 45.912445614323666 94
1739716265270 45.94780664671733 95
1739716265274 46.72371221316198 96
1739716265279 44.98819353305395 97
1739716265284 43.31734456412316 98
1739716265289 43.11981012189599 99
1739716265294 43.22699140909982 100
1739716265298 41.92171871576619 101
1739716265303 41.87807154407651 102
1739716265308 40.75403095626344 103
1739716265312 40.86510236703642 104
1739716265317 41.25142131979912 105
1739716265322 38.954489605419276 106
1739716265326 37.911090085719195 107
1739716265331 39.76664130122894 108
1739716265336 37.20717015628504 109
1739716265340 38.97979147458045 110
1739716265345 38.71752714088782 111
1739716265349 37.059459491834616 112
1739716265354 37.505700093278335 113
1739716265359 36.57274530252497 114
1739716265364 36.668942828648305 115
1739716265370 36.311171262681476 116
1739716265376 34.71916606431051 117
1739716265380 35.820724104778165 118
1739716265385 33.869068958122654 119
1739716265390 34.0687634336752 120
1739716265395 33.92596673127436 121
1739716265400 33.08652429334508 122
1739716265405 32.45993689066911 123
1739716265410 32.051214784118415 124
1739716265415 32.8911599725798 125
1739716265419 31.26411923814289 126
1739716265425 30.96758372672102 127
1739716265431 30.893849253136256 128
1739716265436 30.53684482499002 129
1739716265441 30.166381396952175 130
1739716265446 30.09291793802018 131
1739716265451 30.714435973149723 132
1739716265456 29.46683917267189 133
1739716265461 29.051039942793828 134
1739716265466 27.983666987959747 135
1739716265471 27.73493111492732 136
1739716265475 27.582399638312555 137
1739716265480 27.244771174748283 138
1739716265485 27.451575744192258 139
1739716265490 26.796130945974546 140
1739716265494 27.059785298340607 141
1739716265499 27.119515946693607 142
1739716265504 27.226950591040573 143
1739716265509 27.18114577518437 144
1739716265513 25.648882280152467 145
1739716265518 25.14655045934675 146
1739716265523 24.563332685587785 147
1739716265527 25.216351056130847 148
1739716265532 25.616466349853223 149
1739716265537 25.07643668339156 150
1739716265541 24.25228000558392 151
1739716265546 23.55646653880607 152
1739716265550 24.91334063312498 153
1739716265555 23.12906148384472 154
1739716265560 23.31581008421706 155
1739716265565 22.989078151972425 156
1739716265570 22.87753796165507 157
1739716265574 23.012117317266203 158
1739716265579 22.81187062205306 159
1739716265584 21.529895568099082 160
1739716265589 22.346031776475616 161
1739716265594 22.220140002047362 162
1739716265598 21.652762833920104 163
1739716265603 21.230522415252146 164
1739716265608 21.135248264992267 165
1739716265612 20.873467631740805 166
1739716265617 20.436568343120488 167
1739716265623 20.53469193201297 168
1739716265628 19.877255903004112 169
1739716265633 20.766773329253677 170
1739716265638 20.422698324517615 171
1739716265642 18.886615472003637 172
1739716265647 19.647688155210147 173
1739716265652 19.62160006803083 174
1739716265656 20.041163380238267 175
1739716265661 19.255296567178135 176
1739716265666 18.864371214325157 177
1739716265670 18.678177018901078 178
1739716265675 18.617907462694117 179
1739716265680 17.847454751882207 180
1739716265685 17.912479106407368 181
1739716265690 17.815034677837506 182
1739716265694 17.906546935324158 183
1739716265699 18.20734125911208 184
1739716265704 18.583101038120727 185
1739716265708 17.81300410853984 186
1739716265713 18.2335271352834 187
1739716265718 17.241756570583387 188
1739716265722 17.916688545765517 189
1739716265727 17.32988802235011 190
1739716265732 16.899583456518847 191
1739716265736 17.57046889687497 192
1739716265741 16.501793524008338 193
1739716265745 17.33002473804064 194
1739716265750 17.015177437907848 195
1739716265755 16.44973424171812 196
1739716265760 16.02211017276439 197
1739716265764 16.157779153443027 198
1739716265769 15.927632862703387 199
1739716265774 15.262879676344754 200
1739716265779 15.19172468581452 201
1739716265783 15.475988236028002 202
1739716265788 15.579775867351852 203
1739716265793 15.167439980891864 204
1739716265798 14.361357053570883 205
1739716265802 15.185328390898487 206
1739716265807 14.822189738978127 207
1739716265812 15.072670150282965 208
1739716265817 14.217585386166244 209
1739716265821 14.091558002323886 210
1739716265826 14.002604496327184 211
1739716265831 13.8260528310991 212
1739716265835 14.702051527534877 213
1739716265840 14.598633590452822 214
1739716265845 14.614272037117562 215
1739716265850 13.241561046557221 216
1739716265854 13.477009049678964 217
1739716265859 13.299309430616303 218
1739716265864 12.871933246421035 219
1739716265870 13.772502797886098 220
1739716265874 13.167848909988694 221
1739716265880 13.281430030953565 222
1739716265885 12.968917942058441 223
1739716265890 12.725507168869255 224
1739716265895 12.348898589419054 225
1739716265899 13.16808666517466 226
1739716265904 12.773417087929595 227
1739716265909 12.386038068979303 228
1739716265914 12.566987311956604 229
1739716265918 12.391585424038306 230
1739716265923 12.34645364134146 231
1739716265928 12.998504843615404 232
1739716265932 12.476774347436221 233
1739716265939 12.694797481220618 234
1739716265945 12.630029869799431 235
1739716265951 11.877621490333967 236
1739716265956 12.106001214423939 237
1739716265961 11.361484088077972 238
1739716265965 12.01004910952028 239
1739716265972 11.738281544733352 240
1739716265977 11.61649678432532 241
1739716265982 11.699664923175657 242
1739716265987 11.464754926667775 243
1739716265993 11.43659885842122 244
1739716265997 11.332097847994717 245
1739716266002 11.051470565528394 246
1739716266008 11.132370182649037 247
1739716266016 11.236577753343061 248
1739716266021 10.45995654951611 249
1739716266026 11.31124330013794 250
1739716266032 11.207218894400238 251
1739716266037 10.669284899454725 252
1739716266041 10.829787864564103 253
1739716266046 10.936723326496503 254
1739716266052 11.00949093496384 255
1739716266057 10.046453525379675 256
1739716266062 10.762548282489439 257
1739716266067 10.47763453266874 258
1739716266072 10.271239547117405 259
1739716266077 10.300809871196517 260
1739716266082 10.394002095071619 261
1739716266087 9.904201075330489 262
1739716266092 9.836004290650674 263
1739716266097 9.961468828894962 264
1739716266102 10.61868704613822 265
1739716266107 10.164775453722322 266
1739716266112 10.212240748708014 267
1739716266117 10.328212081652405 268
1739716266122 9.495879648919434 269
1739716266127 9.63504730563306 270
1739716266132 9.791400008217241 271
1739716266137 9.56349828975968 272
1739716266142 9.441872613528684 273
1739716266148 9.503146233021782 274
1739716266153 9.435692362672665 275
1739716266158 9.894998650711656 276
1739716266163 9.35371098852477 277
1739716266168 9.55529141518326 278
1739716266173 9.157125870992845 279
1739716266178 9.101235306648933 280
1739716266183 9.682181325335737 281
1739716266190 8.95931093795238 282
1739716266195 9.000262923596539 283
1739716266200 8.977021375928324 284
1739716266204 8.891926944536928 285
1739716266209 9.332901152283261 286
1739716266214 8.852438910513854 287
1739716266219 8.492306035222295 288
1739716266223 8.635336166143375 289
1739716266228 8.423679919609812 290
1739716266232 8.828950345173698 291
1739716266237 9.061241334429404 292
1739716266241 8.234814587576752 293
1739716266246 9.033468220568082 294
1739716266251 8.275225947182888 295
1739716266255 8.634511042828878 296
1739716266260 8.299268088224446 297
1739716266264 8.207891570897885 298
1739716266270 8.670736735213739 299
1739716266274 8.427666160316488 300
1739716266279 8.164195550293194 301
1739716266283 8.315665719869227 302
1739716266288 8.527032123606096 303
1739716266293 8.9090177532362 304
1739716266298 8.119523360653575 305
1739716266303 7.974884157215121 306
1739716266307 8.211825095552669 307
1739716266312 8.015148990256261 308
1739716266317 8.059631873485271 309
1739716266322 7.765376873304203 310
1739716266327 8.240158425151005 311
1739716266333 7.617944841033486 312
1739716266339 8.043312098104105 313
1739716266343 8.299551146815876 314
1739716266348 8.103015523034731 315
1739716266353 8.662823724892144 316
1739716266358 8.167371686464799 317
1739716266362 7.985594788441763 318
1739716266367 7.625126438449356 319
1739716266372 8.141521027732685 320
1739716266376 7.984745108270755 321
1739716266381 7.883276007533027 322
1739716266386 7.629865849876071 323
1739716266390 7.333691192865058 324
1739716266395 7.639818417633017 325
1739716266400 7.805808162067282 326
1739716266404 7.484409047588963 327
1739716266409 7.594001259343259 328
1739716266413 7.378649812687979 329
1739716266418 7.844159788120122 330
1739716266424 7.498797066643091 331
1739716266429 7.397453763295962 332
1739716266434 6.961888396473634 333
1739716266439 7.7505532424869985 334
1739716266444 7.376986649878003 335
1739716266449 7.305135954333735 336
1739716266454 7.0348573345333865 337
1739716266458 7.1561826453960995 338
1739716266463 7.4333067975226434 339
1739716266468 7.575057667660816 340
1739716266472 7.548712361494701 341
1739716266477 7.066441895168295 342
1739716266482 7.12871355706413 343
1739716266487 7.326421370151328 344
1739716266492 6.851156761523424 345
1739716266497 7.081974890716492 346
1739716266501 6.471916636486522 347
1739716266506 6.840510860879991 348
1739716266510 6.913812721260424 349
1739716266515 7.223960817064977 350
1739716266520 7.409901632574913 351
1739716266524 7.0882537773152015 352
1739716266529 6.863171907285221 353
1739716266533 7.05289869316191 354
1739716266538 7.010302098527281 355
1739716266543 6.9366465987165595 356
1739716266547 6.891231907202309 357
1739716266552 6.686265243792711 358
1739716266557 6.680655598776098 359
1739716266562 6.836980498781196 360
1739716266566 7.002071499795963 361
1739716266571 7.114368777262771 362
1739716266576 6.249847685633755 363
1739716266581 6.86134848722256 364
1739716266585 7.020584418616506 365
1739716266590 6.721640839376619 366
1739716266595 6.889574410200828 367
1739716266600 7.052384608674609 368
1739716266605 6.612540039216598 369
1739716266609 6.448080750295614 370
1739716266614 6.1952323671852545 371
1739716266619 6.451978799618763 372
1739716266623 6.4986973183253545 373
1739716266628 6.576279752563095 374
1739716266633 6.37957973670868 375
1739716266638 6.508150340883084 376
1739716266642 6.361249327215409 377
1739716266647 6.723051718200167 378
1739716266652 6.473483801245281 379
1739716266657 6.283906771408008 380
1739716266662 6.479958217698015 381
1739716266667 6.280182100242662 382
1739716266671 6.451708640285896 383
1739716266676 6.705117490757039 384
1739716266681 6.730393116677548 385
1739716266686 6.672968615508003 386
1739716266691 6.399257041592931 387
1739716266695 6.643412340987529 388
1739716266700 6.782441295535627 389
1739716266705 5.824500388012909 390
1739716266709 6.226864905593342 391
1739716266714 6.143510123996839 392
1739716266719 5.686278833941038 393
1739716266723 6.033056197488194 394
1739716266728 6.178562370441079 395
1739716266733 6.328596909292306 396
1739716266738 6.378832612773071 397
1739716266742 6.262279615999438 398
1739716266747 6.49925393590502 399
1739716266752 6.25045759917166 400
1739716266756 6.1486954105957885 401
1739716266761 6.394885570349778 402
1739716266766 5.8757199338146595 403
1739716266770 6.201873293998527 404
1739716266775 6.709807172262865 405
1739716266780 6.266482375106754 406
1739716266785 6.370605342014548 407
1739716266790 5.919836973416097 408
1739716266794 5.9934482242020035 409
1739716266799 5.989589131945472 410
1739716266804 6.301359616156311 411
1739716266809 6.135149403634768 412
1739716266813 5.8264498034603145 413
1739716266818 5.583611269719022 414
1739716266823 6.353347006001386 415
1739716266827 5.618675126817594 416
1739716266832 6.054147017037076 417
1739716266837 5.6108767383394715 418
1739716266842 6.298211720433109 419
1739716266846 5.82167763039345 420
1739716266851 6.067336262350662 421
1739716266855 5.611191463212847 422
1739716266860 5.833089362287256 423
1739716266864 6.097949580788571 424
1739716266869 5.7118353611513655 425
1739716266874 6.106870880002545 426
1739716266878 5.646084755014315 427
1739716266883 6.20080856641471 428
1739716266888 5.906229837445039 429
1739716266893 5.93287786950134 430
1739716266897 5.980189864141835 431
1739716266902 6.007694911781913 432
1739716266906 5.9993665317207725 433
1739716266911 5.570231372611374 434
1739716266915 5.9111035138057915 435
1739716266920 5.739991517926806 436
1739716266924 6.186626023312806 437
1739716266929 5.668350833168682 438
1739716266934 5.6082339621705515 439
1739716266938 5.444393066757547 440
1739716266943 5.426163243020453 441
1739716266947 5.6511332801696 442
1739716266952 5.422580745045834 443
1739716266957 5.981066778391386 444
1739716266961 5.468154497406737 445
1739716266966 5.064461079657855 446
1739716266970 5.580859212886907 447
1739716266975 6.015585367367351 448
1739716266980 5.435692988085093 449
1739716266985 5.876150454124408 450
1739716266990 5.826398937887533 451
1739716266995 5.272831029563441 452
1739716267000 5.716819198636734 453
1739716267004 5.402531254788397 454
1739716267009 5.580907261163878 455
1739716267014 5.959420811474996 456
1739716267019 5.285167211007301 457
1739716267024 5.678705750781499 458
1739716267029 5.631946590984079 459
1739716267033 5.6901779109505695 460
1739716267038 5.527308495293526 461
1739716267043 5.439343641583125 462
1739716267047 5.378036111059114 463
1739716267052 5.279987419771441 464
1739716267057 5.6175991661394304 465
1739716267062 5.88642401080724 466
1739716267066 5.412237037953974 467
1739716267071 6.065814395219875 468
1739716267075 5.174995674887239 469
1739716267080 5.460685709443331 470
1739716267084 5.589866067747901 471
1739716267089 5.378442132025237 472
1739716267094 5.4601694531579685 473
1739716267098 5.418583918424743 474
1739716267103 5.517177329456264 475
1739716267108 5.489958717106341 476
1739716267113 5.451852049857771 477
1739716267117 5.341432050999994 478
1739716267122 5.559445171865119 479
1739716267127 5.06996903229118 480
1739716267132 5.536253992286974 481
1739716267137 5.429827842394607 482
1739716267142 5.475833806339098 483
1739716267146 5.8721921491288365 484
1739716267151 5.298899672508315 485
1739716267156 5.169389771942323 486
1739716267161 5.098769687092701 487
1739716267166 5.021346259306903 488
1739716267170 5.605425264637389 489
1739716267175 5.205007934661137 490
1739716267179 5.140985260867455 491
1739716267184 5.365286984393933 492
1739716267189 5.197151624924068 493
1739716267197 5.597474495128098 494
1739716267202 5.264168909844708 495
1739716267207 4.8695919349364525 496
1739716267212 5.410803484195697 497
1739716267217 5.325054665184573 498
1739716267222 5.310126263398218 499
