1739717823566 0.33695004944525275 0
1739717823599 0.00018758188606061147 1
1739717823631 0.16613801862698738 2
1739717823664 0.06535259472302268 3
1739717823697 0.004463118864252543 4
1739717823729 0.1100429472196021 5
1739717823762 0.017995236888153215 6
1739717823794 0.11977964000946617 7
1739717823826 0.1855281157343245 8
1739717823858 0.00956021836385503 9
1739717823890 0.11546290947072757 10
1739717823922 0.3238986116219189 11
1739717823954 0.0068708202428376655 12
1739717823987 0.0278824233535334 13
1739717824019 0.5435391903301066 14
1739717824052 0.07898266293276378 15
1739717824084 0.0018752268302391715 16
1739717824117 0.10192440652471095 17
1739717824149 0.07612854508986112 18
1739717824181 0.0016294354420885683 19
1739717824213 0.027058109413404714 20
1739717824245 0.20763287490725996 21
1739717824277 0.03569478237736975 22
1739717824308 0.006209634954456736 23
1739717824340 0.07639383321986898 24
1739717824373 0.007556480102975651 25
1739717824406 0.07242229066101097 26
1739717824438 0.043655363686722064 27
1739717824470 0.002344908278594792 28
1739717824502 0.00356115234102981 29
1739717824534 0.08588011192027989 30
1739717824566 0.0025828688218455854 31
1739717824599 0.07047781733889628 32
1739717824631 1.1383652881622249e-05 33
1739717824665 8.059338198377669e-05 34
1739717824698 0.02908788872843426 35
1739717824730 0.016352101341843173 36
1739717824762 0.013044926166316724 37
1739717824795 0.06390156897119609 38
1739717824827 0.034449830382408675 39
1739717824858 0.020046855472851257 40
1739717824890 0.008098247467294348 41
1739717824922 0.0005868937390848097 42
1739717824954 0.0050158955708918245 43
1739717824986 0.0006779759107339848 44
1739717825017 0.003084481034478067 45
1739717825048 0.06309118719831967 46
1739717825081 0.046481256647805495 47
1739717825113 0.04864030821733326 48
1739717825144 0.00785317185356929 49
1739717825176 0.04438671174910258 50
1739717825208 0.25267323338005004 51
1739717825240 0.011096075915777798 52
1739717825272 0.36526187358218454 53
1739717825304 0.1047781783835909 54
1739717825335 0.002630062009308612 55
1739717825367 0.011086665936602388 56
1739717825399 0.05724013544650072 57
1739717825431 0.025925896856388287 58
1739717825462 0.08994305115872439 59
1739717825494 0.053923414915903876 60
1739717825526 0.1411911403008433 61
1739717825558 0.004198152655151101 62
1739717825590 0.036648630761933865 63
1739717825622 0.00444256949294099 64
1739717825654 5.587109838442392e-05 65
1739717825686 0.005337252956621302 66
1739717825718 0.17397212696191425 67
1739717825750 0.07184827154575486 68
1739717825783 0.0018520801386747827 69
1739717825816 0.00911398575981136 70
1739717825848 0.04799355386814786 71
1739717825881 0.29033701932086886 72
1739717825914 0.0017682009263367405 73
1739717825947 0.0006034696043580576 74
1739717825979 0.004712010074752678 75
1739717826012 0.019787611948806655 76
1739717826046 0.024517607075276577 77
1739717826078 0.26109505029639923 78
1739717826112 0.04348355154623101 79
1739717826144 0.06414415154348019 80
1739717826177 0.08362791469798363 81
1739717826212 0.11817460859572403 82
1739717826245 7.226582537935209e-05 83
1739717826278 0.035946107648389555 84
1739717826311 0.0029919151242742553 85
1739717826344 0.006307791740428955 86
1739717826376 0.027678398757107654 87
1739717826410 0.03552426354258321 88
1739717826443 0.004420229793360232 89
1739717826477 0.013957899354128998 90
1739717826510 0.0016912982403894665 91
1739717826544 0.20341689029696028 92
1739717826577 0.00044581413951689993 93
1739717826610 0.026151835375251568 94
1739717826643 0.11924281368549683 95
1739717826676 0.004091386102497436 96
1739717826709 0.0016060803420468758 97
1739717826742 0.03456372641675162 98
1739717826776 0.007555121439116445 99
1739717826808 0.061480270299899824 100
1739717826841 0.00396691217800179 101
1739717826873 0.15810454925167 102
1739717826906 0.0024769225061668614 103
1739717826941 0.0009685480595761777 104
1739717826972 0.01791914066293087 105
1739717827004 0.2619105625746751 106
1739717827037 0.011448811464571586 107
1739717827069 0.20246999253009784 108
1739717827101 0.04314354108416648 109
1739717827133 0.025604056802866298 110
1739717827165 0.018584012252020613 111
1739717827197 0.8269352481583057 112
1739717827230 0.08342316837796368 113
1739717827262 0.0729726884779887 114
1739717827294 0.0006076822077982995 115
1739717827326 0.049183695420394996 116
1739717827359 0.613898721574246 117
1739717827391 0.21727144260061043 118
1739717827423 0.7716092824493187 119
1739717827455 0.21999822730948712 120
1739717827487 0.0010558410774179807 121
1739717827519 0.0003157650577352841 122
1739717827551 0.001322353736677966 123
1739717827584 0.030551106670753427 124
1739717827616 0.018035612656254228 125
1739717827648 0.3258106941837539 126
1739717827680 0.01714258472419682 127
1739717827712 0.02671160870151723 128
1739717827745 0.010812508036928835 129
1739717827777 0.00597088938688512 130
1739717827809 0.0023624205067001624 131
1739717827842 0.024021074460804474 132
1739717827874 0.0026528470804613566 133
1739717827906 0.0003785973583099662 134
1739717827938 0.12674781232623916 135
1739717827970 0.09183736222526502 136
1739717828002 0.022154392853766792 137
1739717828035 0.08933525136577515 138
1739717828067 0.20552158447327906 139
1739717828099 0.019137629933231613 140
1739717828131 0.031214182520799497 141
1739717828163 0.17116840973094974 142
1739717828195 0.03256065332398504 143
1739717828227 0.07839871307309972 144
1739717828260 0.24229469274028834 145
1739717828292 0.044863920970708904 146
1739717828324 2.5863923714838393e-05 147
1739717828357 0.0053529853683019725 148
1739717828389 0.004430986977870733 149
1739717828421 0.08220570039861164 150
1739717828453 0.0067595126517247224 151
1739717828485 0.14435099944805727 152
1739717828517 0.029158768913731578 153
1739717828550 0.0015094810410266148 154
1739717828582 0.026955133555329684 155
1739717828614 0.0028980403410291526 156
1739717828646 0.00028151997342928616 157
1739717828678 0.12442556044087102 158
1739717828710 0.08749885957647655 159
1739717828742 0.020283076772743196 160
1739717828774 0.22291362025927994 161
1739717828806 0.0036649725872553436 162
1739717828837 0.00010373196364289001 163
1739717828869 0.08874188674406584 164
1739717828900 0.0027926572989998826 165
1739717828931 0.15473720539054878 166
1739717828963 0.09692548608796595 167
1739717828994 0.18550055544913646 168
1739717829025 0.18652339101578397 169
1739717829057 0.1481166479121652 170
1739717829088 0.011947267708939035 171
1739717829120 0.0004487095080509078 172
1739717829151 0.0031168061212913357 173
1739717829183 0.0027921264924212594 174
1739717829214 0.14302659413998947 175
1739717829246 0.0611605082716379 176
1739717829279 0.05118228439581655 177
1739717829311 0.010530388818059047 178
1739717829343 0.006294455303976306 179
1739717829375 0.008988889082179617 180
1739717829407 0.36069386968604245 181
1739717829439 0.16933601771754042 182
1739717829471 0.12835833166197144 183
1739717829503 0.1790853215150168 184
1739717829535 0.007819728974483632 185
1739717829568 0.3882095103235711 186
1739717829601 0.2470817628090436 187
1739717829633 0.4115040516777509 188
1739717829666 0.0013107093170109587 189
1739717829698 0.002574805000744611 190
1739717829730 0.01312344761015811 191
1739717829762 0.016966550185480843 192
1739717829795 0.03218935382220609 193
1739717829826 0.012082877860937037 194
1739717829859 0.013021979676768632 195
1739717829891 0.010180338786308904 196
1739717829923 0.01096963545904218 197
1739717829954 0.01288315848623884 198
1739717829987 0.03389058682395927 199
1739717830019 0.36086906534022056 200
1739717830052 0.003937171566330348 201
1739717830084 0.7740515957414589 202
1739717830117 0.1007183330767601 203
1739717830149 0.02750478763096928 204
1739717830181 0.0005495302552691242 205
1739717830213 0.25530249653025183 206
1739717830246 0.07279839436803381 207
1739717830278 0.15752142421344803 208
1739717830310 0.0010115947634291309 209
1739717830343 0.05699892342192983 210
1739717830375 0.031822852267470496 211
1739717830407 0.002019355537532214 212
1739717830439 0.05401477552920399 213
1739717830472 0.1298303438041941 214
1739717830504 0.042765460954510115 215
1739717830537 0.035176819949758555 216
1739717830570 0.17019117012987567 217
1739717830602 0.01114299043857871 218
1739717830634 0.04041426091804361 219
1739717830666 0.06534322291383646 220
1739717830699 0.005902612220411649 221
1739717830732 0.00022730055213677992 222
1739717830764 0.061926452875601216 223
1739717830797 1.6889209324170564 224
1739717830829 0.04464916662746766 225
1739717830861 0.0631926007689806 226
1739717830893 0.10059925513587606 227
1739717830925 0.0005843608786796393 228
1739717830958 0.147693253883956 229
1739717830990 0.18467879397700968 230
1739717831022 0.006689427902687864 231
1739717831054 0.05170937831474939 232
1739717831086 0.008693235109024249 233
1739717831118 0.42112661298004295 234
1739717831150 0.024074954165335494 235
1739717831182 0.035254999305636706 236
1739717831214 0.02199731911676591 237
1739717831246 0.08548734878532707 238
1739717831279 0.025374306485931964 239
1739717831311 0.050710564246944756 240
1739717831343 0.011337274023768926 241
1739717831375 0.007018202460038529 242
1739717831407 3.598671096721785e-05 243
1739717831439 0.004879086849611298 244
1739717831471 0.00020628420570829165 245
1739717831503 0.16252001821546963 246
1739717831535 0.27536103719859767 247
1739717831567 0.1702900866877456 248
1739717831599 0.11181126343423582 249
1739717831631 0.13464923157711237 250
1739717831663 0.0014333926893409733 251
1739717831695 1.3098290656040383 252
1739717831727 0.005397321032367686 253
1739717831759 5.8319393429366216e-05 254
1739717831792 0.10171644424044514 255
1739717831824 0.0013198321249335728 256
1739717831857 0.05745113653986728 257
1739717831889 0.037809575581479564 258
1739717831921 0.6632540484170388 259
1739717831953 0.0005273808638836052 260
1739717831986 0.006523486019617775 261
1739717832018 0.049758049149332594 262
1739717832051 0.03610491244186204 263
1739717832083 0.026900407929214665 264
1739717832116 0.02784488978690285 265
1739717832148 0.169588188680354 266
1739717832180 0.14212225309792256 267
1739717832212 0.016457331479028527 268
1739717832244 0.4248745434807033 269
1739717832276 0.06823184056345744 270
1739717832308 0.0015207714400211779 271
1739717832341 0.1347137945364607 272
1739717832373 0.008511730382797558 273
1739717832405 0.00048751802507895317 274
1739717832437 0.6204234655138834 275
1739717832469 0.0004935370697747167 276
1739717832501 6.32817458858503e-05 277
1739717832534 0.0771581157995919 278
1739717832566 0.01048227372546063 279
1739717832599 0.07700908225785934 280
1739717832631 0.013037830160264507 281
1739717832664 0.010648087263609371 282
1739717832697 0.005240466734711692 283
1739717832728 0.06776567683060661 284
1739717832760 0.08230242258514467 285
1739717832793 0.06583366336054194 286
1739717832826 0.021923246984110484 287
1739717832858 0.10232525434345187 288
1739717832890 0.09176549719929573 289
1739717832922 0.009667809492428873 290
1739717832955 0.08101391255245775 291
1739717832987 0.05234193135734898 292
1739717833019 0.04772682660386505 293
1739717833051 0.08440154613761454 294
1739717833084 0.0009344238079137478 295
1739717833116 0.0001696269350947995 296
1739717833148 0.0003897449409220441 297
1739717833180 0.11349077445468804 298
1739717833213 0.007178056745278748 299
1739717833245 0.0031737846511873643 300
1739717833278 0.19719370612363493 301
1739717833310 0.0027436042023482794 302
1739717833342 0.07178086500642496 303
1739717833375 0.03678149949266623 304
1739717833407 0.16961024674109823 305
1739717833439 0.0013264564571096758 306
1739717833471 0.011160609044645324 307
1739717833503 0.004116940764133711 308
1739717833535 0.23970619914664223 309
1739717833567 0.008928058461245007 310
1739717833599 0.06856038401606787 311
1739717833631 0.020737554298448185 312
1739717833663 0.03600578283386563 313
1739717833695 0.05702917225362305 314
1739717833727 0.3257820861864922 315
1739717833759 0.1317054853987188 316
1739717833791 0.026080138577649133 317
1739717833823 0.24361526888389012 318
1739717833855 0.0706542528724307 319
1739717833887 0.004406528586002654 320
1739717833919 0.056156172440476534 321
1739717833952 0.03297689441734996 322
1739717833984 0.00025968049848097523 323
1739717834016 0.03214101386476556 324
1739717834049 0.4535656984205435 325
1739717834081 0.03775738090966273 326
1739717834113 0.3201114749286597 327
1739717834146 0.12213542890060883 328
1739717834178 0.07508071604589017 329
1739717834210 0.046579248200064774 330
1739717834242 0.008131938597832638 331
1739717834274 0.0025416139887828692 332
1739717834307 0.00368468254427731 333
1739717834339 0.3154886375684564 334
1739717834371 0.0005332962953423308 335
1739717834404 0.002961461680364397 336
1739717834436 0.44922990099613475 337
1739717834468 0.40005916029201594 338
1739717834500 0.06701459965049641 339
1739717834532 0.008238166759017609 340
1739717834565 1.7039870988081837e-06 341
1739717834597 0.16439425964630225 342
1739717834629 0.3003771177162182 343
1739717834661 0.06449880201415095 344
1739717834693 0.0003286013643786978 345
1739717834725 0.010187271749974403 346
1739717834758 0.0007818744657944607 347
1739717834790 0.11336687275877408 348
1739717834821 0.06235265329643493 349
1739717834853 0.000741998260837378 350
1739717834885 0.002686893064423341 351
1739717834918 0.04725411765931121 352
1739717834951 0.030283443654077466 353
1739717834983 0.14543949133121806 354
1739717835015 0.0002906511487176554 355
1739717835047 0.07425939065080092 356
1739717835080 0.006241465690947941 357
1739717835112 0.012825307464238931 358
1739717835145 0.09058500955235099 359
1739717835177 0.05223198063794702 360
1739717835210 0.07856378473820788 361
1739717835241 0.05807995081717247 362
1739717835274 0.05287096870570155 363
1739717835306 0.004095218838661925 364
1739717835337 0.3031181578835949 365
1739717835369 0.2738192279329926 366
1739717835401 0.06485110218826792 367
1739717835433 0.03856713238922202 368
1739717835464 0.2551587376415951 369
1739717835496 0.03230072106004881 370
1739717835529 0.0012380885500957925 371
1739717835561 0.0897891246449309 372
1739717835594 0.0103486336347933 373
1739717835626 0.01632703421289636 374
1739717835658 0.0395418025401525 375
1739717835691 0.39186788376797266 376
1739717835723 0.0004841757206595106 377
1739717835755 0.13790121631713426 378
1739717835787 0.007128119179477368 379
1739717835819 0.33003558352407175 380
1739717835852 0.0012414502895373087 381
1739717835884 0.00010796854948613978 382
1739717835916 0.001346587921691518 383
1739717835949 0.03759805014880248 384
1739717835981 0.026904498981923913 385
1739717836013 0.0019094150703780613 386
1739717836045 0.2821534226327138 387
1739717836078 0.06929653264746218 388
1739717836110 0.08788359653575213 389
1739717836141 0.7249823881555633 390
1739717836173 0.8356506404750816 391
1739717836206 0.0013164194192948294 392
1739717836238 0.08084790521957584 393
1739717836270 0.021451080129116985 394
1739717836302 0.004291553782609066 395
1739717836334 0.0029220305617623605 396
1739717836367 0.24221233378738785 397
1739717836399 0.00010728472350574011 398
1739717836431 0.028471053416662555 399
1739717836463 0.08235082242880555 400
1739717836495 0.07507966300536224 401
1739717836527 2.9302525578398807e-05 402
1739717836559 0.09631463945403973 403
1739717836591 0.03406023853413434 404
1739717836624 0.010577041848176715 405
1739717836656 0.011095248018999538 406
1739717836689 0.5103460745698768 407
1739717836721 0.12993191389296507 408
1739717836754 0.012055085152149654 409
1739717836786 0.17693630200110372 410
1739717836818 0.0035445187839240125 411
1739717836851 0.03208994020190603 412
1739717836883 0.18885546369510695 413
1739717836915 0.002283593373443001 414
1739717836947 0.0016608151123692562 415
1739717836979 0.1619927073856894 416
1739717837011 0.008524803064238728 417
1739717837044 0.18468553084100345 418
1739717837077 0.003946212739019241 419
1739717837109 0.09916948558593444 420
1739717837141 0.10445924386012173 421
1739717837173 4.212039818034697e-05 422
1739717837205 0.03129419570207394 423
1739717837238 0.0016305162707673528 424
1739717837269 0.012109942029008664 425
1739717837301 0.044445851792055686 426
1739717837333 0.00579376702968561 427
1739717837364 0.0004621371430658641 428
1739717837396 0.5575568759310399 429
1739717837429 0.6369718074230056 430
1739717837461 0.10524680377913324 431
1739717837493 0.0023623661399536852 432
1739717837526 0.017376318811827142 433
1739717837558 0.001679119741555754 434
1739717837590 0.002747375743529701 435
1739717837622 0.00020813530311479257 436
1739717837654 0.014185007579386679 437
1739717837686 0.27975502393246526 438
1739717837718 0.12376650766777848 439
1739717837750 0.27665582651144505 440
1739717837782 0.0659530375064932 441
1739717837814 0.15602587389170647 442
1739717837846 0.1675844718453129 443
1739717837878 0.008763392216494052 444
1739717837910 0.015436985561575795 445
1739717837943 0.5069131010721907 446
1739717837975 0.11210506859306033 447
1739717838007 0.006492243108288857 448
1739717838039 0.09277353547491304 449
1739717838071 0.17163428058569913 450
1739717838103 0.15096995888309042 451
1739717838135 0.054934295952522395 452
1739717838167 0.008296011400992892 453
1739717838199 0.020338756344598925 454
1739717838231 0.35302368681117136 455
1739717838263 0.005102015346356301 456
1739717838295 0.19754903433834547 457
1739717838327 0.04371441416103874 458
1739717838359 0.012035351098176458 459
1739717838390 0.0012552301514091341 460
1739717838423 0.5812062233272239 461
1739717838455 0.0009505602432467548 462
1739717838487 2.1101636685922007 463
1739717838519 7.615653975011226e-05 464
1739717838551 0.003698229174608322 465
1739717838583 0.40426961341498563 466
1739717838615 0.16884641599581737 467
1739717838647 0.018043618738734505 468
1739717838679 0.012811354842666746 469
1739717838711 0.13810913209119563 470
1739717838743 0.03482977254630986 471
1739717838775 0.35869577644582457 472
1739717838808 0.007133244326569563 473
1739717838840 0.21160574859842135 474
1739717838872 0.04024670976292766 475
1739717838904 0.0001730909273055134 476
1739717838936 0.005430182708962295 477
1739717838968 0.07955387188374363 478
1739717839001 0.03764442965260091 479
1739717839033 0.29371689549762187 480
1739717839066 0.17930173368808153 481
1739717839098 0.02237713208189364 482
1739717839130 0.7034165253117601 483
1739717839163 0.05096436439388261 484
1739717839196 0.0013169685547049506 485
1739717839229 0.0008339006671460961 486
1739717839262 0.07169541501598287 487
1739717839294 0.3294250293987416 488
1739717839326 0.29249467681257424 489
1739717839359 0.6265808635089215 490
1739717839391 0.2687048808327396 491
1739717839423 0.005350471856703219 492
1739717839455 0.09424839132607352 493
1739717839487 0.256925593025338 494
1739717839518 0.16382138970863155 495
1739717839550 0.008346238041917298 496
1739717839583 0.09012045492024388 497
1739717839615 0.00021999554939271625 498
1739717839647 0.12639478541539792 499
