1739719028807 79.19972067019033 0
1739719028833 34.59895818424218 1
1739719028859 11.503355412991265 2
1739719028885 8.69926491761838 3
1739719028910 4.213079218562314 4
1739719028936 2.166932652698246 5
1739719028961 1.3097220754958543 6
1739719028987 0.4478785937713269 7
1739719029013 0.0476102557614227 8
1739719029040 0.8560369874631057 9
1739719029066 0.1746225952917313 10
1739719029091 0.25605172941406973 11
1739719029116 0.00018179328868142729 12
1739719029142 0.00111852764562166 13
1739719029167 0.02302350354595877 14
1739719029192 0.3478337169631623 15
1739719029218 0.16187614386610297 16
1739719029243 0.41805268272813734 17
1739719029268 0.2111631326311917 18
1739719029294 0.34052566517462407 19
1739719029319 0.06295140844114985 20
1739719029344 0.3558018594214003 21
1739719029370 0.14107444888074652 22
1739719029395 0.18007714284977205 23
1739719029420 0.20938998305227757 24
1739719029445 0.11565488591226045 25
1739719029471 0.005218813331970154 26
1739719029497 0.026553743860859933 27
1739719029523 0.6004134823010524 28
1739719029548 0.04589694751728712 29
1739719029574 0.0006210575462104884 30
1739719029599 0.0010640294856198488 31
1739719029624 0.5397507402428545 32
1739719029650 0.013614788443244687 33
1739719029675 0.12152326470217571 34
1739719029701 0.08065406157459977 35
1739719029726 0.3897225145548661 36
1739719029751 0.04626576516968164 37
1739719029777 0.541495241021213 38
1739719029803 0.13600698708165132 39
1739719029828 0.09565775863823378 40
1739719029896 0.05713907838593747 41
1739719029922 0.32382982271624017 42
1739719029947 0.010648224332054007 43
1739719029973 0.08766534656929621 44
1739719030000 0.1324555316740276 45
1739719030026 0.0021552885498493032 46
1739719030051 0.14149476529165336 47
1739719030076 0.033631837936227676 48
1739719030101 0.19294058041164344 49
1739719030127 0.03555537429746945 50
1739719030151 0.3195965877658495 51
1739719030177 0.4966888500202356 52
1739719030202 0.13777099918630636 53
1739719030228 0.04745013255259614 54
1739719030254 0.11610152609570869 55
1739719030279 0.43257726744860975 56
1739719030305 0.03979977303605259 57
1739719030330 0.6953890712533238 58
1739719030355 0.031528968515044296 59
1739719030380 0.21877079544300101 60
1739719030406 0.49161049033964815 61
1739719030431 0.002884467940037311 62
1739719030457 0.049356118639750625 63
1739719030483 0.24675355574893623 64
1739719030508 0.9224404467142623 65
1739719030534 0.13932619926618053 66
1739719030559 0.2782996628163473 67
1739719030585 0.020113226281483963 68
1739719030610 0.0647415352337366 69
1739719030635 0.004420540778494292 70
1739719030661 0.43432103653367976 71
1739719030686 0.05472583084763562 72
1739719030712 0.0004514032108704521 73
1739719030737 1.3343490509605846 74
1739719030762 0.25751683108290085 75
1739719030788 0.15915569410905211 76
1739719030813 0.564803390182662 77
1739719030838 0.3345962640720066 78
1739719030864 0.050017441321207584 79
1739719030889 0.015043208099584109 80
1739719030914 0.04810249133607063 81
1739719030939 1.451310504314616 82
1739719030965 0.04701069572436101 83
1739719030990 0.8871810035426527 84
1739719031016 0.00011157788951430224 85
1739719031041 0.3196001960615659 86
1739719031066 0.10997658209682173 87
1739719031091 0.16068099688327586 88
1739719031116 0.002947131978385664 89
1739719031142 0.018196422608529734 90
1739719031167 0.0021965556155270167 91
1739719031193 0.00017292425139886296 92
1739719031218 0.08765700537702169 93
1739719031244 0.15660982078697255 94
1739719031269 0.17451252783773089 95
1739719031295 0.001008268098145357 96
1739719031321 0.0007403074626364561 97
1739719031346 0.12910113625562916 98
1739719031371 0.39990848989665845 99
1739719031397 0.17562274853375312 100
1739719031422 5.7251051446485104e-05 101
1739719031448 0.44995533518999564 102
1739719031473 0.7186414044766821 103
1739719031499 0.0773073335349919 104
1739719031524 0.0045576714474108776 105
1739719031549 1.538011181183279e-05 106
1739719031574 0.06186276778620537 107
1739719031600 0.00014909795595752137 108
1739719031625 0.11982649399330006 109
1739719031651 0.07504268303026901 110
1739719031676 0.09944959125903957 111
1739719031701 0.04906828469297422 112
1739719031726 0.282665831660888 113
1739719031752 0.0001283548423808566 114
1739719031777 0.3107645994462308 115
1739719031802 0.5437641751799974 116
1739719031828 0.24512125196559875 117
1739719031853 0.13873997347577263 118
1739719031878 0.007611669182063992 119
1739719031903 0.04491419315725797 120
1739719031929 0.0790724362398404 121
1739719031955 0.556463116173342 122
1739719031980 0.0015443481663417731 123
1739719032006 0.10788492046462599 124
1739719032031 1.3728421911521946 125
1739719032057 0.15678208278602596 126
1739719032082 0.22659210967162982 127
1739719032108 0.30965801516823127 128
1739719032133 0.013591401310860783 129
1739719032158 0.008785628008956735 130
1739719032184 0.0009017176229718615 131
1739719032209 0.10874842588835233 132
1739719032235 0.04642446936143569 133
1739719032260 0.193661108130796 134
1739719032286 0.032979680027257166 135
1739719032311 0.11208859953890393 136
1739719032336 0.41322953427009235 137
1739719032362 0.2823661492452226 138
1739719032388 0.052360864107034125 139
1739719032412 0.0009788141160752375 140
1739719032438 0.048219181155963485 141
1739719032463 0.7029562325666983 142
1739719032489 0.5568037692348904 143
1739719032514 0.008405569377944296 144
1739719032539 0.070248905226609 145
1739719032565 0.020516856480963366 146
1739719032590 0.0002841685290923273 147
1739719032615 5.87539093379007e-06 148
1739719032640 0.12304841472018994 149
1739719032665 0.011726869987950549 150
1739719032692 0.023551756553050147 151
1739719032718 0.06278215656340379 152
1739719032743 0.02628274352931321 153
1739719032768 0.042983373072651064 154
1739719032793 0.019757575331991146 155
1739719032819 0.19967750226197803 156
1739719032844 0.2574214135757633 157
1739719032869 0.02609931636980449 158
1739719032895 0.3228511774089562 159
1739719032920 0.8654822849888273 160
1739719032946 0.026495033341469472 161
1739719032971 0.253615055138241 162
1739719032996 0.001514878887711961 163
1739719033021 0.02210970531443156 164
1739719033047 0.0752663462027129 165
1739719033072 0.43592651488842254 166
1739719033098 3.2953772341905725 167
1739719033124 0.040044315228943826 168
1739719033149 8.453400198421589e-05 169
1739719033175 0.006537987298410195 170
1739719033201 0.1485089556588212 171
1739719033226 0.08062070811748653 172
1739719033251 0.012626525934576954 173
1739719033277 0.00012344614376979876 174
1739719033302 0.01944499425353022 175
1739719033328 0.5991586625527884 176
1739719033353 0.5194540211268375 177
1739719033379 0.1362252347783921 178
1739719033405 0.033595102407270906 179
1739719033430 0.01713379727704158 180
1739719033456 0.07533386201691769 181
1739719033481 1.0190937776394005e-06 182
1739719033507 0.23628356430057132 183
1739719033532 0.11356926258912944 184
1739719033558 0.06346231304233692 185
1739719033583 0.019894878291704846 186
1739719033609 0.012611404838550024 187
1739719033635 0.047409947658824336 188
1739719033660 0.11073634130368708 189
1739719033685 0.28314069518464613 190
1739719033711 0.22441362938622392 191
1739719033736 0.0003955035833912332 192
1739719033761 0.056914327057448186 193
1739719033787 0.3092385644044866 194
1739719033812 0.22919350048445256 195
1739719033837 0.14681113074196042 196
1739719033863 0.08286268421194472 197
1739719033889 0.006265012453295725 198
1739719033914 0.06336419815492937 199
1739719033940 0.025050452070814633 200
1739719033965 0.19449098568316497 201
1739719033991 0.014924472585871753 202
1739719034017 3.325456392476839e-05 203
1739719034042 0.6338551890204505 204
1739719034068 0.6991020373727895 205
1739719034095 0.004964982884807256 206
1739719034120 0.2814081900844416 207
1739719034146 0.09145219707573299 208
1739719034171 0.13393696531490384 209
1739719034197 1.2945678930628997 210
1739719034222 0.2321614912604106 211
1739719034248 0.09831514822457874 212
1739719034273 0.3618722282750609 213
1739719034298 0.004648958124396806 214
1739719034324 0.00020507262845640317 215
1739719034349 0.02034526721515508 216
1739719034375 0.04522793290531486 217
1739719034400 0.006871275762500358 218
1739719034426 0.09697690496078973 219
1739719034452 0.7048027631690065 220
1739719034477 0.0026628585131125825 221
1739719034503 0.06362416179214041 222
1739719034528 0.09842796374441039 223
1739719034553 1.823411449432829 224
1739719034579 0.8720175584217222 225
1739719034605 0.13602663846953889 226
1739719034630 0.007268497868974073 227
1739719034656 0.7123180218244164 228
1739719034681 0.24490069484384144 229
1739719034706 0.23619174553159333 230
1739719034732 0.06280475573852377 231
1739719034757 0.5125022818440751 232
1739719034783 0.7116787816770543 233
1739719034808 0.23750552372702532 234
1739719034834 0.28553738393136885 235
1739719034860 0.21817338579641715 236
1739719034886 0.006197403207508974 237
1739719034911 0.010212281803497949 238
1739719034937 0.5775018072638916 239
1739719034962 0.007363479841872825 240
1739719034987 0.23824188938539873 241
1739719035013 0.3072773135008963 242
1739719035038 0.00615727044147272 243
1739719035064 0.11730352310648308 244
1739719035089 0.07065820842769222 245
1739719035115 0.00025837868658052765 246
1739719035140 0.33308233712085417 247
1739719035165 0.39489331438997377 248
1739719035191 0.00018991993693625556 249
1739719035216 0.046144116357621764 250
1739719035241 0.7054752533422187 251
1739719035266 0.34434743403168505 252
1739719035292 0.001557096447885312 253
1739719035317 0.1887654320767761 254
1739719035342 0.06742572580022842 255
1739719035367 0.03326250964547163 256
1739719035393 0.41227054982552536 257
1739719035418 0.12370932202589617 258
1739719035444 0.0008806298321929846 259
1739719035469 5.738908381546331e-05 260
1739719035495 0.19989190079650487 261
1739719035520 0.20661625883392773 262
1739719035546 0.1539148563301565 263
1739719035571 0.5960669286732959 264
1739719035597 0.1192336460130472 265
1739719035623 0.02618578345443812 266
1739719035648 0.169130499827393 267
1739719035673 0.0018933768604012522 268
1739719035699 0.09731448745750325 269
1739719035724 0.03589652936378873 270
1739719035749 0.0005443006844707464 271
1739719035775 0.006982232773002529 272
1739719035800 0.03751116183065537 273
1739719035826 0.033792345852084474 274
1739719035851 0.6638764775273017 275
1739719035876 0.140857706074288 276
1739719035902 0.5309088437838014 277
1739719035927 0.008278260833981897 278
1739719035953 0.0318751614976229 279
1739719035978 0.023298071733432874 280
1739719036004 0.43545392361853696 281
1739719036029 0.3229548256354026 282
1739719036055 0.28039727194399755 283
1739719036080 0.6394877684706209 284
1739719036105 0.0016340082322030597 285
1739719036131 0.3316699418254285 286
1739719036156 0.00022938435381355846 287
1739719036181 0.013937034242148675 288
1739719036207 0.01991149927348226 289
1739719036233 1.5460137832770833 290
1739719036258 0.09948581608258915 291
1739719036283 0.5996559828774318 292
1739719036309 0.014006400141006596 293
1739719036334 0.27841904714842997 294
1739719036360 0.14325950739747842 295
1739719036385 0.012593322971341088 296
1739719036410 0.11973390616072747 297
1739719036436 0.1910387318630073 298
1739719036461 0.027388229626675035 299
1739719036487 0.005989753968016872 300
1739719036512 0.006154285331260434 301
1739719036538 0.1489305098064088 302
1739719036563 0.0430373716616233 303
1739719036589 0.11783721100060944 304
1739719036614 0.00030566532184633967 305
1739719036640 0.1626812316986766 306
1739719036665 0.12064721339526911 307
1739719036690 0.09246314178758633 308
1739719036715 0.09814263019160459 309
1739719036741 0.02031927111577254 310
1739719036766 0.44291851880040223 311
1739719036792 0.031415654352935085 312
1739719036817 0.11245360486162886 313
1739719036843 0.38885073645339846 314
1739719036868 1.142107510515834 315
1739719036894 0.4454157030228822 316
1739719036920 0.36822157504853714 317
1739719036946 0.033046996906853796 318
1739719036971 0.008325801990401718 319
1739719036996 9.699680776374512e-05 320
1739719037022 0.1889902035977475 321
1739719037048 0.04966937174681166 322
1739719037073 0.6445287311593675 323
1739719037099 0.14538803327926703 324
1739719037124 0.0038882349665345208 325
1739719037150 0.735850619251031 326
1739719037176 0.6303904198195748 327
1739719037201 0.23265799084138594 328
1739719037226 0.005481149034423588 329
1739719037251 0.05225974230554822 330
1739719037277 0.018485477266655406 331
1739719037301 0.0029353323640704007 332
1739719037327 0.1637307177317863 333
1739719037352 0.21793044134027922 334
1739719037377 0.7054618984034159 335
1739719037403 1.287986922503404 336
1739719037428 0.3878709777052578 337
1739719037454 0.13433149821169132 338
1739719037479 0.44269492424111745 339
1739719037504 0.02354988839025483 340
1739719037530 0.006324466260470473 341
1739719037556 0.8862615171241821 342
1739719037581 0.6663260767512745 343
1739719037606 0.9205686644265813 344
1739719037632 0.005549403020979077 345
1739719037657 1.117021430017426 346
1739719037682 0.16596191094888024 347
1739719037707 0.12053114136772797 348
1739719037733 0.054447123965199185 349
1739719037758 0.06747381365627571 350
1739719037783 0.031986322694559824 351
1739719037809 0.0038406144468508363 352
1739719037835 1.1466552091478457 353
1739719037860 0.015407936456345925 354
1739719037885 0.9893796625976238 355
1739719037911 0.014936115011259183 356
1739719037936 0.3581379296373456 357
1739719037962 0.10805774596146424 358
1739719037987 0.08105877856134844 359
1739719038013 0.014879249605580059 360
1739719038039 0.05231315969049045 361
1739719038064 0.1290886542787909 362
1739719038089 0.011700226098101422 363
1739719038114 0.03519003512722625 364
1739719038142 0.30020277363681597 365
1739719038167 0.312444424853228 366
1739719038192 0.0025013509512730884 367
1739719038218 0.043642513714155 368
1739719038243 0.1640169101608171 369
1739719038268 0.0018181430649188513 370
1739719038293 1.0077794756872422 371
1739719038319 0.21892165412513953 372
1739719038344 0.6732238074696976 373
1739719038370 0.002774069567994452 374
1739719038395 1.4730851338492874 375
1739719038421 0.8851230276394279 376
1739719038447 0.002158534105805968 377
1739719038472 0.39652205296101994 378
1739719038497 0.18392827281446567 379
1739719038523 0.680580116987324 380
1739719038548 0.0662122309098889 381
1739719038574 0.00031403971275396236 382
1739719038599 0.8597912675536481 383
1739719038624 0.005334880516760415 384
1739719038650 7.055460678173796e-05 385
1739719038675 0.01765984652580603 386
1739719038700 0.07210180989597044 387
1739719038726 0.4400463037748298 388
1739719038751 0.02340520997956622 389
1739719038777 0.3923692501957012 390
1739719038802 0.0032648870709701366 391
1739719038828 0.028540372453151667 392
1739719038854 0.020849472056728213 393
1739719038880 0.004601613907722698 394
1739719038905 0.032366518362512454 395
1739719038930 0.061613128631132524 396
1739719038956 0.8077709557296217 397
1739719038981 0.038677253971891964 398
1739719039007 0.015275550887293926 399
1739719039032 0.024314394129482074 400
1739719039058 0.05795505501250946 401
1739719039084 0.11495969611525324 402
1739719039109 8.530402475108308e-06 403
1739719039135 0.20952284401093782 404
1739719039161 0.035577299796289166 405
1739719039186 0.1681708842229544 406
1739719039212 0.05455037859046268 407
1739719039238 0.024174276372062212 408
1739719039264 0.7005578081744608 409
1739719039289 0.0009054472953549128 410
1739719039315 0.20359037427603607 411
1739719039340 0.0027834929916564634 412
1739719039366 0.008816134815432336 413
1739719039391 0.09292221255340676 414
1739719039417 0.8178470056150351 415
1739719039442 0.00013831625221950253 416
1739719039468 0.006214585326589136 417
1739719039493 0.0006009719542060258 418
1739719039518 0.13415312254175712 419
1739719039544 0.5081122360842982 420
1739719039569 0.06547238752845581 421
1739719039595 0.020535701882745627 422
1739719039620 0.05589636913315363 423
1739719039645 0.000660108067468541 424
1739719039671 0.007923363779948091 425
1739719039696 0.0009773865691098797 426
1739719039722 0.13373170211255517 427
1739719039747 0.6611149515256561 428
1739719039772 0.03331509511730903 429
1739719039798 0.05258489785419634 430
1739719039823 0.01052150843415708 431
1739719039848 0.16563771123994747 432
1739719039874 0.07423071324503118 433
1739719039899 0.08881132537998998 434
1739719039924 0.02689939514078602 435
1739719039949 0.019462259378184937 436
1739719039974 0.602709156614271 437
1739719040000 0.13361488450876544 438
1739719040025 0.0025653603768075297 439
1739719040051 0.8481942392206802 440
1739719040076 0.03164119221642445 441
1739719040101 0.024739753868610673 442
1739719040127 0.15084014243532307 443
1739719040153 0.0262046821320421 444
1739719040178 0.14448832607551426 445
1739719040204 0.019317115567810128 446
1739719040229 0.0016218524569849844 447
1739719040255 0.01810713335650266 448
1739719040280 0.007463064154843554 449
1739719040305 0.24459554161615502 450
1739719040331 0.04471373147164459 451
1739719040356 0.3343933600477381 452
1739719040381 0.03796044007719101 453
1739719040406 0.6861067025391919 454
1739719040432 0.5908016556513637 455
1739719040457 0.1446033994637018 456
1739719040483 0.1698981742795786 457
1739719040508 0.33493465675583073 458
1739719040534 0.009750976701825053 459
1739719040559 0.035649847159456904 460
1739719040585 0.18975445256933365 461
1739719040610 0.10661950088204164 462
1739719040635 0.01621926753862644 463
1739719040660 0.0015002663590523494 464
1739719040686 0.11793672606667682 465
1739719040711 0.026321979614985197 466
1739719040737 0.07711433723862463 467
1739719040762 0.04102043357975865 468
1739719040788 0.0005779012201900007 469
1739719040814 0.15890935104583986 470
1739719040840 0.15402815096282085 471
1739719040866 0.8304607071176962 472
1739719040892 0.07489362994415441 473
1739719040918 0.2595243248805009 474
1739719040944 0.05422701311938833 475
1739719040970 0.005523627366967654 476
1739719040996 0.0024403676927398812 477
1739719041022 0.014991330223015223 478
1739719041049 0.007785170613730408 479
1739719041075 0.09739472409334562 480
1739719041101 0.06464399396978107 481
1739719041127 0.017243889493776313 482
1739719041153 0.00517730874966277 483
1739719041179 0.08372896360738023 484
1739719041206 0.007334261944708149 485
1739719041233 1.1181173046028021 486
1739719041259 0.021638398632857787 487
1739719041285 0.24988386716592748 488
1739719041312 0.25161058860438196 489
1739719041337 0.23247141253271084 490
1739719041363 0.05924708575977384 491
1739719041389 0.1610542486616949 492
1739719041416 0.0010268590744563588 493
1739719041443 0.3268857124369182 494
1739719041469 0.2624824493348105 495
1739719041495 0.08693417557814996 496
1739719041522 0.08049999372392871 497
1739719041548 0.00816814904716909 498
1739719041574 0.250661415192426 499
