1739715282126 169.1601688805688 0
1739715282132 169.1313301957477 1
1739715282138 169.0938756960997 2
1739715282144 169.05387678029427 3
1739715282150 169.013155046822 4
1739715282156 168.97225675666596 5
1739715282163 168.9313455339854 6
1739715282168 168.89047021000974 7
1739715282173 168.8496451795227 8
1739715282178 168.8088745081784 9
1739715282183 168.76815916474206 10
1739715282189 168.72749919076125 11
1739715282194 168.68689435145677 12
1739715282200 168.646344330977 13
1739715282205 168.60584879096106 14
1739715282210 168.56540738809392 15
1739715282216 168.5250197793598 16
1739715282222 168.48468562360458 17
1739715282227 168.44440458199114 18
1739715282232 168.4041763181232 19
1739715282237 168.36400049806886 20
1739715282242 168.3238767903551 21
1739715282248 168.28380486595285 22
1739715282253 168.24378439826006 23
1739715282258 168.2038150630837 24
1739715282263 168.16389653862188 25
1739715282268 168.12402850544586 26
1739715282273 168.08421064648226 27
1739715282279 168.04444264699558 28
1739715282284 168.00472419457049 29
1739715282290 167.9650549790944 30
1739715282295 167.9254346927405 31
1739715282300 167.8858630299502 32
1739715282306 167.8463396874166 33
1739715282312 167.80686436406705 34
1739715282318 167.76743676104695 35
1739715282325 167.7280565817029 36
1739715282331 167.68872353156607 37
1739715282337 167.64943731833606 38
1739715282343 167.61019765186452 39
1739715282349 167.57100424413912 40
1739715282354 167.53185680926742 41
1739715282359 167.4927550634611 42
1739715282365 167.45369872502016 43
1739715282370 167.41468751431728 44
1739715282375 167.37572115378228 45
1739715282380 167.33679936788684 46
1739715282386 167.29792188312885 47
1739715282391 167.25908842801778 48
1739715282396 167.22029873305908 49
1739715282402 167.18155253073968 50
1739715282407 167.14284955551278 51
1739715282413 167.1041895437835 52
1739715282418 167.06557223389382 53
1739715282424 167.02699736610853 54
1739715282429 166.9884646826006 55
1739715282435 166.94997392743693 56
1739715282440 166.91152484656413 57
1739715282445 166.8731171877946 58
1739715282450 166.8347507007924 59
1739715282455 166.79642513705957 60
1739715282461 166.75814024992212 61
1739715282466 166.71989579451673 62
1739715282471 166.6816915277769 63
1739715282476 166.64352720841964 64
1739715282481 166.60540259693215 65
1739715282487 166.5673174555585 66
1739715282492 166.52927154828663 67
1739715282497 166.49126464083508 68
1739715282502 166.45329650064022 69
1739715282507 166.41536689684344 70
1739715282512 166.37747560027827 71
1739715282518 166.3396223834578 72
1739715282523 166.30180702056208 73
1739715282528 166.26402928742564 74
1739715282533 166.22628896152534 75
1739715282539 166.1885858219678 76
1739715282544 166.15091964947732 77
1739715282549 166.11329022638387 78
1739715282554 166.07569733661097 79
1739715282560 166.0381407656639 80
1739715282565 166.00062030061784 81
1739715282570 165.96313573010602 82
1739715282576 165.92568684430827 83
1739715282581 165.8882734349394 84
1739715282586 165.85089529523765 85
1739715282591 165.81355221995338 86
1739715282596 165.7762440053378 87
1739715282601 165.7389704491316 88
1739715282606 165.70173135055418 89
1739715282611 165.66452651029218 90
1739715282616 165.62735573048886 91
1739715282622 165.59021881473302 92
1739715282627 165.55311556804827 93
1739715282632 165.5160457968823 94
1739715282637 165.47900930909637 95
1739715282643 165.44200591395457 96
1739715282649 165.40503542211349 97
1739715282654 165.36809764561173 98
1739715282659 165.3311923978597 99
1739715282665 165.29431949362927 100
1739715282670 165.25747874904357 101
1739715282676 165.2206699815672 102
1739715282681 165.18389300999584 103
1739715282686 165.14714765444654 104
1739715282691 165.11043373634783 105
1739715282697 165.07375107842995 106
1739715282702 165.03709950471503 107
1739715282707 165.0004788405076 108
1739715282712 164.96388891238496 109
1739715282718 164.9273295481877 110
1739715282723 164.89080057701025 111
1739715282729 164.85430182919154 112
1739715282734 164.81783313630572 113
1739715282740 164.78139433115305 114
1739715282746 164.74498524775058 115
1739715282752 164.70860572132327 116
1739715282758 164.67225558829477 117
1739715282763 164.63593468627872 118
1739715282769 164.59964285406974 119
1739715282774 164.56337993163453 120
1739715282779 164.5271457601035 121
1739715282785 164.49094018176166 122
1739715282790 164.45476304004032 123
1739715282795 164.41861417950847 124
1739715282800 164.38249344586418 125
1739715282806 164.3464006859264 126
1739715282811 164.31033574762648 127
1739715282816 164.27429847999986 128
1739715282822 164.23828873317794 129
1739715282827 164.2023063583799 130
1739715282833 164.1663512079046 131
1739715282838 164.1304231351224 132
1739715282844 164.09452199446753 133
1739715282849 164.05864764142962 134
1739715282854 164.02279993254643 135
1739715282859 163.98697872539572 136
1739715282865 163.95118387858753 137
1739715282871 163.91541525175657 138
1739715282876 163.8796727055546 139
1739715282882 163.8439561016428 140
1739715282887 163.80826530268422 141
1739715282892 163.77260017233652 142
1739715282898 163.73696057524447 143
1739715282903 163.70134637703234 144
1739715282908 163.66575744429716 145
1739715282913 163.63019364460104 146
1739715282919 163.59465484646404 147
1739715282924 163.5591409193574 148
1739715282931 163.52365173369594 149
1739715282936 163.48818716083147 150
1739715282942 163.45274707304569 151
1739715282947 163.4173313435431 152
1739715282953 163.3819398464445 153
1739715282958 163.34657245677974 154
1739715282963 163.31122905048144 155
1739715282969 163.27590950437786 156
1739715282974 163.24061369618644 157
1739715282980 163.2053415045074 158
1739715282986 163.17009280881658 159
1739715282991 163.13486748945962 160
1739715282996 163.09966542764514 161
1739715283002 163.06448650543817 162
1739715283007 163.02933060575424 163
1739715283012 162.99419761235276 164
1739715283017 162.95908740983072 165
1739715283023 162.9239998836167 166
1739715283028 162.88893491996447 167
1739715283033 162.85389240594694 168
1739715283038 162.81887222945022 169
1739715283043 162.78387427916732 170
1739715283049 162.74889844459233 171
1739715283054 162.71394461601452 172
1739715283059 162.67901268451223 173
1739715283064 162.64410254194726 174
1739715283069 162.60921408095885 175
1739715283075 162.5743471949581 176
1739715283080 162.53950177812203 177
1739715283085 162.50467772538806 178
1739715283090 162.46987493244845 179
1739715283095 162.43509329574437 180
1739715283100 162.40033271246062 181
1739715283106 162.36559308052014 182
1739715283111 162.33087429857832 183
1739715283117 162.29617626601774 184
1739715283122 162.26149888294276 185
1739715283128 162.22684205017407 186
1739715283133 162.19220566924344 187
1739715283139 162.1575896423886 188
1739715283144 162.12299387254768 189
1739715283150 162.08841826335433 190
1739715283155 162.0538627191324 191
1739715283160 162.0193271448909 192
1739715283166 161.98481144631876 193
1739715283171 161.9503155297801 194
1739715283178 161.9158393023089 195
1739715283184 161.8813826716044 196
1739715283190 161.8469455460257 197
1739715283195 161.81252783458726 198
1739715283201 161.77812944695395 199
1739715283207 161.7437502934362 200
1739715283212 161.70939028498515 201
1739715283217 161.67504933318804 202
1739715283223 161.64072735026352 203
1739715283228 161.60642424905672 204
1739715283233 161.572139943035 205
1739715283239 161.53787434628293 206
1739715283244 161.50362737349812 207
1739715283249 161.4693989399864 208
1739715283255 161.43518896165742 209
1739715283260 161.40099735502017 210
1739715283265 161.3668240371786 211
1739715283271 161.33266892582714 212
1739715283276 161.29853193924637 213
1739715283281 161.26441299629874 214
1739715283286 161.23031201642416 215
1739715283292 161.19622891963573 216
1739715283297 161.1621636265157 217
1739715283302 161.12811605821094 218
1739715283307 161.094086136429 219
1739715283312 161.0600737834341 220
1739715283319 161.02607892204247 221
1739715283330 160.9921014756189 222
1739715283336 160.95814136807235 223
1739715283342 160.9241985238519 224
1739715283348 160.890272867943 225
1739715283353 160.85636432586324 226
1739715283358 160.82247282365856 227
1739715283364 160.78859828789933 228
1739715283369 160.75474064567655 229
1739715283374 160.72089982459784 230
1739715283380 160.68707575278367 231
1739715283385 160.65326835886378 232
1739715283391 160.6194775719731 233
1739715283397 160.5857033217483 234
1739715283403 160.55194553832388 235
1739715283408 160.5182041523286 236
1739715283414 160.4844790948819 237
1739715283420 160.45077029759003 238
1739715283425 160.41707769254276 239
1739715283431 160.38340121230968 240
1739715283437 160.3497407899365 241
1739715283443 160.31609635894193 242
1739715283449 160.2824678533138 243
1739715283454 160.24885520750573 244
1739715283460 160.21525835643385 245
1739715283466 160.1816772354731 246
1739715283471 160.1481117804543 247
1739715283476 160.1145619276601 248
1739715283482 160.0810276138224 249
1739715283487 160.04750877611855 250
1739715283493 160.0140053521681 251
1739715283498 159.98051728002986 252
1739715283503 159.94704449819824 253
1739715283508 159.9135869456005 254
1739715283513 159.88014456159308 255
1739715283518 159.84671728595882 256
1739715283523 159.8133050589036 257
1739715283529 159.77990782105334 258
1739715283534 159.74652551345082 259
1739715283540 159.71315807755275 260
1739715283545 159.67980545522647 261
1739715283550 159.64646758874724 262
1739715283555 159.6131444207951 263
1739715283560 159.57983589445172 264
1739715283565 159.54654195319767 265
1739715283570 159.51326254090952 266
1739715283576 159.47999760185664 267
1739715283581 159.4467470806987 268
1739715283587 159.41351092248246 269
1739715283593 159.38028907263893 270
1739715283598 159.34708147698103 271
1739715283603 159.31388808170007 272
1739715283608 159.28070883336355 273
1739715283613 159.247543678912 274
1739715283618 159.2143925656565 275
1739715283623 159.18125544127588 276
1739715283628 159.14813225381388 277
1739715283634 159.11502295167674 278
1739715283639 159.08192748363024 279
1739715283644 159.04884579879726 280
1739715283650 159.01577784665514 281
1739715283656 158.98272357703297 282
1739715283662 158.94968294010908 283
1739715283667 158.9166558864085 284
1739715283672 158.88364236680033 285
1739715283678 158.85064233249534 286
1739715283683 158.81765573504325 287
1739715283689 158.78468252633053 288
1739715283694 158.7517226585777 289
1739715283700 158.71877608433698 290
1739715283705 158.68584275648976 291
1739715283710 158.6529226282444 292
1739715283715 158.62001565313352 293
1739715283722 158.58712178501196 294
1739715283727 158.55424097805405 295
1739715283733 158.5213731867516 296
1739715283738 158.4885183659115 297
1739715283744 158.45567647065315 298
1739715283749 158.42284745640643 299
1739715283754 158.3900312789095 300
1739715283759 158.35722789420623 301
1739715283764 158.32443725864422 302
1739715283769 158.2916593288724 303
1739715283774 158.25889406183896 304
1739715283780 158.2261414147892 305
1739715283785 158.193401345263 306
1739715283791 158.16067381109315 307
1739715283797 158.12795877040293 308
1739715283802 158.09525618160393 309
1739715283807 158.06256600339415 310
1739715283812 158.02988819475573 311
1739715283817 157.99722271495293 312
1739715283823 157.9645695235301 313
1739715283829 157.93192858030946 314
1739715283835 157.89929984538946 315
1739715283840 157.8666832791423 316
1739715283845 157.83407884221214 317
1739715283851 157.80148649551316 318
1739715283856 157.76890620022755 319
1739715283861 157.73633791780347 320
1739715283866 157.7037816099531 321
1739715283871 157.6712372386509 322
1739715283876 157.6387047661315 323
1739715283881 157.6061841548878 324
1739715283886 157.57367536766935 325
1739715283891 157.54117836747994 326
1739715283896 157.50869311757646 327
1739715283901 157.47621958146627 328
1739715283907 157.44375772290607 329
1739715283912 157.4113075058996 330
1739715283917 157.3788688946961 331
1739715283923 157.34644185378835 332
1739715283928 157.314026347911 333
1739715283933 157.28162234203882 334
1739715283938 157.24922980138479 335
1739715283943 157.21684869139858 336
1739715283951 157.18447897776466 337
1739715283956 157.1521206264006 338
1739715283962 157.11977360345549 339
1739715283967 157.08743787530813 340
1739715283972 157.05511340856543 341
1739715283977 157.02280017006066 342
1739715283983 156.9904981268519 343
1739715283988 156.9582072462203 344
1739715283994 156.9259274956685 345
1739715283999 156.8936588429192 346
1739715284004 156.8614012559131 347
1739715284009 156.8291547028078 348
1739715284014 156.7969191519759 349
1739715284019 156.76469457200363 350
1739715284024 156.73248093168917 351
1739715284030 156.70027820004105 352
1739715284035 156.6680863462769 353
1739715284041 156.63590533982168 354
1739715284046 156.60373515030605 355
1739715284052 156.57157574756533 356
1739715284058 156.53942710163753 357
1739715284064 156.5072891827622 358
1739715284069 156.47516196137886 359
1739715284075 156.44304540812536 360
1739715284081 156.41093949383676 361
1739715284087 156.37884418954368 362
1739715284092 156.34675946647113 363
1739715284098 156.31468529603646 364
1739715284103 156.28262164984892 365
1739715284109 156.25056849970747 366
1739715284114 156.2185258175997 367
1739715284119 156.18649357570052 368
1739715284124 156.1544717463707 369
1739715284130 156.12246030215556 370
1739715284135 156.09045921578357 371
1739715284141 156.05846846016507 372
1739715284146 156.02648800839097 373
1739715284151 155.9945178337315 374
1739715284158 155.96255790963457 375
1739715284163 155.930608209725 376
1739715284169 155.89866870780287 377
1739715284174 155.86673937784226 378
1739715284179 155.8348201939902 379
1739715284185 155.80291113056526 380
1739715284191 155.77101216205625 381
1739715284197 155.73912326312123 382
1739715284202 155.7072444085859 383
1739715284208 155.67537557344286 384
1739715284213 155.64351673285 385
1739715284218 155.61166786212942 386
1739715284224 155.57982893676646 387
1739715284230 155.5479999324081 388
1739715284235 155.51618082486215 389
1739715284241 155.48437159009592 390
1739715284246 155.45257220423514 391
1739715284251 155.42078264356266 392
1739715284257 155.38900288451765 393
1739715284262 155.35723290369387 394
1739715284268 155.3254726778394 395
1739715284273 155.29372218385458 396
1739715284279 155.2619813987917 397
1739715284284 155.23025029985345 398
1739715284290 155.19852886439196 399
1739715284296 155.16681706990784 400
1739715284302 155.13511489404868 401
1739715284307 155.1034223146087 402
1739715284312 155.07173930952695 403
1739715284318 155.0400658568867 404
1739715284324 155.00840193491447 405
1739715284329 154.97674752197852 406
1739715284335 154.94510259658833 407
1739715284341 154.91346713739335 408
1739715284347 154.88184112318194 409
1739715284352 154.85022453288042 410
1739715284357 154.81861734555233 411
1739715284363 154.7870195403969 412
1739715284369 154.7554310967486 413
1739715284374 154.72385199407577 414
1739715284379 154.69228221197997 415
1739715284385 154.66072173019484 416
1739715284390 154.6291705285851 417
1739715284395 154.59762858714575 418
1739715284400 154.5660958860011 419
1739715284405 154.5345724054038 420
1739715284410 154.50305812573382 421
1739715284415 154.47155302749775 422
1739715284420 154.44005709132776 423
1739715284425 154.40857029798056 424
1739715284430 154.3770926283369 425
1739715284436 154.3456240634002 426
1739715284441 154.3141645842961 427
1739715284446 154.28271417227114 428
1739715284452 154.25127280869233 429
1739715284457 154.21984047504597 430
1739715284463 154.18841715293695 431
1739715284468 154.15700282408778 432
1739715284474 154.12559747033788 433
1739715284479 154.09420107364267 434
1739715284484 154.0628136160727 435
1739715284489 154.03143507981284 436
1739715284495 154.00006544716157 437
1739715284500 153.96870470053 438
1739715284505 153.93735282244106 439
1739715284510 153.90600979552897 440
1739715284516 153.87467560253808 441
1739715284521 153.84335022632231 442
1739715284526 153.8120336498442 443
1739715284531 153.78072585617434 444
1739715284536 153.74942682849044 445
1739715284542 153.7181365500766 446
1739715284547 153.6868550043225 447
1739715284552 153.6555821747227 448
1739715284557 153.62431804487596 449
1739715284562 153.59306259848438 450
1739715284568 153.56181581935266 451
1739715284573 153.5305776913873 452
1739715284578 153.49934819859612 453
1739715284583 153.4681273250874 454
1739715284588 153.436915055069 455
1739715284593 153.40571137284783 456
1739715284598 153.37451626282913 457
1739715284603 153.34332970951579 458
1739715284608 153.31215169750746 459
1739715284613 153.2809822115001 460
1739715284619 153.24982123628513 461
1739715284624 153.2186687567488 462
1739715284630 153.18752475787159 463
1739715284635 153.15638922472738 464
1739715284640 153.12526214248282 465
1739715284646 153.09414349639684 466
1739715284651 153.0630332718198 467
1739715284657 153.0319314541928 468
1739715284662 153.00083802904732 469
1739715284667 152.96975298200425 470
1739715284672 152.93867629877337 471
1739715284678 152.90760796515286 472
1739715284683 152.8765479670284 473
1739715284688 152.8454962903727 474
1739715284693 152.81445292124496 475
1739715284698 152.7834178457901 476
1739715284704 152.75239105023815 477
1739715284709 152.72137252090388 478
1739715284715 152.69036224418576 479
1739715284720 152.65936020656585 480
1739715284727 152.62836639460875 481
1739715284732 152.5973807949615 482
1739715284738 152.5664033943525 483
1739715284743 152.5354341795913 484
1739715284749 152.50447313756774 485
1739715284754 152.47352025525174 486
1739715284760 152.4425755196923 487
1739715284766 152.41163891801716 488
1739715284771 152.38071043743244 489
1739715284776 152.34979006522164 490
1739715284782 152.31887778874543 491
1739715284787 152.28797359544095 492
1739715284792 152.2570774728213 493
1739715284797 152.22618940847508 494
1739715284803 152.19530939006574 495
1739715284808 152.164437405331 496
1739715284813 152.1335734420826 497
1739715284818 152.10271748820546 498
1739715284823 152.07186953165728 499
