1739715872009 144.54222273652272 0
1739715872016 127.98905413457265 1
1739715872022 117.4630428392459 2
1739715872028 98.14406172641034 3
1739715872034 84.88916080697675 4
1739715872039 71.95823869051452 5
1739715872045 62.35875193161987 6
1739715872051 53.222848511158716 7
1739715872055 43.84009802581319 8
1739715872060 40.2217393057398 9
1739715872065 34.577902526221806 10
1739715872072 28.48190874155394 11
1739715872077 25.294367086388146 12
1739715872081 21.79923117487031 13
1739715872087 19.684044321167914 14
1739715872092 15.92963760542495 15
1739715872097 14.244243273579105 16
1739715872101 12.194021741869268 17
1739715872106 10.374625433857636 18
1739715872110 9.746428916640722 19
1739715872115 7.478414824100756 20
1739715872119 6.943120072460825 21
1739715872124 5.897553678519307 22
1739715872128 5.392019670674489 23
1739715872133 4.554631348868819 24
1739715872137 3.815578697921879 25
1739715872142 3.1369871964257596 26
1739715872146 3.0897756614156595 27
1739715872151 2.7765793174583244 28
1739715872156 2.164599741720829 29
1739715872161 2.08579049299252 30
1739715872166 1.7136593390307566 31
1739715872171 1.5717971732059446 32
1739715872175 1.2463601944277911 33
1739715872180 1.0491532404696422 34
1739715872185 1.1589574954702404 35
1739715872190 0.9525072783140413 36
1739715872196 0.7079728026663201 37
1739715872201 0.5939185330447379 38
1739715872207 0.6474729914941277 39
1739715872214 0.7546893017983863 40
1739715872219 0.5837228639274751 41
1739715872224 0.5673479297225024 42
1739715872229 0.43215143406816003 43
1739715872234 0.5409715759084082 44
1739715872241 0.2645149069562986 45
1739715872246 0.3431004353041892 46
1739715872252 0.3808081868650998 47
1739715872257 0.19983573012511566 48
1739715872263 0.26167236107997904 49
1739715872268 0.3942793736086877 50
1739715872273 0.24181622974936898 51
1739715872278 0.2544931975626083 52
1739715872284 0.18738825951640417 53
1739715872289 0.2689174188308162 54
1739715872295 0.22110274323695348 55
1739715872300 0.14099027003698497 56
1739715872305 0.31323263955690717 57
1739715872310 0.1539714965678976 58
1739715872316 0.19608670182167684 59
1739715872322 0.24307820600123037 60
1739715872328 0.20145338515092326 61
1739715872334 0.14797274139637187 62
1739715872340 0.12950747764926404 63
1739715872345 0.1793181980524759 64
1739715872350 0.1835350015654809 65
1739715872357 0.13974763867863463 66
1739715872362 0.1456678996211478 67
1739715872367 0.12269655315711481 68
1739715872372 0.14477772774941486 69
1739715872378 0.2067565418267337 70
1739715872384 0.1352019800552315 71
1739715872391 0.1699018858895689 72
1739715872398 0.16835910051136996 73
1739715872404 0.12052386318069373 74
1739715872410 0.1276752316906417 75
1739715872416 0.16371477148341862 76
1739715872423 0.1892771319948858 77
1739715872430 0.09910941117513873 78
1739715872436 0.09270183821299115 79
1739715872442 0.08322559588725657 80
1739715872449 0.13157524267260295 81
1739715872455 0.0947403474348534 82
1739715872460 0.1651258258035991 83
1739715872465 0.10278194053896803 84
1739715872471 0.16795642000761477 85
1739715872476 0.11742758675851157 86
1739715872481 0.17354329855327333 87
1739715872486 0.10883493019519172 88
1739715872490 0.12113063550444773 89
1739715872494 0.14859671580779701 90
1739715872499 0.17892202886365904 91
1739715872504 0.1666881367301008 92
1739715872508 0.07655783625625351 93
1739715872513 0.11442837121347531 94
1739715872518 0.11822172886265225 95
1739715872523 0.1323610362455082 96
1739715872527 0.08552508460509906 97
1739715872531 0.08916626511968377 98
1739715872615 0.1168719908986779 99
1739715872631 0.13475847782240502 100
1739715872639 0.08325880641216975 101
1739715872645 0.12167764559669213 102
1739715872651 0.1377516195205545 103
1739715872655 0.14810505910019042 104
1739715872660 0.23999411155543643 105
1739715872665 0.16263486823979081 106
1739715872669 0.13738197816453962 107
1739715872674 0.10046020562740042 108
1739715872678 0.17235983674044575 109
1739715872682 0.19972636705340702 110
1739715872687 0.14862566209972777 111
1739715872692 0.11573618697689154 112
1739715872697 0.13603093574421465 113
1739715872702 0.1199318949261744 114
1739715872707 0.11944146558699585 115
1739715872711 0.15027376751982513 116
1739715872717 0.11395699543975725 117
1739715872722 0.16761199463872878 118
1739715872727 0.13089101207797335 119
1739715872732 0.21321187114206433 120
1739715872737 0.1916407408855506 121
1739715872743 0.14234880383872933 122
1739715872748 0.11339290536571879 123
1739715872752 0.10383697704236727 124
1739715872758 0.1502356674688442 125
1739715872763 0.14523783392807688 126
1739715872768 0.08665187412410058 127
1739715872773 0.1638850748540194 128
1739715872778 0.11991696034727367 129
1739715872783 0.1995252143022062 130
1739715872788 0.13119114039822255 131
1739715872793 0.11399155958700784 132
1739715872797 0.16267892484860672 133
1739715872802 0.16697147506322538 134
1739715872807 0.15785305426069474 135
1739715872811 0.15117786816180026 136
1739715872816 0.12385698179047058 137
1739715872821 0.09747205395986776 138
1739715872826 0.14225403213127807 139
1739715872830 0.19941099381592706 140
