1739716349102 151.07009859891042 0
1739716349109 128.3071755542575 1
1739716349115 108.76114281688406 2
1739716349121 93.58499502233623 3
1739716349127 82.41025933848853 4
1739716349133 70.03631377071538 5
1739716349140 61.539286996841554 6
1739716349148 53.488411471299536 7
1739716349154 44.675740681894766 8
1739716349160 39.980872231890196 9
1739716349166 33.865908590391484 10
1739716349172 30.306116295686124 11
1739716349178 26.20938313554863 12
1739716349184 22.50890939333419 13
1739716349190 18.434395402642803 14
1739716349196 16.73319328607281 15
1739716349201 14.154992304428939 16
1739716349207 13.052669500572971 17
1739716349213 9.974049907337342 18
1739716349218 8.961063955156986 19
1739716349224 7.936019755712232 20
1739716349230 7.050568505386722 21
1739716349235 5.777418071547677 22
1739716349241 4.86007056278302 23
1739716349247 4.635137763377207 24
1739716349252 3.9507497707035926 25
1739716349258 3.4184343841729166 26
1739716349264 2.854366623683065 27
1739716349269 2.37988530041135 28
1739716349275 2.0926553226628664 29
1739716349281 1.9446447052179519 30
1739716349287 1.9483923331105217 31
1739716349294 1.5672118403898312 32
1739716349301 1.2549510424602988 33
1739716349307 1.0870307371011043 34
1739716349312 0.9086126279242667 35
1739716349318 0.8137515461227232 36
1739716349323 0.7300614718887404 37
1739716349329 0.597219131211308 38
1739716349334 0.579354089659383 39
1739716349340 0.48940625268104987 40
1739716349345 0.5255324565602181 41
1739716349351 0.40539398327671133 42
1739716349356 0.40613967799834166 43
1739716349362 0.3215580721925592 44
1739716349368 0.26443994772153867 45
1739716349374 0.28949597727456167 46
1739716349380 0.2620054840915225 47
1739716349386 0.2647045057876629 48
1739716349392 0.19069613416708311 49
1739716349397 0.19867980596863333 50
1739716349403 0.2186684744811975 51
1739716349409 0.17310537849677823 52
1739716349415 0.17453398424340613 53
1739716349420 0.1617369859256919 54
1739716349427 0.13852086626908092 55
1739716349433 0.14453132300516613 56
1739716349439 0.09377634232147254 57
1739716349444 0.09480561379754111 58
1739716349450 0.10142161959268857 59
1739716349456 0.1098735746160642 60
1739716349466 0.12952040696399894 61
1739716349473 0.10630877404108423 62
1739716349479 0.06829176364095241 63
1739716349485 0.1338033939447119 64
1739716349491 0.09441468289561347 65
1739716349497 0.138369333796421 66
1739716349502 0.08722334448525032 67
1739716349508 0.09791535454724042 68
1739716349514 0.08571500308781445 69
1739716349520 0.0530892322318816 70
1739716349525 0.12737257565162133 71
1739716349531 0.07281752356340485 72
1739716349537 0.03826387286066666 73
1739716349543 0.0642547837183665 74
1739716349549 0.06546554613618846 75
1739716349554 0.09399335200075143 76
1739716349560 0.11213228574751588 77
1739716349565 0.09139902033632774 78
1739716349571 0.07934684878452344 79
1739716349577 0.0762071567539838 80
1739716349583 0.1025599018139484 81
1739716349589 0.07674202925665 82
1739716349595 0.0626991040860256 83
1739716349601 0.09101634673294527 84
1739716349607 0.06862318105173658 85
1739716349613 0.08745181582831722 86
1739716349619 0.11368565603932658 87
1739716349625 0.09170627992201555 88
1739716349631 0.09692901917431164 89
1739716349637 0.11053494510216681 90
1739716349644 0.11287270561087873 91
1739716349650 0.12618122611005006 92
1739716349656 0.0930204583342136 93
1739716349661 0.07618373288860587 94
1739716349667 0.06680047801552322 95
1739716349673 0.0911479243312905 96
1739716349680 0.055640819992972594 97
1739716349686 0.16326928285262743 98
1739716349691 0.11217094338287027 99
1739716349697 0.06800337890175062 100
1739716349703 0.09972163843164523 101
1739716349708 0.11200088254149974 102
1739716349714 0.12380635954866827 103
1739716349720 0.09818133817881647 104
1739716349726 0.09020871483424056 105
1739716349732 0.09735320817196878 106
1739716349738 0.09309750545558401 107
1739716349744 0.08729822676823003 108
1739716349750 0.06987072983285243 109
1739716349757 0.09990495367908254 110
1739716349763 0.06743087839115808 111
1739716349769 0.06708188332507263 112
1739716349775 0.12894674620234858 113
1739716349781 0.07679382241836885 114
1739716349787 0.08766742603616386 115
1739716349793 0.071592657329445 116
1739716349799 0.08071782032765244 117
1739716349804 0.0633320718078387 118
1739716349810 0.10546128597956168 119
1739716349815 0.09109598710693616 120
1739716349821 0.10135582395447143 121
1739716349827 0.08146798676877598 122
1739716349832 0.07318984156479509 123
1739716349838 0.08148340411353541 124
1739716349844 0.07731201518568509 125
1739716349849 0.13603321989489212 126
1739716349854 0.04434473018196683 127
1739716349860 0.0723758403838902 128
1739716349865 0.09796501748559573 129
1739716349871 0.07232838948546821 130
1739716349877 0.11175603283595835 131
1739716349883 0.0949017564309167 132
1739716349889 0.08946761492059006 133
1739716349895 0.09124514168171642 134
1739716349902 0.06931588923200938 135
1739716349907 0.10328358058467617 136
1739716349913 0.08988183125950158 137
1739716349919 0.11606813153576385 138
1739716349925 0.10466171536562845 139
1739716349930 0.09901641856677061 140
1739716349936 0.09296101050237694 141
1739716349941 0.07324946808521234 142
1739716349947 0.1103784734926086 143
1739716349952 0.10202794061617083 144
1739716349958 0.060774755379883465 145
1739716349964 0.06971602331271756 146
1739716349970 0.06287904549539772 147
1739716349975 0.07794730762697089 148
1739716349981 0.05991278264045572 149
1739716349987 0.10291917038566187 150
1739716349993 0.10333087790038882 151
1739716349998 0.06616181997754482 152
1739716350004 0.052024196357363994 153
1739716350010 0.10466252850760573 154
1739716350015 0.12547535008416974 155
1739716350021 0.09376228282772985 156
1739716350026 0.08106592865097681 157
1739716350032 0.1200634587303698 158
1739716350038 0.04764340306914962 159
1739716350044 0.08611125786329922 160
1739716350050 0.034357641451054695 161
1739716350056 0.06964104195780815 162
1739716350061 0.09756772468276337 163
1739716350067 0.09972251518723453 164
1739716350073 0.05856172016602662 165
1739716350080 0.06340519071654671 166
1739716350087 0.061034379293011656 167
1739716350094 0.07492459527486765 168
1739716350101 0.07944081778724849 169
1739716350107 0.061863110844784935 170
1739716350113 0.085194872817764 171
1739716350119 0.0953927955966276 172
1739716350125 0.10017521139158159 173
1739716350132 0.09769256124820123 174
1739716350138 0.07706094620368027 175
1739716350144 0.07915931106707115 176
1739716350149 0.08400500527048294 177
1739716350156 0.09774385027076782 178
1739716350163 0.09665042704533247 179
1739716350169 0.0713370054568366 180
1739716350177 0.06989394051960396 181
1739716350184 0.09259427871425684 182
1739716350192 0.05784227859469291 183
1739716350200 0.06732195495953647 184
1739716350206 0.07577449222848938 185
1739716350213 0.05669775078898207 186
1739716350221 0.10512138818644295 187
1739716350229 0.07186866782996218 188
1739716350235 0.11059490638672717 189
1739716350241 0.08620500997934229 190
1739716350249 0.10125738703784712 191
1739716350257 0.08096159531315973 192
1739716350263 0.061746748983925 193
1739716350269 0.12508336090867903 194
1739716350275 0.10460228604368337 195
1739716350282 0.09540755236293279 196
1739716350288 0.05879856789803275 197
1739716350294 0.14332940907162414 198
1739716350304 0.07060648221315899 199
1739716350311 0.1118885652427239 200
1739716350319 0.1932038267051654 201
1739716350326 0.1188444514894909 202
1739716350333 0.09160368528890919 203
1739716350339 0.09654854367331712 204
1739716350345 0.06545941942390665 205
1739716350351 0.1153903358030616 206
1739716350357 0.1438880975727597 207
1739716350364 0.10699523776261513 208
1739716350370 0.09803417571662436 209
1739716350376 0.13989335073258294 210
1739716350383 0.0952688353042954 211
1739716350389 0.08346281082065735 212
1739716350395 0.06098813557084496 213
1739716350401 0.11163067859326163 214
1739716350407 0.07446119486822983 215
1739716350414 0.0751475933654442 216
1739716350421 0.072111442544251 217
1739716350428 0.09987876465088429 218
1739716350435 0.05592749184026855 219
1739716350441 0.08032465068359107 220
1739716350447 0.08019047415762567 221
1739716350454 0.09288520162295658 222
1739716350460 0.07841615998404232 223
1739716350466 0.08387790877247675 224
1739716350474 0.13033219646133606 225
1739716350481 0.07178411659308821 226
1739716350487 0.08278525166764958 227
1739716350493 0.09218269027713859 228
1739716350499 0.07378446852174084 229
1739716350505 0.09091070481304157 230
1739716350512 0.09092764407617397 231
1739716350518 0.054084881338098786 232
1739716350523 0.04927056557642022 233
1739716350530 0.1822891416206756 234
1739716350535 0.10110561185426577 235
1739716350541 0.12632465338347648 236
1739716350547 0.07872999562170642 237
1739716350553 0.10237426217475622 238
1739716350559 0.07097231084947121 239
1739716350565 0.06613202422817187 240
1739716350571 0.08934994667771429 241
1739716350577 0.08247229232236834 242
1739716350583 0.07234365145843308 243
1739716350589 0.10519169750309777 244
1739716350595 0.11856397554430226 245
1739716350601 0.0953250824250972 246
1739716350606 0.05376360938409426 247
1739716350612 0.059337753869742695 248
1739716350618 0.1197137167788911 249
1739716350624 0.09915906758912404 250
1739716350629 0.09302148852604292 251
1739716350635 0.06821762721074874 252
1739716350640 0.11505978743039283 253
1739716350647 0.07355286942089352 254
1739716350653 0.08686587642883128 255
1739716350659 0.06462361127672069 256
1739716350664 0.09804524065793259 257
1739716350670 0.08961767237980052 258
1739716350675 0.08764837670766039 259
1739716350681 0.09264250223171301 260
1739716350687 0.06059017676190296 261
1739716350692 0.08243426837477043 262
1739716350698 0.10926882858147745 263
1739716350703 0.09147505530690758 264
1739716350709 0.07544999589151753 265
1739716350716 0.1183255417893242 266
1739716350721 0.11538315147693201 267
1739716350727 0.07906495213922975 268
1739716350733 0.12714893566831456 269
1739716350738 0.15264413738875082 270
1739716350744 0.10980123426013697 271
1739716350749 0.0681224533000404 272
1739716350755 0.07899186585720223 273
1739716350761 0.12538343826200132 274
1739716350766 0.12846270015861289 275
1739716350772 0.10209367420311576 276
1739716350778 0.09061301552908398 277
1739716350784 0.08345893066383858 278
1739716350790 0.06457006664402165 279
1739716350795 0.13682244480927053 280
1739716350801 0.05860683972619573 281
1739716350806 0.08623746797421758 282
1739716350811 0.07663026914889859 283
1739716350817 0.08946611634285458 284
1739716350822 0.0923666906199033 285
1739716350828 0.11126490083433918 286
1739716350833 0.0799319382871231 287
1739716350839 0.08319793392280227 288
1739716350845 0.11531891943591913 289
1739716350851 0.08628624721964104 290
1739716350856 0.10249148908564618 291
1739716350862 0.11024359241570349 292
1739716350867 0.07519514039673361 293
1739716350873 0.07757959590984007 294
1739716350879 0.16781736432898536 295
1739716350885 0.07643079294919312 296
1739716350891 0.08923970594996725 297
1739716350896 0.08147387235334523 298
1739716350902 0.136355135945228 299
1739716350908 0.0891917531149903 300
1739716350914 0.07044080566814385 301
1739716350920 0.08120129625484798 302
1739716350926 0.06523965888618849 303
1739716350932 0.08573642457509319 304
1739716350937 0.08708035484973235 305
1739716350943 0.05821452059531583 306
1739716350948 0.06731800591597924 307
1739716350954 0.10471569520442152 308
1739716350959 0.09729982951282952 309
1739716350965 0.08598201185245365 310
1739716350970 0.16461484079197258 311
1739716350976 0.07162348048976012 312
1739716350981 0.06481100015683404 313
1739716350987 0.07986992640213197 314
1739716350993 0.06994580183257788 315
1739716350998 0.07695761670041511 316
1739716351004 0.06816684421999908 317
1739716351009 0.09853487733656985 318
1739716351014 0.07219097528482511 319
1739716351020 0.0796520463512564 320
1739716351026 0.08296900462271115 321
1739716351032 0.09072411216510864 322
1739716351037 0.10309430417699388 323
1739716351043 0.07326316915527864 324
1739716351049 0.07377202738847673 325
1739716351055 0.07059136829907914 326
1739716351060 0.07964020961131693 327
1739716351066 0.0660838414244723 328
1739716351072 0.09553909680226931 329
1739716351078 0.11002487424625502 330
1739716351084 0.12276435216550494 331
1739716351090 0.10574248438545282 332
1739716351096 0.09960726169265025 333
1739716351101 0.06428228979828243 334
1739716351107 0.06640786402715232 335
1739716351113 0.08174351598563888 336
1739716351118 0.11409249199243604 337
1739716351124 0.12044701393148725 338
1739716351129 0.06109775947685605 339
1739716351135 0.10360330210731346 340
1739716351140 0.11476158113361844 341
1739716351146 0.05913823805706176 342
1739716351153 0.1306160634328521 343
1739716351158 0.09324354979818347 344
1739716351164 0.09075290648227104 345
1739716351170 0.08162883193100591 346
1739716351175 0.08407636208554811 347
1739716351215 0.1075905554200144 348
1739716351221 0.09471492877211878 349
1739716351226 0.08508601808839951 350
1739716351232 0.08281144673791309 351
1739716351238 0.06614175273547684 352
1739716351243 0.07474204810496961 353
1739716351249 0.04633557252133709 354
1739716351256 0.07697085187363915 355
1739716351263 0.1279881337643174 356
1739716351269 0.06415856629604252 357
1739716351275 0.06503686615997067 358
1739716351282 0.12889998579710377 359
1739716351288 0.053871983480513926 360
1739716351294 0.061922403201968755 361
1739716351300 0.08369554318207068 362
1739716351305 0.11510388436352291 363
1739716351312 0.08202829291676254 364
1739716351317 0.10493787511740255 365
1739716351324 0.06146315897210065 366
1739716351329 0.082081303849304 367
1739716351336 0.09397725333972975 368
1739716351342 0.06439481623117711 369
1739716351349 0.07402972223226931 370
1739716351355 0.07200259337516471 371
1739716351360 0.05340688407800481 372
1739716351367 0.06666367541927369 373
1739716351373 0.15312706965127426 374
1739716351379 0.06381585917733278 375
1739716351385 0.06257404005901321 376
1739716351390 0.07392145524121332 377
1739716351396 0.09389216244904525 378
1739716351402 0.059096974517129995 379
1739716351407 0.056884109522262916 380
1739716351413 0.08573222838384895 381
1739716351419 0.08405913750239759 382
1739716351425 0.06788232372060486 383
1739716351431 0.07843982889604449 384
1739716351437 0.09151891766740321 385
1739716351443 0.11145977071170624 386
1739716351448 0.09711219920699202 387
1739716351454 0.06772931705482095 388
1739716351461 0.07858469268649537 389
1739716351467 0.06760655674626362 390
1739716351476 0.07047808907881743 391
1739716351482 0.11506464412733373 392
1739716351488 0.08466960479445541 393
1739716351494 0.05676927427615968 394
1739716351500 0.10017424638359869 395
1739716351506 0.1254746732844535 396
1739716351512 0.10985433113322982 397
1739716351518 0.059703901542687336 398
1739716351524 0.06712732366145888 399
1739716351530 0.05012482104639961 400
1739716351536 0.07605290397611561 401
1739716351543 0.16389888127036625 402
1739716351549 0.050711215992637386 403
1739716351556 0.10923875722237 404
1739716351562 0.1031601593329873 405
1739716351568 0.06796785744739084 406
1739716351574 0.08103213616829112 407
1739716351581 0.06967204316936429 408
1739716351588 0.049021586125401806 409
1739716351594 0.046126693580332605 410
1739716351600 0.07951915086896276 411
1739716351607 0.0737227755985959 412
1739716351614 0.06601990749954148 413
1739716351621 0.1178337883571096 414
1739716351627 0.13119357969031223 415
1739716351633 0.07010350362881206 416
1739716351639 0.05357051353766239 417
1739716351646 0.07889957401505768 418
1739716351652 0.17104816589696273 419
1739716351658 0.05271000347309548 420
1739716351666 0.0644055644700569 421
1739716351673 0.08189465451837194 422
1739716351680 0.18822859569411748 423
1739716351686 0.09865404499415122 424
1739716351695 0.09237052847482151 425
1739716351702 0.05617229730902412 426
1739716351708 0.05344106076683904 427
1739716351714 0.08946305428128136 428
1739716351720 0.05864536209289008 429
1739716351726 0.058994600505458086 430
1739716351733 0.10325396266414232 431
1739716351739 0.059262256282331796 432
1739716351745 0.06631338541372822 433
1739716351752 0.09208245392666609 434
1739716351758 0.05888051414935141 435
1739716351764 0.09801276588989487 436
1739716351770 0.0829969522214567 437
1739716351776 0.06389760727132925 438
1739716351782 0.10095613467725874 439
1739716351789 0.08455778146418111 440
1739716351795 0.09225369395462522 441
1739716351802 0.13443471625343129 442
1739716351808 0.15301316571209939 443
1739716351814 0.08671607408475997 444
1739716351820 0.1853609932749103 445
1739716351827 0.11824105315243327 446
1739716351834 0.051476849966764084 447
1739716351840 0.08370280673940499 448
1739716351847 0.07115840051298163 449
1739716351854 0.16853044562551373 450
1739716351860 0.0768984246229265 451
1739716351866 0.06973838727157211 452
1739716351873 0.132404248209978 453
1739716351879 0.09630529971865616 454
1739716351885 0.07476979120264915 455
1739716351891 0.10786924055797768 456
1739716351897 0.06911240958476106 457
1739716351903 0.06311416020758032 458
1739716351909 0.11886351555495518 459
1739716351915 0.07312374643646684 460
1739716351921 0.11557576068922283 461
1739716351927 0.06799286579810707 462
1739716351933 0.05235646994557268 463
1739716351940 0.08170253680161724 464
1739716351945 0.0654761844789578 465
1739716351951 0.07410695710299849 466
1739716351957 0.05184400786791878 467
1739716351963 0.14128401010806924 468
1739716351970 0.07260847386455714 469
1739716351977 0.11578067981559023 470
1739716351983 0.08564656842406268 471
1739716351990 0.0815839655920907 472
1739716351997 0.06457960059621128 473
1739716352004 0.07745458923367914 474
1739716352010 0.09015481060776985 475
1739716352016 0.08597001661837098 476
1739716352021 0.0833897822154476 477
1739716352027 0.10172955418192206 478
1739716352033 0.05206398591156559 479
1739716352039 0.11881360864697113 480
1739716352045 0.10066027374929268 481
1739716352051 0.0763253692882113 482
1739716352058 0.074033197824657 483
1739716352064 0.09137629390613237 484
1739716352070 0.05163338320662174 485
1739716352076 0.06833058062082632 486
1739716352082 0.1258865438749783 487
1739716352087 0.06842891339454794 488
1739716352094 0.09219894705176145 489
1739716352101 0.08510159355582085 490
1739716352107 0.11555707927206842 491
1739716352113 0.05410655654727025 492
1739716352119 0.08610748252843807 493
1739716352125 0.08940821704622703 494
1739716352131 0.14493676794076657 495
1739716352138 0.0923399636791465 496
1739716352144 0.10227082127984267 497
1739716352150 0.11838643462433222 498
1739716352156 0.13363441998403147 499
