1739715245735 169.3217676079807 0
1739715245740 169.28856876289413 1
1739715245744 169.25504051498274 2
1739715245749 169.22141817401055 3
1739715245754 169.1877723321591 4
1739715245759 169.15412416614438 5
1739715245763 169.12048002802536 6
1739715245768 169.08684182246247 7
1739715245772 169.05321011989696 8
1739715245776 169.01958509050405 9
1739715245780 168.98596678437974 10
1739715245784 168.95235521559619 11
1739715245789 168.91875038741875 12
1739715245793 168.8851522998708 13
1739715245797 168.85156095200352 14
1739715245801 168.81797634257637 15
1739715245805 168.78439847026186 16
1739715245809 168.7508273337061 17
1739715245814 168.71726293154802 18
1739715245818 168.68370526242413 19
1739715245822 168.65015432497074 20
1739715245826 168.6166101178241 21
1739715245831 168.5830726396208 22
1739715245835 168.54954188899757 23
1739715245840 168.51601786459145 24
1739715245845 168.48250056503983 25
1739715245849 168.44898998898026 26
1739715245853 168.41548613505068 27
1739715245857 168.38198900188922 28
1739715245862 168.34849858813442 29
1739715245866 168.31501489242493 30
1739715245871 168.28153791339977 31
1739715245875 168.24806764969836 32
1739715245880 168.21460409996018 33
1739715245884 168.18114726282502 34
1739715245888 168.1476971369332 35
1739715245892 168.11425372092495 36
1739715245896 168.0808170134412 37
1739715245900 168.04738701312274 38
1739715245905 168.01396371861088 39
1739715245909 167.98054712854724 40
1739715245913 167.94713724157353 41
1739715245918 167.91373405633192 42
1739715245922 167.88033757146476 43
1739715245927 167.84694778561482 44
1739715245931 167.8135646974249 45
1739715245936 167.7801883055383 46
1739715245941 167.7468186085985 47
1739715245946 167.71345560524935 48
1739715245951 167.6800992941348 49
1739715245955 167.64674967389928 50
1739715245960 167.61340674318737 51
1739715245964 167.58007050064398 52
1739715245968 167.54674094491432 53
1739715245973 167.5134180746438 54
1739715245978 167.4801018884782 55
1739715245982 167.44679238506356 56
1739715245986 167.41348956304608 57
1739715245990 167.38019342107248 58
1739715245994 167.34690395778955 59
1739715245998 167.3136211718444 60
1739715246003 167.28034506188447 61
1739715246007 167.24707562655746 62
1739715246012 167.21381286451134 63
1739715246016 167.18055677439438 64
1739715246020 167.14730735485503 65
1739715246024 167.1140646045422 66
1739715246028 167.08082852210492 67
1739715246032 167.0475991061926 68
1739715246036 167.01437635545483 69
1739715246041 166.98116026854163 70
1739715246046 166.9479508441031 71
1739715246050 166.9147480807898 72
1739715246054 166.8815519772524 73
1739715246058 166.84836253214198 74
1739715246063 166.8151797441099 75
1739715246067 166.78200361180777 76
1739715246072 166.74883413388733 77
1739715246076 166.71567130900084 78
1739715246081 166.6825151358007 79
1739715246085 166.64936561293962 80
1739715246089 166.6162227390706 81
1739715246093 166.58308651284685 82
1739715246097 166.549956932922 83
1739715246101 166.51683399794976 84
1739715246106 166.48371770658426 85
1739715246110 166.4506080574799 86
1739715246114 166.41750504929132 87
1739715246119 166.38440868067346 88
1739715246123 166.3513189502815 89
1739715246127 166.3182358567709 90
1739715246132 166.28515939879745 91
1739715246136 166.25208957501724 92
1739715246140 166.2190263840865 93
1739715246145 166.1859698246618 94
1739715246149 166.15291989540015 95
1739715246153 166.1198765949585 96
1739715246158 166.08683992199443 97
1739715246162 166.0538098751656 98
1739715246166 166.02078645312992 99
1739715246170 165.98776965454567 100
1739715246174 165.95475947807145 101
1739715246179 165.92175592236597 102
1739715246183 165.8887589860884 103
1739715246187 165.85576866789802 104
1739715246191 165.8227849664545 105
1739715246195 165.78980788041773 106
1739715246200 165.75683740844792 107
1739715246204 165.7238735492055 108
1739715246208 165.69091630135125 109
1739715246213 165.65796566354618 110
1739715246219 165.62502163445154 111
1739715246223 165.592084212729 112
1739715246228 165.55915339704026 113
1739715246232 165.52622918604754 114
1739715246237 165.49331157841323 115
1739715246242 165.46040057279995 116
1739715246246 165.4274961678707 117
1739715246252 165.3945983622886 118
1739715246256 165.3617071547173 119
1739715246265 165.32882254382045 120
1739715246271 165.2959445282622 121
1739715246276 165.2630731067068 122
1739715246280 165.23020827781886 123
1739715246285 165.1973500402633 124
1739715246290 165.16449839270518 125
1739715246294 165.13165333381 126
1739715246300 165.09881486224347 127
1739715246304 165.06598297667153 128
1739715246309 165.03315767576046 129
1739715246322 165.00033895817674 130
1739715246337 164.96752682258716 131
1739715246345 164.9347212676589 132
1739715246350 164.9019222920592 133
1739715246356 164.8691298944557 134
1739715246361 164.83634407351636 135
1739715246366 164.80356482790936 136
1739715246371 164.7707921563031 137
1739715246375 164.73802605736626 138
1739715246380 164.7052665297679 139
1739715246385 164.67251357217725 140
1739715246389 164.63976718326396 141
1739715246393 164.6070273616977 142
1739715246398 164.57429410614873 143
1739715246402 164.5415674152873 144
1739715246406 164.50884728778405 145
1739715246411 164.47613372230992 146
1739715246415 164.44342671753614 147
1739715246420 164.41072627213416 148
1739715246424 164.37803238477565 149
1739715246429 164.34534505413276 150
1739715246433 164.31266427887763 151
1739715246438 164.27999005768288 152
1739715246442 164.24732238922138 153
1739715246446 164.21466127216615 154
1739715246451 164.18200670519067 155
1739715246456 164.14935868696853 156
1739715246461 164.11671721617364 157
1739715246466 164.08408229148029 158
1739715246470 164.05145391156287 159
1739715246475 164.01883207509616 160
1739715246480 163.9862167807552 161
1739715246485 163.9536080272152 162
1739715246489 163.92100581315182 163
1739715246493 163.8884101372408 164
1739715246498 163.85582099815838 165
1739715246502 163.82323839458084 166
1739715246507 163.7906623251849 167
1739715246511 163.75809278864745 168
1739715246515 163.72552978364573 169
1739715246520 163.69297330885718 170
1739715246524 163.66042336295953 171
1739715246528 163.62787994463088 172
1739715246533 163.59534305254942 173
1739715246537 163.56281268539382 174
1739715246541 163.53028884184283 175
1739715246545 163.49777152057567 176
1739715246549 163.46526072027157 177
1739715246553 163.43275643961027 178
1739715246558 163.40025867727172 179
1739715246562 163.3677674319361 180
1739715246566 163.33528270228385 181
1739715246571 163.3028044869957 182
1739715246576 163.27033278475275 183
1739715246581 163.23786759423618 184
1739715246585 163.20540891412764 185
1739715246590 163.1729567431089 186
1739715246594 163.14051107986205 187
1739715246598 163.10807192306953 188
1739715246603 163.07563927141393 189
1739715246607 163.0432131235782 190
1739715246611 163.0107934782455 191
1739715246616 162.97838033409926 192
1739715246620 162.94597368982326 193
1739715246625 162.91357354410152 194
1739715246629 162.88117989561823 195
1739715246634 162.848792743058 196
1739715246638 162.8164120851056 197
1739715246643 162.78403792044622 198
1739715246647 162.75167024776508 199
1739715246651 162.71930906574784 200
1739715246655 162.68695437308043 201
1739715246659 162.65460616844902 202
1739715246663 162.62226445054003 203
1739715246667 162.58992921804017 204
1739715246672 162.55760046963644 205
1739715246676 162.52527820401605 206
1739715246680 162.4929624198666 207
1739715246685 162.46065311587577 208
1739715246689 162.4283502907317 209
1739715246693 162.3960539431227 210
1739715246697 162.36376407173736 211
1739715246701 162.3314806752646 212
1739715246705 162.2992037523935 213
1739715246710 162.26693330181354 214
1739715246714 162.23466932221436 215
1739715246718 162.20241181228587 216
1739715246723 162.17016077071838 217
1739715246727 162.13791619620233 218
1739715246732 162.1056780874285 219
1739715246736 162.07344644308793 220
1739715246740 162.0412212618719 221
1739715246744 162.009002542472 222
1739715246748 161.97679028358007 223
1739715246752 161.94458448388818 224
1739715246757 161.91238514208874 225
1739715246761 161.8801922568744 226
1739715246766 161.8480058269381 227
1739715246770 161.815825850973 228
1739715246774 161.78365232767257 229
1739715246778 161.75148525573047 230
1739715246783 161.7193246338408 231
1739715246787 161.68717046069779 232
1739715246791 161.65502273499595 233
1739715246795 161.62288145543008 234
1739715246800 161.59074662069526 235
1739715246804 161.55861822948685 236
1739715246808 161.5264962805004 237
1739715246812 161.4943807724319 238
1739715246818 161.46227170397736 239
1739715246822 161.43016907383324 240
1739715246826 161.39807288069633 241
1739715246830 161.36598312326342 242
1739715246835 161.33389980023185 243
1739715246839 161.301822910299 244
1739715246844 161.2697524521627 245
1739715246848 161.23768842452094 246
1739715246853 161.20563082607208 247
1739715246857 161.17357965551457 248
1739715246861 161.14153491154735 249
1739715246866 161.10949659286945 250
1739715246870 161.07746469818025 251
1739715246874 161.0454392261794 252
1739715246878 161.01342017556675 253
1739715246883 160.98140754504254 254
1739715246887 160.94940133330715 255
1739715246891 160.9174015390613 256
1739715246895 160.88540816100593 257
1739715246900 160.85342119784235 258
1739715246904 160.82144064827202 259
1739715246909 160.78946651099673 260
1739715246913 160.7574987847185 261
1739715246917 160.72553746813963 262
1739715246921 160.69358255996272 263
1739715246925 160.66163405889066 264
1739715246929 160.6296919636264 265
1739715246934 160.5977562728735 266
1739715246941 160.56582698533552 267
1739715246946 160.53390409971635 268
1739715246952 160.5019876147202 269
1739715246956 160.47007752905154 270
1739715246961 160.438173841415 271
1739715246965 160.40627655051563 272
1739715246969 160.3743856550587 273
1739715246973 160.34250115374962 274
1739715246978 160.31062304529422 275
1739715246983 160.2787513283986 276
1739715246987 160.24688600176898 277
1739715246992 160.21502706411198 278
1739715246996 160.18317451413444 279
1739715247000 160.15132835054342 280
1739715247005 160.11948857204638 281
1739715247009 160.08765517735097 282
1739715247013 160.05582816516505 283
1739715247018 160.02400753419676 284
1739715247022 159.99219328315456 285
1739715247026 159.96038541074722 286
1739715247031 159.92858391568365 287
1739715247035 159.89678879667312 288
1739715247039 159.86500005242513 289
1739715247043 159.8332176816494 290
1739715247048 159.80144168305605 291
1739715247052 159.7696720553553 292
1739715247057 159.7379087972578 293
1739715247061 159.7061519074743 294
1739715247065 159.67440138471594 295
1739715247070 159.6426572276941 296
1739715247074 159.61091943512034 297
1739715247078 159.5791880057066 298
1739715247083 159.5474629381651 299
1739715247087 159.51574423120815 300
1739715247091 159.48403188354845 301
1739715247095 159.45232589389903 302
1739715247100 159.42062626097308 303
1739715247105 159.3889329834841 304
1739715247109 159.35724606014577 305
1739715247113 159.32556548967216 306
1739715247118 159.2938912707775 307
1739715247122 159.26222340217637 308
1739715247126 159.23056188258366 309
1739715247130 159.19890671071428 310
1739715247135 159.16725788528368 311
1739715247139 159.1356154050074 312
1739715247143 159.10397926860134 313
1739715247147 159.07234947478162 314
1739715247152 159.04072602226464 315
1739715247156 159.00910890976704 316
1739715247160 158.97749813600578 317
1739715247164 158.94589369969802 318
1739715247168 158.91429559956117 319
1739715247173 158.88270383431302 320
1739715247177 158.85111840267152 321
1739715247181 158.8195393033549 322
1739715247185 158.78796653508167 323
1739715247189 158.75640009657062 324
1739715247193 158.72483998654076 325
1739715247198 158.69328620371144 326
1739715247203 158.66173874680214 327
1739715247209 158.63019761453276 328
1739715247214 158.59866280562332 329
1739715247218 158.56713431879416 330
1739715247223 158.53561215276602 331
1739715247227 158.50409630625973 332
1739715247232 158.47258677799633 333
1739715247236 158.44108356669733 334
1739715247240 158.40958667108433 335
1739715247245 158.37809608987934 336
1739715247249 158.3466118218045 337
1739715247254 158.31513386558228 338
1739715247258 158.28366221993537 339
1739715247262 158.25219688358683 340
1739715247273 158.22073785525984 341
1739715247277 158.18928513367797 342
1739715247282 158.15783871756489 343
1739715247287 158.12639860564474 344
1739715247291 158.09496479664173 345
1739715247295 158.0635372892805 346
1739715247299 158.03211608228585 347
1739715247304 158.00070117438284 348
1739715247308 157.96929256429684 349
1739715247313 157.9378902507534 350
1739715247317 157.90649423247848 351
1739715247321 157.87510450819818 352
1739715247326 157.8437210766389 353
1739715247330 157.81234393652727 354
1739715247334 157.78097308659022 355
1739715247339 157.74960852555498 356
1739715247343 157.7182502521489 357
1739715247347 157.68689826509976 358
1739715247351 157.6555525631355 359
1739715247355 157.6242131449844 360
1739715247360 157.59288000937488 361
1739715247364 157.56155315503574 362
1739715247369 157.53023258069598 363
1739715247374 157.4989182850849 364
1739715247378 157.46761026693198 365
1739715247383 157.43630852496705 366
1739715247387 157.4050130579202 367
1739715247392 157.3737238645217 368
1739715247396 157.3424409435022 369
1739715247400 157.3111642935925 370
1739715247405 157.2798939135237 371
1739715247409 157.24862980202715 372
1739715247413 157.21737195783456 373
1739715247417 157.1861203796777 374
1739715247422 157.15487506628887 375
1739715247426 157.12363601640035 376
1739715247430 157.09240322874487 377
1739715247435 157.0611767020553 378
1739715247439 157.02995643506495 379
1739715247443 156.9987424265072 380
1739715247448 156.96753467511576 381
1739715247452 156.9363331796246 382
1739715247457 156.905137938768 383
1739715247461 156.8739489512804 384
1739715247466 156.84276621589663 385
1739715247470 156.81158973135163 386
1739715247474 156.78041949638072 387
1739715247478 156.7492555097194 388
1739715247483 156.71809777010355 389
1739715247488 156.68694627626914 390
1739715247492 156.65580102695256 391
1739715247497 156.6246620208903 392
1739715247501 156.59352925681927 393
1739715247505 156.56240273347652 394
1739715247509 156.53128244959942 395
1739715247513 156.5001684039256 396
1739715247517 156.46906059519299 397
1739715247522 156.4379590221396 398
1739715247526 156.40686368350396 399
1739715247531 156.37577457802465 400
1739715247535 156.34469170444058 401
1739715247539 156.31361506149096 402
1739715247544 156.2825446479152 403
1739715247548 156.25148046245297 404
1739715247553 156.22042250384425 405
1739715247557 156.18937077082933 406
1739715247561 156.15832526214857 407
1739715247566 156.1272859765427 408
1739715247570 156.09625291275282 409
1739715247575 156.06522606952004 410
1739715247579 156.034205445586 411
1739715247583 156.00319103969233 412
1739715247588 155.97218285058116 413
1739715247592 155.9411808769947 414
1739715247596 155.91018511767555 415
1739715247599 155.87919557136652 416
1739715247604 155.84821223681058 417
1739715247609 155.81723511275115 418
1739715247613 155.78626419793179 419
1739715247618 155.75529949109628 420
1739715247622 155.72434099098876 421
1739715247626 155.69338869635357 422
1739715247631 155.66244260593535 423
1739715247635 155.63150271847886 424
1739715247639 155.60056903272937 425
1739715247643 155.56964154743218 426
1739715247647 155.53872026133294 427
1739715247651 155.5078051731776 428
1739715247656 155.47689628171227 429
1739715247660 155.44599358568334 430
1739715247664 155.41509708383757 431
1739715247669 155.38420677492184 432
1739715247673 155.35332265768335 433
1739715247677 155.32244473086956 434
1739715247681 155.29157299322813 435
1739715247686 155.26070744350707 436
1739715247691 155.22984808045462 437
1739715247695 155.19899490281918 438
1739715247700 155.16814790934956 439
1739715247704 155.13730709879474 440
1739715247708 155.10647246990393 441
1739715247713 155.07564402142668 442
1739715247717 155.04482175211274 443
1739715247721 155.0140056607121 444
1739715247726 154.9831957459751 445
1739715247730 154.95239200665225 446
1739715247734 154.9215944414943 447
1739715247739 154.89080304925238 448
1739715247743 154.86001782867777 449
1739715247747 154.829238778522 450
1739715247751 154.79846589753694 451
1739715247756 154.7676991844746 452
1739715247760 154.73693863808737 453
1739715247764 154.70618425712783 454
1739715247768 154.67543604034884 455
1739715247772 154.64469398650343 456
1739715247776 154.61395809434507 457
1739715247781 154.5832283626273 458
1739715247786 154.55250479010397 459
1739715247790 154.52178737552933 460
1739715247794 154.49107611765766 461
1739715247798 154.4603710152436 462
1739715247803 154.4296720670421 463
1739715247807 154.39897927180832 464
1739715247811 154.3682926282976 465
1739715247815 154.3376121352657 466
1739715247820 154.30693779146844 467
1739715247824 154.27626959566206 468
1739715247829 154.24560754660303 469
1739715247833 154.21495164304793 470
1739715247837 154.1843018837538 471
1739715247841 154.15365826747777 472
1739715247845 154.12302079297731 473
1739715247849 154.0923894590102 474
1739715247853 154.06176426433433 475
1739715247857 154.03114520770797 476
1739715247862 154.00053228788954 477
1739715247866 153.96992550363785 478
1739715247871 153.93932485371184 479
1739715247875 153.90873033687075 480
1739715247880 153.87814195187406 481
1739715247885 153.84755969748159 482
1739715247889 153.81698357245327 483
1739715247894 153.7864135755495 484
1739715247898 153.75584970553064 485
1739715247902 153.7252919611575 486
1739715247907 153.6947403411912 487
1739715247911 153.6641948443929 488
1739715247915 153.6336554695242 489
1739715247920 153.6031222153469 490
1739715247924 153.57259508062302 491
1739715247929 153.5420740641149 492
1739715247933 153.51155916458504 493
1739715247938 153.48105038079632 494
1739715247942 153.45054771151172 495
1739715247947 153.4200511554946 496
1739715247952 153.38956071150858 497
1739715247956 153.35907637831744 498
1739715247960 153.32859815468524 499
