1739716253374 165.39780343019467 0
1739716253380 166.80857013977348 1
1739716253387 167.13568731950917 2
1739716253392 155.2802052964277 3
1739716253398 155.554121441058 4
1739716253403 153.8027318618933 5
1739716253408 151.38796998187894 6
1739716253413 150.3044515018854 7
1739716253418 147.99050029939056 8
1739716253422 143.22403853897004 9
1739716253427 140.55956346685153 10
1739716253431 148.3322277046382 11
1739716253436 135.102245922268 12
1739716253442 134.0536886352742 13
1739716253447 132.26278945549754 14
1739716253451 134.71786135664027 15
1739716253456 132.33449538894942 16
1739716253460 129.19644450415552 17
1739716253465 125.12229516001373 18
1739716253470 129.23743603885495 19
1739716253474 123.14917014843928 20
1739716253479 123.67970638420674 21
1739716253483 121.85977418865909 22
1739716253488 118.91711603210227 23
1739716253493 111.69130490263318 24
1739716253497 116.59329933853952 25
1739716253502 115.81733780521523 26
1739716253507 111.04428563818996 27
1739716253512 111.43249718729754 28
1739716253517 107.09931819443233 29
1739716253521 108.95427695056364 30
1739716253526 104.59681477062081 31
1739716253531 101.69313042096626 32
1739716253537 104.00463491882414 33
1739716253543 98.13311554534414 34
1739716253549 99.80637694981417 35
1739716253554 98.14790677979788 36
1739716253559 96.08317055453799 37
1739716253565 94.3738375996338 38
1739716253571 93.85569463709119 39
1739716253579 93.89808857057355 40
1739716253585 89.81948487131342 41
1739716253591 91.05741011301807 42
1739716253597 87.18809913650055 43
1739716253602 85.85576354229431 44
1739716253608 86.76841782153816 45
1739716253613 85.7430189349568 46
1739716253619 80.58776470172266 47
1739716253624 81.96348464558987 48
1739716253629 82.64851521994983 49
1739716253635 80.4594531197193 50
1739716253640 80.2018190874207 51
1739716253645 78.2510805063584 52
1739716253650 73.22783331278704 53
1739716253656 73.7522413442067 54
1739716253662 72.6336253156777 55
1739716253667 72.21407104608167 56
1739716253672 74.67638219424627 57
1739716253678 72.07706081592622 58
1739716253684 70.43971999818802 59
1739716253690 67.85021746755011 60
1739716253696 67.92922517712805 61
1739716253703 65.62455696844233 62
1739716253710 66.06288734864752 63
1739716253719 64.12754146298155 64
1739716253726 63.00149349534463 65
1739716253732 61.82540814714952 66
1739716253739 60.40976959803915 67
1739716253745 60.44562627096101 68
1739716253751 61.20841304884069 69
1739716253757 56.65382243586153 70
1739716253763 55.4420393463226 71
1739716253768 57.33336487031274 72
1739716253774 55.41481838497589 73
1739716253780 55.938817176565706 74
1739716253786 55.05896673458698 75
1739716253792 54.995766283432424 76
1739716253798 53.34058816198381 77
1739716253803 51.853897307267786 78
1739716253809 50.7562310691277 79
1739716253814 50.140738047127066 80
1739716253819 50.950284387053394 81
1739716253825 49.714552342552814 82
1739716253830 48.47929979842932 83
1739716253836 47.47684896222728 84
1739716253841 47.16667278564027 85
1739716253846 46.529805706174855 86
1739716253852 46.66045914525317 87
1739716253856 43.6219717150434 88
1739716253861 43.74711863744623 89
1739716253865 43.13428220849485 90
1739716253870 43.15654789015817 91
1739716253875 42.32483842959427 92
1739716253879 41.22562751427255 93
1739716253885 41.80528129675578 94
1739716253889 40.56331205387473 95
1739716253894 41.330536158813715 96
1739716253900 39.6042322524368 97
1739716253906 38.33934269130648 98
1739716253914 38.295583302722896 99
1739716253947 37.39617108640473 100
1739716253959 39.240632925937355 101
1739716253965 38.08991364936112 102
1739716253970 36.65779951360019 103
1739716253974 34.96675463555491 104
1739716253980 34.851395575604016 105
1739716253985 35.544531316037904 106
1739716253990 33.63545260006185 107
1739716253995 34.73271879259035 108
1739716253999 32.09833725124468 109
1739716254004 32.587569759672526 110
1739716254010 32.90066525789222 111
1739716254014 32.437228340972815 112
1739716254019 31.464701697921754 113
1739716254023 29.930050102585984 114
1739716254027 30.81157375403939 115
1739716254032 30.29120204603267 116
1739716254036 28.337326104639907 117
1739716254041 29.617710747295483 118
1739716254046 28.182805482108243 119
1739716254051 28.61712996092175 120
1739716254056 27.621417981558455 121
1739716254061 26.92951614817701 122
1739716254066 26.78462401573941 123
1739716254071 27.788198969380357 124
1739716254076 25.152016127648796 125
1739716254081 26.339311849799262 126
1739716254088 25.18428774888413 127
1739716254094 25.383372133325857 128
1739716254100 24.121368243687282 129
1739716254105 24.886265807976528 130
1739716254111 24.57083704738088 131
1739716254116 22.664890812005776 132
1739716254121 22.01944872257032 133
1739716254125 22.614132919767865 134
1739716254130 23.269683242286714 135
1739716254135 22.274430290575275 136
1739716254142 21.536222983888116 137
1739716254147 22.082540904080357 138
1739716254152 21.038641442162465 139
1739716254157 20.975053611903967 140
1739716254162 21.46209040273461 141
1739716254167 21.341872749498492 142
1739716254171 20.550712174875375 143
1739716254176 19.631795823054116 144
1739716254180 19.186804995630922 145
1739716254185 19.79161984931866 146
1739716254190 19.885217708138054 147
1739716254195 18.55489185697429 148
1739716254200 18.852319327057568 149
1739716254205 18.693153087342363 150
1739716254209 17.569475958804354 151
1739716254213 17.777976228052747 152
1739716254218 16.865794047426753 153
1739716254222 17.23383608107824 154
1739716254227 15.837957941437685 155
1739716254231 16.506913468041027 156
1739716254236 17.153098952923816 157
1739716254241 15.809726030792747 158
1739716254246 16.184013640846157 159
1739716254251 15.364284168921378 160
1739716254256 15.849976249646446 161
1739716254260 15.448173517848417 162
1739716254266 14.456901998774402 163
1739716254270 14.917168601363313 164
1739716254275 14.887854581544618 165
1739716254280 14.086847158038314 166
1739716254284 14.41333751192832 167
1739716254289 14.020260429565473 168
1739716254294 13.845790365925343 169
1739716254298 13.79618588779366 170
1739716254303 13.38845556995342 171
1739716254307 12.92812360792456 172
1739716254312 13.127637115123187 173
1739716254317 13.288987725736444 174
1739716254321 13.43033354464215 175
1739716254326 12.386176226483666 176
1739716254330 12.277537669626893 177
1739716254335 11.494599348218408 178
1739716254340 11.561416166090947 179
1739716254344 11.729777290629295 180
1739716254349 11.914995436372239 181
1739716254354 11.867319405837716 182
1739716254359 11.243617969843568 183
1739716254364 10.864116282529508 184
1739716254369 10.688964930829531 185
1739716254374 10.896389803285373 186
1739716254378 10.52583500598035 187
1739716254382 10.25059545160145 188
1739716254387 10.794758875946728 189
1739716254392 10.249763193814013 190
1739716254397 10.001480400669783 191
1739716254401 9.3911796889358 192
1739716254406 10.389329561432932 193
1739716254410 9.563346636429577 194
1739716254415 9.536353770858586 195
1739716254419 9.38275861294682 196
1739716254423 9.489004466972059 197
1739716254428 8.977398049223629 198
1739716254433 9.200418222357335 199
1739716254437 8.237295946965457 200
1739716254442 8.740861187158504 201
1739716254446 8.884933268847291 202
1739716254450 8.262746814989418 203
1739716254455 8.660437783325154 204
1739716254459 8.098936119337264 205
1739716254464 8.325848074105995 206
1739716254468 8.410500297604187 207
1739716254473 7.8271591320994265 208
1739716254477 7.928482719642859 209
1739716254482 7.679512758063118 210
1739716254487 7.013956431818637 211
1739716254491 7.210775840485003 212
1739716254496 7.337476167028203 213
1739716254501 7.625645751371113 214
1739716254506 7.474806361926627 215
1739716254511 7.063116217229738 216
1739716254515 6.545795730336523 217
1739716254520 7.021568127285422 218
1739716254524 6.508208717011055 219
1739716254529 6.690867384887376 220
1739716254533 6.187283726240531 221
1739716254538 6.652436959244303 222
1739716254542 6.318407526275586 223
1739716254546 5.940301883403979 224
1739716254551 6.250983266085968 225
1739716254556 6.565637092236453 226
1739716254560 5.875174348326864 227
1739716254565 6.037366893646735 228
1739716254569 5.4905026636060725 229
1739716254574 6.10699589410894 230
1739716254582 5.825286790272286 231
1739716254587 5.0494275518410925 232
1739716254591 5.787838610762242 233
1739716254596 5.592975521749322 234
1739716254600 5.603080297232431 235
1739716254605 5.526616902156107 236
1739716254609 5.281455904507424 237
1739716254614 5.459946693418242 238
1739716254618 4.900603478600027 239
1739716254623 5.102998098751724 240
1739716254627 4.792252114796389 241
1739716254632 4.645699815954159 242
1739716254637 4.915384961013911 243
1739716254641 4.8289513878189325 244
1739716254645 4.800850945258119 245
1739716254650 4.830338990717919 246
1739716254655 4.64791807601299 247
1739716254660 4.343793574614969 248
1739716254665 4.426213498586558 249
1739716254669 4.641443469255163 250
1739716254674 4.582060055481892 251
1739716254678 3.8622704233135714 252
1739716254683 4.4184502779927675 253
1739716254688 4.323642417618386 254
1739716254692 4.120350040435739 255
1739716254697 4.222540322542613 256
1739716254702 4.326813991485602 257
1739716254707 4.344186193594166 258
1739716254711 3.787851290805872 259
1739716254716 4.005740168418279 260
1739716254721 3.3922927162790963 261
1739716254726 3.486215849082209 262
1739716254730 3.876519526774831 263
1739716254735 3.4281714311058034 264
1739716254740 3.2747193097747185 265
1739716254744 3.5975289299922717 266
1739716254749 3.607727181758116 267
1739716254753 3.52490277728435 268
1739716254758 3.399342694511393 269
1739716254763 3.100216300708002 270
1739716254768 3.5305791282871617 271
1739716254772 2.995099567686457 272
1739716254777 3.204312328799997 273
1739716254781 3.2236591302603155 274
1739716254786 3.033421517428457 275
1739716254791 3.4495797087646927 276
1739716254796 2.9489174336163306 277
1739716254801 3.1980001000022766 278
1739716254805 3.0274844684097655 279
1739716254810 2.826225685796715 280
1739716254815 2.992914461196138 281
1739716254819 2.6729688866934054 282
1739716254824 3.049251606738568 283
1739716254828 2.6530309134289523 284
1739716254833 2.6818506990963624 285
1739716254838 3.027472491319418 286
1739716254843 2.6435988106784962 287
1739716254847 2.5347023116350575 288
1739716254852 2.6621068607990988 289
1739716254857 2.546651697734425 290
1739716254861 2.6634030659916226 291
1739716254866 2.401270881870358 292
1739716254871 2.4670980361271626 293
1739716254876 2.1340737631726094 294
1739716254882 2.4614090070113526 295
1739716254887 2.5394144981205673 296
1739716254893 2.329171342501288 297
1739716254899 2.2957649518773113 298
1739716254905 2.1345770992564725 299
1739716254909 2.4769658048282936 300
1739716254914 2.366204123081384 301
1739716254919 2.1605184637667763 302
1739716254924 2.196238765883867 303
1739716254928 2.000224336897816 304
1739716254934 2.1104573467925065 305
1739716254939 1.8884834810870603 306
1739716254945 2.2218710697040933 307
1739716254951 1.8208538986128184 308
1739716254957 1.7553672608816129 309
1739716254962 2.038826647714091 310
1739716254967 1.9884246727891493 311
1739716254973 2.0699519952891654 312
1739716254978 1.8112176313052828 313
1739716254983 1.9090176178641374 314
1739716254988 1.7843716843242603 315
1739716254993 1.7032907314194343 316
1739716254998 1.6200328513786801 317
1739716255002 1.781637258948624 318
1739716255007 1.6968081144331877 319
1739716255012 1.7060793261660312 320
1739716255017 1.5276270525049427 321
1739716255021 1.6364279993246875 322
1739716255026 1.4952969338968436 323
1739716255031 1.7851549899128463 324
1739716255036 1.4335223179201753 325
1739716255041 1.5984234646295454 326
1739716255045 1.4374467701327693 327
1739716255050 1.67775581635094 328
1739716255055 1.676897823358646 329
1739716255060 1.5007787468756693 330
1739716255065 1.5108691382203117 331
1739716255070 1.5517045566182346 332
1739716255074 1.5907164135373777 333
1739716255079 1.3273970813895581 334
1739716255084 1.3135997393332022 335
1739716255091 1.4998351155809155 336
1739716255097 1.2739076018664062 337
1739716255103 1.5402150465253148 338
1739716255108 1.3513322005165183 339
1739716255113 1.5393189893885022 340
1739716255118 1.260851718558279 341
1739716255123 1.188693710207289 342
1739716255128 1.2292198480614447 343
1739716255133 1.292541680120596 344
1739716255138 1.331590417293263 345
1739716255145 1.2392964224413634 346
1739716255151 1.0153498108570567 347
1739716255156 1.2241854661791245 348
1739716255161 1.1424552415181983 349
1739716255166 1.22209309414361 350
1739716255171 1.219970356189719 351
1739716255176 1.0853941334645065 352
1739716255180 1.1004431569330086 353
1739716255185 1.1709165756590942 354
1739716255190 1.025467150487359 355
1739716255196 1.127854820075855 356
1739716255201 0.971104393418612 357
1739716255205 1.167135148226295 358
1739716255210 1.2584878151015861 359
1739716255216 0.825520078261052 360
1739716255222 1.0507900274787272 361
1739716255227 0.8708172409365461 362
1739716255233 0.9879277368334428 363
1739716255238 0.8913258074161867 364
1739716255243 1.140586917745682 365
1739716255247 0.9284500221388455 366
1739716255252 0.864858118968686 367
1739716255257 1.017638502217441 368
1739716255262 0.9645754443344117 369
1739716255267 0.9753422671080266 370
1739716255272 0.8572206095525544 371
1739716255277 0.9499183967489379 372
1739716255282 0.8870748956322067 373
1739716255287 1.0050531461411958 374
1739716255292 0.9450155359586346 375
1739716255296 1.0327111832022746 376
1739716255301 0.7936767854591619 377
1739716255306 0.7401770834760868 378
1739716255311 0.775899878027129 379
1739716255316 0.8432947251253755 380
1739716255321 0.7358378510494589 381
1739716255326 0.8048967163984212 382
1739716255330 0.768953960188116 383
1739716255335 0.70858959429894 384
1739716255340 0.8822690406511421 385
1739716255345 0.7678535141281028 386
1739716255351 0.8809327999429916 387
1739716255356 0.7766710281077209 388
1739716255361 0.7062018911568511 389
1739716255366 0.7381368547872162 390
1739716255371 0.8434377726735081 391
1739716255377 0.6693729706142907 392
1739716255382 0.8734788012066557 393
1739716255387 0.6458432138449745 394
1739716255392 0.7734564995193141 395
1739716255397 0.7457798493043072 396
1739716255402 0.6441422012950859 397
1739716255407 0.7892406461394096 398
1739716255412 0.7172872390703692 399
1739716255417 0.5541779350086511 400
1739716255421 0.6728497760290785 401
1739716255426 0.5754458735093376 402
1739716255431 0.649649730847011 403
1739716255436 0.6395336790292508 404
1739716255441 0.46265067473890004 405
1739716255446 0.6329880177619824 406
1739716255451 0.5856599940596658 407
1739716255456 0.6506940711384849 408
1739716255460 0.4212333222819298 409
1739716255465 0.6399423364213672 410
1739716255470 0.5678982849372164 411
1739716255474 0.6019418593330014 412
1739716255479 0.5550699909623618 413
1739716255483 0.5506323407330787 414
1739716255488 0.5284612017792015 415
1739716255493 0.6143266273590217 416
1739716255497 0.6467879152080735 417
1739716255502 0.5846345435249595 418
1739716255507 0.5472200776589755 419
1739716255511 0.5742398684144885 420
1739716255516 0.6274370755242809 421
1739716255520 0.4817628826301252 422
1739716255525 0.541124958031091 423
1739716255530 0.5203026035800028 424
1739716255535 0.4981873655332196 425
1739716255539 0.5799472776088136 426
1739716255544 0.46280307351951344 427
1739716255548 0.5360435591967675 428
1739716255553 0.4682536611839859 429
1739716255557 0.44909074871496346 430
1739716255562 0.4384226326061214 431
1739716255566 0.47664489681369415 432
1739716255571 0.5148094542893343 433
1739716255576 0.409062778663738 434
1739716255580 0.443935316696252 435
1739716255585 0.5302502293395313 436
1739716255590 0.42197475204391033 437
1739716255595 0.37210314770589153 438
1739716255601 0.5241415000177433 439
1739716255608 0.35205141261916145 440
1739716255616 0.4794163624528371 441
1739716255622 0.48151934245568634 442
1739716255626 0.4983624203447161 443
1739716255631 0.45351268120584204 444
1739716255636 0.54364073403059 445
1739716255641 0.49396868448215725 446
1739716255646 0.4275767279455977 447
1739716255650 0.318081198624212 448
1739716255655 0.32357418851096575 449
1739716255660 0.35454706140733216 450
1739716255664 0.4872976857262421 451
1739716255669 0.40088800674735103 452
1739716255674 0.37711553174917606 453
1739716255678 0.43896973685489193 454
1739716255683 0.587850757066785 455
1739716255687 0.3439997931379029 456
1739716255692 0.3443109819088523 457
1739716255697 0.396017372359546 458
1739716255701 0.5006050815517007 459
1739716255706 0.408496159049473 460
1739716255711 0.436153345909312 461
1739716255715 0.324149695371419 462
1739716255720 0.33702246887947446 463
1739716255725 0.4281113918127005 464
1739716255729 0.37625177910609686 465
1739716255734 0.35914250344183507 466
1739716255739 0.38209691254129574 467
1739716255744 0.39012780820194826 468
1739716255748 0.2626203425560502 469
1739716255753 0.3245272409162897 470
1739716255757 0.3161042021675179 471
1739716255762 0.32942814785900637 472
1739716255767 0.40296062283988016 473
1739716255772 0.42748191795139845 474
1739716255776 0.40530921400594727 475
1739716255781 0.22052807861387366 476
1739716255785 0.25050539070720695 477
1739716255790 0.3065886900216375 478
1739716255795 0.3441006147851259 479
1739716255799 0.3458105385917374 480
1739716255804 0.2797662626505707 481
1739716255809 0.47218230580128245 482
1739716255813 0.3235645797302581 483
1739716255818 0.2360497767164788 484
1739716255823 0.26764724876170387 485
1739716255827 0.3176491236712411 486
1739716255832 0.3843917959784612 487
1739716255838 0.20485424812911618 488
1739716255843 0.25771087507820833 489
1739716255848 0.2658178660176525 490
1739716255853 0.32344400644648197 491
1739716255858 0.2556469699433172 492
1739716255862 0.38770772240270784 493
1739716255867 0.22638175269399863 494
1739716255871 0.3979032085134499 495
1739716255876 0.3997487966080166 496
1739716255880 0.25480767629447715 497
1739716255885 0.3249308119240482 498
1739716255890 0.45859608375366995 499
