1739716222316 145.39035015933504 0
1739716222322 123.33506434015591 1
1739716222327 110.51821903659305 2
1739716222334 94.24204650057405 3
1739716222342 84.07984784364874 4
1739716222348 73.1883111916649 5
1739716222358 62.80567393471927 6
1739716222363 55.03092232580964 7
1739716222367 50.33382802063336 8
1739716222372 46.35779770603964 9
1739716222377 37.69334129720968 10
1739716222381 34.089302346997535 11
1739716222386 30.913777698525806 12
1739716222391 28.022849438300085 13
1739716222396 24.94851575853642 14
1739716222400 22.524402942517796 15
1739716222407 20.94733933642567 16
1739716222413 18.030917012062325 17
1739716222419 17.178442403430424 18
1739716222424 15.775084736461856 19
1739716222430 14.293090649979353 20
1739716222435 13.227388514249187 21
1739716222442 12.153024283608806 22
1739716222448 11.718465012898095 23
1739716222453 11.033842249316793 24
1739716222458 9.859357951690013 25
1739716222462 9.552618747290424 26
1739716222467 8.975624197778297 27
1739716222471 8.475561449215647 28
1739716222476 8.443321532233822 29
1739716222481 7.744653143787129 30
1739716222485 7.368405757914246 31
1739716222490 7.545016702408639 32
1739716222517 7.476769799215547 33
1739716222530 7.253604950474341 34
1739716222536 6.847087177670675 35
1739716222541 6.063789118183744 36
1739716222545 6.353314630387188 37
1739716222550 6.5167965415897795 38
1739716222555 6.209879116230448 39
1739716222560 6.237676319256255 40
1739716222565 6.230361444136276 41
1739716222570 5.819362779339614 42
1739716222574 5.412107015579982 43
1739716222579 5.539686967421643 44
1739716222584 5.175392954594026 45
1739716222589 5.578084158117883 46
1739716222593 5.736584738795048 47
1739716222598 5.500900155241077 48
1739716222604 5.336595536090409 49
1739716222610 5.357662729321833 50
1739716222616 5.397258565721558 51
1739716222622 5.449279049260045 52
1739716222627 5.212067568475876 53
1739716222632 4.931637495301453 54
1739716222637 4.987022306127854 55
1739716222642 5.37917924103467 56
1739716222647 5.157972234714723 57
1739716222652 4.570673173139977 58
1739716222657 4.616762505444376 59
1739716222662 4.603513765004465 60
1739716222667 4.7846073301982175 61
1739716222672 5.0008541190619145 62
1739716222677 5.181458861760228 63
1739716222682 4.9887882978317935 64
1739716222687 4.576774102360382 65
1739716222692 4.909678554598803 66
1739716222697 5.048657867892472 67
1739716222702 4.875646806903795 68
1739716222707 4.808349956888087 69
1739716222711 4.981243516664357 70
1739716222716 4.772144905929282 71
1739716222721 4.822693826328478 72
1739716222726 4.832301424769066 73
1739716222731 5.203969170456575 74
1739716222735 4.805279786895974 75
1739716222740 4.690047723641489 76
1739716222745 4.632376031230619 77
1739716222750 4.893077979629903 78
1739716222756 5.107411209689397 79
1739716222761 4.671523642891526 80
1739716222766 4.71520534015217 81
1739716222771 4.737480823327246 82
1739716222775 4.7231639058237125 83
1739716222780 4.4369554225639325 84
1739716222785 5.0146189320114365 85
1739716222790 4.793163457468285 86
1739716222795 4.820437772226558 87
1739716222800 4.78729605156197 88
1739716222805 4.801728780854146 89
1739716222810 5.0116257310741075 90
1739716222815 4.899631035200651 91
1739716222819 5.033360974170028 92
1739716222824 4.907933309124573 93
1739716222829 5.441220815675133 94
1739716222834 4.6338448100636285 95
1739716222839 4.549730060198141 96
1739716222843 5.007259006659884 97
1739716222849 4.937202990239506 98
1739716222854 4.731291242548511 99
1739716222859 4.895679029981502 100
1739716222863 4.885514187000228 101
1739716222868 4.569139823970094 102
1739716222873 4.568902252504886 103
1739716222878 4.864538550491665 104
1739716222883 4.907007366575533 105
1739716222887 5.034212488434196 106
1739716222891 4.686265975812283 107
1739716222896 4.629747202556361 108
1739716222900 4.304481550532278 109
1739716222905 4.792316025518997 110
1739716222909 4.590439050736427 111
1739716222914 5.426835576070815 112
1739716222918 4.626360155365233 113
1739716222923 5.267105622540156 114
