1739719104731 4.311427530097625 0
1739719104757 4.733641606318004 1
1739719104783 3.4852518133449983 2
1739719104810 6.549972532433278 3
1739719104837 3.7322535401307877 4
1739719104863 4.335128654104457 5
1739719104889 4.948853013802581 6
1739719104916 3.138852113371504 7
1739719104942 5.123500572338936 8
1739719104968 3.539392559653828 9
1739719104993 9.061530020496406 10
1739719105019 6.801552666004503 11
1739719105045 5.167951291086649 12
1739719105071 3.784395958550209 13
1739719105097 3.8863477152334753 14
1739719105123 4.087757046117916 15
1739719105149 4.7568645682003705 16
1739719105175 3.3272134717229256 17
1739719105201 4.750636560014014 18
1739719105227 2.933824369436465 19
1739719105253 1.1355707248961626 20
1739719105279 5.0490752112775334 21
1739719105305 3.1509248946464474 22
1739719105331 5.586142646942092 23
1739719105358 6.296445482939026 24
1739719105384 5.2723322992784665 25
1739719105410 5.217547269187802 26
1739719105435 4.796837527977997 27
1739719105461 3.4215267168260164 28
1739719105487 4.389825290865891 29
1739719105513 4.549893303297792 30
1739719105539 4.769155791189958 31
1739719105565 4.752319865222273 32
1739719105591 3.862290645489154 33
1739719105617 4.318324609934291 34
1739719105643 3.963665474633038 35
1739719105668 6.402292628168775 36
1739719105694 6.226178020091086 37
1739719105720 4.881480926325663 38
1739719105745 4.0419201778310345 39
1739719105771 5.643905302795051 40
1739719105797 3.5067918716706656 41
1739719105823 5.062073312303451 42
1739719105849 4.4134674838915045 43
1739719105875 3.991421845698479 44
1739719105901 4.238171476495767 45
1739719105931 2.0443883856409197 46
1739719105958 5.2677343673034125 47
1739719105984 3.409317050460182 48
1739719106010 4.82259971355331 49
1739719106036 5.65162875975974 50
1739719106063 4.455950698160895 51
1739719106089 7.241975635368907 52
1739719106115 4.862965413201955 53
1739719106141 5.194700442103007 54
1739719106168 3.9836133152017816 55
1739719106194 6.665796559278103 56
1739719106221 6.011034847736652 57
1739719106247 2.9678661905533676 58
1739719106273 5.622490405166398 59
1739719106299 3.603145597433598 60
1739719106326 6.5245998116279695 61
1739719106352 5.041483550143417 62
1739719106378 6.340507354018786 63
1739719106404 5.79885454620389 64
1739719106430 5.0417436336603885 65
1739719106456 5.1538031926013 66
1739719106482 4.304911399666345 67
1739719106508 5.19772494530544 68
1739719106534 4.474031588699031 69
1739719106560 4.8058930999997305 70
1739719106586 6.114661275135183 71
1739719106613 3.684258918814891 72
1739719106639 5.692094379726195 73
1739719106665 4.899754568832089 74
1739719106691 5.68090147722192 75
1739719106717 3.6577843674791315 76
1739719106744 2.7522411560901787 77
1739719106770 4.527246493304123 78
1739719106796 4.9447426522259335 79
1739719106822 3.44180856514949 80
1739719106848 4.333148787840199 81
1739719106874 6.721193095910601 82
1739719106900 8.50774115964236 83
1739719106927 5.809996949294829 84
1739719106953 1.7243708865668175 85
1739719106979 6.892342980073178 86
1739719107004 4.573621614194769 87
1739719107031 6.718484001878218 88
1739719107057 3.552564829168309 89
1739719107082 3.6928757259751164 90
1739719107108 3.1996256100273275 91
1739719107135 1.505297963626855 92
1739719107161 5.969422681385463 93
1739719107187 5.646243676675427 94
1739719107214 4.014983115459258 95
1739719107239 4.05560349690887 96
1739719107265 4.332390934947689 97
1739719107290 3.3414209608215906 98
1739719107316 6.020259375033694 99
1739719107342 6.544566263352996 100
1739719107367 3.598447953389783 101
1739719107393 5.856520824929568 102
1739719107419 4.908043148022426 103
1739719107445 5.615120386668632 104
1739719107470 2.844717030863221 105
1739719107496 3.295727863514425 106
1739719107522 5.637795616786601 107
1739719107548 3.854471118336199 108
1739719107574 3.814194348572635 109
1739719107600 5.244291030077388 110
1739719107626 5.0846391798818384 111
1739719107652 4.225940165815511 112
1739719107678 2.320522775828351 113
1739719107705 4.264683838555083 114
1739719107732 4.243749059883291 115
1739719107759 3.7983234425219203 116
1739719107785 6.425811312338196 117
1739719107812 6.239239341428135 118
1739719107839 5.469860363640267 119
1739719107866 4.027206270969702 120
1739719107892 3.902475301256575 121
1739719107919 2.774000490639139 122
1739719107947 4.7987169209201 123
1739719107974 5.615254865017455 124
1739719108000 3.8648852531630706 125
1739719108027 3.6293366014405346 126
1739719108054 5.383446158875559 127
1739719108081 5.846654360938026 128
1739719108108 6.472905896976127 129
1739719108135 6.819454875096449 130
1739719108162 5.830117781771625 131
1739719108189 3.617163069638801 132
1739719108216 2.9714040240868935 133
1739719108243 4.057039643563869 134
1739719108270 4.929262130910464 135
1739719108298 5.736439469748141 136
1739719108326 5.467993889145988 137
1739719108353 2.1771923813776146 138
1739719108380 7.657418965118638 139
1739719108407 4.486480566007827 140
1739719108434 5.917117488212408 141
1739719108461 6.645385357169223 142
1739719108488 5.619654986804098 143
1739719108515 4.307241646427823 144
1739719108541 5.224163260880895 145
1739719108568 6.0691684727970046 146
1739719108595 6.686367443376691 147
1739719108622 3.2199898817415566 148
1739719108648 5.4538495481896305 149
1739719108675 4.3519947113120985 150
1739719108702 6.280136260300776 151
1739719108728 3.8909718808073057 152
1739719108755 3.4367075641401295 153
1739719108781 4.079715178246457 154
1739719108808 5.463457289577213 155
1739719108835 5.441171071432413 156
1739719108861 5.7217583337083555 157
1739719108888 5.782806913300294 158
1739719108915 5.643672928706542 159
1739719108941 5.418931735486013 160
1739719108968 3.9593780840110924 161
1739719108994 2.470834393266933 162
1739719109021 5.390418274062009 163
1739719109048 4.413141946134894 164
1739719109075 3.227353678029556 165
1739719109103 4.953264305524841 166
1739719109129 6.333151584224095 167
1739719109155 6.877022812778479 168
1739719109181 3.215153645096312 169
1739719109208 4.405360489315634 170
1739719109234 5.896059793621492 171
1739719109260 4.309726843722814 172
1739719109285 6.57280660487237 173
1739719109311 4.998995280356459 174
1739719109337 2.0596954151849425 175
1739719109363 5.802300375120308 176
1739719109388 5.619379513564601 177
1739719109414 6.1307848628863075 178
1739719109440 2.491462881303582 179
1739719109467 3.9717372766545154 180
1739719109493 5.0884070936323 181
1739719109518 1.0970834699775949 182
1739719109544 3.493069404832402 183
1739719109570 5.179255410357785 184
1739719109596 4.889600905415546 185
1739719109622 3.7670488809845035 186
1739719109648 2.0159214356003785 187
1739719109673 4.950839081050735 188
1739719109700 3.80727669847305 189
1739719109725 4.5030973205342235 190
1739719109751 3.632182390544536 191
1739719109777 4.524786783431006 192
1739719109802 4.419442974268194 193
1739719109829 4.109513886654716 194
1739719109855 6.810104172727406 195
1739719109881 8.54969520020983 196
1739719109907 3.023089568421769 197
1739719109933 4.682549969734446 198
1739719109959 3.6902181250052943 199
1739719109985 6.531621654225869 200
1739719110011 6.523823756128723 201
1739719110037 3.5349256500481023 202
1739719110063 4.464345249226713 203
1739719110089 5.233056466303349 204
1739719110115 3.583352422428881 205
1739719110141 3.969970440964356 206
1739719110167 5.300944890171319 207
1739719110193 5.789802592437486 208
1739719110219 6.574585691636869 209
1739719110245 5.042266099672716 210
1739719110272 7.078151534624472 211
1739719110299 3.171303651917846 212
1739719110325 1.9022410924784068 213
1739719110351 5.627533488649825 214
1739719110377 3.565222130815707 215
1739719110403 4.437469956877369 216
1739719110430 6.623687489494127 217
1739719110456 4.895336373854373 218
1739719110482 4.473213399771464 219
1739719110507 4.031102487898776 220
1739719110533 5.886053970757678 221
1739719110559 3.3768911297828414 222
1739719110585 3.7810483058455464 223
1739719110611 4.139010924907354 224
1739719110637 6.462572938466594 225
1739719110664 5.825771163643241 226
1739719110689 5.947322113195033 227
1739719110715 4.214942980774384 228
1739719110741 3.3436795138285214 229
1739719110768 4.59020136450998 230
1739719110794 7.982628617193846 231
1739719110820 3.325000292823701 232
1739719110846 4.047368236034399 233
1739719110872 3.566059011037753 234
1739719110898 3.483965514287381 235
1739719110924 4.888828596222363 236
1739719110950 4.291031416588037 237
1739719110977 5.1941630613338985 238
1739719111003 4.697088909862932 239
1739719111030 6.486891056034151 240
1739719111056 3.6023136700018004 241
1739719111082 2.4895396480173715 242
1739719111108 5.068319312146632 243
1739719111135 3.7215645241354456 244
1739719111161 5.803925711273229 245
1739719111187 6.833376141064734 246
1739719111213 7.245501931960689 247
1739719111239 6.320733667153579 248
1739719111266 4.451100717124149 249
1739719111292 6.156804017698203 250
1739719111318 5.505293000898238 251
1739719111343 4.176422808263906 252
1739719111369 3.845065806040572 253
1739719111395 6.734646410163729 254
1739719111421 3.231943445581883 255
1739719111447 1.3016590562171315 256
1739719111473 2.464171212141182 257
1739719111499 4.262693728573804 258
1739719111525 5.2392062327306235 259
1739719111551 4.55206999309669 260
1739719111577 5.705934475513586 261
1739719111603 4.188970055819337 262
1739719111628 3.7768234920601995 263
1739719111654 4.00848890448888 264
1739719111680 6.290476585907438 265
1739719111706 5.382794974049373 266
1739719111732 8.515550505222512 267
1739719111758 3.8770603055216015 268
1739719111784 4.3563106572917825 269
1739719111810 1.750734772786647 270
1739719111836 6.4689679086931475 271
1739719111862 7.928436954634103 272
1739719111888 4.543151130796509 273
1739719111914 5.770639666718899 274
1739719111940 5.266515403045137 275
1739719111966 4.727127923203676 276
1739719111993 5.339918050402851 277
1739719112018 4.113620547766541 278
1739719112044 5.046757641050923 279
1739719112070 7.0067541866567 280
1739719112096 5.665713287655722 281
1739719112122 3.9481322301129516 282
1739719112148 6.106397246293133 283
1739719112173 4.742657742710224 284
1739719112198 2.570798082347359 285
1739719112224 5.965301615550166 286
1739719112250 9.320362400946827 287
1739719112276 4.09327439755377 288
1739719112303 5.023087630697624 289
1739719112329 5.070309295594675 290
1739719112355 5.395736476328142 291
1739719112381 5.18438845862402 292
1739719112407 3.3109308942676123 293
1739719112433 5.165052912853866 294
1739719112459 5.975610764094297 295
1739719112485 5.2704295017423375 296
1739719112511 4.365498272860735 297
1739719112537 4.717283880589172 298
1739719112563 3.596950709466892 299
1739719112589 5.832728554396809 300
1739719112614 5.118001671657446 301
1739719112640 5.315815466522757 302
1739719112666 4.5975027423051396 303
1739719112692 4.467325591384824 304
1739719112718 4.205600781152037 305
1739719112744 4.175950962494295 306
1739719112770 5.276656725067915 307
1739719112797 4.818160042225108 308
1739719112823 5.552726433300911 309
1739719112849 7.526541658357321 310
1739719112875 4.57433529598383 311
1739719112901 3.7271285410284887 312
1739719112927 4.627391918503119 313
1739719112953 3.075748306050979 314
1739719112978 6.688658286958697 315
1739719113004 4.641240978491722 316
1739719113030 4.317045169688311 317
1739719113057 4.738030628678083 318
1739719113083 3.6429876663881084 319
1739719113109 3.533761274297545 320
1739719113135 4.763207227563425 321
1739719113161 5.573832882734706 322
1739719113187 2.779624751375799 323
1739719113213 5.9791466868066765 324
1739719113239 1.5164947431896116 325
1739719113265 5.24616463390177 326
1739719113292 4.987560598973426 327
1739719113319 3.861051173422004 328
1739719113345 5.692590373328275 329
1739719113370 4.825352722155162 330
1739719113397 4.316703939358891 331
1739719113422 6.536170248364674 332
1739719113448 3.9218323472067818 333
1739719113474 3.697870417259627 334
1739719113500 5.7163872216501534 335
1739719113526 3.199283248425029 336
1739719113552 3.409789427869066 337
1739719113579 6.532205860274767 338
1739719113605 4.786062476307808 339
1739719113631 3.789034899356626 340
1739719113657 3.750951190895631 341
1739719113683 3.9716105107745103 342
1739719113708 4.659762279480009 343
1739719113734 9.713959564752471 344
1739719113760 5.71948134377809 345
1739719113786 2.040622646343702 346
1739719113814 3.5991283330722603 347
1739719113844 7.048356373224344 348
1739719113871 3.315523737897142 349
1739719113897 4.478446499517037 350
1739719113923 2.385476976515668 351
1739719113949 5.853392257148165 352
1739719113974 6.390909686624172 353
1739719114000 5.128181248723771 354
1739719114026 2.3453740787707495 355
1739719114052 6.14996086982444 356
1739719114078 4.308701685305428 357
1739719114104 4.580377537701897 358
1739719114130 5.476295484594012 359
1739719114156 4.778651831288856 360
1739719114183 4.898055285492778 361
1739719114209 6.153515674774661 362
1739719114235 6.444842786244252 363
1739719114261 2.5797860695326245 364
1739719114287 4.793555597745167 365
1739719114313 5.438884845521798 366
1739719114339 6.478692223279148 367
1739719114365 4.495831061082432 368
1739719114391 6.637235748928346 369
1739719114417 3.968648915332333 370
1739719114443 3.8243162108857427 371
1739719114469 5.0908988276640565 372
1739719114495 4.54806108946082 373
1739719114521 4.479627645875389 374
1739719114547 4.5810056309532285 375
1739719114573 5.273632057832611 376
1739719114599 4.927210356101121 377
1739719114624 5.567491479869431 378
1739719114650 5.262572264032841 379
1739719114676 3.9472250665890134 380
1739719114702 5.624320542212179 381
1739719114728 4.988804731729166 382
1739719114754 3.9601752826077368 383
1739719114779 3.2697352860710898 384
1739719114806 5.889131920849935 385
1739719114831 2.968059209142102 386
1739719114858 5.021324369833007 387
1739719114884 5.912462103910031 388
1739719114910 7.86273682717476 389
1739719114936 4.184095970560142 390
1739719114962 6.482687233980952 391
1739719114987 4.5965541589254775 392
1739719115013 4.910325162950884 393
1739719115039 4.998993827815818 394
1739719115064 3.406490770691399 395
1739719115091 6.921265200786335 396
1739719115116 5.1631866145036565 397
1739719115142 3.3845138719938483 398
1739719115168 6.48088587736139 399
1739719115194 5.486697411480029 400
1739719115220 9.777922261650948 401
1739719115246 2.2727959009838163 402
1739719115272 4.428170677580655 403
1739719115298 5.099669123570438 404
1739719115324 5.352992236866941 405
1739719115351 0.5749103578283923 406
1739719115377 5.643843891124018 407
1739719115404 3.996641528970195 408
1739719115431 4.014828324250759 409
1739719115457 7.253901320424104 410
1739719115483 2.5283114643344367 411
1739719115508 3.8363000811335692 412
1739719115534 5.224035428424944 413
1739719115561 6.544107020993653 414
1739719115587 2.923073125241694 415
1739719115612 5.902412193331181 416
1739719115638 3.723293774749821 417
1739719115664 6.166577912708925 418
1739719115690 6.633383464672895 419
1739719115716 4.130851767579366 420
1739719115742 4.919967146790849 421
1739719115768 3.5489830252058403 422
1739719115794 3.2986184971426713 423
1739719115820 6.228821071334312 424
1739719115846 3.6655604776611477 425
1739719115872 4.47962503704192 426
1739719115898 4.731891065703963 427
1739719115925 4.322666815881175 428
1739719115950 4.353416336776035 429
1739719115977 3.1399877033485284 430
1739719116003 4.445149362843903 431
1739719116029 6.697308925861552 432
1739719116054 5.1830282007007895 433
1739719116080 2.7379192147599505 434
1739719116106 5.787878131886475 435
1739719116132 5.210508720048792 436
1739719116158 5.589344656397174 437
1739719116184 2.540616494532504 438
1739719116210 3.6223497412988728 439
1739719116236 3.5527994488589107 440
1739719116262 4.667932454220325 441
1739719116288 3.264862366005106 442
1739719116314 4.493413416798628 443
1739719116340 5.586486623476296 444
1739719116366 4.721691444480042 445
1739719116393 5.329356525958739 446
1739719116419 5.619993594412624 447
1739719116445 3.5576206972146283 448
1739719116471 4.84179596312025 449
1739719116497 6.8913534021829355 450
1739719116524 3.5932837901298074 451
1739719116550 5.632932426992204 452
1739719116576 4.349799900575218 453
1739719116602 4.005067713029921 454
1739719116628 5.542344157712057 455
1739719116655 5.77326083993225 456
1739719116681 4.646497797725774 457
1739719116707 4.883274171572032 458
1739719116733 4.123458582494167 459
1739719116759 2.6192963753656424 460
1739719116785 4.834090804013496 461
1739719116811 4.643942811113888 462
1739719116837 3.9248177584441577 463
1739719116864 3.0739153903509564 464
1739719116890 6.01715256684454 465
1739719116916 4.132982318516245 466
1739719116943 6.9935810263038825 467
1739719116969 5.877238014885547 468
1739719116995 4.794450563802797 469
1739719117021 3.7170810379371155 470
1739719117048 5.162836819094618 471
1739719117074 6.236869995905612 472
1739719117100 5.093992702843609 473
1739719117126 2.6419719270061743 474
1739719117153 3.0401991376778894 475
1739719117179 3.7147214034814113 476
1739719117205 5.465779619141639 477
1739719117231 4.787925293401294 478
1739719117257 4.017010104356703 479
1739719117283 6.141071818664488 480
1739719117309 6.45009503746041 481
1739719117335 2.8115117478584257 482
1739719117361 4.99720948700874 483
1739719117388 5.188961877698398 484
1739719117414 3.8068548507759616 485
1739719117441 4.948518264850505 486
1739719117467 5.615337384497576 487
1739719117493 2.946569618188113 488
1739719117519 4.13130242380483 489
1739719117546 5.111508984994836 490
1739719117573 3.3075368662738462 491
1739719117599 3.7793818542963207 492
1739719117625 5.265335946298926 493
1739719117651 3.189980219898536 494
1739719117677 6.626826637639355 495
1739719117703 3.391054098381012 496
1739719117729 7.648155264107524 497
1739719117754 4.722848737926048 498
1739719117780 6.495695170490513 499
