1739714579576 169.3217676079807 0
1739714579581 137.11093586384916 1
1739714579586 111.06865311017685 2
1739714579591 89.98596328371754 3
1739714579596 72.91523315814857 4
1739714579600 59.0910495742072 5
1739714579605 47.89473081477296 6
1739714579609 38.82592625471956 7
1739714579613 31.479819604658594 8
1739714579618 25.528788345564088 9
1739714579622 20.707623012941124 10
1739714579626 16.80160010897742 11
1739714579630 13.636848492098853 12
1739714579634 11.0725626623153 13
1739714579638 8.99470550432807 14
1739714579642 7.310913547838558 15
1739714579646 5.946373880837429 16
1739714579652 4.8404866560568065 17
1739714579656 3.944163050545119 18
1739714579661 3.217637409167829 19
1739714579665 2.6286955528486984 20
1739714579669 2.1512399829942743 21
1739714579673 1.7641278519330335 22
1739714579677 1.4502298011646728 23
1739714579681 1.1956676587668618 24
1739714579685 0.9891969866538133 25
1739714579690 0.8217069410055127 26
1739714579694 0.6858151478110612 27
1739714579698 0.5755395361694615 28
1739714579702 0.4860325053622261 29
1739714579706 0.41336558175480426 30
1739714579710 0.35435497280589595 31
1739714579714 0.3064202485738289 32
1739714579718 0.26746985759306413 33
1739714579722 0.23580837980104966 34
1739714579727 0.2100613877112518 35
1739714579731 0.18911457147330946 36
1739714579735 0.1720644188317887 37
1739714579739 0.1581782556291581 38
1739714579743 0.14686186934527273 39
1739714579747 0.13763327580985973 40
1739714579751 0.1301014627181143 41
1739714579755 0.1239491651130666 42
1739714579759 0.11891890744537605 43
1739714579763 0.11480169217859333 44
1739714579767 0.11142783265282727 45
1739714579772 0.1086595232984795 46
1739714579776 0.10638481755360531 47
1739714579780 0.10451274642539223 48
1739714579785 0.10296936133615657 49
1739714579789 0.10169452596527243 50
1739714579793 0.10063931506975185 51
1739714579797 0.0997639052193556 52
1739714579801 0.09903586421727326 53
1739714579806 0.09842876366667845 54
1739714579810 0.09792105347429268 55
1739714579813 0.0974951486923175 56
1739714579818 0.0971366885064062 57
1739714579822 0.09683393479827808 58
1739714579826 0.09657728388616153 59
1739714579830 0.09635887004912337 60
1739714579834 0.09617224349496971 61
1739714579838 0.09601210871601139 62
1739714579843 0.095874111838563 63
1739714579847 0.09575466772885464 64
1739714579851 0.09565081936588479 65
1739714579855 0.0955601234082526 66
1739714579859 0.09548055703004324 67
1739714579863 0.09541044203135404 68
1739714579867 0.09534838298329076 69
1739714579871 0.0952932167786938 70
1739714579875 0.09524397145552331 71
1739714579880 0.09519983256172718 72
1739714579884 0.09516011565628299 73
1739714579888 0.09512424380537272 74
1739714579892 0.09509172914697897 75
1739714579896 0.0950621577710538 76
1739714579900 0.0950351773034551 77
1739714579905 0.09501048669629551 78
1739714579908 0.09498782782023531 79
1739714579913 0.09496697852964307 80
1739714579917 0.09494774693276996 81
1739714579921 0.09492996664879437 82
1739714579925 0.09491349287398589 83
1739714579930 0.09489819911205181 84
1739714579934 0.09488397445041014 85
1739714579938 0.09487072128582716 86
1739714579942 0.09485835342050498 87
1739714579946 0.09484679446407192 88
1739714579950 0.09483597648862377 89
1739714579954 0.09482583889349441 90
1739714579959 0.09481632744420841 91
1739714579963 0.09480739345640181 92
1739714579966 0.09479899310067694 93
1739714579970 0.09479108680858418 94
1739714579974 0.09478363876338342 95
1739714579979 0.094776616462067 96
1739714579983 0.09476999033744761 97
1739714579987 0.09476373343101807 98
1739714579992 0.09475782110885396 99
