1739715882812 143.76160050458873 0
1739715882818 124.98586140869065 1
1739715882824 106.71917947564093 2
1739715882829 93.047554300924 3
1739715882834 81.5825624239329 4
1739715882840 69.40332687408153 5
1739715882845 60.15635197386034 6
1739715882850 52.257907327766645 7
1739715882856 43.96829936027584 8
1739715882862 39.48255783943638 9
1739715882867 34.585759008965844 10
1739715882873 28.265183656411512 11
1739715882878 24.984370403921083 12
1739715882884 22.103741614812662 13
1739715882890 18.928778083644623 14
1739715882895 16.185248495137493 15
1739715882901 13.950532646301067 16
1739715882906 12.02396981700256 17
1739715882911 10.559528357040042 18
1739715882917 8.958173240151517 19
1739715882922 7.812043279385604 20
1739715882928 7.118758192315076 21
1739715882933 5.8162556417242515 22
1739715882938 5.273266603276219 23
1739715882944 4.219000923459533 24
1739715882949 3.9202457099410863 25
1739715882955 3.291581864390701 26
1739715882961 3.1374940653130494 27
1739715882968 2.3004426577875803 28
1739715882974 2.03673585332451 29
1739715882980 1.9327589581911127 30
1739715882985 1.7631834851118005 31
1739715882991 1.3058095185344372 32
1739715882996 1.2956393708871472 33
1739715883002 1.0660910305612454 34
1739715883010 0.7649546731807221 35
1739715883015 0.8851424427382352 36
1739715883021 0.7145237214810073 37
1739715883028 0.6412931691125854 38
1739715883034 0.5887086573615662 39
1739715883040 0.5006347449865699 40
1739715883046 0.4265644654943525 41
1739715883051 0.44973501036327546 42
1739715883057 0.3262913333863248 43
1739715883063 0.3118463264762816 44
1739715883069 0.2864055971886856 45
1739715883075 0.25270176964093827 46
1739715883081 0.2835344862726275 47
1739715883086 0.27274545434677777 48
1739715883092 0.25053211593364716 49
1739715883097 0.17793830265262792 50
1739715883103 0.2129027276710488 51
1739715883109 0.14133931606444972 52
1739715883115 0.13342778351509657 53
1739715883120 0.10487597300494755 54
1739715883127 0.13933903110553975 55
1739715883133 0.13792100571775 56
1739715883139 0.10663309595758165 57
1739715883145 0.12938542115723622 58
1739715883150 0.14935609344877826 59
1739715883156 0.07018481116582957 60
1739715883161 0.09986252717307018 61
1739715883167 0.0945792412687778 62
1739715883172 0.14024978454129883 63
1739715883179 0.08919334644657774 64
1739715883186 0.12728921626150028 65
1739715883192 0.06286176252059353 66
1739715883197 0.10835865518788064 67
1739715883203 0.10582093091439361 68
1739715883210 0.05217343716623825 69
1739715883218 0.10439989446101701 70
1739715883226 0.08353118551676468 71
1739715883232 0.08025197517071538 72
1739715883237 0.06992402682947949 73
1739715883244 0.12612256308502026 74
1739715883249 0.10011146841835741 75
1739715883255 0.07866068521876259 76
1739715883261 0.06557536209566588 77
1739715883267 0.09091546843984621 78
1739715883273 0.06404325475382669 79
1739715883279 0.08849783827908088 80
1739715883285 0.08238100132189335 81
1739715883291 0.0683508414707599 82
1739715883297 0.10684444094533666 83
1739715883303 0.09951339746413301 84
1739715883309 0.14712636697155218 85
1739715883316 0.10469995782818693 86
1739715883322 0.08390257690213877 87
1739715883329 0.07223765004696003 88
1739715883335 0.08768809189752726 89
1739715883341 0.14701518203139502 90
1739715883346 0.10478197004532057 91
1739715883352 0.07386481420105684 92
1739715883358 0.061830751131027525 93
1739715883363 0.08514066190048784 94
1739715883369 0.0827721244480849 95
1739715883375 0.09044472067897047 96
1739715883380 0.07103894013366988 97
1739715883386 0.09278193679803712 98
1739715883392 0.13235406604843372 99
1739715883398 0.11386768586148349 100
1739715883404 0.10160862514854582 101
1739715883411 0.15048114354040737 102
1739715883418 0.13900645810788576 103
1739715883424 0.06242017467781275 104
1739715883429 0.14527138701136227 105
1739715883435 0.09980328720698721 106
1739715883442 0.08721181362466174 107
1739715883448 0.09349780493116441 108
1739715883454 0.056969776795492345 109
1739715883460 0.1079151524322283 110
1739715883465 0.12029855982789785 111
1739715883471 0.08455090252643503 112
1739715883477 0.0668238180701414 113
1739715883482 0.06030837744465583 114
1739715883487 0.13403778647826717 115
1739715883492 0.07323969746758906 116
1739715883498 0.13704825098683324 117
1739715883503 0.03865108087880609 118
1739715883508 0.10019170459846158 119
1739715883514 0.07654915263345152 120
1739715883519 0.09328101923460158 121
1739715883524 0.08364125795760141 122
1739715883530 0.11224809527872714 123
1739715883535 0.09628623300127914 124
1739715883540 0.07354216049405356 125
1739715883546 0.0529753509042987 126
1739715883554 0.04839356738408148 127
1739715883561 0.10468423994745202 128
1739715883568 0.0535299000478493 129
1739715883574 0.14429634146372558 130
1739715883581 0.08438601743335472 131
1739715883588 0.07747446500590274 132
1739715883594 0.08638754060904205 133
1739715883599 0.07803725516383545 134
1739715883605 0.07310915266429997 135
1739715883610 0.10000894916103277 136
1739715883615 0.05364403667644287 137
1739715883621 0.09433699390481702 138
1739715883628 0.11692803557520638 139
1739715883634 0.11976839937644279 140
1739715883640 0.08980889953375681 141
1739715883646 0.0767154051664955 142
1739715883654 0.11452999982624684 143
1739715883662 0.11005476543608275 144
1739715883668 0.12056845134778492 145
1739715883674 0.04790597606830389 146
1739715883681 0.07291628472293313 147
1739715883687 0.08420044869606794 148
1739715883692 0.0660312456033016 149
1739715883698 0.09210190044706026 150
1739715883704 0.1751020106436624 151
1739715883709 0.11848672901270302 152
1739715883715 0.08376237430330818 153
1739715883721 0.07812471227276299 154
1739715883726 0.1062543832000839 155
1739715883732 0.07522314066187102 156
1739715883737 0.07153754103673397 157
1739715883743 0.11999365570524645 158
1739715883749 0.1014536364602824 159
1739715883755 0.05385342502362767 160
1739715883761 0.06090192690097829 161
1739715883768 0.12466173093203778 162
1739715883773 0.13492184330584536 163
1739715883779 0.13589679382325767 164
1739715883785 0.05858366043615981 165
1739715883790 0.06153066823507819 166
1739715883796 0.13069901698121272 167
1739715883802 0.09042437264808899 168
1739715883807 0.09378064178675884 169
