1739715876688 139.42023084589025 0
1739715876693 118.72062555646264 1
1739715876698 104.8722783768741 2
1739715876702 90.58718602780948 3
1739715876707 78.71533005613492 4
1739715876711 69.62564261074345 5
1739715876716 62.41797981702685 6
1739715876720 54.49135653590159 7
1739715876725 46.875140358619724 8
1739715876729 42.27012674410646 9
1739715876733 37.527141447378035 10
1739715876738 33.111760722658396 11
1739715876743 31.3322202192293 12
1739715876747 26.512058580967413 13
1739715876752 23.383334150716138 14
1739715876757 21.555071684181296 15
1739715876762 19.65108079829399 16
1739715876767 19.06691596840216 17
1739715876771 16.49062748179127 18
1739715876776 15.10501587193829 19
1739715876781 13.876377272603817 20
1739715876785 13.791680963655734 21
1739715876789 12.460727743498563 22
1739715876794 11.677371994241824 23
1739715876799 10.268302402346208 24
1739715876803 10.708144623635267 25
1739715876808 9.539635944628836 26
1739715876813 9.462840932161368 27
1739715876817 8.953655153485572 28
1739715876822 8.176679302788502 29
1739715876826 7.861949152730261 30
1739715876831 7.808923846301605 31
1739715876835 7.228901821238918 32
1739715876840 7.102132491068827 33
1739715876844 7.32143031520149 34
1739715876849 6.610603771932255 35
1739715876854 6.709172561318888 36
1739715876859 6.308322784362594 37
1739715876865 6.6206861214507935 38
1739715876869 6.064143754929529 39
1739715876875 6.319707488332274 40
1739715876880 5.6981345558122545 41
1739715876886 5.3312484715040425 42
1739715876892 5.644675281163049 43
1739715876897 5.403837943727427 44
1739715876901 5.568114226990639 45
1739715876906 5.270569752865811 46
1739715876910 5.386636860511819 47
1739715876915 5.5630472547579926 48
1739715876920 5.93638529755638 49
1739715876925 5.118312415888643 50
1739715876929 4.942547556866327 51
1739715876935 5.412600924729579 52
1739715876939 5.169652931827557 53
1739715876944 5.154186938487154 54
1739715876949 5.7262514148671295 55
1739715876954 5.437352403223356 56
1739715876958 5.271103823810192 57
1739715876963 4.957249424538519 58
1739715876967 5.3481611138544825 59
1739715876972 4.7968835779018235 60
1739715876977 5.022635196371168 61
1739715876983 4.973708510128801 62
1739715876987 5.010254900516684 63
1739715876992 4.95997703707333 64
1739715876997 4.875390769442529 65
1739715877001 4.720659049097237 66
1739715877005 5.200227772081911 67
1739715877010 4.8472014904533856 68
1739715877014 4.766091613901122 69
1739715877019 4.864006832479294 70
1739715877023 4.9884616590660755 71
1739715877028 4.69336977835077 72
1739715877033 4.895270135522797 73
1739715877038 4.4710376344343175 74
1739715877042 5.012656952922761 75
1739715877047 4.916028617066139 76
1739715877052 4.918775841852843 77
1739715877056 4.7874902753011375 78
1739715877061 4.659957048691757 79
1739715877065 4.971190604056592 80
1739715877070 4.812360832017552 81
1739715877074 4.811721309908727 82
1739715877079 4.802873288915412 83
1739715877084 5.035644567197746 84
1739715877088 4.655787551905735 85
1739715877093 4.989212845879962 86
1739715877097 4.847384540762877 87
1739715877102 5.12228373162616 88
1739715877106 4.762294471709516 89
1739715877111 5.084043284616297 90
1739715877116 4.813804486703687 91
1739715877121 5.1160926274981 92
1739715877126 4.715079048241881 93
1739715877157 4.567320682332378 94
1739715877170 4.556423853206391 95
1739715877176 4.838757809247393 96
1739715877181 4.890136737887568 97
1739715877185 4.471612654812126 98
1739715877190 4.988769421365094 99
1739715877195 5.314323609044048 100
1739715877199 5.098383429259195 101
1739715877204 4.73956931565741 102
1739715877208 5.0059008039699355 103
1739715877214 4.957799766272336 104
1739715877219 4.474432086873559 105
1739715877224 5.124359262846815 106
