1739717329806 0.014145201358794608 0
1739717329833 0.030485108049220843 1
1739717329861 0.03961244832561872 2
1739717329888 0.03207553473606016 3
1739717329915 0.0018720114012584386 4
1739717329943 0.160017705526135 5
1739717329970 0.48392965567096546 6
1739717329999 0.06039103418529518 7
1739717330026 0.07401862750541637 8
1739717330054 0.11783079560220637 9
1739717330081 0.00963424387340348 10
1739717330108 0.011028365635069858 11
1739717330136 0.0016764411767622729 12
1739717330163 0.0006359845219873883 13
1739717330190 0.03915530487551495 14
1739717330217 0.007609941569369958 15
1739717330245 0.10514993393380538 16
1739717330272 0.019789564629275034 17
1739717330299 0.35733077824107906 18
1739717330327 0.07865373795243204 19
1739717330354 0.0014201547993658295 20
1739717330381 0.00487649656880193 21
1739717330409 1.8593448241142612 22
1739717330437 0.17882769927677158 23
1739717330464 0.0017853120729627975 24
1739717330491 0.013322372334538039 25
1739717330518 0.20293313993117307 26
1739717330545 0.04940720953793513 27
1739717330573 6.935385184751207e-05 28
1739717330600 0.3423210503637217 29
1739717330628 0.012687920244190938 30
1739717330655 0.12710836357562352 31
1739717330683 0.27625261222755815 32
1739717330710 0.09483369948236901 33
1739717330737 0.0006187729516959011 34
1739717330764 6.834201543511473e-07 35
1739717330791 0.1855193691504 36
1739717330818 0.08135764992299413 37
1739717330846 0.10747142219929967 38
1739717330873 0.07612305471899992 39
1739717330900 0.03982407891731369 40
1739717330927 0.03634301008695924 41
1739717330955 8.358109525145822e-05 42
1739717330983 0.22818458741814757 43
1739717331011 0.033620143581636466 44
1739717331039 0.049547592048865156 45
1739717331066 0.08367319299169577 46
1739717331094 0.10777729310564481 47
1739717331121 0.29626776027487317 48
1739717331148 0.13936352611764694 49
1739717331175 0.20725906830527974 50
1739717331203 0.16554495598684932 51
1739717331230 0.0951156680317617 52
1739717331258 0.20136319289351962 53
1739717331284 0.0023126371542513927 54
1739717331312 1.5573353699745438e-05 55
1739717331339 0.005121590408632994 56
1739717331367 0.7421660782190018 57
1739717331394 0.06297170550149253 58
1739717331421 0.08629859555948036 59
1739717331449 0.04655975320285896 60
1739717331476 0.15976620016914764 61
1739717331503 0.12774545112866742 62
1739717331530 0.06564461064442115 63
1739717331558 0.19317744668574494 64
1739717331585 0.23042210815063172 65
1739717331612 0.1779190314677499 66
1739717331640 0.11340131048572966 67
1739717331667 0.1301481297394606 68
1739717331695 0.6584259659546353 69
1739717331722 0.0041222309017335665 70
1739717331750 0.00804901518919959 71
1739717331777 0.6373909333581762 72
1739717331804 1.3087538390637896 73
1739717331832 0.18889285251602636 74
1739717331859 0.012557591864995664 75
1739717331887 0.21446383710948658 76
1739717331915 0.00048885428303949 77
1739717331948 0.0022795834395871904 78
1739717331976 0.27156843083547766 79
1739717332004 0.05378883140968427 80
1739717332031 2.6297462994999435e-05 81
1739717332059 0.08827908751352591 82
1739717332086 0.6368447497481555 83
1739717332113 0.0360888369317599 84
1739717332141 0.007294834684903384 85
1739717332168 0.19293291472974353 86
1739717332195 0.022250137036069248 87
1739717332222 0.023337995873879257 88
1739717332249 0.008981751563401912 89
1739717332277 0.09849367461833823 90
1739717332303 0.23804323487602697 91
1739717332330 0.09056589124710497 92
1739717332359 0.44812982668692136 93
1739717332386 0.023374213529163256 94
1739717332414 0.08804376889020703 95
1739717332441 0.2899328003683748 96
1739717332468 0.2965004281923667 97
1739717332495 0.11538772938063775 98
1739717332522 0.06701987205354094 99
1739717332550 0.00011020103910092726 100
1739717332577 0.16162776390361347 101
1739717332605 0.014886991011919376 102
1739717332632 0.05732540539153651 103
1739717332660 0.10436429420093025 104
1739717332687 0.019875705125053666 105
1739717332713 0.004644838023258471 106
1739717332740 0.08060568304035409 107
1739717332768 0.3558745382650134 108
1739717332795 0.004311419101392681 109
1739717332822 0.015659914324517264 110
1739717332849 0.06216750996070618 111
1739717332876 0.0666414189584856 112
1739717332904 0.03087399619658513 113
1739717332931 0.010948485483650548 114
1739717332959 0.015281173090390931 115
1739717332986 0.3510544476527545 116
1739717333013 0.09167255802987069 117
1739717333041 0.21809221687050512 118
1739717333068 0.11977846709845077 119
1739717333095 0.003500668366620654 120
1739717333122 0.13847598289072416 121
1739717333150 0.0006672941545910918 122
1739717333177 0.3362260523952671 123
1739717333204 0.2291515170013379 124
1739717333232 0.1557711025654112 125
1739717333259 0.03661186187894744 126
1739717333286 0.043650518017147574 127
1739717333313 0.006069626107557505 128
1739717333341 2.837947940703108e-05 129
1739717333369 0.2891667178791666 130
1739717333396 0.06058707645431419 131
1739717333423 0.14357912351591107 132
1739717333450 0.07069183552364261 133
1739717333478 0.019408678644777626 134
1739717333505 3.8617298228437666e-05 135
1739717333532 1.180983978322749 136
1739717333560 0.06821009554080033 137
1739717333588 0.11725647520669388 138
1739717333615 0.07747915448364745 139
1739717333642 0.6844885363356974 140
1739717333670 0.3713600644315853 141
1739717333697 0.0006950322043705631 142
1739717333724 0.00039180427686291843 143
1739717333751 0.037814427968476186 144
1739717333779 0.11803505242961762 145
1739717333807 0.00025599703517403436 146
1739717333835 0.029592729950505766 147
1739717333862 0.19306614805582153 148
1739717333890 0.05308085873681566 149
1739717333917 0.06688214433741521 150
1739717333945 0.06479110609950738 151
1739717333976 0.4033660691464903 152
1739717334011 0.03274034556893714 153
1739717334040 0.055036146179675394 154
1739717334069 0.017031027011769045 155
1739717334097 0.05371041520253084 156
1739717334125 0.10588846450803145 157
1739717334153 0.22965816962898128 158
1739717334181 0.08362238401522289 159
1739717334209 0.0072559855809142615 160
1739717334236 0.010595630305402599 161
1739717334263 0.02097147873559319 162
1739717334291 0.2010810452204388 163
1739717334318 0.012951166605430872 164
1739717334345 0.004674013264423565 165
1739717334374 0.12028163669611068 166
1739717334401 0.02166878072979153 167
1739717334428 0.023168861798937818 168
1739717334455 0.1570322758746982 169
1739717334482 0.41682415922610067 170
1739717334509 0.10500235586596364 171
1739717334536 0.03872504900945901 172
1739717334564 0.014345033570258351 173
1739717334591 0.09725666754535561 174
1739717334618 1.382880348817736 175
1739717334646 0.14764063262721885 176
1739717334674 0.10788307124502791 177
1739717334702 0.05200849303671257 178
1739717334729 0.0071731462856982975 179
1739717334756 0.26785328116844226 180
1739717334784 0.011795365440322185 181
1739717334811 0.13863450014910977 182
1739717334838 0.14680854296986282 183
1739717334865 0.01129899415150819 184
1739717334893 0.23359779722272148 185
1739717334920 0.04293533222743105 186
1739717334947 0.009524832104349725 187
1739717334974 0.005378736410679757 188
1739717335001 0.0665536494000885 189
1739717335028 0.08239760400748176 190
1739717335056 0.00094476536731379 191
1739717335084 0.009525406773179059 192
1739717335111 0.14242046710032824 193
1739717335138 0.01375584433600639 194
1739717335165 0.038452508377592495 195
1739717335193 0.004450471931003085 196
1739717335220 0.04674149744188333 197
1739717335248 0.02402889230949406 198
1739717335278 0.006208593140168925 199
1739717335305 0.07079275514857633 200
1739717335332 0.0681544158192628 201
1739717335359 0.2674083289234066 202
1739717335387 0.004095092761221152 203
1739717335414 0.1172580312515692 204
1739717335441 0.19408916396080933 205
1739717335469 0.0637347308497481 206
1739717335496 0.008590268773431862 207
1739717335523 0.16673561631863018 208
1739717335551 0.0025846742167860803 209
1739717335579 0.006325765175466536 210
1739717335606 0.048199603808491885 211
1739717335633 0.07591092371954128 212
1739717335660 0.0002482309403055894 213
1739717335688 0.09578973742111564 214
1739717335715 0.028265211115643125 215
1739717335743 0.8162203129281796 216
1739717335770 0.14996843377518176 217
1739717335798 0.0030867228724862777 218
1739717335824 0.137385465308432 219
1739717335852 0.0019407481412132986 220
1739717335879 1.4496641301478458e-06 221
1739717335906 0.0012712033190159318 222
1739717335934 0.009457989805334827 223
1739717335961 0.19911815617638723 224
1739717335988 0.1823513068105742 225
1739717336016 0.5464578587293384 226
1739717336044 0.27181968993863515 227
1739717336071 0.16772605520800996 228
1739717336099 0.047893519660843153 229
1739717336127 0.0780388599630997 230
1739717336155 0.3979602265003607 231
1739717336182 0.11151047848374851 232
1739717336209 0.13739467328871555 233
1739717336237 0.01863930212994184 234
1739717336264 0.05369855636275199 235
1739717336291 0.047318227382012065 236
1739717336318 0.05762135110371147 237
1739717336345 0.14152424582615855 238
1739717336372 0.029296791751133727 239
1739717336399 2.6481873076145258e-05 240
1739717336426 0.2507077591179768 241
1739717336453 0.006738558598271655 242
1739717336481 0.013347216542917872 243
1739717336509 0.07595171989723415 244
1739717336536 0.10003976585241174 245
1739717336563 0.08501546331064437 246
1739717336592 0.028681368931487115 247
1739717336619 0.2279023755770423 248
1739717336647 0.013803266870709669 249
1739717336674 0.06962423461697585 250
1739717336702 0.019511652704583608 251
1739717336729 1.485066880442257 252
1739717336756 1.2047455127665156 253
1739717336784 8.515712917701606e-06 254
1739717336811 0.03339429053929559 255
1739717336839 0.11330917904589738 256
1739717336866 0.013957469253876644 257
1739717336894 0.5858109967447728 258
1739717336920 0.03666842585692175 259
1739717336947 0.019461509274388118 260
1739717336975 0.03526695019809805 261
1739717337002 0.06311557633926268 262
1739717337029 0.03753233279503611 263
1739717337056 0.06651930429771652 264
1739717337084 0.03694891816550559 265
1739717337112 0.14677041310682357 266
1739717337139 0.8863788278027785 267
1739717337166 0.016946546367165125 268
1739717337193 0.07143016608082318 269
1739717337221 0.02882939736290014 270
1739717337248 4.559723957900055e-05 271
1739717337276 0.06971786043938992 272
1739717337304 0.09231397270550261 273
1739717337331 0.008893478022158651 274
1739717337358 0.11533879679677062 275
1739717337386 0.738178578250781 276
1739717337413 0.05336451158025963 277
1739717337441 0.023978889955666653 278
1739717337469 0.34423433593531066 279
1739717337496 0.020055727055029542 280
1739717337524 0.2653085272184044 281
1739717337551 0.02163264990622993 282
1739717337579 0.012265826976868397 283
1739717337607 0.042142653515981156 284
1739717337634 0.08123011900025891 285
1739717337661 0.0008442324939114727 286
1739717337688 0.012581497715009715 287
1739717337716 0.04376827423166842 288
1739717337743 0.038087801937339426 289
1739717337771 0.02362891966726852 290
1739717337798 0.023423337440779086 291
1739717337826 0.3791922467015887 292
1739717337854 0.0007416835513756196 293
1739717337881 0.07531823315118777 294
1739717337909 0.1959251922026173 295
1739717337937 0.024845747509230815 296
1739717337964 0.006373640620255703 297
1739717337992 0.04350666688176816 298
1739717338019 0.0494427930229935 299
1739717338047 0.3355881838693129 300
1739717338074 0.009124873427095344 301
1739717338102 0.415261454481153 302
1739717338130 3.30115379203569e-05 303
1739717338158 0.06337446971188665 304
1739717338186 0.1536528710573005 305
1739717338213 0.09395585482911825 306
1739717338241 0.11980372687049799 307
1739717338269 0.03147116094087754 308
1739717338297 0.15352062222894355 309
1739717338325 0.46286192708041907 310
1739717338352 0.7704674301720869 311
1739717338380 0.24211641114737525 312
1739717338407 0.15593367387988008 313
1739717338435 0.01871356920008279 314
1739717338462 0.4685954246438909 315
1739717338489 0.14085909127904372 316
1739717338516 0.009171315343675646 317
1739717338543 0.13067539426158048 318
1739717338571 0.966304052953721 319
1739717338598 0.13007538474271796 320
1739717338625 0.149450402989748 321
1739717338656 0.29449544031382047 322
1739717338683 0.08912935805957019 323
1739717338711 0.27202214831358146 324
1739717338743 0.0020711803281855123 325
1739717338771 0.18421284591718648 326
1739717338798 0.0524033993133775 327
1739717338826 0.01692875386449204 328
1739717338853 0.19708440406235175 329
1739717338881 0.0013245157809611266 330
1739717338908 0.0701450393376874 331
1739717338936 0.14848852570644694 332
1739717338963 0.04641551923237743 333
1739717338990 0.3452531919115371 334
1739717339018 0.008136195206287921 335
1739717339045 0.009054588753831997 336
1739717339072 0.06546003593425626 337
1739717339100 0.00010084288072043366 338
1739717339127 0.004222851625148639 339
1739717339155 0.0018089911177933049 340
1739717339182 0.0018153517905090833 341
1739717339210 0.19088601876070707 342
1739717339237 0.005224160901032834 343
1739717339265 0.03865665567249858 344
1739717339292 0.02015687071100864 345
1739717339320 0.10290043058057556 346
1739717339347 0.057958250973565405 347
1739717339375 0.06390091192245921 348
1739717339402 0.0003424315500342504 349
1739717339430 0.1448864654603906 350
1739717339458 0.01636605555675085 351
1739717339485 0.0012181707799817066 352
1739717339512 0.9838417247639938 353
1739717339539 0.028640445868454746 354
1739717339566 0.04508507370073567 355
1739717339594 0.08553248934743952 356
1739717339622 0.02638234290930889 357
1739717339649 0.003432692498620727 358
1739717339676 0.775818723339837 359
1739717339703 0.017967243188385627 360
1739717339731 0.10247303230245372 361
1739717339758 0.4058681816714136 362
1739717339785 0.5666935584967122 363
1739717339896 0.06177088813380066 364
1739717339924 0.24030034672699535 365
1739717339952 0.30122975879532554 366
1739717339980 0.16531671104637585 367
1739717340009 0.6705477315642808 368
1739717340036 0.05306771214200636 369
1739717340063 0.026193767752734083 370
1739717340091 0.4466576440989452 371
1739717340118 0.00027142747841192556 372
1739717340146 0.15570609118265022 373
1739717340173 0.05738517272898 374
1739717340200 0.06428708172807533 375
1739717340227 0.1251662537689067 376
1739717340255 0.005026037585974075 377
1739717340282 0.000884793729671244 378
1739717340310 0.03402581578292587 379
1739717340337 0.5787013244986675 380
1739717340364 0.00459922936178137 381
1739717340392 0.050804561866875736 382
1739717340420 0.07119896076157532 383
1739717340448 0.0016081111495808975 384
1739717340476 0.148673773978584 385
1739717340504 0.0024212424470923533 386
1739717340532 0.0014110356275188675 387
1739717340560 0.27755908522653544 388
1739717340587 0.02229266737092864 389
1739717340615 0.014147307585806993 390
1739717340642 0.011284454775558523 391
1739717340669 0.02039033660953554 392
1739717340697 0.018606186311046647 393
1739717340725 0.016073643841659054 394
1739717340753 0.1651559994469634 395
1739717340780 0.07715671440454054 396
1739717340807 0.026730189689033353 397
1739717340835 0.14086612284845548 398
1739717340862 0.00965033073955629 399
1739717340889 1.337374821676037 400
1739717340917 0.0027287254204300775 401
1739717340944 0.07146651375765997 402
1739717340971 0.03898963373633652 403
1739717340998 0.15325874967553393 404
1739717341027 0.1864267446931303 405
1739717341055 0.28441344611443314 406
1739717341083 0.0006390526729223795 407
1739717341111 0.03166744578914173 408
1739717341138 0.030749789255222374 409
1739717341165 0.020489385040106455 410
1739717341192 0.012447798974566967 411
1739717341220 0.008211243406150943 412
1739717341248 0.0005227597068867062 413
1739717341276 0.05627499387829511 414
1739717341303 0.30274181323910576 415
1739717341331 0.00012609173005606234 416
1739717341359 0.4570821110787861 417
1739717341386 0.17728923277729988 418
1739717341413 0.07191363344216795 419
1739717341441 0.4519897287937621 420
1739717341469 0.33945120864612216 421
1739717341496 0.04228483500057927 422
1739717341524 6.516208832432599e-05 423
1739717341551 0.5865520521711792 424
1739717341579 0.09491134328470271 425
1739717341606 0.013609662115967086 426
1739717341633 0.1384331247773674 427
1739717341660 0.023201657156708355 428
1739717341687 0.10570194554820146 429
1739717341715 0.6688238362509129 430
1739717341742 0.21626949453421293 431
1739717341769 0.005949901974292282 432
1739717341797 0.5418772671209008 433
1739717341824 0.05505013420440172 434
1739717341852 1.0687767310144485 435
1739717341879 0.2483533847808006 436
1739717341907 0.1670548880103427 437
1739717341935 0.035773334527382364 438
1739717341962 0.014893288759656892 439
1739717341990 0.1672863428557067 440
1739717342017 0.16690538359992538 441
1739717342045 0.06053669745023088 442
1739717342073 0.1966869102801278 443
1739717342100 0.176274291205436 444
1739717342128 0.36283752024675797 445
1739717342155 0.14329133694677285 446
1739717342183 0.00790167783767878 447
1739717342211 0.23584687755522427 448
1739717342238 0.0016996630454795677 449
1739717342266 0.0340742235094929 450
1739717342293 0.029510437940848937 451
1739717342321 0.026877294491848704 452
1739717342348 0.00010111570342435724 453
1739717342376 1.0238303571788578 454
1739717342404 0.011003647006796118 455
1739717342432 0.2970424641873916 456
1739717342460 0.03483687903781276 457
1739717342488 0.04837295674838252 458
1739717342516 0.007107215235534541 459
1739717342544 0.021752098839270585 460
1739717342572 0.27208521202737534 461
1739717342600 0.016261373558601383 462
1739717342627 0.21357760865326678 463
1739717342654 0.03323368540016594 464
1739717342681 0.037189003336360174 465
1739717342709 0.08902198993395052 466
1739717342736 0.023026031515919143 467
1739717342763 0.6712265359869325 468
1739717342790 0.10021330615537669 469
1739717342818 0.45342404945351145 470
1739717342845 0.016769774625372044 471
1739717342872 0.06297731360017063 472
1739717342899 0.20334508572746085 473
1739717342926 0.00011798684989635431 474
1739717342954 0.00994605194312305 475
1739717342981 0.0001834119743354594 476
1739717343008 0.10539735212684107 477
1739717343037 0.02704534734306761 478
1739717343064 0.041091167215581564 479
1739717343092 0.09919687438319698 480
1739717343119 0.016512781589383317 481
1739717343147 0.029933571434881553 482
1739717343174 0.5744774601494331 483
1739717343201 0.05275181797683501 484
1739717343229 5.0365292838452776e-05 485
1739717343256 0.00016486192985223775 486
1739717343284 0.027952267369994847 487
1739717343311 0.0038926065500015676 488
1739717343339 0.275485162136338 489
1739717343366 0.027286043361281407 490
1739717343393 0.04698668525057388 491
1739717343421 0.07529419818792353 492
1739717343448 1.4373574282823214 493
1739717343475 0.3671269206031181 494
1739717343503 0.024347028633494465 495
1739717343530 0.0005820847558233365 496
1739717343558 0.0013016978196850766 497
1739717343585 0.12185426851147359 498
1739717343613 0.1468074615781636 499
