1739717744519 0.05537353403498768 0
1739717744547 0.44322205420509975 1
1739717744575 0.00044640576547449724 2
1739717744602 0.004258289796727021 3
1739717744629 0.2484801373907039 4
1739717744656 0.008902291086716588 5
1739717744684 0.193112586669148 6
1739717744712 0.00484848034135325 7
1739717744741 0.07123438519052955 8
1739717744769 0.1031228922496933 9
1739717744796 0.02448448727369965 10
1739717744825 0.0008693249953901737 11
1739717744855 0.219087599003009 12
1739717744884 0.009149170080819773 13
1739717744913 0.00014888755069035044 14
1739717744942 0.09216953727290135 15
1739717744972 0.02364124266737356 16
1739717745001 0.4202127558737303 17
1739717745030 0.7795044686214923 18
1739717745059 0.07020361343684473 19
1739717745088 0.30213867955151175 20
1739717745116 0.0043000547154271596 21
1739717745145 0.20243046562519718 22
1739717745173 0.10059333119591377 23
1739717745202 0.223509450150644 24
1739717745231 0.13066702672236985 25
1739717745259 0.2679682388391516 26
1739717745288 0.10102740106852212 27
1739717745318 0.012679364918807898 28
1739717745348 0.06697786957048882 29
1739717745377 0.17036429829409977 30
1739717745406 0.10885510101987307 31
1739717745435 0.035305960294775396 32
1739717745463 0.38361127363093456 33
1739717745491 0.40212461679247613 34
1739717745518 0.1641336033743849 35
1739717745546 0.1602597714272591 36
1739717745573 1.1278434518375076 37
1739717745602 0.031702915500824796 38
1739717745630 0.6719582273629325 39
1739717745658 0.07535370597327612 40
1739717745687 0.04283955593370907 41
1739717745754 0.0007136726999785744 42
1739717745783 0.14440058382256507 43
1739717745811 0.013531991967243919 44
1739717745840 0.008122563216296962 45
1739717745867 0.01672603248007736 46
1739717745895 0.010657077012640357 47
1739717745922 0.011983888877871348 48
1739717745952 0.04560410402411682 49
1739717745980 0.06984159990998803 50
1739717746009 0.0001666590778705554 51
1739717746037 0.15195611882064888 52
1739717746066 0.19079687447493612 53
1739717746095 0.05505425831957801 54
1739717746173 0.05050240215193207 55
1739717746201 0.00037296796727229507 56
1739717746229 0.124395270247598 57
1739717746257 0.6224949905029575 58
1739717746285 0.06979575235808406 59
1739717746312 0.0075787871296926585 60
1739717746339 0.02247597063376819 61
1739717746367 0.033279841015333905 62
1739717746395 0.374533284273562 63
1739717746423 0.03109557160572437 64
1739717746451 0.014692353603428762 65
1739717746479 0.2333469337575188 66
1739717746506 0.010016516159345807 67
1739717746535 0.20372990838645844 68
1739717746563 0.006643677705713796 69
1739717746591 0.0869481534013479 70
1739717746619 0.2826107670035934 71
1739717746648 0.015564705237977995 72
1739717746677 0.0028529994940028626 73
1739717746705 0.07206568773535135 74
1739717746734 0.04511133106354894 75
1739717746762 0.03415056043889433 76
1739717746791 0.010757702385462848 77
1739717746821 0.019872226896695135 78
1739717746849 0.01734515380471924 79
1739717746877 0.003065034390276207 80
1739717746904 0.1528324162807531 81
1739717746931 0.00961104676067164 82
1739717746959 0.00596420262878275 83
1739717746987 0.013120658662359345 84
1739717747014 0.9577076740063429 85
1739717747042 0.09758332646240486 86
1739717747069 0.0026209922938513213 87
1739717747096 0.041540491690655594 88
1739717747123 0.008611272963172765 89
1739717747151 0.0013274877177002911 90
1739717747180 0.03630262533301998 91
1739717747220 0.0035793098105427108 92
1739717747248 0.1067254380747072 93
1739717747276 0.014021298336581984 94
1739717747305 0.0221342683521409 95
1739717747339 0.07416655100542435 96
1739717747368 0.01938454431362827 97
1739717747397 0.15202775379178815 98
1739717747428 0.7457779359698457 99
1739717747458 0.3192642307490696 100
1739717747487 6.251835117881771e-07 101
1739717747516 4.608307547751634e-05 102
1739717747544 0.03170296819392559 103
1739717747573 0.07272504139960341 104
1739717747601 0.2695514212506601 105
1739717747628 0.01689396752704828 106
1739717747656 0.04536142374751417 107
1739717747683 0.21692139402647856 108
1739717747711 0.013560857540055983 109
1739717747739 0.043529352879290405 110
1739717747766 0.05431725492904304 111
1739717747794 0.11211238184030035 112
1739717747821 0.02776197610573581 113
1739717747849 0.06383300708408635 114
1739717747876 0.15893215690059545 115
1739717747904 0.003952392827442492 116
1739717747932 0.005131494986880939 117
1739717747959 0.08052948767397268 118
1739717747987 0.4127347110953428 119
1739717748014 0.0007982968416232564 120
1739717748041 0.07603538800873769 121
1739717748070 0.06485131024972468 122
1739717748098 0.02769446273833325 123
1739717748126 0.007946022364074582 124
1739717748153 0.47553099839235824 125
1739717748181 0.1361285632623619 126
1739717748209 0.3329983455319453 127
1739717748236 0.010202462990254589 128
1739717748263 0.06678117218633954 129
1739717748291 0.00699349793100086 130
1739717748319 0.03149201471193674 131
1739717748347 0.1389229230607233 132
1739717748374 0.05713443902373874 133
1739717748402 0.00785288584955244 134
1739717748429 0.01027065289750998 135
1739717748457 7.380141967736884e-06 136
1739717748484 0.15646642484200257 137
1739717748511 0.019592343380797097 138
1739717748539 0.00328576974880848 139
1739717748566 0.05238536473173439 140
1739717748594 0.04236737262445336 141
1739717748621 0.020503013426824056 142
1739717748648 0.05915904164765344 143
1739717748677 0.03145322789449835 144
1739717748708 0.17164056840979347 145
1739717748738 0.02119528509262695 146
1739717748768 0.2907518347936228 147
1739717748797 0.02293208860088894 148
1739717748827 0.005996776756488031 149
1739717748855 0.11207388721326447 150
1739717748884 0.16972993070808928 151
1739717748911 1.193942266089386 152
1739717748939 0.06087217211690884 153
1739717748967 0.01778743514115553 154
1739717748994 0.08944379862931891 155
1739717749022 0.06155468905651957 156
1739717749054 0.26500605703448793 157
1739717749084 0.022969241526580978 158
1739717749112 0.05010199895939927 159
1739717749139 0.10340528129028106 160
1739717749167 0.13744419376575676 161
1739717749195 0.014993316098490132 162
1739717749222 0.055054282393689695 163
1739717749250 0.6365992297317414 164
1739717749279 0.003443244369949037 165
1739717749306 0.023071738780844248 166
1739717749334 2.966736788261e-05 167
1739717749362 0.09413734725057428 168
1739717749390 0.06478141082819411 169
1739717749417 0.00022256586952936684 170
1739717749445 0.21828376892273443 171
1739717749473 0.006304416100450383 172
1739717749501 0.0016772175332310042 173
1739717749529 0.0013227176824913726 174
1739717749557 0.24084500057945932 175
1739717749586 0.05820884649716558 176
1739717749613 0.1055271995125204 177
1739717749640 0.009779516021823158 178
1739717749668 0.007503754975477932 179
1739717749696 0.045855295994500646 180
1739717749723 0.10097258465145767 181
1739717749752 0.14137415606969833 182
1739717749780 0.16578347589861253 183
1739717749807 0.06958997771047351 184
1739717749834 0.003986953912484774 185
1739717749862 0.47770530226290253 186
1739717749890 0.07644240132022515 187
1739717749917 0.12873431611898786 188
1739717749946 0.034830931470235096 189
1739717749974 0.0013311280199836226 190
1739717750002 0.01921112108238164 191
1739717750030 0.409104736019721 192
1739717750058 0.03116700746992841 193
1739717750087 0.42648183025161784 194
1739717750116 0.011470079618003365 195
1739717750144 0.1763242399621499 196
1739717750177 0.0736516703458244 197
1739717750208 0.0007141780307981999 198
1739717750239 0.5459129053200927 199
1739717750268 0.0006143432225032403 200
1739717750297 0.011551873187470214 201
1739717750326 0.013328914718481202 202
1739717750357 0.5941895699432626 203
1739717750388 0.05877826737568971 204
1739717750418 0.03117846340578554 205
1739717750448 0.09963457461121634 206
1739717750478 0.28403588298132504 207
1739717750509 0.0036504565252018987 208
1739717750540 0.05541338319752132 209
1739717750572 0.006869471655150509 210
1739717750604 0.0004282805766549136 211
1739717750635 0.051757931979093154 212
1739717750665 0.0018880118926182076 213
1739717750695 0.025959897681994522 214
1739717750724 0.002485646143430688 215
1739717750754 0.0486361201522383 216
1739717750784 0.05555364112445863 217
1739717750813 0.04016276395179426 218
1739717750842 0.17531284102217626 219
1739717750872 0.1699776346849663 220
1739717750902 0.0013910027443060368 221
1739717750932 0.008256040810657023 222
1739717750961 0.020773103850344313 223
1739717750990 0.0426340942403911 224
1739717751018 0.09332298174297782 225
1739717751048 0.01566131057042271 226
1739717751077 0.04433503539257891 227
1739717751106 0.10737424555654547 228
1739717751134 0.03262133912363787 229
1739717751163 0.0005252655693903486 230
1739717751192 0.037180751175731136 231
1739717751221 0.07688247138657707 232
1739717751250 0.04334338281271946 233
1739717751278 0.008978450369605187 234
1739717751307 0.06673576426325899 235
1739717751337 0.0124364354420803 236
1739717751369 0.10844867644355531 237
1739717751399 0.0492603406892596 238
1739717751431 0.016070510729006345 239
1739717751462 0.04760380857006396 240
1739717751493 0.3376493561936006 241
1739717751522 0.4089709022047439 242
1739717751550 0.1063483373729223 243
1739717751579 0.001815393736195777 244
1739717751608 0.004990002943496285 245
1739717751637 0.11428212501753104 246
1739717751666 0.06982646304960018 247
1739717751695 1.3107009681183529e-06 248
1739717751724 0.21863355238479146 249
1739717751752 0.2610110319542675 250
1739717751781 0.5818158536468478 251
1739717751810 0.032695257379249755 252
1739717751838 0.05832995080857002 253
1739717751866 0.31587974256364926 254
1739717751895 0.050967001536467736 255
1739717751925 0.08471776686770258 256
1739717751956 0.020386902207021322 257
1739717751987 0.008171683618866669 258
1739717752017 0.023743625170155287 259
1739717752045 0.031162476225462296 260
1739717752073 0.019119389744530903 261
1739717752101 0.044621340218129774 262
1739717752128 0.04869196085182038 263
1739717752156 0.5727645727287829 264
1739717752184 0.005131223862989809 265
1739717752213 0.0030911155628704215 266
1739717752244 0.8202549033354245 267
1739717752274 0.13152703065786303 268
1739717752303 0.6588920096512623 269
1739717752332 0.27967005648670357 270
1739717752360 0.04806341898989666 271
1739717752388 0.00735015343244526 272
1739717752416 0.005703173850566175 273
1739717752445 0.5122362046131446 274
1739717752472 0.013344095403512016 275
1739717752500 0.04515230407145556 276
1739717752527 1.6467366613977854 277
1739717752554 0.021173299823352094 278
1739717752581 0.010081789245654064 279
1739717752609 0.006487644405361972 280
1739717752637 0.17442221280356832 281
1739717752664 1.0399341954285541 282
1739717752692 0.02072763154162394 283
1739717752720 0.06647848511003211 284
1739717752747 0.040897743225910645 285
1739717752775 0.25593519629687556 286
1739717752803 0.01584002271197458 287
1739717752830 0.03456966010434187 288
1739717752857 0.5847520986544305 289
1739717752884 0.2684425031663298 290
1739717752911 0.6104673389426355 291
1739717752939 0.3187581936283098 292
1739717752966 0.00014170637971810105 293
1739717752993 0.004272957052975691 294
1739717753021 0.011476481811474992 295
1739717753048 0.009980195683632476 296
1739717753076 0.008855907753570943 297
1739717753103 0.5447318117155211 298
1739717753130 0.0017600163405959931 299
1739717753157 0.06774073767952567 300
1739717753185 0.283323774565091 301
1739717753213 0.04516776057874561 302
1739717753240 0.03740223949304036 303
1739717753268 0.07375598508047297 304
1739717753295 0.06419321081321906 305
1739717753322 0.024762851501725008 306
1739717753350 0.0353240981005436 307
1739717753377 0.08590293199357767 308
1739717753405 0.015511717935636672 309
1739717753432 0.0008290108280451079 310
1739717753459 0.022974374025635604 311
1739717753486 0.41256639846818577 312
1739717753513 0.03143809023809425 313
1739717753541 0.008871005221922926 314
1739717753568 0.10719907718750683 315
1739717753597 0.6716029814303477 316
1739717753627 0.009657888297176263 317
1739717753658 0.06996664772454524 318
1739717753691 0.0009748914079199805 319
1739717753723 0.0003742647628362789 320
1739717753754 0.028724944627178246 321
1739717753785 0.022674198834036305 322
1739717753815 0.293779762899454 323
1739717753843 0.023140768980223755 324
1739717753871 0.017770372589553204 325
1739717753899 0.23284769546161035 326
1739717753928 0.033057072037793275 327
1739717753956 0.35601490561637894 328
1739717753984 0.02197757022760565 329
1739717754012 0.10350341834572184 330
1739717754039 0.028359722367388894 331
1739717754066 0.2709393664948645 332
1739717754093 0.09196816524832477 333
1739717754121 0.1446642754239285 334
1739717754151 0.022798087746802066 335
1739717754182 1.955679065897989e-05 336
1739717754215 1.0255553541218676 337
1739717754248 0.0793070636946943 338
1739717754280 0.010823882958000512 339
1739717754312 0.20160910277972152 340
1739717754343 0.05809539419027833 341
1739717754375 0.5685565752426941 342
1739717754407 0.2812702923254004 343
1739717754438 0.005784442931212521 344
1739717754468 0.3181045177427569 345
1739717754497 0.11645720718429049 346
1739717754525 0.05279977256094613 347
1739717754553 0.11241511950851288 348
1739717754581 0.02791026344451033 349
1739717754609 0.046757170865415594 350
1739717754637 0.6851072083117611 351
1739717754664 0.4109578687115501 352
1739717754692 0.0054237050656486445 353
1739717754720 0.03745421067991703 354
1739717754748 0.14056684351072024 355
1739717754776 0.008847171230055777 356
1739717754804 0.25864720446256306 357
1739717754832 0.012358571898562 358
1739717754859 0.09035248776443028 359
1739717754886 0.31443249337657025 360
1739717754915 0.003994211955056188 361
1739717754944 0.023622328745235587 362
1739717754972 0.6491288906767534 363
1739717755000 0.0007414581296241018 364
1739717755053 0.01636893782291673 365
1739717755087 0.011226410633701715 366
1739717755117 1.0346333613429084 367
1739717755146 0.16903759342117852 368
1739717755174 0.03211478529477389 369
1739717755202 0.01606467976321047 370
1739717755232 0.10968408394800426 371
1739717755262 0.06929586934238896 372
1739717755291 0.020333899941395804 373
1739717755323 0.012231596906548504 374
1739717755355 1.4270556707788025e-05 375
1739717755385 0.041111848372241695 376
1739717755416 0.04844199737725315 377
1739717755445 0.3745005782192447 378
1739717755474 0.1967865827341012 379
1739717755503 0.014425785537073167 380
1739717755532 0.009083581865465885 381
1739717755559 0.006684234323622403 382
1739717755587 0.07092631054104429 383
1739717755615 0.02641804873564062 384
1739717755643 0.031142259590713633 385
1739717755672 0.10954996276302126 386
1739717755700 0.005258495451880339 387
1739717755728 0.16047300103496875 388
1739717755755 0.007332088548706715 389
1739717755784 0.27451442351821276 390
1739717755813 0.16055552649833296 391
1739717755842 0.2731586781230017 392
1739717755872 0.26374524115128495 393
1739717755902 0.0031266240181632775 394
1739717755932 0.08667092452848318 395
1739717755962 0.18243964825764933 396
1739717755991 0.0038245538315832247 397
1739717756020 0.03333010261635505 398
1739717756049 0.02951919347339709 399
1739717756079 0.0706666544412509 400
1739717756108 0.005143895322546828 401
1739717756136 0.5825951554310538 402
1739717756164 0.004065126763565237 403
1739717756192 0.06820935943499222 404
1739717756220 0.17706760964879378 405
1739717756247 0.027362222344310398 406
1739717756274 0.009199537775152485 407
1739717756302 0.025553997426104768 408
1739717756330 0.016955291527015488 409
1739717756358 0.08124337616966147 410
1739717756386 0.18183805364788488 411
1739717756413 0.15309878395720672 412
1739717756442 0.0066229755180921 413
1739717756469 0.0235896430320088 414
1739717756498 0.04160314149334383 415
1739717756529 0.06760161612704736 416
1739717756559 0.002059708443831299 417
1739717756588 0.034342628444006686 418
1739717756618 0.19770229351476679 419
1739717756647 0.00879079945446928 420
1739717756676 0.1216478775516068 421
1739717756707 0.03178111566021774 422
1739717756736 0.04287840476301555 423
1739717756765 0.02000800408130468 424
1739717756794 0.005638654902913979 425
1739717756822 0.0011971378064467328 426
1739717756851 0.013201269200631598 427
1739717756880 0.037193769834697646 428
1739717756908 0.000476332421390967 429
1739717756937 0.02217555914335823 430
1739717756965 0.06406701970343746 431
1739717756992 0.7216559924947068 432
1739717757019 0.008189895301077445 433
1739717757047 0.009939568726061146 434
1739717757075 0.060128891044727066 435
1739717757102 0.11321850784846559 436
1739717757130 0.01908038586179058 437
1739717757158 0.02246035135913089 438
1739717757186 0.06491057900264513 439
1739717757215 0.2859671942046102 440
1739717757243 0.0337286417035456 441
1739717757272 4.5072751511450534e-05 442
1739717757300 0.005375318932780244 443
1739717757329 0.1574289744318904 444
1739717757356 5.284673066655889e-05 445
1739717757384 0.007356743225990752 446
1739717757412 0.05113260506685785 447
1739717757440 0.011449361300348274 448
1739717757468 0.0024775922330982896 449
1739717757495 0.08855607502917714 450
1739717757523 0.02210145852816845 451
1739717757551 0.5581914832145566 452
1739717757578 1.2221945674250216 453
1739717757605 0.2761814654699115 454
1739717757633 0.26993555933882113 455
1739717757660 0.01057472775236774 456
1739717757688 0.2869459470485114 457
1739717757715 0.32382075453832504 458
1739717757743 0.2709552550536459 459
1739717757770 0.0114395531457572 460
1739717757798 0.013205278980516433 461
1739717757825 0.0044924804810696035 462
1739717757853 0.08788998072826154 463
1739717757880 0.2708310100595744 464
1739717757908 0.06522668717708154 465
1739717757935 0.033255632293894784 466
1739717757963 0.046286841184227046 467
1739717757990 0.09613065217533902 468
1739717758017 0.5231175251973117 469
1739717758045 0.08449497649074231 470
1739717758072 0.055546759009764156 471
1739717758100 0.03711632718164996 472
1739717758130 0.016196168325005027 473
1739717758158 0.009602927155119317 474
1739717758188 0.3079983586482658 475
1739717758217 0.13807651690888773 476
1739717758246 0.046732407779705054 477
1739717758275 0.009275754497981762 478
1739717758305 0.017389000364078894 479
1739717758334 0.10502197417596984 480
1739717758362 0.27808174651654116 481
1739717758389 0.011173439016312778 482
1739717758417 0.020471928410873794 483
1739717758445 0.0004239929549183654 484
1739717758476 0.02082757136986558 485
1739717758505 0.017328664238070095 486
1739717758533 0.0004881787273312628 487
1739717758562 0.011018746744336533 488
1739717758591 0.04457511152802662 489
1739717758619 0.0117251365882673 490
1739717758647 0.010728997415570094 491
1739717758675 0.028052434569833935 492
1739717758703 0.08243460055770774 493
1739717758731 0.00013437421045684155 494
1739717758759 0.1620196930412934 495
1739717758787 0.0634663571072371 496
1739717758814 0.008641532220356553 497
1739717758842 0.018930581364195932 498
1739717758870 0.027588843623178406 499
