1739719489794 0.00035731712436679655 0
1739719489819 0.01615570520607638 1
1739719489844 0.16190184555060738 2
1739719489869 0.042335092179780244 3
1739719489894 0.013396294511199199 4
1739719489919 0.025953922643634685 5
1739719489944 0.04821066918252187 6
1739719489969 0.02532725064283371 7
1739719489994 0.4114658068680779 8
1739719490020 4.860116377869592e-06 9
1739719490045 0.022184926494143404 10
1739719490069 0.002135598559832122 11
1739719490094 0.05390670442922409 12
1739719490119 0.020993114757082463 13
1739719490144 0.05248055304658147 14
1739719490169 0.128397318701469 15
1739719490195 0.4815842398112958 16
1739719490220 0.0028044669834764676 17
1739719490245 0.0011719304342436311 18
1739719490270 0.0056085634141129145 19
1739719490296 0.0017844032840960218 20
1739719490321 0.024835327154196632 21
1739719490347 0.019579670373132727 22
1739719490372 0.5963377000042442 23
1739719490397 0.12112369054815225 24
1739719490423 0.16970523116836672 25
1739719490448 0.3008517471738144 26
1739719490473 0.0629695053084512 27
1739719490499 0.40831871223927996 28
1739719490524 0.01617278300744997 29
1739719490549 0.10614142283643499 30
1739719490574 9.837516785925867e-05 31
1739719490600 0.06618098631841142 32
1739719490626 0.2135479273113496 33
1739719490651 0.026803679014869092 34
1739719490676 0.2461114071504218 35
1739719490701 0.0157472702254197 36
1739719490726 0.0123054406058138 37
1739719490753 0.029992412890638268 38
1739719490779 0.9252622885480162 39
1739719490805 0.09105834959672668 40
1739719490831 0.3537009176635615 41
1739719490857 0.42435690279601007 42
1739719490885 0.21392921317735034 43
1739719490912 0.9145515467909305 44
1739719490939 0.00026412707599615204 45
1739719490967 0.17416720922587298 46
1739719490993 0.02493902287058313 47
1739719491020 0.3324006937672977 48
1739719491047 0.02553935526113736 49
1739719491073 0.35663388737362584 50
1739719491099 0.2738723481648551 51
1739719491127 0.8393278221693466 52
1739719491159 0.02866593738914965 53
1739719491195 0.09532146549463982 54
1739719491230 0.015904830942038508 55
1739719491263 0.9054838438557471 56
1739719491294 0.020166284119673177 57
1739719491325 0.02065412454021477 58
1739719491356 0.0028822519725474976 59
1739719491399 0.026532971859173436 60
1739719491426 0.000694392865789547 61
1739719491454 0.013709952046522355 62
1739719491483 0.014140054848047643 63
1739719491510 0.0908898255723053 64
1739719491538 0.02041293341993376 65
1739719491567 0.1895110479459978 66
1739719491595 0.11097989389002047 67
1739719491624 0.018582066575445977 68
1739719491653 0.01232458761880625 69
1739719491682 0.4297062328977604 70
1739719491710 0.48332408865938026 71
1739719491745 0.09858938535340772 72
1739719491777 0.0002793989087247238 73
1739719491807 0.03936031288976958 74
1739719491837 0.008468210131830484 75
1739719491866 0.3591236555225965 76
1739719491894 0.0012346028405650776 77
1739719491921 0.02751702234000727 78
1739719491948 0.03474358116197208 79
1739719491975 0.0917429678940125 80
1739719492002 0.6147041479676592 81
1739719492028 5.6507528523394675e-08 82
1739719492055 0.03762572267084187 83
1739719492080 0.02872461762561552 84
1739719492106 0.3008328217082646 85
1739719492132 0.04042497984068016 86
1739719492158 0.06709780836048462 87
1739719492184 0.4091690862782307 88
1739719492210 0.18465471124566724 89
1739719492235 0.003694769699980451 90
1739719492262 8.210200226283008e-05 91
1739719492288 0.04847700774109869 92
1739719492314 0.0038736111357020996 93
1739719492339 0.714708922550902 94
1739719492365 0.3416895020401486 95
1739719492390 0.010603778981310133 96
1739719492415 0.0058534307437205476 97
1739719492439 0.0452064925602594 98
1739719492464 0.13537964521161408 99
1739719492489 0.16333903391391288 100
1739719492515 0.2500494834092124 101
1739719492540 0.23656540604141113 102
1739719492565 0.2854476468887914 103
1739719492591 0.07470345912550991 104
1739719492617 0.05161666929827447 105
1739719492643 0.04816396822704164 106
1739719492668 0.005600617447440052 107
1739719492693 0.26179498190326395 108
1739719492718 0.18502422035254446 109
1739719492743 0.23593035291259143 110
1739719492769 0.4611552065768358 111
1739719492793 0.023591682537965408 112
1739719492818 0.1921943422035604 113
1739719492844 0.009690438899963566 114
1739719492869 0.27362088491469777 115
1739719492895 0.0020134902438068768 116
1739719492920 0.19514248275000917 117
1739719492945 0.031797912827995684 118
1739719492970 0.17109640994959785 119
1739719492995 0.013949107107868345 120
1739719493020 0.01887736803639803 121
1739719493045 0.09649882470911271 122
1739719493070 0.2611940483326971 123
1739719493095 0.007608316154452901 124
1739719493120 0.004198141096559379 125
1739719493145 0.1287338256996187 126
1739719493170 0.03358756757640609 127
1739719493195 0.3474097940225241 128
1739719493220 0.1755993299971247 129
1739719493245 0.2095313888360469 130
1739719493270 0.12433714899798586 131
1739719493294 0.16872066508273537 132
1739719493319 0.05292867545613494 133
1739719493345 0.2090944299800111 134
1739719493369 0.11848829566647404 135
1739719493395 0.367307667461873 136
1739719493420 0.003381004538011358 137
1739719493444 0.053054262863149966 138
1739719493469 0.05972386813363189 139
1739719493495 0.1481126193651281 140
1739719493520 0.20076579381530363 141
1739719493546 0.0047548352838554155 142
1739719493571 0.2825645281813542 143
1739719493596 1.3946220665876557e-05 144
1739719493622 0.011161127409984834 145
1739719493647 0.07922375563418795 146
1739719493672 0.9090800118663365 147
1739719493697 0.0029200371114533655 148
1739719493723 0.1233362086841143 149
1739719493748 0.1623484281909672 150
1739719493784 0.12515105327800072 151
1739719493810 0.03202291755945724 152
1739719493835 0.34146490035048627 153
1739719493862 0.27573876629708755 154
1739719493890 0.39350532546990025 155
1739719493917 0.5472024803808763 156
1739719493943 0.3218512954026673 157
1739719493969 0.06893413618640258 158
1739719493995 0.6628122928882081 159
1739719494021 0.14133797235779638 160
1739719494046 0.4462747537424882 161
1739719494071 0.010048194542115113 162
1739719494097 0.008531951559320523 163
1739719494123 0.014741511329818541 164
1739719494148 0.022474857700996227 165
1739719494174 0.004782405963077851 166
1739719494199 0.21555424184168384 167
1739719494224 0.053699822519818134 168
1739719494250 0.0019478346063027984 169
1739719494277 0.00682250855198214 170
1739719494303 0.7440204514191258 171
1739719494329 0.4132588909091024 172
1739719494354 0.0011703371543515444 173
1739719494380 0.1288762935036823 174
1739719494405 0.004097741395354481 175
1739719494431 0.4533006392183857 176
1739719494456 0.0012887556613787041 177
1739719494482 0.15058121595100782 178
1739719494508 0.03961226662117271 179
1739719494533 0.0586066264243067 180
1739719494558 0.05136517890810261 181
1739719494584 0.01833847961957428 182
1739719494609 0.07329843591708171 183
1739719494635 0.20550452525884688 184
1739719494660 0.08560942720843032 185
1739719494686 0.8556169917440549 186
1739719494711 0.031053133812806402 187
1739719494737 0.8034347249675619 188
1739719494764 0.023359752265134218 189
1739719494791 0.2345884892258607 190
1739719494819 0.005514658444606274 191
1739719494847 0.003184833532281823 192
1739719494888 0.6454071691956766 193
1739719494916 0.012671586098986264 194
1739719494943 0.09425208917286444 195
1739719494973 0.0922486912410214 196
1739719494999 0.3728112538805476 197
1739719495024 0.012272241002170831 198
1739719495050 0.5845966182142294 199
1739719495075 0.01598768442512163 200
1739719495100 0.0820711389665405 201
1739719495125 0.19441737655619684 202
1739719495150 0.5195743579204471 203
1739719495175 0.6576485686775945 204
1739719495200 0.2473135494046756 205
1739719495225 1.4826023108452127 206
1739719495250 0.00713872716324741 207
1739719495275 0.14138291681820772 208
1739719495300 0.12595736222815987 209
1739719495325 0.002272795785237353 210
1739719495350 0.015053994948196016 211
1739719495375 0.02136428336456594 212
1739719495400 0.05927961311938635 213
1739719495425 0.003175929917060676 214
1739719495451 0.17168474119519145 215
1739719495476 0.11582647820952438 216
1739719495501 0.37175367873451476 217
1739719495526 1.514341115500323 218
1739719495551 0.1207897529191086 219
1739719495576 0.14136886312139282 220
1739719495602 0.0016346671883147653 221
1739719495631 0.0085243251467519 222
1739719495657 0.36500684938677536 223
1739719495684 0.08216494866472726 224
1739719495710 0.01596478550942408 225
1739719495736 1.105537540872399 226
1739719495762 0.45683615339933564 227
1739719495787 0.0104048212338341 228
1739719495812 0.29836694439115724 229
1739719495837 0.2998471475908802 230
1739719495862 0.007047561074102783 231
1739719495887 0.007573134187805397 232
1739719495913 0.004852691895343213 233
1739719495938 0.08003165951565518 234
1739719495963 0.0028069003421654906 235
1739719495988 0.1355635004235123 236
1739719496014 0.41189091062844263 237
1739719496039 0.026922541197589765 238
1739719496064 0.028414089761774723 239
1739719496089 0.20929740946369854 240
1739719496115 0.0148893791005075 241
1739719496141 0.006721883337101406 242
1739719496169 0.04042668494820895 243
1739719496212 0.05405684193358051 244
1739719496242 0.21369131633040794 245
1739719496271 0.026837589670346156 246
1739719496298 1.1013735687678963e-05 247
1739719496325 1.473384367094119e-05 248
1739719496352 0.01627248801771996 249
1739719496376 0.06779315148717799 250
1739719496402 0.2059969268808357 251
1739719496427 1.4498863956013686 252
1739719496453 0.028131547505752606 253
1739719496478 1.1682944759326124 254
1739719496503 0.04866663001300566 255
1739719496528 0.06916128269295167 256
1739719496553 0.7045258983640316 257
1739719496579 0.029288815856271418 258
1739719496606 0.19331639631130013 259
1739719496633 0.006643725923071406 260
1739719496660 0.07962555397645495 261
1739719496687 0.24782070006127652 262
1739719496716 0.5132925278082632 263
1739719496743 0.017665321081444526 264
1739719496771 0.286132045519908 265
1739719496798 0.02670280103122123 266
1739719496826 0.5024870415566772 267
1739719496853 0.03386322216751248 268
1739719496879 0.0025236348760024276 269
1739719496904 0.005235630888058264 270
1739719496930 0.17043703650018127 271
1739719496955 0.09935737954135761 272
1739719496981 0.0025724870265112945 273
1739719497006 0.006981733771613849 274
1739719497032 0.5144082372365486 275
1739719497057 0.07083726253913822 276
1739719497082 1.0455929551720442 277
1739719497108 0.8256144844121006 278
1739719497135 0.33887902270172354 279
1739719497162 0.0004422087568065385 280
1739719497190 0.2995760533517448 281
1739719497217 0.4076817480233137 282
1739719497244 0.11415829699985196 283
1739719497271 0.0006418733896693581 284
1739719497298 0.009255149692120055 285
1739719497324 5.121114751807842e-05 286
1739719497350 0.011248713616301689 287
1739719497375 0.025960322541666303 288
1739719497401 8.433485485425922e-06 289
1739719497426 0.034594354636460635 290
1739719497451 0.13854025555891444 291
1739719497477 0.013928183410611212 292
1739719497502 0.4606753504617797 293
1739719497527 0.02752799673687976 294
1739719497554 0.00982926980040897 295
1739719497581 0.2763045537575466 296
1739719497609 0.050856884045998155 297
1739719497636 0.11867776522648764 298
1739719497664 0.27155350499530845 299
1739719497690 0.005537108361608147 300
1739719497716 0.11940471927537706 301
1739719497742 0.744822407422192 302
1739719497768 0.0654143138293081 303
1739719497795 0.3123940716378918 304
1739719497822 0.23638452309516347 305
1739719497849 0.16508826692756215 306
1739719497879 0.049035151805021264 307
1739719497909 0.09947541323655988 308
1739719497940 0.021522272902789803 309
1739719497969 0.3352056396949308 310
1739719497998 0.11786552142225794 311
1739719498027 0.2365684528550413 312
1739719498056 0.06750884586954546 313
1739719498083 0.06752827674390857 314
1739719498111 0.02566145299998788 315
1739719498139 0.21722099774097567 316
1739719498169 0.06643426870636536 317
1739719498197 0.2021999656594481 318
1739719498225 0.06860356760439783 319
1739719498255 0.005996399130785831 320
1739719498284 0.035542990131971625 321
1739719498312 0.009055098744693452 322
1739719498341 0.015715300787198787 323
1739719498369 0.10352371914539596 324
1739719498397 0.009034153779437896 325
1739719498424 0.010076238361495331 326
1739719498451 8.816539927366775e-05 327
1739719498477 0.05307022854006245 328
1739719498502 0.01480893887584547 329
1739719498527 0.001487879454581886 330
1739719498553 0.3922011529860596 331
1739719498579 0.027557821670856263 332
1739719498604 0.03226903042116695 333
1739719498629 0.023630075615146635 334
1739719498654 0.010937259184397604 335
1739719498679 0.6898466386570143 336
1739719498705 0.04334189526683745 337
1739719498731 0.18580156349689225 338
1739719498756 1.1761370516913416 339
1739719498781 0.002885684222365646 340
1739719498806 0.06236491625965646 341
1739719498831 0.009702215292857138 342
1739719498857 0.0035584301977324402 343
1739719498882 0.3365577067682956 344
1739719498908 0.00017174469742861338 345
1739719498933 0.34632304609702297 346
1739719498959 0.30641265384255384 347
1739719498984 0.002979129734834978 348
1739719499009 0.4311700269513461 349
1739719499034 0.36189089527184143 350
1739719499059 0.41805028920023807 351
1739719499084 0.011452716545621654 352
1739719499110 0.0005168642511561454 353
1739719499136 0.21115069010720466 354
1739719499162 0.01255416245962197 355
1739719499189 0.021181583153198524 356
1739719499215 0.22236567782150637 357
1739719499242 0.17083915330520685 358
1739719499267 0.042932512881516324 359
1739719499294 0.002100595655732918 360
1739719499320 0.09322829475636021 361
1739719499345 0.19759229317587165 362
1739719499370 0.6297705224728525 363
1739719499396 0.0021199053226414583 364
1739719499422 0.42365310160063396 365
1739719499447 0.11433763976504403 366
1739719499472 0.34303231489377284 367
1739719499498 0.03462614934381034 368
1739719499523 0.021344879622553898 369
1739719499548 0.05099375998378007 370
1739719499573 0.10765626449085902 371
1739719499598 0.0015135275256515646 372
1739719499623 0.10301523744595242 373
1739719499648 0.6527926765566002 374
1739719499673 0.046029080269710566 375
1739719499698 0.027449496147102792 376
1739719499723 0.6793463070485785 377
1739719499748 0.13990878496805945 378
1739719499775 0.14789902468987032 379
1739719499801 0.06391092560486472 380
1739719499827 0.3784771520976802 381
1739719499853 0.05265973273890119 382
1739719499878 0.10418032677115108 383
1739719499905 0.12201139448444732 384
1739719499932 0.5491621573269546 385
1739719499960 0.027979600138701863 386
1739719499987 0.11161319315423564 387
1739719500013 0.039614406492138404 388
1739719500039 0.02030908599486744 389
1739719500064 1.3977508677822537 390
1739719500090 0.22316313837248838 391
1739719500115 0.02260622268134437 392
1739719500140 0.12008516840001493 393
1739719500166 0.15996987949800645 394
1739719500191 0.8052301948837949 395
1739719500217 0.03142203613477021 396
1739719500243 0.007061946781171722 397
1739719500268 1.665625359388345 398
1739719500293 0.4818685822295117 399
1739719500318 0.2103876385083037 400
1739719500343 0.22679476595121012 401
1739719500368 0.00979559653363818 402
1739719500392 0.1098070647953361 403
1739719500417 0.010199878941818862 404
1739719500442 0.04736465917411527 405
1739719500467 0.006123907573345695 406
1739719500493 0.07287400225050093 407
1739719500518 0.6224535249443295 408
1739719500543 0.6968897356392852 409
1739719500568 0.0005334517683219169 410
1739719500594 1.011296705043079 411
1739719500618 0.02186610453762063 412
1739719500644 0.0009081258547189981 413
1739719500668 0.0028524526226992365 414
1739719500693 0.7618927914158966 415
1739719500718 0.0715253887773198 416
1739719500746 1.1598763651430202 417
1739719500772 0.31094122704142474 418
1739719500797 0.042172353434190915 419
1739719500822 0.20427773035148167 420
1739719500847 0.031555554211250454 421
1739719500872 0.08223257181122469 422
1739719500897 0.7291474666453309 423
1739719500922 0.007147018107898063 424
1739719500948 0.000445840751753221 425
1739719500972 0.006614299802680186 426
1739719500998 1.2756392498229923 427
1739719501022 0.2835087577968235 428
1739719501048 0.06528455483922063 429
1739719501073 0.14022420320618556 430
1739719501098 0.022997292864348703 431
1739719501123 0.06942692791353088 432
1739719501148 0.002661129256595457 433
1739719501173 0.0020993355014839606 434
1739719501198 0.022718413930001517 435
1739719501223 0.8992465468218694 436
1739719501249 0.01129535865787009 437
1739719501274 0.32479937880468956 438
1739719501299 0.07675319600268826 439
1739719501325 0.028433857183991284 440
1739719501350 0.01590735803558738 441
1739719501374 0.02104345626319498 442
1739719501399 0.7009172550750251 443
1739719501424 0.021315185158951453 444
1739719501448 0.45095537593124807 445
1739719501473 0.005907563272167912 446
1739719501498 0.28221373688802764 447
1739719501523 0.003555445030387046 448
1739719501547 0.12864437485723004 449
1739719501572 1.013872564998318 450
1739719501596 0.2233233116889261 451
1739719501621 0.18430091421072853 452
1739719501645 0.10393327128991707 453
1739719501670 1.16823079027647 454
1739719501694 0.006872875650597875 455
1739719501719 0.16754334405003962 456
1739719501743 0.08289262474858519 457
1739719501768 0.10009602613905948 458
1739719501793 0.4429941910304122 459
1739719501818 0.0002421964224326871 460
1739719501843 0.016281380528141997 461
1739719501868 1.117085221182628 462
1739719501909 0.08607823136581641 463
1739719501936 1.4798142650430663 464
1739719501961 0.14323177010642044 465
1739719501987 0.7444662727358683 466
1739719502013 0.38441784130757706 467
1739719502037 0.033312257724157884 468
1739719502063 0.0276303318706826 469
1739719502088 0.1352165891339203 470
1739719502113 0.0353684808256632 471
1739719502139 0.7753206858932021 472
1739719502164 0.0036135916707695677 473
1739719502189 0.013720348583420713 474
1739719502214 0.022286141164280997 475
1739719502239 0.12710567489575336 476
1739719502265 0.16830597385860196 477
1739719502290 0.008758838172958871 478
1739719502315 0.05419930070765896 479
1739719502340 0.0101925012374941 480
1739719502366 0.02541471261396611 481
1739719502391 0.2547192605319441 482
1739719502416 0.0706658736591287 483
1739719502441 0.1856424025624316 484
1739719502467 0.19658770557593488 485
1739719502492 0.06960904204557423 486
1739719502517 0.433031207356542 487
1739719502542 0.0009732213987250708 488
1739719502567 0.7520228860791884 489
1739719502592 0.043631120470286985 490
1739719502617 0.01946686683037601 491
1739719502642 0.15226733136275047 492
1739719502667 0.3477663221643824 493
1739719502693 0.0034523098419283796 494
1739719502718 0.04035009140681421 495
1739719502743 0.05398587768556954 496
1739719502769 0.6562821279677528 497
1739719502794 0.11460311230772659 498
1739719502819 0.04268808855301766 499
