1739716168354 39.014877143669466 0
1739716168360 9.156140806940607 1
1739716168367 2.376076829950482 2
1739716168377 0.9275905013388074 3
1739716168383 0.4615097834547751 4
1739716168388 0.21306947194382642 5
1739716168394 0.16948275444501823 6
1739716168399 0.28573670330096 7
1739716168404 0.20581423337687807 8
1739716168409 0.16038776298602322 9
1739716168414 0.2532496778909822 10
1739716168418 0.22319758299314096 11
1739716168424 0.3259250428767871 12
1739716168429 0.16901625607489404 13
1739716168434 0.19496700933764669 14
1739716168439 0.20844016480467092 15
1739716168444 0.21284429271211833 16
1739716168449 0.1462404291286625 17
1739716168453 0.13158386606320402 18
1739716168458 0.16565854839168648 19
1739716168462 0.18389642169408424 20
1739716168467 0.18919290044361117 21
1739716168472 0.1986639482191967 22
1739716168476 0.1900539136663646 23
1739716168481 0.24166937921561282 24
1739716168487 0.1391825398757311 25
1739716168491 0.2293464356890862 26
1739716168496 0.2054197512131112 27
1739716168501 0.20971037658254818 28
1739716168505 0.2318844881072203 29
1739716168510 0.23134789403547804 30
1739716168515 0.3020147086839927 31
1739716168520 0.22617702589084288 32
1739716168525 0.1148725908712226 33
1739716168529 0.18932284476390923 34
1739716168534 0.2751827639072965 35
1739716168539 0.16227738350276238 36
1739716168543 0.23762436267869505 37
1739716168548 0.14186398090487962 38
1739716168554 0.19451932993028187 39
1739716168560 0.22216943285331495 40
1739716168566 0.19534659970624782 41
1739716168571 0.17513433042857626 42
1739716168576 0.18784065286432988 43
1739716168581 0.2563993640242721 44
1739716168586 0.22586405359325679 45
1739716168590 0.1999348825830223 46
1739716168595 0.20005131513124583 47
1739716168600 0.20095255358536207 48
1739716168604 0.1813653714697159 49
1739716168609 0.20643456224888326 50
1739716168614 0.226307873039875 51
1739716168619 0.14453138805294563 52
1739716168624 0.14454659177807389 53
1739716168629 0.1528560486168922 54
1739716168634 0.20856065658533024 55
1739716168639 0.2615455457631256 56
1739716168644 0.24545971454627805 57
1739716168649 0.24610564271023658 58
1739716168653 0.23515204558542505 59
1739716168658 0.15987591793674819 60
1739716168663 0.21154428849578388 61
1739716168667 0.22692617110386265 62
1739716168672 0.2334284018157995 63
1739716168677 0.1407641510281898 64
1739716168687 0.2239440757951286 65
1739716168709 0.2941884606264059 66
1739716168720 0.18717911387974376 67
1739716168726 0.2051655970087744 68
1739716168732 0.18869307370556576 69
1739716168737 0.1851890856077661 70
1739716168742 0.20236209640703043 71
1739716168746 0.31099819393811445 72
1739716168751 0.17018965837090033 73
1739716168756 0.29158301827612937 74
1739716168761 0.12046803737422755 75
1739716168766 0.2522231282376991 76
1739716168771 0.20601531870347103 77
1739716168775 0.2072482501341062 78
1739716168782 0.1327315747058652 79
1739716168788 0.21091235941387232 80
1739716168793 0.25517366436053995 81
1739716168798 0.2057135455604703 82
1739716168803 0.22323880474140195 83
1739716168808 0.20541310093636206 84
1739716168812 0.23690273000742684 85
1739716168817 0.16355429429441004 86
1739716168822 0.1721237805453592 87
1739716168827 0.2441534216774508 88
1739716168831 0.1869778917112488 89
1739716168836 0.17508137630665563 90
1739716168841 0.24226389842406476 91
1739716168845 0.3190598850611912 92
1739716168850 0.1726218634558368 93
1739716168855 0.2527412967426553 94
1739716168859 0.33813398175209297 95
1739716168864 0.21014972948718355 96
1739716168868 0.2190753192274381 97
1739716168873 0.22752206418746104 98
1739716168878 0.15832353347815956 99
1739716168882 0.23364583284018745 100
1739716168887 0.17039687742205245 101
1739716168892 0.18187217430289543 102
1739716168896 0.2190410382057362 103
1739716168901 0.27755304197056235 104
1739716168906 0.22841586269839081 105
1739716168910 0.1691638590052802 106
1739716168915 0.24440328805592496 107
1739716168919 0.20557351250380723 108
1739716168924 0.19520815726783286 109
1739716168928 0.1733906143242298 110
1739716168933 0.19678067333576257 111
1739716168938 0.22626692711523846 112
1739716168943 0.18093073879555507 113
1739716168948 0.17794387040340284 114
1739716168952 0.23083127300230397 115
1739716168957 0.18128915455517267 116
1739716168961 0.24317501286009344 117
1739716168966 0.13969887920554905 118
1739716168970 0.3055191382980276 119
1739716168975 0.1727737104439079 120
1739716168979 0.16081463633277732 121
1739716168984 0.22524316161167904 122
1739716168989 0.23431772618522032 123
1739716168993 0.21606319163680549 124
1739716168998 0.1718015335648472 125
1739716169003 0.2062771333752626 126
1739716169007 0.1573165800343797 127
1739716169012 0.25788075962775336 128
1739716169017 0.1573231345756928 129
1739716169021 0.21380238284735004 130
1739716169026 0.19592158266735457 131
1739716169031 0.19687258168248253 132
1739716169036 0.2136412658706368 133
1739716169040 0.17119100631150683 134
1739716169045 0.10795255566163457 135
1739716169049 0.20933665599952822 136
1739716169054 0.19567328099660464 137
1739716169058 0.27389981896857296 138
1739716169063 0.21694661304771184 139
1739716169067 0.17255153873324708 140
1739716169072 0.26342076864812225 141
1739716169077 0.18827785811998438 142
1739716169082 0.16790977269708193 143
1739716169087 0.21296338960706584 144
1739716169092 0.1449622356789013 145
1739716169097 0.23786414850534743 146
1739716169102 0.21670795343139398 147
1739716169106 0.14594855909209742 148
1739716169111 0.2575482887512804 149
1739716169115 0.1579230398290237 150
1739716169120 0.18510880908195376 151
1739716169124 0.24877056555770127 152
1739716169129 0.2711859483402157 153
1739716169134 0.25887964709390976 154
1739716169138 0.288428944944183 155
1739716169143 0.2258881214884234 156
1739716169147 0.25081505687545985 157
1739716169152 0.2519093605489196 158
1739716169156 0.19525277745616296 159
1739716169161 0.152752918563846 160
1739716169166 0.24040874603386148 161
1739716169170 0.2193729140035469 162
1739716169175 0.19831875157247558 163
1739716169180 0.1855173487873916 164
1739716169185 0.24615729297844582 165
1739716169189 0.1983681058665536 166
1739716169195 0.18939887257545376 167
1739716169200 0.18906674069445728 168
1739716169205 0.15724823703308247 169
1739716169210 0.14729843230397813 170
1739716169215 0.18375358833074654 171
1739716169219 0.17458879594836474 172
1739716169224 0.18271019942888905 173
1739716169229 0.13148231604236657 174
1739716169233 0.17052696381140622 175
1739716169238 0.19713099172105106 176
1739716169242 0.20082685113129947 177
1739716169247 0.17769292227432337 178
1739716169252 0.26663699559168824 179
1739716169256 0.24185989834061197 180
1739716169260 0.1744841700266414 181
1739716169265 0.15474453587003453 182
1739716169269 0.16957539166369084 183
1739716169277 0.22425101018512636 184
1739716169283 0.13849853001168835 185
1739716169288 0.16007571549053534 186
1739716169293 0.1731655330618228 187
1739716169299 0.3153628767884804 188
1739716169304 0.24921033978005952 189
1739716169310 0.19705741652840972 190
1739716169315 0.18300958560399305 191
1739716169320 0.23527348282105157 192
1739716169325 0.36467907784112435 193
1739716169330 0.2301705540115733 194
1739716169335 0.11574873128512334 195
1739716169340 0.2699596535069193 196
1739716169345 0.19528738994267733 197
1739716169350 0.14038798377165138 198
1739716169355 0.24442753923014351 199
1739716169359 0.22384116345225755 200
1739716169364 0.2082733117276625 201
1739716169369 0.17415381777772282 202
1739716169374 0.1621848424943817 203
1739716169378 0.1561578246778868 204
1739716169383 0.2839127484312506 205
1739716169388 0.33779424485436055 206
1739716169394 0.20491107792002614 207
1739716169399 0.1492208455698644 208
1739716169404 0.21379939741733398 209
1739716169409 0.2039063176915314 210
1739716169413 0.25440094399502144 211
1739716169418 0.2317920322726886 212
1739716169423 0.22032391662056358 213
1739716169428 0.22678422503607673 214
1739716169433 0.2607854150621523 215
1739716169438 0.1939488603985664 216
1739716169443 0.1648669703563225 217
1739716169448 0.2160990359579163 218
1739716169453 0.21139187460692435 219
1739716169457 0.2540725603264963 220
1739716169462 0.16486063634625903 221
1739716169467 0.1559339142111955 222
1739716169472 0.1460073582348369 223
1739716169478 0.15899041316184706 224
1739716169484 0.21161248129706323 225
1739716169491 0.13640973787580418 226
1739716169497 0.15922233851487555 227
1739716169503 0.10424827578806599 228
1739716169508 0.2775188872316253 229
1739716169513 0.1948819889391567 230
1739716169519 0.19738424112641853 231
1739716169523 0.20397670400486637 232
1739716169528 0.1571647024643245 233
1739716169533 0.19758922767398665 234
1739716169538 0.22641236795181474 235
1739716169544 0.24062337825748434 236
1739716169548 0.09112871984842155 237
1739716169555 0.1415248792952492 238
1739716169561 0.17173521365080108 239
1739716169566 0.24105164081427877 240
1739716169571 0.16642693578661372 241
1739716169576 0.16486471625395055 242
1739716169581 0.19483234313765035 243
1739716169586 0.27807523355785174 244
1739716169591 0.1806762212366475 245
1739716169596 0.204591477239899 246
1739716169601 0.14679460059055033 247
1739716169606 0.12897364268231254 248
1739716169610 0.23616989400023866 249
1739716169616 0.16176347115169265 250
1739716169620 0.2782091673376447 251
1739716169625 0.14409311036989872 252
1739716169630 0.27812993289846677 253
1739716169635 0.21533925060126693 254
1739716169640 0.18150218657755648 255
1739716169645 0.23693735468425736 256
1739716169650 0.23705860753845392 257
1739716169655 0.1728533771038211 258
1739716169659 0.2649332474493753 259
1739716169664 0.17635899628667565 260
1739716169668 0.14811696540867814 261
1739716169673 0.24095522853683546 262
1739716169677 0.17712400950794696 263
1739716169682 0.16553477644420586 264
1739716169686 0.15179818147609397 265
1739716169691 0.23197882294003758 266
1739716169696 0.15917131899630266 267
1739716169700 0.17917979158085817 268
1739716169705 0.18503241250023844 269
1739716169710 0.20877524486945742 270
1739716169715 0.19540249569134707 271
1739716169719 0.16077537500792075 272
