1739719412865 5.956064115302216 0
1739719412891 3.1546618676264324 1
1739719412916 4.600085419047284 2
1739719412942 1.596031685240965 3
1739719412968 6.505022631804708 4
1739719412994 4.367514984460326 5
1739719413020 4.875241190859696 6
1739719413046 6.080586599280512 7
1739719413074 2.949981611072479 8
1739719413100 9.784355946025721 9
1739719413126 4.451605360651399 10
1739719413151 5.664295795500798 11
1739719413177 3.8357486577051745 12
1739719413202 2.3180042792121185 13
1739719413228 3.6345266687252873 14
1739719413254 5.091542444381278 15
1739719413280 4.641944070520473 16
1739719413306 7.549931458311101 17
1739719413333 3.4779601339270165 18
1739719413359 4.845165301783389 19
1739719413385 4.338740375572098 20
1739719413411 8.967644987341444 21
1739719413437 1.4050899082559485 22
1739719413463 8.05118752531505 23
1739719413489 6.1586500956812635 24
1739719413515 3.74934082785096 25
1739719413541 4.741779995868181 26
1739719413567 4.849563167684149 27
1739719413593 8.074337897734127 28
1739719413619 3.9622520213537356 29
1739719413645 3.570157754317575 30
1739719413670 5.886136567484925 31
1739719413697 6.159762987246907 32
1739719413723 6.392316075109715 33
1739719413749 5.2356434658937205 34
1739719413775 2.1271696599108023 35
1739719413801 2.9890544268016326 36
1739719413827 5.8255020371239326 37
1739719413853 3.010803819548727 38
1739719413879 5.673011154294488 39
1739719413905 5.561896445016169 40
1739719413931 6.145079864494855 41
1739719413958 5.337251738597467 42
1739719413985 4.68381283926381 43
1739719414011 5.490879471459173 44
1739719414038 1.4422307063956283 45
1739719414069 4.524147739379411 46
1739719414095 3.8800467164971457 47
1739719414122 7.396048015778786 48
1739719414149 1.9902883885174056 49
1739719414174 5.245688833329848 50
1739719414200 12.205875438869226 51
1739719414226 7.243434538789892 52
1739719414252 1.6473996972914806 53
1739719414278 7.211064702600813 54
1739719414303 3.2233398498152965 55
1739719414329 2.706607220599665 56
1739719414355 5.477618935206378 57
1739719414381 3.0732356961018703 58
1739719414406 5.663573605918535 59
1739719414432 3.0290860148547702 60
1739719414458 3.6112934532288437 61
1739719414483 6.989704645743325 62
1739719414510 6.391333644743788 63
1739719414541 6.208099910884677 64
1739719414567 8.388651510889183 65
1739719414594 6.297913365530501 66
1739719414620 1.7890765176846564 67
1739719414646 4.612205711909923 68
1739719414671 6.607213764345303 69
1739719414696 2.3418178543806087 70
1739719414722 4.532545979924138 71
1739719414749 3.7026121369928475 72
1739719414774 6.4465642264230745 73
1739719414800 5.308911768385367 74
1739719414826 5.940576016349142 75
1739719414852 4.462560601539736 76
1739719414877 7.298520270921024 77
1739719414903 5.965638481990613 78
1739719414929 3.797069565423822 79
1739719414955 17.266040498043232 80
1739719414981 3.5925820199389453 81
1739719415006 3.903945273525653 82
1739719415033 2.4068927682118995 83
1739719415059 5.582747523913728 84
1739719415085 2.6654935112558644 85
1739719415110 5.009375879150274 86
1739719415137 6.157214366827494 87
1739719415162 4.383127054902954 88
1739719415188 4.904071292173361 89
1739719415213 3.4028785200956424 90
1739719415239 4.643534081060519 91
1739719415265 5.315455667354947 92
1739719415291 4.399253536796326 93
1739719415316 7.39872280590239 94
1739719415342 7.404921918539181 95
1739719415368 7.796126892563278 96
1739719415394 2.3623187066904308 97
1739719415419 3.5202516360813414 98
1739719415446 8.237741287489433 99
1739719415473 6.354738216233307 100
1739719415498 3.369060712364215 101
1739719415524 4.232911394014895 102
1739719415550 5.570280116564898 103
1739719415576 4.50884522756522 104
1739719415601 4.232116175628371 105
1739719415627 6.673259932441779 106
1739719415654 3.7985594878425695 107
1739719415680 3.027393415723946 108
1739719415706 7.2961414020969 109
1739719415731 2.550591488822786 110
1739719415757 6.461628930434671 111
1739719415783 3.8512106937999255 112
1739719415809 3.106910543860121 113
1739719415835 8.301093578854628 114
1739719415860 3.1814516806473168 115
1739719415886 4.977802268762772 116
1739719415912 5.497207220945067 117
1739719415938 5.349767731719331 118
1739719415964 5.944273285288443 119
1739719415990 8.290820491855927 120
1739719416016 5.189314298452292 121
1739719416042 3.3385614622941526 122
1739719416068 5.178889215042898 123
1739719416094 2.6080637141622005 124
1739719416120 3.565300019424895 125
1739719416146 2.6946242671746226 126
1739719416173 6.881443343507732 127
1739719416198 5.705084197997124 128
1739719416224 2.96714633617469 129
1739719416250 5.768248926630577 130
1739719416276 3.8009197932107 131
1739719416302 5.839008407712497 132
1739719416328 7.250814627581874 133
1739719416355 1.9210449220264925 134
1739719416381 2.845101550027149 135
1739719416407 6.464251969146193 136
1739719416433 4.120147575454281 137
1739719416459 7.66766024572538 138
1739719416485 5.485291014519659 139
1739719416511 6.985389619832639 140
1739719416537 8.013063626417908 141
1739719416563 2.34239882277136 142
1739719416588 6.4072423541769 143
1739719416615 8.746128601596277 144
1739719416641 2.130037702808029 145
1739719416667 6.2203960195664685 146
1739719416693 2.7763683928150655 147
1739719416719 8.31187190282869 148
1739719416745 0.017379714984992703 149
1739719416770 1.8230993124455084 150
1739719416796 0.16475416625676606 151
1739719416822 6.2538333183607 152
1739719416848 4.912772914858964 153
1739719416874 6.167532682058367 154
1739719416900 5.617319339505364 155
1739719416926 3.983975364376389 156
1739719416952 1.988876510247401 157
1739719416978 6.1690249539365665 158
1739719417004 1.7561451763869087 159
1739719417030 10.531574481817094 160
1739719417055 1.490691550839085 161
1739719417082 5.758589854540201 162
1739719417107 5.7172616772217575 163
1739719417133 6.635657947315123 164
1739719417159 3.9493479668643467 165
1739719417185 5.105795896497761 166
1739719417211 6.580361300353241 167
1739719417237 7.2332907304251295 168
1739719417262 2.0325601651426113 169
1739719417288 7.553460710832846 170
1739719417314 12.069669977575206 171
1739719417340 4.5394253127999535 172
1739719417366 6.139259405917004 173
1739719417392 7.724678465040757 174
1739719417418 2.021456634317234 175
1739719417443 4.039177514555364 176
1739719417469 6.596916333857733 177
1739719417496 3.7956253279308725 178
1739719417522 3.6348519377495383 179
1739719417547 3.339299178339317 180
1739719417574 10.818273376944575 181
1739719417601 7.15662337191028 182
1739719417626 3.133568054445488 183
1739719417652 3.6241673613437717 184
1739719417678 2.967235896571248 185
1739719417704 6.137701345540297 186
1739719417730 1.2660555653602548 187
1739719417755 2.884676108758291 188
1739719417781 7.2093163063882395 189
1739719417806 4.453303658380212 190
1739719417832 4.928488019698998 191
1739719417858 3.4159327424198542 192
1739719417884 5.462057816625483 193
1739719417909 6.725367077933491 194
1739719417934 5.115535341008763 195
1739719417960 3.684763204394694 196
1739719417986 8.409659883856724 197
1739719418012 2.6717020844768333 198
1739719418038 4.751159044524677 199
1739719418063 4.923138843949002 200
1739719418089 3.2542139808849386 201
1739719418115 4.552268185683377 202
1739719418141 4.745003887119793 203
1739719418167 8.763157835215258 204
1739719418193 8.313328608597747 205
1739719418219 7.331779641349617 206
1739719418244 10.258376492148757 207
1739719418270 6.040120889272826 208
1739719418296 4.364485291311401 209
1739719418322 4.947251851143678 210
1739719418348 5.6942297266215816 211
1739719418374 5.14476314128412 212
1739719418399 7.987049473325146 213
1739719418425 1.884705883818993 214
1739719418451 6.256828634524815 215
1739719418477 5.734456285053478 216
1739719418503 5.708681393940839 217
1739719418529 4.435408047107675 218
1739719418554 3.321401620993328 219
1739719418581 5.760146235878064 220
1739719418607 5.978355564355565 221
1739719418633 5.635846646896156 222
1739719418658 6.935326918437715 223
1739719418684 7.156372607101954 224
1739719418710 7.140494094125835 225
1739719418735 7.493255355252088 226
1739719418761 10.58232382061717 227
1739719418787 4.396619613306505 228
1739719418813 4.84353591381935 229
1739719418839 4.896389561549424 230
1739719418865 3.4815273387777976 231
1739719418891 1.6037664124735396 232
1739719418917 6.596711947350248 233
1739719418943 4.367589433957501 234
1739719418968 2.5143630197340703 235
1739719418994 9.01906180088168 236
1739719419020 3.4590631173781037 237
1739719419046 5.719107342319815 238
1739719419072 4.918988323199529 239
1739719419098 6.899319798298952 240
1739719419124 5.452333369325069 241
1739719419150 2.1725546943776237 242
1739719419175 5.0963755940322955 243
1739719419202 2.4151199628407425 244
1739719419227 2.3802062117476845 245
1739719419253 4.900858876327596 246
1739719419279 5.866630054285689 247
1739719419305 4.462469840079886 248
1739719419331 5.658033080973917 249
1739719419356 5.16449763957022 250
1739719419382 7.344798761015399 251
1739719419408 4.0915914042257 252
1739719419434 5.84062999671641 253
1739719419460 7.796092938307922 254
1739719419487 4.166204715151003 255
1739719419512 6.337502113025204 256
1739719419538 3.1610204891088354 257
1739719419564 5.955648922710653 258
1739719419590 4.444092960167069 259
1739719419616 3.3084537434441255 260
1739719419642 5.846754264290356 261
1739719419668 4.149212320060547 262
1739719419696 1.4422309216228122 263
1739719419722 2.7881245086708812 264
1739719419748 15.80466042793283 265
1739719419774 8.533740455951984 266
1739719419800 11.22062671123834 267
1739719419826 10.841599772389968 268
1739719419852 4.127181117585775 269
1739719419878 4.540623802836407 270
1739719419904 4.979092636910002 271
1739719419930 2.90022490749639 272
1739719419955 4.106915469908086 273
1739719419981 6.266985351279136 274
1739719420007 2.8253155124724874 275
1739719420033 4.054139775698349 276
1739719420059 5.698732448401925 277
1739719420085 5.883323454201003 278
1739719420110 3.901833865589327 279
1739719420136 3.80088974950064 280
1739719420162 10.997890631426857 281
1739719420188 4.236766710662746 282
1739719420215 3.2060931924246354 283
1739719420240 5.145173765392827 284
1739719420266 4.488123512929719 285
1739719420292 3.2838147572750542 286
1739719420319 7.810532776052257 287
1739719420344 4.911837707386077 288
1739719420370 6.346816602928791 289
1739719420396 7.002151920984361 290
1739719420421 5.6974131626209825 291
1739719420447 6.29608292275921 292
1739719420472 7.421003364336831 293
1739719420498 4.396742812360723 294
1739719420524 3.7927065306984193 295
1739719420550 4.7878110875363635 296
1739719420576 1.8839600328898196 297
1739719420602 6.616312389716877 298
1739719420628 6.894709295511748 299
1739719420654 9.713195696569507 300
1739719420679 5.380273587617433 301
1739719420706 7.481877290316031 302
1739719420731 4.038762757612725 303
1739719420757 2.583903584793892 304
1739719420783 6.1110940735285135 305
1739719420809 4.267155820640555 306
1739719420834 2.878490179569524 307
1739719420860 3.6163373452597614 308
1739719420886 4.233845177579097 309
1739719420914 3.6008068536770583 310
1739719420939 3.1750461926948783 311
1739719420965 0.862834970550829 312
1739719420991 5.474062887787106 313
1739719421017 7.227760728834899 314
1739719421042 7.350238276120697 315
1739719421068 4.091036811829714 316
1739719421094 3.3883635054539147 317
1739719421120 2.5848729581537975 318
1739719421146 7.138654347757971 319
1739719421171 3.796405628762773 320
1739719421198 5.082673179387845 321
1739719421224 4.512952354437115 322
1739719421249 11.074319494112217 323
1739719421275 1.7997763127046627 324
1739719421301 6.827314624203091 325
1739719421327 5.901839289884797 326
1739719421353 6.914454493904037 327
1739719421379 5.571500908995186 328
1739719421405 6.138925072343478 329
1739719421430 4.156038785289462 330
1739719421456 8.272978220836944 331
1739719421482 2.0446083077850576 332
1739719421508 3.8116000590551145 333
1739719421533 1.7775515352986822 334
1739719421559 4.84605990475606 335
1739719421585 6.302298665171353 336
1739719421611 2.5581596571027716 337
1739719421637 4.618693152754913 338
1739719421663 6.503287780531884 339
1739719421689 2.3742822531629013 340
1739719421715 4.766397354119438 341
1739719421741 5.466714829136994 342
1739719421767 2.9177969496464202 343
1739719421793 1.6680457036571805 344
1739719421819 3.909955813802012 345
1739719421845 5.445394438592654 346
1739719421871 2.9178531605084173 347
1739719421897 5.492575313474324 348
1739719421923 3.88254604366747 349
1739719421948 5.683807867152118 350
1739719421973 6.2288858967320575 351
1739719421999 1.3250305576270325 352
1739719422025 5.483806841601063 353
1739719422051 5.9886005656842345 354
1739719422076 2.068221667497479 355
1739719422102 5.61159399347075 356
1739719422128 2.2731264858378584 357
1739719422153 4.150370921645359 358
1739719422178 4.485176016979908 359
1739719422204 0.743916331444181 360
1739719422230 5.325524783714539 361
1739719422255 2.998245571021353 362
1739719422281 1.968374368673989 363
1739719422306 4.611845170757004 364
1739719422332 3.092022865828232 365
1739719422358 3.6826163511084182 366
1739719422384 6.630585665235944 367
1739719422410 3.5277114572002635 368
1739719422435 6.8993523867911755 369
1739719422461 7.182981715378876 370
1739719422487 6.0138897120883055 371
1739719422513 7.268510526001091 372
1739719422539 6.2117909200516275 373
1739719422565 6.709221777221643 374
1739719422590 4.6416394792623885 375
1739719422616 4.108272647651655 376
1739719422642 4.5673072355778706 377
1739719422668 2.429137804598354 378
1739719422693 6.010972630709856 379
1739719422720 1.890345222362774 380
1739719422746 6.618687147608921 381
1739719422773 6.419078941706164 382
1739719422800 7.286813929552316 383
1739719422826 4.5503362458356245 384
1739719422853 3.840733878962993 385
1739719422880 4.603996754544233 386
1739719422907 2.972962263142771 387
1739719422934 1.872945296075362 388
1739719422961 3.349125289267307 389
1739719422987 4.338679945531203 390
1739719423014 1.3062882456534022 391
1739719423041 2.392203620010965 392
1739719423069 7.9839877074652925 393
1739719423095 4.105549854732504 394
1739719423123 3.809645078013324 395
1739719423151 3.305172237318856 396
1739719423178 8.794940463856959 397
1739719423206 1.146293803370881 398
1739719423233 6.894375018605124 399
1739719423260 6.105127709679991 400
1739719423287 4.227347339513878 401
1739719423313 2.413330954781637 402
1739719423341 5.749302172300918 403
1739719423368 6.6412051089558215 404
1739719423394 4.564498555917317 405
1739719423421 7.981048074984895 406
1739719423448 6.289041610985556 407
1739719423475 7.450617848708459 408
1739719423502 3.684254350631796 409
1739719423529 3.3153271416694494 410
1739719423556 6.979195593215354 411
1739719423583 4.393164166117573 412
1739719423610 4.5456824825619515 413
1739719423637 3.8131231888385413 414
1739719423664 3.6959537913177063 415
1739719423692 4.522844276349267 416
1739719423719 4.4865818303721 417
1739719423746 5.136930254792085 418
1739719423773 6.990903697345748 419
1739719423800 5.016758350398777 420
1739719423827 1.3184111526032836 421
1739719423855 2.7295856886256127 422
1739719423882 6.45324476969869 423
1739719423910 8.494209276534145 424
1739719423938 6.636816410785786 425
1739719423966 5.519003587045855 426
1739719423994 5.550711663973234 427
1739719424020 3.5826209664811755 428
1739719424047 4.457293095340893 429
1739719424074 5.52844092676399 430
1739719424101 7.230220009454389 431
1739719424127 5.61813118923654 432
1739719424156 3.0794158640643423 433
1739719424182 3.1899763644399655 434
1739719424207 2.1276217038070797 435
1739719424234 5.0507895698688685 436
1739719424259 3.817709366571867 437
1739719424285 5.293178863643351 438
1739719424312 3.997383160068526 439
1739719424338 4.851271148981024 440
1739719424364 5.668438350230642 441
1739719424390 2.328231592679748 442
1739719424416 1.4074293663964557 443
1739719424441 2.9773940967394927 444
1739719424466 6.615531651389471 445
1739719424492 6.131132630085118 446
1739719424518 10.406023280912931 447
1739719424544 5.5437501828631 448
1739719424569 0.03298853940325259 449
1739719424595 17.50010874691671 450
1739719424621 7.3383024641787244 451
1739719424647 8.306672091235935 452
1739719424673 1.798739532100707 453
1739719424699 3.123173627300022 454
1739719424725 7.010254803085869 455
1739719424751 3.0650914032409853 456
1739719424777 8.933067346456495 457
1739719424803 4.502928264757021 458
1739719424829 4.793380408347775 459
1739719424855 5.3474824835594745 460
1739719424881 6.67418037309626 461
1739719424906 3.9636261911841593 462
1739719424932 5.5503689815502195 463
1739719424958 7.043529675618081 464
1739719424983 5.726718795172862 465
1739719425009 4.0310530264634545 466
1739719425036 4.316936471547101 467
1739719425062 2.2725100477383497 468
1739719425087 6.092512152699577 469
1739719425113 3.7789488443606674 470
1739719425139 5.125083418103742 471
1739719425164 2.6558093221974124 472
1739719425191 4.795992796307189 473
1739719425217 4.191232087567315 474
1739719425242 4.28025675157442 475
1739719425268 5.060929438825424 476
1739719425294 3.905691019918576 477
1739719425319 1.598434842866928 478
1739719425345 3.81224026148338 479
1739719425371 6.418605573747573 480
1739719425397 5.561371780822669 481
1739719425422 5.956224698581327 482
1739719425448 3.8283232428836826 483
1739719425473 7.765107960909211 484
1739719425499 5.08778644215627 485
1739719425525 7.370770798418406 486
1739719425551 6.741567518699934 487
1739719425576 3.737437250091019 488
1739719425602 3.050644142773655 489
1739719425628 6.064527488603923 490
1739719425654 5.652154979535676 491
1739719425679 4.226907551364577 492
1739719425705 5.146459110000508 493
1739719425731 6.473803710645342 494
1739719425757 3.6277674311744565 495
1739719425782 3.334216670991698 496
1739719425808 3.4332567473376834 497
1739719425834 4.434813782229259 498
1739719425860 5.191569962836162 499
