1739718392910 5.35834106258502 0
1739718392937 8.586562587336905 1
1739718392964 5.652769044795117 2
1739718392991 5.762238534224913 3
1739718393018 2.9261069783706635 4
1739718393045 5.101184147579543 5
1739718393072 2.4979994471517637 6
1739718393100 4.3819128745979326 7
1739718393127 2.695625938799347 8
1739718393153 2.02323197588414 9
1739718393179 3.4284860874675838 10
1739718393207 5.230908972956406 11
1739718393235 3.400080648982532 12
1739718393261 5.114336879716188 13
1739718393288 4.382190671765455 14
1739718393315 1.5876533995913464 15
1739718393341 2.176682948328961 16
1739718393368 5.592951923437499 17
1739718393394 5.998352214979069 18
1739718393421 4.143132138915949 19
1739718393447 4.880941662849884 20
1739718393474 3.933790608349305 21
1739718393501 3.0963208424996673 22
1739718393528 5.806834851787453 23
1739718393555 3.4327055474464716 24
1739718393581 1.7409893475597007 25
1739718393608 9.635468881680413 26
1739718393635 2.447992417487959 27
1739718393661 4.038598806199557 28
1739718393688 3.155856765047766 29
1739718393716 5.463167283998229 30
1739718393743 4.483362805022128 31
1739718393770 4.702726671229636 32
1739718393796 3.1924172286712955 33
1739718393823 6.27301249730291 34
1739718393850 9.310852555475437 35
1739718393877 3.8286711988198965 36
1739718393904 2.427949679170593 37
1739718393930 3.5716479001281076 38
1739718393957 5.111995449071199 39
1739718393984 3.543838666618797 40
1739718394011 6.472518926815626 41
1739718394038 5.600900224103738 42
1739718394065 7.0797208704244845 43
1739718394092 3.6296030514969235 44
1739718394119 1.3027853297264362 45
1739718394146 4.635584354065147 46
1739718394173 1.8723478656291555 47
1739718394199 2.950871768453221 48
1739718394226 4.085434378657512 49
1739718394253 7.239511781468725 50
1739718394279 2.5714381736001277 51
1739718394306 1.1169374009491915 52
1739718394333 5.451926530743994 53
1739718394359 2.652934005429273 54
1739718394386 2.061826970194971 55
1739718394413 1.366737580553609 56
1739718394439 0.8929041356462476 57
1739718394466 4.3060980736761385 58
1739718394492 5.740984571049507 59
1739718394519 5.338639796010337 60
1739718394547 6.282978553656524 61
1739718394573 15.654876613053682 62
1739718394600 5.533017745244833 63
1739718394627 8.32215941138138 64
1739718394654 3.723514339859628 65
1739718394681 5.021254071773832 66
1739718394709 6.757468306205215 67
1739718394736 3.9197296317943815 68
1739718394763 2.955750936793129 69
1739718394789 4.145918480493907 70
1739718394816 5.480195691941812 71
1739718394843 5.903131437237486 72
1739718394869 4.272761610745906 73
1739718394895 5.468688028322978 74
1739718394922 7.20934423987328 75
1739718394951 3.3230325428887952 76
1739718394979 3.3764763056831404 77
1739718395008 6.767384884985686 78
1739718395037 6.436978613528709 79
1739718395066 5.554240507606137 80
1739718395094 5.905882784863674 81
1739718395121 2.907210924447317 82
1739718395148 4.5085319516930955 83
1739718395175 5.1733834175875515 84
1739718395202 5.068816701582565 85
1739718395229 2.355331441412479 86
1739718395256 7.414245986673509 87
1739718395282 2.8844224849538107 88
1739718395309 1.4830781123455172 89
1739718395336 6.305798208624198 90
1739718395363 0.5936763006420307 91
1739718395391 6.292930344053957 92
1739718395420 5.400700324144366 93
1739718395448 4.071076068550418 94
1739718395477 6.329263179242876 95
1739718395504 5.012804196099849 96
1739718395531 4.721332006807076 97
1739718395559 1.195030684224364 98
1739718395585 4.986081450179689 99
1739718395612 5.423297701696212 100
1739718395639 4.864189044376783 101
1739718395665 2.9091174356266083 102
1739718395692 3.7284986395367836 103
1739718395719 6.24899731228383 104
1739718395749 5.368582789691521 105
1739718395778 4.635737968298868 106
1739718395807 3.4939873032562643 107
1739718395834 5.656624905355814 108
1739718395862 7.501408234779459 109
1739718395889 3.461087429647865 110
1739718395917 5.312863798422028 111
1739718395944 10.467281834999143 112
1739718395972 3.046235621589898 113
1739718395999 2.7686336787828436 114
1739718396026 3.742279373309972 115
1739718396054 4.736664156778849 116
1739718396081 4.425797881653887 117
1739718396109 1.1724202352545303 118
1739718396137 7.658158451875983 119
1739718396164 4.312026243775262 120
1739718396191 2.7935295332193437 121
1739718396219 2.316433004681409 122
1739718396246 3.205543731369354 123
1739718396274 5.81591999153464 124
1739718396301 3.9570601365130647 125
1739718396329 4.80979282422353 126
1739718396357 4.240889811277066 127
1739718396384 3.696316410527312 128
1739718396411 7.079194145030623 129
1739718396439 4.120502252894557 130
1739718396466 1.9733733708047196 131
1739718396493 5.971220205530443 132
1739718396520 5.903687383209215 133
1739718396547 7.099555743721779 134
1739718396573 1.7437292255884256 135
1739718396600 5.017398064676717 136
1739718396626 1.4383556501010515 137
1739718396653 5.991437893541004 138
1739718396680 4.649751854466605 139
1739718396706 2.8567353179698145 140
1739718396732 3.839792514250379 141
1739718396760 0.8869709187138881 142
1739718396787 7.638383691303569 143
1739718396814 6.6584704947212225 144
1739718396841 5.020961986459067 145
1739718396867 6.73677924003204 146
1739718396894 3.1100315105064555 147
1739718396921 4.65132895149908 148
1739718396948 3.9774655033462913 149
1739718396974 2.4592316100364124 150
1739718397001 3.5418510271053196 151
1739718397027 7.50361255243711 152
1739718397054 3.799326719728135 153
1739718397081 0.8059456066869004 154
1739718397107 4.416729362340702 155
1739718397133 5.105235153172859 156
1739718397160 2.6850587014183 157
1739718397187 4.248185718098867 158
1739718397214 7.571767810718486 159
1739718397241 3.8330599331556763 160
1739718397268 4.514841514410105 161
1739718397294 7.112819773500816 162
1739718397321 4.954757856700261 163
1739718397348 5.435465781218134 164
1739718397374 2.936299861865662 165
1739718397400 3.570966363425467 166
1739718397427 6.409029954110349 167
1739718397454 6.416483872601152 168
1739718397480 7.758653187965158 169
1739718397507 4.383996418219265 170
1739718397534 5.912159426309878 171
1739718397562 3.6262193274862753 172
1739718397591 3.5882418881302725 173
1739718397622 3.4866154320156166 174
1739718397651 2.868654176116508 175
1739718397679 3.2458986072737765 176
1739718397708 3.4216280696938157 177
1739718397736 6.220750794440632 178
1739718397764 4.338867406537679 179
1739718397793 9.412071700054788 180
1739718397822 2.3149411580323425 181
1739718397851 7.026264750792634 182
1739718397880 4.936322368725491 183
1739718397908 6.01322609312364 184
1739718397937 5.198701277076467 185
1739718397967 5.744141134267584 186
1739718397998 7.973071703268819 187
1739718398027 7.2531165050263295 188
1739718398058 5.930029047166212 189
1739718398087 7.380113453997835 190
1739718398114 5.288361310836514 191
1739718398141 4.96048807587449 192
1739718398168 4.2179583574945125 193
1739718398195 1.7489201300614885 194
1739718398222 5.278469611295083 195
1739718398249 6.576806395109093 196
1739718398275 2.66267927294319 197
1739718398302 8.571756376763766 198
1739718398329 6.791891999266653 199
1739718398356 4.861723914389576 200
1739718398383 5.944486139652762 201
1739718398410 5.830938425138405 202
1739718398437 6.409415884323447 203
1739718398464 3.9244403116290996 204
1739718398491 2.9584382387333967 205
1739718398518 2.9918778013389185 206
1739718398544 4.172051168490983 207
1739718398571 5.400787261282138 208
1739718398598 5.160790606403812 209
1739718398624 6.288507486731736 210
1739718398651 5.153473907629576 211
1739718398678 7.07041830389909 212
1739718398705 6.290399127361381 213
1739718398731 3.5985030967686362 214
1739718398758 3.067731620757359 215
1739718398785 4.984191809861829 216
1739718398812 4.835930225091764 217
1739718398839 3.9898152022935056 218
1739718398866 4.369230191507855 219
1739718398893 3.931916021120434 220
1739718398922 4.649736753492798 221
1739718398949 4.875249604662562 222
1739718398976 4.249894149375041 223
1739718399003 4.559277957492896 224
1739718399030 4.1239714788141715 225
1739718399057 6.328552372862881 226
1739718399084 3.9566769099040164 227
1739718399111 6.0701684717573405 228
1739718399138 4.12354872418172 229
1739718399165 6.389348074619431 230
1739718399192 4.014878268504879 231
1739718399264 1.7130721824515172 232
1739718399313 4.716444227047111 233
1739718399342 1.9901439416765458 234
1739718399371 4.608618997787872 235
1739718399399 10.830200906359845 236
1739718399427 4.5005399530272205 237
1739718399456 16.633777438393192 238
1739718399484 5.337731197346107 239
1739718399511 7.909572449693301 240
1739718399538 4.380036258171976 241
1739718399565 6.278572384673477 242
1739718399592 6.310339835340651 243
1739718399618 5.3512358948450505 244
1739718399645 5.191428136863346 245
1739718399672 2.4673679973232487 246
1739718399699 3.4363257860193137 247
1739718399728 7.892696059085151 248
1739718399757 2.2176563913948555 249
1739718399785 4.928079930304269 250
1739718399813 5.280105705420235 251
1739718399842 4.913389310908141 252
1739718399869 6.941545463784431 253
1739718399897 2.965520518323736 254
1739718399925 4.876127549877052 255
1739718399953 4.01664731753389 256
1739718399980 5.7541932871274915 257
1739718400008 2.933790341862246 258
1739718400036 6.61071761848375 259
1739718400064 4.971222364745944 260
1739718400093 2.7853309859829736 261
1739718400121 5.532274072635172 262
1739718400149 7.313331852812972 263
1739718400177 6.764104564590053 264
1739718400205 3.933035453459522 265
1739718400233 7.6022163571934795 266
1739718400260 5.523305954553997 267
1739718400287 6.774609162779988 268
1739718400314 5.092564737394841 269
1739718400340 7.8733434660845525 270
1739718400368 6.028433455230639 271
1739718400396 2.0703085244078445 272
1739718400423 7.127462480693287 273
1739718400450 4.914687487078485 274
1739718400477 5.275085082703001 275
1739718400504 6.253475803066497 276
1739718400531 4.556660970955416 277
1739718400558 3.0458063901785604 278
1739718400585 2.8820056443652247 279
1739718400612 1.9959338882517217 280
1739718400639 4.604112574496779 281
1739718400667 6.080810443910472 282
1739718400694 4.2672466520607735 283
1739718400720 3.853622882896294 284
1739718400747 7.08575763789272 285
1739718400773 6.8172163854738885 286
1739718400800 3.536672100371306 287
1739718400826 4.785724780981411 288
1739718400853 5.727641771713883 289
1739718400880 7.47612311966119 290
1739718400908 5.060368064273322 291
1739718400935 1.1371276374397614 292
1739718400961 7.091238290743844 293
1739718400989 1.298889558801442 294
1739718401016 4.123824246822063 295
1739718401046 4.749510800340213 296
1739718401074 1.3277756773861165 297
1739718401102 3.916143302963729 298
1739718401129 5.980226271344533 299
1739718401155 4.314339956115692 300
1739718401183 6.569066125353694 301
1739718401210 3.305812429249651 302
1739718401237 4.041670319629761 303
1739718401269 5.9690505233836255 304
1739718401301 8.21603074358721 305
1739718401330 5.2722428739006855 306
1739718401357 5.241437676874431 307
1739718401384 3.744241580279696 308
1739718401412 3.678257950342399 309
1739718401439 7.275855120492385 310
1739718401466 4.162843796288196 311
1739718401493 6.903670727885758 312
1739718401521 6.536041423408303 313
1739718401552 2.915510322310907 314
1739718401582 6.15481864951825 315
1739718401613 3.410497411816595 316
1739718401641 5.316520547004445 317
1739718401668 5.394640834351134 318
1739718401695 4.684795554146716 319
1739718401722 3.8492811622898317 320
1739718401751 6.956906645939139 321
1739718401779 1.8175433012007876 322
1739718401807 8.080524230882594 323
1739718401834 6.263136349872961 324
1739718401862 3.9304400023908177 325
1739718401889 5.310109782668477 326
1739718401917 1.2370696560345957 327
1739718401944 2.0218971881162737 328
1739718401972 3.672183207380913 329
1739718401999 7.705955634409952 330
1739718402030 6.6829740971222735 331
1739718402070 3.9971597549384765 332
1739718402109 3.640001737131074 333
1739718402138 3.416165743850324 334
1739718402167 0.46477726708718464 335
1739718402195 7.131304751835583 336
1739718402223 8.717883183892363 337
1739718402252 9.410413801373803 338
1739718402279 4.767507643227455 339
1739718402306 5.755479890140721 340
1739718402334 5.474679019190794 341
1739718402361 4.4151123926516815 342
1739718402389 6.990637267224966 343
1739718402417 3.3093319792588147 344
1739718402445 4.953776437084309 345
1739718402472 6.320429947600377 346
1739718402499 6.540787450895089 347
1739718402526 5.264798656785546 348
1739718402553 2.9689740222376586 349
1739718402580 3.3915557208038947 350
1739718402607 2.1894135566362594 351
1739718402635 6.097549611043297 352
1739718402663 4.070000498788503 353
1739718402691 4.0897015026754655 354
1739718402720 4.594353116330207 355
1739718402748 2.800147910726781 356
1739718402777 3.0136829738328035 357
1739718402806 6.337986022481601 358
1739718402835 9.400187020284926 359
1739718402863 5.717140742248823 360
1739718402892 7.402938137443496 361
1739718402920 5.629344080026598 362
1739718402949 6.375209127634091 363
1739718402977 5.3953406779922375 364
1739718403005 2.5105369696225432 365
1739718403033 2.747846241883035 366
1739718403062 4.492655789824502 367
1739718403089 2.8516290134786417 368
1739718403116 6.104742872420479 369
1739718403144 6.871643909313169 370
1739718403172 4.307036744538915 371
1739718403199 1.815774278554856 372
1739718403226 2.559617749327653 373
1739718403253 3.8336365917574433 374
1739718403280 4.678124782093699 375
1739718403308 5.733254755730289 376
1739718403335 0.8332159094339031 377
1739718403363 3.6505350865540005 378
1739718403391 7.467081836143601 379
1739718403418 3.0367242533145746 380
1739718403446 4.069028613842052 381
1739718403474 6.168302992298933 382
1739718403502 6.739295954546178 383
1739718403530 3.7501901962072055 384
1739718403559 3.9712562565235214 385
1739718403587 3.4808895065513794 386
1739718403615 5.845854587645239 387
1739718403643 5.788991245930084 388
1739718403671 5.082596556889622 389
1739718403699 5.117965185813176 390
1739718403727 6.475534153243475 391
1739718403754 4.37988503168096 392
1739718403781 3.220468040465694 393
1739718403809 4.06396744678733 394
1739718403836 21.079501787590587 395
1739718403864 7.375708147112243 396
1739718403893 2.3165944104830065 397
1739718403921 5.5869682377241014 398
1739718403948 5.286638350810921 399
1739718403975 3.448136239817393 400
1739718404002 8.318847370306203 401
1739718404031 3.0326417319414487 402
1739718404059 2.8264202346284106 403
1739718404086 5.059751137864646 404
1739718404113 5.385632423372083 405
1739718404140 3.8940283881588624 406
1739718404167 2.1882542740225666 407
1739718404193 3.1716937137677315 408
1739718404220 3.053834782092927 409
1739718404247 3.2510876071190644 410
1739718404274 2.1067072933528563 411
1739718404301 1.3212151100005394 412
1739718404329 6.212128033533257 413
1739718404356 7.993808773083579 414
1739718404383 3.3138590551348077 415
1739718404410 3.0582632351792993 416
1739718404438 4.614296856947631 417
1739718404464 4.965168524916436 418
1739718404492 5.770209375079992 419
1739718404519 4.349990353215379 420
1739718404546 4.475216119565861 421
1739718404573 7.393449302438071 422
1739718404600 5.262369915401575 423
1739718404627 0.41059842081373604 424
1739718404654 6.764472148194185 425
1739718404681 3.14942714819202 426
1739718404708 4.575366532051983 427
1739718404736 6.813857062707811 428
1739718404763 8.68649418369405 429
1739718404790 3.5162036294746106 430
1739718404817 6.472836020792991 431
1739718404844 4.210048311984679 432
1739718404871 5.6573130650915555 433
1739718404898 4.6577178785265 434
1739718404927 8.772135968369271 435
1739718404956 2.141584144719144 436
1739718404984 0.623825117976542 437
1739718405012 3.689355100123264 438
1739718405040 6.766595864316202 439
1739718405067 2.58182351545722 440
1739718405094 4.4492363812142255 441
1739718405121 5.6446705038624865 442
1739718405148 5.226493408153182 443
1739718405175 5.604479242251337 444
1739718405203 6.38216231515451 445
1739718405230 5.431292002427783 446
1739718405257 5.213343546871398 447
1739718405285 2.9122053914741954 448
1739718405312 3.4041505289950633 449
1739718405339 5.970074377640737 450
1739718405366 7.494466240926036 451
1739718405395 4.424125871111116 452
1739718405423 4.02520379265419 453
1739718405452 3.4955306118237153 454
1739718405482 7.591529378155671 455
1739718405510 3.76424741365608 456
1739718405539 3.777071718960501 457
1739718405567 3.387713393314913 458
1739718405595 6.295666354370841 459
1739718405623 4.125675110242632 460
1739718405651 6.298032275562116 461
1739718405679 8.767485387145348 462
1739718405707 10.673013548079084 463
1739718405734 5.0750312364975025 464
1739718405761 0.8915137695983268 465
1739718405788 2.6636206124260475 466
1739718405815 3.1740814379961235 467
1739718405842 7.244764453883941 468
1739718405869 5.477356745070626 469
1739718405896 5.830077065233269 470
1739718405923 2.435155136677295 471
1739718405951 4.1094671107153165 472
1739718405978 3.999703003704397 473
1739718406005 7.056710686836478 474
1739718406032 6.924430427833975 475
1739718406060 5.200947115279171 476
1739718406087 7.443107492037543 477
1739718406114 4.798587275421447 478
1739718406141 7.509225184905025 479
1739718406168 3.7135559255977926 480
1739718406194 3.855543806950712 481
1739718406221 4.250985463781529 482
1739718406249 3.8608827738694504 483
1739718406276 1.8605814377810053 484
1739718406302 2.8355887597067695 485
1739718406330 3.8910178043168933 486
1739718406357 3.0347900237564196 487
1739718406384 4.1138770926669554 488
1739718406411 4.532288312394401 489
1739718406438 2.6931821894567562 490
1739718406465 1.665724074006387 491
1739718406492 5.996156283304907 492
1739718406520 2.0218238054937565 493
1739718406547 3.878930603176291 494
1739718406574 5.871940161779273 495
1739718406601 3.423741941379165 496
1739718406628 3.990260409458299 497
1739718406655 8.840374834459165 498
1739718406681 6.321424729060893 499
