1739716230729 149.22601504997021 0
1739716230734 120.73979886738734 1
1739716230739 105.56239301647238 2
1739716230744 91.46297275349033 3
1739716230749 79.42705280411352 4
1739716230753 69.30648215421456 5
1739716230758 59.06447145321264 6
1739716230763 52.70809255846865 7
1739716230767 44.509148476616794 8
1739716230772 38.634207865030554 9
1739716230776 33.856843229447776 10
1739716230781 28.132974872462697 11
1739716230786 24.706385785653335 12
1739716230791 21.258811983847437 13
1739716230795 19.25885501570234 14
1739716230800 15.716612147673754 15
1739716230804 13.369129670097488 16
1739716230809 12.420407953187778 17
1739716230814 10.49202940073033 18
1739716230819 9.491607455727692 19
1739716230823 7.4745178434592745 20
1739716230828 7.232417224078461 21
1739716230832 6.210845616793747 22
1739716230837 5.063181738048918 23
1739716230842 4.438228516323637 24
1739716230846 3.679240098415002 25
1739716230851 3.3912568571305046 26
1739716230856 3.418608414956615 27
1739716230860 2.6890238910842834 28
1739716230865 2.421361314560015 29
1739716230870 2.0809297271615343 30
1739716230874 1.8136138044250458 31
1739716230879 1.6945482720602119 32
1739716230884 1.4808010329057444 33
1739716230888 1.0177396257545306 34
1739716230893 1.1344995654105963 35
1739716230897 0.9852274597870674 36
1739716230902 0.7110129791302541 37
1739716230906 1.0178328091653028 38
1739716230911 0.6507449431864791 39
1739716230916 0.6384086591480902 40
1739716230921 0.6232217352634981 41
1739716230926 0.5060268278916309 42
1739716230931 0.47279799792146765 43
1739716230936 0.4264143231663271 44
1739716230941 0.37859784103866995 45
1739716230945 0.393197438342065 46
1739716230949 0.4306359499953728 47
1739716230954 0.3166038421643223 48
1739716230959 0.27980541355402516 49
1739716230966 0.26407557785607116 50
1739716230972 0.34057959517568787 51
1739716230977 0.3371085521338996 52
1739716230983 0.3002830781659531 53
1739716230988 0.2297396235413859 54
1739716230994 0.31853907338161863 55
1739716231000 0.3894210885198037 56
1739716231006 0.24626506735275147 57
1739716231011 0.20395990273272652 58
1739716231016 0.25144902886555837 59
1739716231021 0.2786968027236886 60
1739716231026 0.2389555324807698 61
1739716231031 0.2547742433346825 62
1739716231036 0.28136249738488445 63
1739716231041 0.15302858791102308 64
1739716231046 0.1556136992629375 65
1739716231050 0.2642325026387073 66
1739716231055 0.17629799443720953 67
1739716231060 0.13518740931528975 68
1739716231064 0.2104299522176957 69
1739716231069 0.17760331750040897 70
1739716231073 0.28133845965086407 71
1739716231078 0.25548038533751605 72
1739716231083 0.19701876774731325 73
1739716231088 0.16428038356221625 74
1739716231093 0.18985325246358126 75
1739716231098 0.22883366132310287 76
1739716231103 0.21788024566597505 77
1739716231108 0.12727744891252415 78
1739716231113 0.17270426311184614 79
1739716231118 0.1739628073162258 80
1739716231123 0.2194646695255054 81
1739716231128 0.22132561004184867 82
1739716231133 0.24288578680427253 83
1739716231138 0.20918490898420017 84
1739716231142 0.14224028726276472 85
1739716231147 0.16839459790265948 86
1739716231152 0.1694588102975334 87
1739716231157 0.2977014901296879 88
1739716231162 0.18326016173813486 89
1739716231168 0.2172113181940851 90
1739716231173 0.20188028647445805 91
1739716231178 0.22771920546930582 92
1739716231183 0.2523156448628136 93
1739716231188 0.27072921934506755 94
1739716231193 0.3128716610832615 95
1739716231197 0.22461178682088997 96
1739716231202 0.14447153917066172 97
1739716231207 0.2544543960928185 98
1739716231212 0.20972093561176652 99
1739716231217 0.11471888650855946 100
1739716231222 0.18557790151072845 101
1739716231227 0.18073457977773058 102
1739716231232 0.18894442266744527 103
