1739723158693 157.50956263305554 0
1739723158699 156.44906361947085 1
1739723158704 138.36329409018145 2
1739723158710 135.33564226463994 3
1739723158715 124.91964157865426 4
1739723158720 115.86278970394152 5
1739723158725 106.56531857307832 6
1739723158731 96.20350053862393 7
1739723158736 99.98737274558955 8
1739723158741 93.26332409906243 9
1739723158747 88.42410665564982 10
1739723158752 77.87040063841563 11
1739723158758 78.60630710966899 12
1739723158764 65.66142897263855 13
1739723158769 62.2814346870648 14
1739723158774 57.79303050111958 15
1739723158779 57.03319338568845 16
1739723158784 53.517342585942274 17
1739723158790 48.525828076786034 18
1739723158795 49.75939191350812 19
1739723158800 45.36757626939083 20
1739723158805 42.15875284012428 21
1739723158810 38.95135975479836 22
1739723158815 37.66461480733185 23
1739723158820 34.0376677063554 24
1739723158825 33.852575101261245 25
1739723158831 30.516770663274322 26
1739723158836 26.74571283061778 27
1739723158841 26.139659952116595 28
1739723158847 24.876085297738047 29
1739723158852 23.76229776493271 30
1739723158857 21.455823883521624 31
1739723158863 21.18709679310745 32
1739723158868 19.58379399731585 33
1739723158874 19.492819258730982 34
1739723158879 16.35900883980319 35
1739723158885 17.069915128629585 36
1739723158892 14.851250213791864 37
1739723158898 13.73155225420097 38
1739723158904 12.1655826385479 39
1739723158909 13.69928812047032 40
1739723158915 12.487884333385201 41
1739723158920 10.701049364325364 42
1739723158926 9.170376799157449 43
1739723158932 8.457255629335158 44
1739723158937 9.236906874668788 45
1739723158943 7.69974784782857 46
1739723158949 7.421853794937596 47
1739723158954 6.770824653914407 48
1739723158959 6.3475254349419705 49
1739723158965 7.43744335877703 50
1739723158970 6.17098352308775 51
1739723158975 6.038748699662908 52
1739723158981 5.1795541977436175 53
1739723158986 5.3347598187983145 54
1739723158991 4.684916328402974 55
1739723158996 4.868631615142336 56
1739723159002 4.546823612949445 57
1739723159007 3.5762857913558497 58
1739723159012 3.7710792765727956 59
1739723159018 3.3228357975518694 60
1739723159022 3.034117808199371 61
1739723159028 3.1605584506817457 62
1739723159033 3.286116718703023 63
1739723159039 2.814509192938077 64
1739723159044 2.2044858552041218 65
1739723159049 2.2674998292447963 66
1739723159055 1.9209532279894121 67
1739723159060 2.2371950607598667 68
1739723159065 1.8578210729562086 69
1739723159070 2.1303180284410987 70
1739723159075 1.7372684610481868 71
1739723159080 1.7097422317665087 72
1739723159087 1.4286329412206298 73
1739723159092 1.5359470425882027 74
1739723159097 1.5478166529331452 75
1739723159103 1.0036219765680685 76
1739723159108 1.4819761608708115 77
1739723159113 1.2539478081401418 78
1739723159119 1.0360322986950175 79
1739723159124 1.1327622978518284 80
1739723159130 1.0072402635319213 81
1739723159135 1.0128198219520406 82
1739723159141 0.7669542959039345 83
1739723159146 0.6944930311652159 84
1739723159152 0.7153302042776395 85
1739723159157 0.8285516403477378 86
1739723159162 0.5258097085489453 87
1739723159167 0.5638436371904803 88
1739723159172 0.6098618716469753 89
1739723159177 0.8058524446382876 90
1739723159182 0.6971621927774907 91
1739723159187 0.5009135166858464 92
1739723159192 0.5969837937382738 93
1739723159197 0.3733482531039008 94
1739723159202 0.5972912275558528 95
1739723159208 0.3978139450188379 96
1739723159213 0.25586789590204295 97
1739723159218 0.5031908245664571 98
1739723159224 0.5594570266983829 99
1739723159229 0.3651085180553975 100
1739723159234 0.26216349270563577 101
1739723159239 0.3159771627142706 102
1739723159244 0.2976299517804382 103
1739723159250 0.25919889361494525 104
1739723159256 0.3764091230483342 105
1739723159261 0.30876603166530564 106
1739723159266 0.35132921852555354 107
1739723159271 0.17957417969937006 108
1739723159276 0.36602075627680536 109
1739723159281 0.24516218930271907 110
1739723159287 0.2700131955705476 111
1739723159292 0.19442878048966267 112
1739723159297 0.37498711794424533 113
1739723159303 0.24884036520618194 114
1739723159308 0.32875656688013144 115
1739723159313 0.1999153568738399 116
1739723159318 0.24593344189069594 117
1739723159323 0.19139884318083883 118
1739723159329 0.16634775003350477 119
1739723159334 0.20320403314618515 120
1739723159340 0.19364334211805673 121
1739723159345 0.08430848900091412 122
1739723159351 0.1255059911542862 123
1739723159356 0.2642905741628881 124
1739723159361 0.11904465870334735 125
1739723159367 0.07994883451134557 126
1739723159372 0.06288056311181474 127
1739723159376 0.12569066232918621 128
1739723159382 0.18401776760562846 129
1739723159387 0.1765193316941277 130
1739723159392 0.13852553168055276 131
1739723159397 0.23058932295967097 132
1739723159402 0.17373680062880656 133
1739723159408 0.16669264273911588 134
1739723159413 0.11748686472877996 135
1739723159418 0.1729911917115783 136
1739723159423 0.16217098945657032 137
1739723159428 0.31962736666248937 138
1739723159434 0.060600930137322914 139
1739723159439 0.15997633708926368 140
1739723159444 0.1425923477556186 141
1739723159450 0.1181842131141574 142
1739723159456 0.07142456323963411 143
1739723159461 0.08902803058055138 144
1739723159466 0.2215155587615883 145
1739723159471 0.21311992438020336 146
1739723159477 0.11762453077396755 147
1739723159482 0.05096623426920345 148
1739723159487 0.09090705162241787 149
1739723159493 0.058221782278781914 150
1739723159498 0.06180214916825736 151
1739723159503 0.10433402132878376 152
1739723159509 0.039277510829919246 153
1739723159514 0.06751185417056178 154
1739723159519 0.14900419637257797 155
1739723159524 0.09920185123273617 156
1739723159530 0.0770931104579606 157
1739723159536 0.11236303606882544 158
1739723159541 0.08202492118330054 159
1739723159546 0.2062699141797421 160
1739723159552 0.04748386686072576 161
1739723159558 0.053410317301412776 162
1739723159563 0.04059374967108288 163
1739723159568 0.1770070165347663 164
1739723159573 0.05486819456706319 165
1739723159578 0.08030090585103339 166
1739723159584 0.10794202195662495 167
1739723159589 0.13351909699426856 168
1739723159595 0.10950746361383731 169
1739723159599 0.058903447730043274 170
1739723159604 0.06341672538644186 171
1739723159609 0.1751729568484116 172
1739723159615 0.09170968184258645 173
1739723159620 0.10934150281968816 174
1739723159625 0.05104052527147681 175
1739723159630 0.2016154523894143 176
1739723159635 0.09617147820625033 177
1739723159640 0.07980348743474056 178
1739723159645 0.055797768324153334 179
1739723159651 0.06907254091482323 180
1739723159656 0.25422881464350594 181
1739723159662 0.06047021892398717 182
1739723159666 0.11161912850396641 183
1739723159673 0.14193988790403347 184
1739723159679 0.07792048761524407 185
1739723159685 0.07984728546427264 186
1739723159690 0.05747918922722424 187
1739723159696 0.08481963816378128 188
1739723159701 0.03636538789726634 189
1739723159706 0.07079265981074946 190
1739723159711 0.12739722720559798 191
1739723159716 0.07556679701803619 192
1739723159722 0.17246582694105722 193
1739723159727 0.08672886169211656 194
1739723159733 0.10933855299219077 195
1739723159738 0.17026789802658046 196
1739723159743 0.1522676078472351 197
1739723159748 0.051731624955958025 198
1739723159754 0.10801071843305297 199
1739723159759 0.020801628897538445 200
1739723159764 0.09920957223984656 201
1739723159770 0.11569880029150854 202
1739723159775 0.09754750799747004 203
1739723159780 0.07315002308455278 204
1739723159786 0.07863057677696639 205
1739723159790 0.10072277691964786 206
1739723159796 0.04450049600013107 207
1739723159801 0.030548319918200152 208
1739723159806 0.04717420893462479 209
1739723159811 0.04767615987892959 210
1739723159816 0.13598911900596888 211
1739723159821 0.0911832321848512 212
1739723159826 0.10356577817955846 213
1739723159833 0.11309893143478557 214
1739723159841 0.13453899322826765 215
1739723159847 0.15050905451911661 216
1739723159853 0.08029525001779489 217
1739723159858 0.05927349627864293 218
1739723159863 0.10213061435902047 219
1739723159869 0.10711248516729797 220
1739723159874 0.06862739711582358 221
1739723159880 0.061676297598396754 222
1739723159886 0.17662813346797152 223
1739723159892 0.05158633765685266 224
1739723159898 0.08910726213939231 225
1739723159904 0.04602210852837326 226
1739723159910 0.1260433702780417 227
1739723159915 0.0521052523821756 228
1739723159921 0.2674740169915325 229
1739723159926 0.0548803939679133 230
1739723159932 0.1696487347745838 231
1739723159937 0.1327898156147895 232
1739723159942 0.05630007318510859 233
1739723159947 0.10373626104539445 234
1739723159953 0.118998160210278 235
1739723159958 0.1513213859699429 236
1739723159964 0.10724382675564056 237
1739723159969 0.11744886171064027 238
1739723159974 0.08653619735564008 239
1739723159980 0.0404509263893494 240
1739723159985 0.05508761536936347 241
1739723159991 0.04190268054194855 242
1739723159997 0.13226027263385026 243
1739723160002 0.07429615409274815 244
1739723160007 0.1382134736792333 245
1739723160012 0.07749042252157098 246
1739723160018 0.07029434752247672 247
1739723160023 0.12909103258670915 248
1739723160028 0.10068619911444884 249
1739723160034 0.1260242913093275 250
1739723160039 0.07134034040173129 251
1739723160044 0.10232348452441414 252
1739723160049 0.0700444455411458 253
1739723160054 0.043757885087180766 254
1739723160059 0.10139428305620822 255
1739723160064 0.05376441486860753 256
1739723160070 0.19865953780023904 257
1739723160075 0.0690224433379313 258
1739723160080 0.10817689661883102 259
1739723160085 0.08490466513476039 260
1739723160091 0.049011663375976726 261
1739723160096 0.10403379329464352 262
1739723160101 0.11514253201130789 263
1739723160106 0.07127036086949537 264
1739723160111 0.1055034713015839 265
1739723160116 0.11480009492012523 266
1739723160121 0.11513768269307331 267
1739723160126 0.08822225916672549 268
1739723160131 0.05231645988705111 269
1739723160136 0.11068357468508333 270
1739723160141 0.10516115283891278 271
1739723160146 0.1074788498839542 272
1739723160151 0.08777215076164417 273
1739723160157 0.06970830212192348 274
1739723160162 0.10494838118429974 275
1739723160167 0.08623456439293321 276
1739723160173 0.11320449345623215 277
1739723160177 0.08665480680326243 278
1739723160184 0.07945333157797532 279
1739723160190 0.06269269267044791 280
1739723160195 0.03746986570096832 281
1739723160200 0.2090977646656971 282
1739723160205 0.08582834859143329 283
1739723160210 0.1556591804337926 284
1739723160215 0.05913563568743407 285
1739723160220 0.05825558467644576 286
1739723160225 0.20430317818091465 287
1739723160230 0.06085987081222469 288
1739723160236 0.07385172184616208 289
1739723160241 0.03731035984067414 290
1739723160246 0.08691862974156006 291
1739723160251 0.11131842208185529 292
1739723160256 0.08889721663370692 293
1739723160262 0.037308635195227174 294
1739723160267 0.17822523074754787 295
1739723160272 0.07255393114031158 296
1739723160278 0.1230630797929548 297
1739723160283 0.09075575549021889 298
1739723160288 0.03299831963128209 299
1739723160293 0.16997029789943463 300
1739723160298 0.038992942196920066 301
1739723160304 0.0641466288587027 302
1739723160309 0.08400312261959907 303
1739723160315 0.062223654122460635 304
1739723160320 0.06614109448539628 305
1739723160325 0.04270170012477377 306
1739723160330 0.06665132739878332 307
1739723160335 0.02476313363470424 308
1739723160340 0.06406220836812526 309
1739723160345 0.0637178314541105 310
1739723160350 0.07814602046558836 311
1739723160355 0.049289657878380404 312
1739723160361 0.11699430005737883 313
1739723160366 0.04566102657233669 314
1739723160372 0.10807114143810083 315
1739723160377 0.04967616901039839 316
1739723160382 0.06911786030098971 317
1739723160388 0.03613158446810984 318
1739723160393 0.07746803032278421 319
1739723160399 0.07394100966704152 320
1739723160404 0.03264101354250989 321
1739723160410 0.06446400467533718 322
1739723160415 0.12419632289876792 323
1739723160419 0.11808884146946794 324
1739723160425 0.04438712996719801 325
1739723160430 0.04249536305984431 326
1739723160435 0.2457986614659045 327
1739723160440 0.058172175790859246 328
1739723160445 0.04551045566216524 329
1739723160450 0.07318856919812303 330
1739723160455 0.23796910619104933 331
1739723160461 0.13209988400814981 332
1739723160466 0.0918585455554546 333
1739723160471 0.13825110171367438 334
1739723160476 0.0471469991852902 335
1739723160481 0.0338586798559603 336
1739723160486 0.09340696081087436 337
1739723160492 0.15589603918550374 338
1739723160497 0.0514842110848113 339
1739723160502 0.23010226858548635 340
1739723160508 0.11247572876553272 341
1739723160513 0.14966294431784377 342
1739723160518 0.06223560181993729 343
1739723160523 0.04308384454319259 344
1739723160528 0.09767826814599992 345
1739723160533 0.0757028328177723 346
1739723160538 0.19205861187192555 347
1739723160544 0.09572876423711273 348
1739723160549 0.16962135019608426 349
1739723160554 0.1131842405505253 350
1739723160559 0.10130612086443137 351
1739723160564 0.07171620426438971 352
1739723160570 0.070667484190223 353
1739723160575 0.0836334920482126 354
1739723160580 0.06974709763644164 355
1739723160585 0.09087299341027741 356
1739723160590 0.07215091591938226 357
1739723160596 0.11580348513543716 358
1739723160602 0.07454881873920166 359
1739723160607 0.09438441312932626 360
1739723160612 0.03841206511054467 361
1739723160618 0.1095869658338349 362
1739723160624 0.12544091498742566 363
1739723160631 0.06954179474727099 364
1739723160636 0.054026124579552734 365
1739723160642 0.07451729695321961 366
1739723160647 0.20496619969247948 367
1739723160654 0.03428689059795434 368
1739723160659 0.11620832050411635 369
1739723160664 0.04675287546584299 370
1739723160670 0.07752546449611916 371
1739723160676 0.08845159287008207 372
1739723160682 0.08607080871347858 373
1739723160688 0.1201584839595544 374
1739723160695 0.02104475494807751 375
