1739714353219 169.5236607181885 0
1739714353225 137.1602141521167 1
1739714353230 111.27041850263515 2
1739714353235 90.30524809559375 3
1739714353239 73.32013880654054 4
1739714353243 59.55437528697476 5
1739714353248 48.39424547570205 6
1739714353252 39.34401381552516 7
1739714353256 32.00287906272801 8
1739714353260 26.046579646979318 9
1739714353264 21.212648770384718 10
1739714353268 17.28855988081801 11
1739714353273 14.102175471030268 12
1739714353277 11.514039790579078 13
1739714353281 9.411152593352837 14
1739714353284 7.701935307041379 15
1739714353288 6.312158907607847 16
1739714353292 5.181648381347424 17
1739714353296 4.2616148468710815 18
1739714353300 3.512495293558382 19
1739714353304 2.902203041551962 20
1739714353309 2.4047106355932475 21
1739714353315 1.9989018740156417 22
1739714353319 1.6676417672378037 23
1739714353323 1.397022987464748 24
1739714353326 1.1757552665303446 25
1739714353330 0.9946705843764677 26
1739714353334 0.8463221573480553 27
1739714353338 0.7246594171917367 28
1739714353342 0.6247645568875443 29
1739714353345 0.5426389603555687 30
1739714353349 0.47503005256622455 31
1739714353353 0.41929090400369207 32
1739714353356 0.3732663791536398 33
1739714353361 0.33520079773588346 34
1739714353364 0.30366303241143944 35
1739714353368 0.2774857402664281 36
1739714353372 0.25571605200728303 37
1739714353376 0.23757555042342018 38
1739714353379 0.22242778090270943 39
1739714353383 0.20666571445502596 40
1739714353387 0.19665119483154908 41
1739714353390 0.18819744613740563 42
1739714353394 0.18104380032165115 43
1739714353398 0.17497657878144793 44
1739714353402 0.1698197865353758 45
1739714353406 0.16542791221936862 46
1739714353410 0.1616802681144658 47
1739714353414 0.15847648447933355 48
1739714353418 0.15276281842744374 49
1739714353421 0.15099077569900798 50
1739714353426 0.1494268685252539 51
1739714353431 0.1448647965563372 52
1739714353435 0.14428426918940426 53
1739714353440 0.1437225517753297 54
1739714353444 0.1431840917566824 55
1739714353448 0.13986358137194974 56
1739714353452 0.13989198063715355 57
1739714353455 0.13986385544434915 58
1739714353459 0.13979144963585602 59
1739714353463 0.1396879126286345 60
1739714353467 0.13956515679851791 61
1739714353471 0.13623527642102298 62
1739714353475 0.13410221290295113 63
1739714353479 0.13492517562498751 64
1739714353483 0.13558575706006348 65
1739714353486 0.13610583696999629 66
1739714353490 0.136510162003622 67
1739714353494 0.1368222490627951 68
1739714353497 0.1342752346317734 69
1739714353501 0.13497100785413876 70
1739714353505 0.13248501872012414 71
1739714353509 0.13350567201340666 72
1739714353513 0.13433520985338207 73
1739714353517 0.1350036111680956 74
1739714353521 0.13282325066721573 75
1739714353525 0.13372875005655366 76
1739714353529 0.13446994792828845 77
1739714353533 0.1350715582088953 78
1739714353537 0.13555845524032384 79
1739714353541 0.13279754878966724 80
1739714353545 0.13375334832493388 81
1739714353549 0.131830793881296 82
1739714353553 0.13290663820209767 83
1739714353557 0.1337941630282391 84
1739714353561 0.134519578371559 85
1739714353565 0.13511032850537544 86
1739714353569 0.1355917800308495 87
1739714353572 0.13319660186170168 88
1739714353577 0.13105462584373892 89
1739714353580 0.13228137569803863 90
1739714353584 0.13329614373593932 91
1739714353588 0.13412718905335452 92
1739714353592 0.1348048318954455 93
1739714353596 0.13261574324927283 94
1739714353601 0.13355442255865208 95
1739714353605 0.13432664495006752 96
1739714353608 0.13190116718648248 97
1739714353613 0.13300694798910764 98
1739714353617 0.13391247828736882 99
1739714353621 0.13197059104485792 100
1739714353625 0.13302503930184073 101
1739714353629 0.13389705941574026 102
1739714353634 0.13461202699252905 103
1739714353638 0.1351963844461623 104
1739714353642 0.13567453806439606 105
1739714353646 0.1304207828757277 106
1739714353650 0.13175228536534472 107
1739714353654 0.13286673021226927 108
1739714353658 0.13378590289277556 109
1739714353662 0.1345382242154435 110
1739714353666 0.13515241029041783 111
1739714353670 0.13290946106820378 112
1739714353674 0.13381645676212922 113
1739714353678 0.1315554772384819 114
1739714353682 0.13272852973467036 115
1739714353686 0.13369404299844667 116
1739714353689 0.1344829733511207 117
1739714353694 0.1324200184830074 118
1739714353697 0.1334152007265771 119
1739714353701 0.13423606400590726 120
1739714353705 0.13490809096552145 121
1739714353709 0.13545700384048556 122
1739714353712 0.13275812729219566 123
1739714353717 0.1337593418793083 124
1739714353721 0.13187879521336443 125
1739714353725 0.13298874706125394 126
1739714353729 0.13390623986179 127
1739714353734 0.13465783581921179 128
1739714353738 0.1352713337614961 129
1739714353743 0.13577244094123786 130
1739714353747 0.13339365190216038 131
1739714353751 0.13126689509180056 132
1739714353755 0.13250493921616663 133
1739714353759 0.1335292481427825 134
1739714353763 0.1343682444713955 135
1739714353767 0.13505240528752793 136
1739714353771 0.13286688674854896 137
1739714353775 0.13380938891871852 138
1739714353779 0.13458445315106676 139
1739714353783 0.13216093702022516 140
1739714353787 0.1332677987872872 141
1739714353791 0.1341737672444138 142
1739714353797 0.13222942836111157 143
1739714353802 0.13328308377783765 144
1739714353806 0.13415388747614693 145
1739714353811 0.13486726551592815 146
1739714353815 0.1354497064204073 147
1739714353820 0.1359256583691519 148
1739714353824 0.13066655543619227 149
1739714353828 0.1319953368246465 150
1739714353832 0.13310690721224153 151
1739714353836 0.13402307413673348 152
1739714353840 0.13477227863610103 153
1739714353844 0.13538325525296493 154
1739714353848 0.13313418182106787 155
1739714353852 0.13403781047168944 156
1739714353856 0.13177330730031572 157
1739714353860 0.1329429708645517 158
1739714353864 0.13390508190593156 159
1739714353868 0.13469060410955588 160
1739714353872 0.13262137962333184 161
1739714353876 0.13361317648065096 162
1739714353880 0.13443067578764306 163
1739714353884 0.1350993638363562 164
1739714353888 0.13564496608343826 165
1739714353892 0.1329428419816546 166
1739714353896 0.13137534401361653 167
1739714353900 0.13258790701586726 168
1739714353904 0.13359646227008148 169
1739714353908 0.13442512873780424 170
1739714353912 0.13510192538310184 171
1739714353916 0.13565396995263568 172
1739714353920 0.13335144871675397 173
1739714353924 0.13422420906267304 174
1739714353928 0.13188612809174718 175
1739714353932 0.13304303628983724 176
1739714353936 0.13399358923870752 177
1739714353940 0.1347690619667437 178
1739714353945 0.1326979259699561 179
1739714353949 0.13368320988776186 180
1739714353953 0.1344947638373262 181
1739714353958 0.1351581812695844 182
1739714353963 0.1326023865558445 183
1739714353967 0.13365469763949692 184
1739714353971 0.13188987014648998 185
1739714353975 0.13301561219013666 186
1739714353978 0.13394866405764178 187
1739714353982 0.1347139489049312 188
1739714353986 0.13533870227837852 189
1739714353990 0.13584861565363784 190
1739714353994 0.13350703590101562 191
1739714353998 0.1313827056800342 192
1739714354003 0.1326178207159846 193
1739714354007 0.13363997840615954 194
1739714354011 0.134477130620908 195
1739714354015 0.13515952087137373 196
1739714354019 0.13298975127964532 197
1739714354023 0.13392809674873568 198
1739714354028 0.1346994349466467 199
1739714354032 0.13227227273085004 200
1739714354036 0.13337585721625375 201
1739714354040 0.13427882084320164 202
1739714354046 0.1323436630264138 203
1739714354051 0.1333934481111294 204
1739714354055 0.1342606920257223 205
1739714354059 0.13497076368213687 206
1739714354064 0.13555011344675533 207
1739714354068 0.13602316289246083 208
1739714354072 0.13077012600134533 209
1739714354076 0.13209562812686704 210
1739714354080 0.13320413991997157 211
1739714354084 0.134117440946113 212
1739714354087 0.13486395116360006 213
1739714354091 0.13547238851898857 214
1739714354096 0.1332275235111958 215
1739714354100 0.13412829437217128 216
1739714354104 0.13486743239473192 217
1739714354107 0.13236762533516241 218
1739714354111 0.13345836050827636 219
1739714354115 0.13434997980110572 220
1739714354120 0.13240801741151595 221
1739714354123 0.13345112789143435 222
1739714354127 0.13431223590886104 223
1739714354131 0.13501688747629195 224
1739714354136 0.13559155797477324 225
1739714354140 0.1329403922471721 226
1739714354144 0.13139317367682213 227
1739714354148 0.13261188704077986 228
1739714354151 0.1336261810125685 229
1739714354156 0.13445980129083548 230
1739714354160 0.13514066761908672 231
1739714354164 0.13569593354605575 232
1739714354169 0.13339756024761362 233
1739714354173 0.13427144754513243 234
1739714354176 0.1319443132718723 235
1739714354180 0.13310029166329962 236
1739714354184 0.13405001642945497 237
1739714354188 0.13482469295228297 238
1739714354191 0.1327531414541411 239
1739714354195 0.1337375087867982 240
1739714354199 0.13454818716534286 241
1739714354202 0.1352107453010828 242
1739714354206 0.13265949356935322 243
1739714354210 0.13371027769741375 244
1739714354214 0.13194424201711047 245
1739714354218 0.13306865115156852 246
1739714354222 0.13400044957279295 247
1739714354225 0.13476454527616397 248
1739714354229 0.1353881637153999 249
1739714354233 0.13589698942245396 250
1739714354237 0.13355457581522567 251
1739714354241 0.13143232871838603 252
1739714354245 0.13266614381410874 253
1739714354249 0.13368707497970544 254
1739714354253 0.13452306533656702 255
1739714354256 0.13520435143546589 256
1739714354260 0.13303373841260407 257
1739714354264 0.13397107273812398 258
1739714354268 0.13474144074945624 259
1739714354271 0.1323153542304972 260
1739714354275 0.13341784940383888 261
1739714354279 0.13431977907866252 262
1739714354283 0.13238382075270158 263
1739714354289 0.13343265594959455 264
1739714354296 0.13429899088318098 265
1739714354302 0.13500819143686105 266
1739714354306 0.1355867052871758 267
1739714354310 0.13605895159557277 268
1739714354314 0.13080658575385282 269
1739714354317 0.13213121667649144 270
1739714354321 0.13323889575625228 271
1739714354326 0.13415139966325665 272
1739714354329 0.13489714576011544 273
1739714354334 0.13550484965437495 274
1739714354338 0.13325938098878942 275
1739714354342 0.1341594594288712 276
1739714354346 0.13489793026013028 277
1739714354350 0.13239835455009957 278
1739714354354 0.13348839866076323 279
1739714354358 0.1343793546694017 280
1739714354362 0.13243681491089537 281
1739714354366 0.133479299253418 282
1739714354370 0.13433980419103012 283
1739714354374 0.13504387430749906 284
1739714354378 0.13561798366623862 285
1739714354382 0.13296690827489227 286
1739714354386 0.13141914211248257 287
1739714354390 0.1326372945192329 288
1739714354394 0.1336510479753098 289
1739714354398 0.13448414689850513 290
1739714354402 0.13516450985331868 291
1739714354405 0.1357192893018543 292
1739714354409 0.13342043870887924 293
1739714354413 0.1342938616151392 294
1739714354416 0.13196672820536712 295
1739714354420 0.13312223964945036 296
1739714354424 0.1340715133046021 297
1739714354431 0.13484575359517872 298
1739714354436 0.13277374883069087 299
1739714354441 0.1337577002943814 300
1739714354445 0.13456797584502556 301
1739714354449 0.13523014347449303 302
1739714354453 0.13267885285997785 303
1739714354456 0.13372924691632415 304
1739714354461 0.13196278369663422 305
1739714354465 0.1330868214109938 306
1739714354469 0.1340182598046555 307
1739714354473 0.13478200624841483 308
1739714354476 0.13540528561635423 309
1739714354480 0.13591378190222203 310
1739714354484 0.13357098471068393 311
1739714354487 0.13144867511768416 312
1739714354491 0.13268216824681903 313
1739714354495 0.1337027868628087 314
1739714354499 0.13453847358600657 315
1739714354503 0.13521946450241168 316
1739714354507 0.13304849162322602 317
1739714354510 0.13398554409474636 318
1739714354514 0.13475563786267905 319
1739714354519 0.13232948142808285 320
1739714354523 0.13343170500753312 321
1739714354526 0.1343333704620695 322
1739714354531 0.13239707636247053 323
1739714354543 0.13344565971386738 324
1739714354551 0.13431174943837862 325
1739714354556 0.1350207111016224 326
1739714354561 0.135598992083965 327
1739714354565 0.13607101127069327 328
1739714354569 0.13081849353718578 329
1739714354573 0.13214289924015915 330
1739714354577 0.13325035890095985 331
1739714354581 0.1341626489177528 332
1739714354585 0.1349081863997748 333
1739714354589 0.13551568671838274 334
1739714354593 0.13326993689844965 335
1739714354596 0.13416982132983732 336
1739714354600 0.1349081027460169 337
1739714354605 0.13240845985555563 338
1739714354608 0.13349831698056658 339
1739714354612 0.13438909043251768 340
1739714354617 0.1324462908653089 341
1739714354621 0.13348860156039066 342
1739714354624 0.1343489368775559 343
1739714354629 0.13505284123368186 344
1739714354632 0.13562678853609345 345
1739714354636 0.13297564994291164 346
1739714354641 0.13142764458597378 347
1739714354645 0.1326456416335061 348
1739714354649 0.13365924325784934 349
1739714354653 0.13449219373499371 350
1739714354657 0.13517241149676792 351
1739714354661 0.13572704888106726 352
1739714354665 0.13342798302690956 353
1739714354669 0.13430127097100322 354
1739714354673 0.13197408124001886 355
1739714354677 0.13312945966634682 356
1739714354681 0.13407860316863052 357
1739714354684 0.13485271606527216 358
1739714354688 0.1327805140886019 359
1739714354692 0.1337643447269261 360
1739714354696 0.134574501967866 361
1739714354700 0.13523655371436905 362
1739714354704 0.13268521182965928 363
1739714354707 0.13373549168467583 364
1739714354711 0.13196884826562255 365
1739714354715 0.13309277782948928 366
1739714354718 0.13402411028528016 367
1739714354723 0.1347877529283534 368
1739714354727 0.1354109305618881 369
1739714354730 0.13591932711292923 370
1739714354734 0.1335763681273616 371
1739714354738 0.1314540143649193 372
1739714354742 0.13268741258169595 373
1739714354746 0.1337079381727675 374
1739714354750 0.13454353369803598 375
1739714354754 0.13522443518657123 376
1739714354758 0.13305331503006126 377
1739714354762 0.13399028293119952 378
1739714354765 0.13476029374041118 379
1739714354769 0.13233409770152074 380
1739714354773 0.1334362395437334 381
1739714354777 0.13433782482881781 382
1739714354781 0.13240139692020458 383
1739714354785 0.13344990455094735 384
1739714354788 0.13431591997844375 385
1739714354792 0.1350248087274575 386
1739714354796 0.135603018139748 387
1739714354800 0.1360749670640827 388
1739714354804 0.13082236359411634 389
1739714354807 0.13214670146461185 390
1739714354812 0.1332540945538374 391
1739714354816 0.1341663192250849 392
1739714354819 0.13491179255458927 393
1739714354823 0.13551922988244078 394
1739714354827 0.13327337148466267 395
1739714354831 0.1341731964994703 396
1739714354834 0.134911419553171 397
1739714354838 0.13241174729965396 398
1739714354842 0.1335015468998595 399
1739714354846 0.13439226386136172 400
1739714354849 0.13244936603759297 401
1739714354853 0.1334916235019377 402
1739714354857 0.13435190652441875 403
1739714354861 0.13505575949935375 404
1739714354864 0.1356296563126178 405
1739714354868 0.1329784916237438 406
1739714354872 0.1314303974615405 407
1739714354876 0.1326483468234258 408
1739714354880 0.1336619015940076 409
1739714354884 0.13449480602994887 410
1739714354887 0.13517497854467053 411
1739714354892 0.13572957145850764 412
1739714354896 0.13343042632939323 413
1739714354900 0.1343036724158894 414
1739714354904 0.13197646094400553 415
1739714354908 0.13313179809809533 416
1739714354911 0.13408090103660425 417
1739714354915 0.13485497406275107 418
1739714354919 0.13278270057749217 419
1739714354923 0.13376649371798022 420
1739714354927 0.13457661408606045 421
1739714354930 0.13523862957205202 422
1739714354934 0.13268726843572032 423
1739714354938 0.13373751254806776 424
1739714354942 0.1319708046840665 425
1739714354946 0.13309470065668338 426
1739714354950 0.13402600007836366 427
1739714354954 0.13478961023358474 428
1739714354958 0.13541275591507937 429
1739714354961 0.13592112103985346 430
1739714354966 0.13357810460881978 431
1739714354969 0.13145573492638019 432
1739714354973 0.13268910353640162 433
1739714354977 0.1337096000089635 434
1739714354981 0.13454516689489276 435
1739714354985 0.13522604021451795 436
1739714354989 0.13305486836360148 437
1739714354993 0.13399180981256967 438
1739714354997 0.13476179459211193 439
1739714355001 0.1323355844835202 440
1739714355005 0.13343770065701033 441
1739714355009 0.13433926069450833 442
1739714355012 0.13240278629721725 443
1739714355016 0.1334512702325485 444
1739714355020 0.13431726234224012 445
1739714355023 0.135026128144827 446
1739714355027 0.1356043149760392 447
1739714355031 0.13607624167879728 448
1739714355035 0.13082360642535318 449
1739714355039 0.13214792306138579 450
1739714355043 0.133255295254243 451
1739714355047 0.13416749936177166 452
1739714355050 0.13491295245492596 453
1739714355054 0.13552036986866545 454
1739714355058 0.13327447428782707 455
1739714355062 0.13417428062451162 456
1739714355066 0.13491248528853464 457
1739714355069 0.13241280294073002 458
1739714355073 0.1335025843998124 459
1739714355076 0.13439328350944468 460
1739714355080 0.13245035229438476 461
1739714355083 0.1334925930224266 462
1739714355087 0.13435285956717527 463
1739714355091 0.13505669631931141 464
1739714355095 0.1356305771611555 465
1739714355099 0.13297940357111793 466
1739714355103 0.13143127943586105 467
1739714355106 0.13264921380149697 468
1739714355110 0.13366275380773404 469
1739714355114 0.13449564370803072 470
1739714355118 0.13517580191266854 471
1739714355122 0.13573038073890617 472
1739714355126 0.13343120896165256 473
1739714355129 0.13430444184718335 474
1739714355133 0.131977223073579 475
1739714355137 0.1331325471991428 476
1739714355141 0.13408163731179973 477
1739714355145 0.13485569771202965 478
1739714355149 0.1327834003255469 479
1739714355153 0.13376718163893472 480
1739714355156 0.134577290358188 481
1739714355160 0.1352392943714688 482
1739714355164 0.13268792679988667 483
1739714355169 0.1337381595965799 484
1739714355172 0.1319714303019068 485
1739714355176 0.1330953156782017 486
1739714355180 0.13402660466366662 487
1739714355183 0.13479020454085877 488
1739714355187 0.13541334010061287 489
1739714355191 0.1359216952580568 490
1739714355195 0.133578659783971 491
1739714355199 0.13145628483916294 492
1739714355203 0.13268964409596287 493
1739714355207 0.13371013135757306 494
1739714355211 0.13454568917311815 495
1739714355215 0.1352265535612405 496
1739714355219 0.13305536464606857 497
1739714355224 0.13399229773392424 498
1739714355228 0.1347622742759306 499
