1739714918543 164.6780134785317 0
1739714918548 161.3786253983819 1
1739714918554 158.15295579486872 2
1739714918563 154.9992443521115 3
1739714918574 151.91577596525482 4
1739714918581 148.9008794572863 5
1739714918586 145.9529263375471 6
1739714918593 143.07032960036 7
1739714918600 140.25154256226634 8
1739714918605 137.4950577364292 9
1739714918610 134.79940574282037 10
1739714918614 132.16315425286922 11
1739714918619 129.5849069673052 12
1739714918623 127.06330262598169 13
1739714918627 124.59701404851782 14
1739714918632 122.18474720464447 15
1739714918636 119.82524031318675 16
1739714918640 117.51726296865951 17
1739714918643 115.25961529449427 18
1739714918647 113.05112712195655 19
1739714918651 110.89065719385111 20
1739714918655 108.77709239214863 21
1739714918660 106.70934698870316 22
1739714918664 104.68636191826195 23
1739714918669 102.70710407300314 24
1739714918673 100.77056561786468 25
1739714918678 98.87576332595911 26
1739714918683 97.02173793339577 27
1739714918687 95.20755351285842 28
1739714918691 93.43229686531207 29
1739714918696 91.69507692923702 30
1739714918700 89.9950242068111 31
1739714918704 88.33129020648362 32
1739714918708 86.70304690140556 33
1739714918712 85.10948620320096 34
1739714918716 83.54981945058383 35
1739714918720 82.02327691234368 36
1739714918724 80.52910730424023 37
1739714918729 79.06657731936548 38
1739714918733 77.634971171547 39
1739714918737 76.23359015138222 40
1739714918742 74.86175219450892 41
1739714918747 73.51879146173052 42
1739714918751 72.20405793062936 43
1739714918755 70.91691699831397 44
1739714918759 69.65674909495893 45
1739714918764 68.42294930780828 46
1739714918768 67.21492701532495 47
1739714918772 66.03210553117931 48
1739714918776 64.87392175778197 49
1739714918780 63.73982584907446 50
1739714918784 62.62928088230281 51
1739714918788 61.54176253850764 52
1739714918792 60.47675879147358 53
1739714918796 59.43376960488996 54
1739714918800 58.41230663748248 55
1739714918804 57.41189295588414 56
1739714918808 56.43206275502121 57
1739714918812 55.47236108579748 58
1739714918816 54.53234358986712 59
1739714918821 53.61157624129359 60
1739714918825 52.709635094898424 61
1739714918829 51.82610604111005 62
1739714918833 50.96058456712933 63
1739714918837 50.11267552423366 64
1739714918841 49.28199290104813 65
1739714918912 48.46815960261666 66
1739714918916 47.67080723511222 67
1739714918920 46.8895758960296 68
1739714918924 46.124113969709555 69
1739714918929 45.374077928047576 70
1739714918933 44.63913213624534 71
1739714918937 43.91894866346689 72
1739714918941 43.21320709826629 73
1739714918945 42.52159436865696 74
1739714918949 41.843804566697806 75
1739714918953 41.17953877747361 76
1739714918957 40.52850491235237 77
1739714918961 39.89041754640452 78
1739714918965 39.26499775987331 79
1739714918969 38.651972983588216 80
1739714918973 38.05107684821694 81
1739714918977 37.462049037254175 82
1739714918983 36.884635143649 83
1739714918987 36.31858652997453 84
1739714918991 35.763660192047425 85
1739714918995 35.21961862590663 86
1739714918999 34.686229698063805 87
1739714919003 34.16326651894028 88
1739714919007 33.65050731940762 89
1739714919011 33.14773533035163 90
1739714919015 32.65473866518145 91
1739714919019 32.171310205207995 92
1739714919023 31.697247487817812 93
1739714919027 31.232352597370596 94
1739714919031 30.776432058750736 95
1739714919035 30.329296733504965 96
1739714919039 29.890761718500322 97
1739714919043 29.460646247037996 98
1739714919047 29.038773592361135 99
1739714919051 28.62497097349559 100
1739714919055 28.219069463364676 101
1739714919059 27.82090389912074 102
1739714919063 27.430312794637366 103
1739714919067 27.047138255108166 104
1739714919071 26.67122589369907 105
1739714919075 26.30242475020274 106
1739714919079 25.94058721164506 107
1739714919083 25.585568934794846 108
1739714919087 25.237228770529356 109
1739714919091 24.895428690009453 110
1739714919097 24.560033712619393 111
1739714919101 24.230911835627435 112
1739714919106 23.907933965524595 113
1739714919110 23.59097385100026 114
1739714919114 23.279908017513723 115
1739714919118 22.97461570342283 116
1739714919122 22.674978797631077 117
1739714919126 22.380881778715622 118
1739714919131 22.09221165550025 119
1739714919134 21.80885790903755 120
1739714919139 21.530712435965633 121
1739714919144 21.257669493206286 122
1739714919148 20.989625643970935 123
1739714919153 20.726479705043356 124
1739714919159 20.468132695307343 125
1739714919163 20.214487785489222 126
1739714919168 19.965450249085773 127
1739714919172 19.720927414448457 128
1739714919177 19.480828617996167 129
1739714919181 19.245065158528835 130
1739714919185 19.013550252615463 131
1739714919189 18.786198991030396 132
1739714919193 18.562928296212515 133
1739714919197 18.343656880722687 134
1739714919201 18.128305206675357 135
1739714919205 17.916795446120705 136
1739714919210 17.709051442354514 137
1739714919214 17.504998672133535 138
1739714919218 17.304564208774284 139
1739714919222 17.107676686114264 140
1739714919226 16.914266263314865 141
1739714919231 16.72426459048572 142
1739714919235 16.53760477511072 143
1739714919239 16.35422134925667 144
1739714919243 16.17405023754575 145
1739714919247 15.9970287258735 146
1739714919252 15.823095430854499 147
1739714919256 15.65219026997837 148
1739714919260 15.484254432459302 149
1739714919264 15.319230350762288 150
1739714919268 15.157061672790123 151
1739714919272 14.99769323471534 152
1739714919276 14.84107103444189 153
1739714919280 14.687142205681331 154
1739714919285 14.5358549926292 155
1739714919289 14.387158725227026 156
1739714919293 14.241003794996375 157
1739714919297 14.09734163143109 158
1739714919301 13.956124678934748 159
1739714919305 13.817306374290094 160
1739714919308 13.680841124648236 161
1739714919312 13.546684286024988 162
1739714919316 13.414792142292493 163
1739714919320 13.285121884654496 164
1739714919324 13.157631591593667 165
1739714919328 13.032280209279923 166
1739714919332 12.90902753242894 167
1739714919336 12.787834185600094 168
1739714919340 12.668661604923587 169
1739714919345 12.551472020246583 170
1739714919349 12.436228437688523 171
1739714919353 12.322894622595948 172
1739714919357 12.211435082887585 173
1739714919361 12.101815052780163 174
1739714919365 11.99400047688656 175
1739714919369 11.887957994676986 176
1739714919373 11.783654925294995 177
1739714919377 11.681059252720045 178
1739714919382 11.580139611268244 179
1739714919386 11.480865271423509 180
1739714919390 11.383206125991402 181
1739714919395 11.287132676568095 182
1739714919399 11.192616020316992 183
1739714919403 11.099627837045896 184
1739714919407 11.008140376577712 185
1739714919412 10.918126446407799 186
1739714919416 10.829559399641196 187
1739714919421 10.742413123203413 188
1739714919425 10.656662026318081 189
1739714919429 10.572281029245618 190
1739714919433 10.489245552276422 191
1739714919437 10.407531504973074 192
1739714919441 10.327115275655382 193
1739714919445 10.247973721122912 194
1739714919448 10.1700841566092 195
1739714919452 10.093424345962584 196
1739714919456 10.01797249204812 197
1739714919460 9.943707227365548 198
1739714919464 9.870607604878302 199
1739714919469 9.798653089048644 200
1739714919473 9.7278235470742 201
1739714919478 9.658099240321114 202
1739714919482 9.589460815949389 203
1739714919486 9.52188929872583 204
1739714919491 9.455366083020463 205
1739714919497 9.389872924981876 206
1739714919501 9.325391934887643 207
1739714919506 9.261905569665645 208
1739714919510 9.199396625582253 209
1739714919514 9.137848231093775 210
1739714919519 9.077243839857077 211
1739714919524 9.01756722389604 212
1739714919528 8.958802466919943 213
1739714919532 8.900933957790555 214
1739714919537 8.843946384134288 215
1739714919541 8.787824726096204 216
1739714919545 8.732554250232555 217
1739714919549 8.678120503538715 218
1739714919553 8.62450930760934 219
1739714919558 8.571706752927714 220
1739714919562 8.51969919328144 221
1739714919566 8.46847324030138 222
1739714919570 8.418015758121186 223
1739714919574 8.368313858154563 224
1739714919579 8.319354893987576 225
1739714919583 8.271126456383449 226
1739714919587 8.223616368397133 227
1739714919591 8.176812680597296 228
1739714919595 8.130703666393154 229
1739714919599 8.085277817463819 230
1739714919604 8.040523839287792 231
1739714919608 7.996430646770281 232
1739714919612 7.952987359966253 233
1739714919616 7.910183299896858 234
1739714919620 7.868007984457169 235
1739714919624 7.826451124413249 236
1739714919629 7.785502619486362 237
1739714919633 7.745152554522453 238
1739714919638 7.7053911957448955 239
1739714919642 7.666208987088675 240
1739714919646 7.627596546614102 241
1739714919650 7.589544662998256 242
1739714919654 7.5520442921025115 243
1739714919657 7.515086553614166 244
1739714919661 7.478662727760868 245
1739714919665 7.44276425209576 246
1739714919669 7.407382718352117 247
1739714919674 7.372509869365703 248
1739714919678 7.338137596063365 249
1739714919682 7.304257934516346 250
1739714919686 7.270863063056936 251
1739714919690 7.23794529945696 252
1739714919694 7.2054970981666795 253
1739714919698 7.173511047612895 254
1739714919702 7.141979867554692 255
1739714919707 7.110896406495817 256
1739714919710 7.080253639152099 257
1739714919714 7.050044663972952 258
1739714919718 7.020262700715579 259
1739714919723 6.990901088070757 260
1739714919727 6.961953281339071 261
1739714919731 6.933412850156352 262
1739714919735 6.905273476267403 263
1739714919739 6.877528951346742 264
1739714919743 6.850173174865487 265
1739714919750 6.823200152003203 266
1739714919755 6.796603991603802 267
1739714919760 6.770378904174452 268
1739714919764 6.744519199926634 269
1739714919768 6.719019286858259 270
1739714919773 6.6938736688761304 271
1739714919777 6.669076943957608 272
1739714919781 6.644623802350849 273
1739714919785 6.62050902481262 274
1739714919789 6.596727480882879 275
1739714919793 6.573274127195311 276
1739714919797 6.550144005823053 277
1739714919804 6.527332242658826 278
1739714919811 6.504834045828652 279
1739714919817 6.48264470413849 280
1739714919822 6.4607595855530136 281
1739714919826 6.439174135705847 282
1739714919831 6.417883876440621 283
1739714919835 6.396884404381969 284
1739714919839 6.376171389536122 285
1739714919845 6.355740573920138 286
1739714919850 6.335587770219362 287
1739714919854 6.315708860472381 288
1739714919859 6.296099794782923 289
1739714919863 6.2767565900580555 290
1739714919868 6.257675328772169 291
1739714919872 6.238852157756189 292
1739714919877 6.220283287011347 293
1739714919881 6.201964988547206 294
1739714919885 6.1838935952431235 295
1739714919889 6.166065499732854 296
1739714919893 6.148477153311739 297
1739714919897 6.131125064865967 298
1739714919902 6.114005799823396 299
1739714919906 6.097115979125564 300
1739714919910 6.080452278220355 301
1739714919914 6.064011426074871 302
1739714919919 6.047790204208133 303
1739714919924 6.031785445743142 304
1739714919928 6.015994034477856 305
1739714919932 6.000412903974735 306
1739714919937 5.985039036668449 307
1739714919941 5.96986946299122 308
1739714919945 5.954901260515741 309
1739714919949 5.94013155311488 310
1739714919953 5.9255575101381375 311
1739714919957 5.911176345604369 312
1739714919962 5.896985317410385 313
1739714919966 5.882981726555207 314
1739714919970 5.869162916379536 315
1739714919974 5.855526271820156 316
1739714919978 5.842069218678959 317
1739714919983 5.828789222906306 318
1739714919988 5.8156837898983 319
1739714919993 5.80275046380787 320
1739714919997 5.78998682686919 321
1739714920001 5.77739049873524 322
1739714920006 5.7649591358282555 323
1739714920010 5.7526904307027245 324
1739714920014 5.740582111420694 325
1739714920019 5.728631940939145 326
1739714920023 5.716837716509188 327
1739714920027 5.705197269086798 328
1739714920031 5.693708462754825 329
1739714920035 5.68236919415613 330
1739714920039 5.671177391937583 331
1739714920043 5.660131016204569 332
1739714920047 5.6492280579860275 333
1739714920051 5.6384665387095945 334
1739714920055 5.627844509686675 335
1739714920060 5.6173600516074 336
1739714920064 5.607011274045013 337
1739714920068 5.596796314969689 338
1739714920072 5.586713340271461 339
1739714920076 5.576760543292219 340
1739714920080 5.566936144366382 341
1739714920084 5.557238390370286 342
1739714920088 5.547665554279907 343
1739714920093 5.5382159347369315 344
1739714920097 5.52888785562284 345
1739714920101 5.519679665640988 346
1739714920105 5.510589737906376 347
1739714920109 5.50161646954309 348
1739714920113 5.492758281289107 349
1739714920118 5.484013617108482 350
1739714920122 5.475380943810656 351
1739714920126 5.466858750676711 352
1739714920130 5.458445549092566 353
1739714920134 5.450139872188844 354
1739714920138 5.4419402744873135 355
1739714920142 5.433845331553847 356
1739714920146 5.425853639657623 357
1739714920150 5.417963815436579 358
1739714920154 5.410174495568912 359
1739714920158 5.40248433645053 360
1739714920162 5.394892013878289 361
1739714920166 5.387396222739057 362
1739714920171 5.379995676704237 363
1739714920175 5.372689107929874 364
1739714920179 5.3654752667621 365
1739714920183 5.358352921447876 366
1739714920187 5.351320857850827 367
1739714920191 5.344377879172235 368
1739714920195 5.33752280567695 369
1739714920199 5.33075447442414 370
1739714920203 5.32407173900286 371
1739714920207 5.3174734692722705 372
1739714920211 5.3109585511064195 373
1739714920215 5.304525886143581 374
1739714920219 5.298174391539894 375
1739714920223 5.291902999727455 376
1739714920227 5.28571065817651 377
1739714920231 5.279596329161885 378
1739714920235 5.273558989533475 379
1739714920239 5.267597630490692 380
1739714920243 5.2617112573608535 381
1739714920247 5.255898889381408 382
1739714920251 5.250159559485921 383
1739714920255 5.244492314093753 384
1739714920260 5.2388962129033265 385
1739714920264 5.233370328689048 386
1739714920268 5.227913747101574 387
1739714920272 5.22252556647156 388
1739714920276 5.217204897616827 389
1739714920280 5.211950863652652 390
1739714920284 5.206762599805466 391
1739714920289 5.201639253229572 392
1739714920293 5.1965799828270365 393
1739714920297 5.191583959070616 394
1739714920301 5.186650363829653 395
1739714920305 5.181778390198925 396
1739714920309 5.176967242330334 397
1739714920314 5.172216135267477 398
1739714920318 5.167524294782898 399
1739714920322 5.162890957218142 400
1739714920326 5.158315369326418 401
1739714920330 5.153796788117893 402
1739714920334 5.149334480707578 403
1739714920338 5.144927724165664 404
1739714920342 5.140575805370438 405
1739714920346 5.1362780208635 406
1739714920350 5.132033676707463 407
1739714920354 5.127842088345958 408
1739714920358 5.123702580465891 409
1739714920363 5.119614486862024 410
1739714920367 5.115577150303704 411
1739714920371 5.111589922403812 412
1739714920375 5.107652163489804 413
1739714920379 5.103763242476859 414
1739714920383 5.09992253674311 415
1739714920387 5.096129432006842 416
1739714920392 5.09238332220566 417
1739714920395 5.0886836093776955 418
1739714920399 5.085029703544614 419
1739714920404 5.081421022596563 420
1739714920408 5.077856992178908 421
1739714920412 5.074337045580857 422
1739714920416 5.070860623625763 423
1739714920420 5.067427174563232 424
1739714920425 5.064036153962949 425
1739714920429 5.060687024610139 426
1739714920433 5.057379256402719 427
1739714920437 5.05411232625006 428
1739714920440 5.050885717973338 429
1739714920444 5.047698922207448 430
1739714920448 5.044551436304497 431
1739714920452 5.041442764238732 432
1739714920456 5.038372416513025 433
1739714920460 5.035339910066762 434
1739714920464 5.032344768185221 435
1739714920468 5.029386520410297 436
1739714920472 5.026464702452669 437
1739714920477 5.02357885610526 438
1739714920481 5.020728529158098 439
1739714920485 5.017913275314467 440
1739714920488 5.015132654108322 441
1739714920492 5.012386230822977 442
1739714920496 5.009673576411116 443
1739714920500 5.006994267415904 444
1739714920505 5.004347885893398 445
1739714920509 5.001734019336084 446
1739714920513 4.999152260597619 447
1739714920517 4.9966022078186985 448
1739714920521 4.994083464354021 449
1739714920525 4.991595638700415 450
1739714920529 4.989138344425987 451
1739714920533 4.986711200100379 452
1739714920537 4.9843138292260765 453
1739714920541 4.981945860170721 454
1739714920545 4.979606926100471 455
1739714920549 4.977296664914291 456
1739714920553 4.975014719179331 457
1739714920557 4.972760736067185 458
1739714920561 4.970534367291129 459
1739714920565 4.968335269044279 460
1739714920569 4.966163101938672 461
1739714920573 4.964017530945251 462
1739714920578 4.961898225334753 463
1739714920581 4.959804858619424 464
1739714920585 4.957737108495639 465
1739714920589 4.955694656787344 466
1739714920594 4.953677189390327 467
1739714920597 4.951684396217317 468
1739714920601 4.9497159711438625 469
1739714920605 4.947771611955032 470
1739714920609 4.94585102029288 471
1739714920614 4.94395390160466 472
1739714920618 4.942079965091793 473
1739714920622 4.940228923659629 474
1739714920626 4.938400493867851 475
1739714920630 4.936594395881651 476
1739714920634 4.934810353423621 477
1739714920638 4.933048093726269 478
1739714920642 4.931307347485331 479
1739714920646 4.9295878488136085 480
1739714920650 4.927889335195617 481
1739714920654 4.9262115474427635 482
1739714920658 4.924554229649241 483
1739714920662 4.922917129148512 484
1739714920666 4.921299996470454 485
1739714920670 4.919702585299053 486
1739714920675 4.918124652430766 487
1739714920679 4.916565957733388 488
1739714920683 4.91502626410562 489
1739714920687 4.91350533743711 490
1739714920691 4.9120029465690935 491
1739714920695 4.9105188632555885 492
1739714920699 4.909052862125139 493
1739714920703 4.907604720643098 494
1739714920707 4.906174219074417 495
1739714920711 4.904761140447001 496
1739714920715 4.903365270515546 497
1739714920719 4.901986397725863 498
1739714920723 4.900624313179764 499
