1739715179367 169.71003452362734 0
1739715179374 169.45432198050068 1
1739715179380 169.12341370076817 2
1739715179386 168.7715941013827 3
1739715179391 168.4150822629685 4
1739715179396 168.0586645502648 5
1739715179401 167.70370159773915 6
1739715179407 167.35053170515354 7
1739715179412 166.99919161892606 8
1739715179418 166.64963239617964 9
1739715179424 166.3017838033527 10
1739715179429 165.95557329985192 11
1739715179435 165.61093142240958 12
1739715179442 165.26779311341124 13
1739715179448 164.92609785447056 14
1739715179453 164.58578946196528 15
1739715179460 164.24681579998045 16
1739715179465 163.90912848583793 17
1739715179471 163.5726826094216 18
1739715179476 163.23743647142092 19
1739715179481 162.90335134088505 20
1739715179487 162.5703912311501 21
1739715179492 162.238522692885 22
1739715179498 161.90771462298176 23
1739715179503 161.57793808808017 24
1739715179508 161.24916616160058 25
1739715179513 160.92137377324173 26
1739715179518 160.59453756998266 27
1739715179523 160.26863578769976 28
1739715179528 159.9436481325805 29
1739715179534 159.61955567157838 30
1739715179539 159.29634073121247 31
1739715179544 158.97398680406795 32
1739715179550 158.65247846240575 33
1739715179555 158.33180127833342 34
1739715179561 158.01194175003323 35
1739715179567 157.69288723358127 36
1739715179573 157.37462587992897 37
1739715179579 157.0571465766499 38
1739715179585 156.7404388940867 39
1739715179591 156.42449303556103 40
1739715179596 156.1092997913345 41
1739715179601 155.7948504960348 42
1739715179606 155.48113698927975 43
1739715179612 155.1681515792577 44
1739715179618 154.855887009036 45
1739715179623 154.54433642539013 46
1739715179629 154.23349334996263 47
1739715179634 153.92335165257163 48
1739715179639 153.6139055265085 49
1739715179645 153.30514946567035 50
1739715179651 152.9970782433905 51
1739715179657 152.68968689283636 52
1739715179663 152.38297068885683 53
1739715179669 152.076925131169 54
1739715179674 151.77154592878307 55
1739715179680 151.46682898557154 56
1739715179685 151.1627703868971 57
1739715179690 150.8593663872185 58
1739715179696 150.55661339860117 59
1739715179701 150.25450798006486 60
1739715179714 149.95304682770504 61
1739715179733 149.65222676553003 62
1739715179743 149.35204473696075 63
1739715179749 149.05249779694265 64
1739715179756 148.75358310462528 65
1739715179762 148.45529791656642 66
1739715179768 148.15763958042146 67
1739715179773 147.86060552908316 68
1739715179778 147.56419327523724 69
1739715179784 147.26840040630344 70
1739715179789 146.9732245797336 71
1739715179795 146.67866351864075 72
1739715179801 146.38471500773397 73
1739715179806 146.0913768895374 74
1739715179812 145.7986470608723 75
1739715179817 145.50652346958273 76
1739715179823 145.21500411148753 77
1739715179828 144.92408702754122 78
1739715179833 144.63377030119 79
1739715179839 144.34405205590758 80
1739715179844 144.0549304528981 81
1739715179849 143.76640368895445 82
1739715179855 143.47846999446068 83
1739715179860 143.19112763152773 84
1739715179866 142.90437489225357 85
1739715179872 142.61821009709863 86
1739715179877 142.33263159336812 87
1739715179882 142.04763775379396 88
1739715179887 141.7632269752092 89
1739715179893 141.47939767730827 90
1739715179898 141.19614830148734 91
1739715179904 140.91347730975892 92
1739715179909 140.63138318373566 93
1739715179915 140.34986442367816 94
1739715179920 140.06891954760346 95
1739715179925 139.78854709044853 96
1739715179930 139.50874560328597 97
1739715179935 139.2295136525885 98
1739715179941 138.95084981953772 99
1739715179946 138.67275269937582 100
1739715179951 138.3952209007959 101
1739715179957 138.11825304536896 102
1739715179963 137.84184776700525 103
1739715179969 137.56600371144725 104
1739715179974 137.29071953579248 105
1739715179980 137.015993908044 106
1739715179985 136.74182550668715 107
1739715179990 136.46821302029002 108
1739715179995 136.19515514712722 109
1739715180000 135.92265059482446 110
1739715180005 135.65069808002318 111
1739715180010 135.3792963280635 112
1739715180015 135.10844407268516 113
1739715180021 134.83814005574393 114
1739715180026 134.56838302694416 115
1739715180031 134.299171743585 116
1739715180036 134.0305049703204 117
1739715180040 133.76238147893167 118
1739715180045 133.49480004811184 119
1739715180051 133.22775946326098 120
1739715180056 132.96125851629233 121
1739715180062 132.69529600544794 122
1739715180066 132.42987073512364 123
1739715180071 132.16498151570264 124
1739715180076 131.90062716339736 125
1739715180081 131.63680650009897 126
1739715180086 131.3735183532341 127
1739715180090 131.1107615556283 128
1739715180095 130.8485349453763 129
1739715180100 130.58683736571774 130
1739715180106 130.3256676649192 131
1739715180111 130.06502469616132 132
1739715180116 129.80490731743095 133
1739715180121 129.54531439141857 134
1739715180125 129.28624478541963 135
1739715180130 129.0276973712407 136
1739715180135 128.76967102510943 137
1739715180140 128.51216462758856 138
1739715180145 128.25517706349336 139
1739715180150 127.99870722181268 140
1739715180156 127.74275399563321 141
1739715180161 127.48731628206693 142
1739715180166 127.23239298218141 143
1739715180171 126.97798300093288 144
1739715180176 126.72408524710214 145
1739715180181 126.47069863323273 146
1739715180186 126.21782207557168 147
1739715180191 125.96545449401255 148
1739715180196 125.71359481204047 149
1739715180202 125.46224195667934 150
1739715180209 125.21139485844093 151
1739715180215 124.9610524512761 152
1739715180220 124.71121367252728 153
1739715180225 124.4618774628832 154
1739715180231 124.21304276633477 155
1739715180237 123.96470853013288 156
1739715180243 123.71687370474739 157
1739715180249 123.46953724382765 158
1739715180254 123.22269810416417 159
1739715180259 122.97635524565204 160
1739715180264 122.7305076312549 161
1739715180269 122.48515422697054 162
1739715180274 122.2402940017976 163
1739715180280 121.99592592770303 164
1739715180285 121.75204897959085 165
1739715180291 121.50866213527185 166
1739715180296 121.26576437543396 167
1739715180301 121.02335468361396 168
1739715180306 120.7814320461696 169
1739715180312 120.53999545225278 170
1739715180317 120.29904389378369 171
1739715180326 120.0585763654251 172
1739715180331 119.81859186455804 173
1739715180337 119.57908939125784 174
1739715180342 119.34006794827081 175
1739715180347 119.10152654099166 176
1739715180353 118.86346417744163 177
1739715180359 118.62587986824686 178
1739715180364 118.38877262661774 179
1739715180369 118.15214146832857 180
1739715180375 117.91598541169772 181
1739715180380 117.6803034775685 182
1739715180385 117.44509468929029 183
1739715180390 117.21035807270016 184
1739715180395 116.97609265610521 185
1739715180402 116.7422974702649 186
1739715180408 116.50897154837425 187
1739715180416 116.27611392604706 188
1739715180422 116.04372364129978 189
1739715180428 115.8117997345356 190
1739715180433 115.58034124852904 191
1739715180438 115.34934722841066 192
1739715180444 115.11881672165244 193
1739715180450 114.88874877805314 194
1739715180455 114.65914244972404 195
1739715180461 114.42999679107541 196
1739715180466 114.20131085880259 197
1739715180472 113.9730837118728 198
1739715180477 113.74531441151215 199
1739715180482 113.51800202119283 200
1739715180487 113.29114560662056 201
1739715180492 113.06474423572243 202
1739715180498 112.8387969786347 203
1739715180503 112.6133029076912 204
1739715180508 112.38826109741159 205
1739715180513 112.16367062449001 206
1739715180519 111.93953056778408 207
1739715180524 111.71584000830376 208
1739715180529 111.49259802920066 209
1739715180535 111.2698037157575 210
1739715180540 111.04745615537772 211
1739715180544 110.82555443757528 212
1739715180549 110.60409765396459 213
1739715180555 110.38308489825057 214
1739715180560 110.1625152662192 215
1739715180568 109.94238785572772 216
1739715180574 109.72270176669535 217
1739715180580 109.50345610109412 218
1739715180585 109.28464996293953 219
1739715180590 109.06628245828193 220
1739715180595 108.84835269519736 221
1739715180600 108.63085978377919 222
1739715180605 108.41380283612926 223
1739715180609 108.19718096634959 224
1739715180614 107.98099329053416 225
1739715180620 107.76523892676052 226
1739715180625 107.54991699508187 227
1739715180630 107.33502661751896 228
1739715180635 107.12056691805242 229
1739715180640 106.90653702261474 230
1739715180644 106.69293605908288 231
1739715180649 106.47976315727067 232
1739715180654 106.26701744892114 233
1739715180660 106.05469806769948 234
1739715180664 105.84280414918557 235
1739715180669 105.63133483086698 236
1739715180674 105.4202892521316 237
1739715180679 105.20966655426103 238
1739715180685 104.99946588042336 239
1739715180690 104.7896863756665 240
1739715180695 104.58032718691136 241
1739715180700 104.37138746294525 242
1739715180705 104.16286635441521 243
1739715180710 103.95476301382156 244
1739715180715 103.7470765955114 245
1739715180720 103.53980625567223 246
1739715180725 103.33295115232576 247
1739715180730 103.12651044532147 248
1739715180735 102.92048329633066 249
1739715180740 102.71486886884017 250
1739715180745 102.50966632814637 251
1739715180761 102.30487484134926 252
1739715180767 102.1004935773466 253
1739715180772 101.89652170682776 254
1739715180778 101.69295840226815 255
1739715180783 101.48980283792353 256
1739715180788 101.28705418982416 257
1739715180794 101.08471163576911 258
1739715180799 100.88277435532098 259
1739715180804 100.68124152979996 260
1739715180809 100.48011234227874 261
1739715180814 100.27938597757678 262
1739715180819 100.07906162225507 263
1739715180824 99.87913846461076 264
1739715180829 99.67961569467188 265
1739715180834 99.48049250419217 266
1739715180839 99.28176808664571 267
1739715180844 99.08344163722182 268
1739715180849 98.88551235282017 269
1739715180854 98.68797943204538 270
1739715180859 98.49084207520224 271
1739715180864 98.29409948429058 272
1739715180869 98.09775086300043 273
1739715180875 97.90179541670699 274
1739715180879 97.70623235246592 275
1739715180884 97.51106087900841 276
1739715180889 97.31628020673634 277
1739715180894 97.12188954771766 278
1739715180899 96.9278881156816 279
1739715180904 96.73427512601391 280
1739715180910 96.54104979575239 281
1739715180915 96.34821134358212 282
1739715180920 96.15575898983086 283
1739715180924 95.96369195646463 284
1739715180929 95.77200946708318 285
1739715180934 95.58071074691534 286
1739715180939 95.38979502281475 287
1739715180943 95.19926152325534 288
1739715180949 95.0091094783269 289
1739715180954 94.81933811973087 290
1739715180959 94.62994668077586 291
1739715180964 94.44093439637335 292
1739715180970 94.2523005030335 293
1739715180976 94.0640442388608 294
1739715180981 93.87616484354996 295
1739715180987 93.68866155838151 296
1739715180993 93.50153362621793 297
1739715180998 93.3147802914992 298
1739715181004 93.12840080023891 299
1739715181009 92.94239440001999 300
1739715181014 92.75676033999076 301
1739715181020 92.57149787086087 302
1739715181025 92.38660624489724 303
1739715181030 92.20208471592002 304
1739715181035 92.01793253929874 305
1739715181041 91.83414897194827 306
1739715181046 91.65073327232486 307
1739715181051 91.46768470042235 308
1739715181057 91.28500251776819 309
1739715181063 91.10268598741959 310
1739715181068 90.92073437395975 311
1739715181074 90.7391469434939 312
1739715181079 90.55792296364567 313
1739715181084 90.37706170355305 314
1739715181089 90.19656243386501 315
1739715181095 90.01642442673747 316
1739715181100 89.8366469558296 317
1739715181105 89.65722929630024 318
1739715181111 89.47817072480414 319
1739715181116 89.29947051948837 320
1739715181121 89.12112795998848 321
1739715181125 88.94314232742518 322
1739715181130 88.76551290440042 323
1739715181135 88.58823897499406 324
1739715181141 88.41131982476011 325
1739715181145 88.23475474072328 326
1739715181151 88.05854301137538 327
1739715181156 87.88268392667177 328
1739715181162 87.7071767780281 329
1739715181167 87.53202085831643 330
1739715181173 87.35721546186207 331
1739715181179 87.18275988443997 332
1739715181183 87.00865342327134 333
1739715181188 86.83489537702022 334
1739715181193 86.66148504579 335
1739715181198 86.48842173112021 336
1739715181203 86.31570473598289 337
1739715181208 86.14333336477944 338
1739715181213 85.97130692333712 339
1739715181218 85.79962471890589 340
1739715181223 85.62828606015484 341
1739715181228 85.4572902571691 342
1739715181233 85.28663662144652 343
1739715181238 85.1163244658943 344
1739715181242 84.94635310482573 345
1739715181247 84.77672185395707 346
1739715181252 84.6074300304042 347
1739715181258 84.43847695267937 348
1739715181263 84.2698619406881 349
1739715181268 84.10158431572596 350
1739715181274 83.93364340047529 351
1739715181279 83.76603851900207 352
1739715181284 83.59876899675288 353
1739715181290 83.43183416055162 354
1739715181295 83.2652333385963 355
1739715181301 83.09896586045622 356
1739715181307 82.93303105706853 357
1739715181313 82.76742826073533 358
1739715181319 82.60215680512054 359
1739715181327 82.43721602524677 360
1739715181332 82.27260525749232 361
1739715181338 82.10832383958812 362
1739715181343 81.9443711106147 363
1739715181348 81.78074641099907 364
1739715181353 81.61744908251184 365
1739715181359 81.45447846826411 366
1739715181366 81.29183391270456 367
1739715181372 81.12951476161635 368
1739715181379 80.96752036211429 369
1739715181385 80.80585006264167 370
1739715181391 80.64450321296762 371
1739715181396 80.48347916418383 372
1739715181402 80.32277726870188 373
1739715181408 80.16239688025011 374
1739715181413 80.00233735387094 375
1739715181419 79.84259804591767 376
1739715181424 79.68317831405191 377
1739715181429 79.52407751724047 378
1739715181435 79.36529501575254 379
1739715181440 79.20683017115694 380
1739715181445 79.04868234631905 381
1739715181450 78.89085090539827 382
1739715181455 78.73333521384474 383
1739715181460 78.57613463839711 384
1739715181467 78.41924854707916 385
1739715181472 78.26267630919726 386
1739715181477 78.10641729533764 387
1739715181482 77.95047087736351 388
1739715181487 77.79483642841215 389
1739715181492 77.63951332289243 390
1739715181497 77.48450093648172 391
1739715181503 77.32979864612346 392
1739715181508 77.17540583002416 393
1739715181513 77.02132186765084 394
1739715181518 76.86754613972813 395
1739715181523 76.71407802823572 396
1739715181528 76.56091691640566 397
1739715181534 76.40806218871937 398
1739715181541 76.25551323090535 399
1739715181547 76.10326942993615 400
1739715181553 75.95133017402603 401
1739715181558 75.7996948526279 402
1739715181564 75.64836285643096 403
1739715181570 75.497333577358 404
1739715181577 75.34660640856264 405
1739715181582 75.19618074442675 406
1739715181588 75.04605598055788 407
1739715181593 74.89623151378655 408
1739715181598 74.74670674216365 409
1739715181603 74.59748106495792 410
1739715181608 74.44855388265326 411
1739715181613 74.29992459694614 412
1739715181619 74.15159261074311 413
1739715181625 74.0035573281581 414
1739715181630 73.8558181545099 415
1739715181636 73.70837449631964 416
1739715181641 73.56122576130818 417
1739715181646 73.41437135839364 418
1739715181651 73.26781069768876 419
1739715181656 73.12154319049834 420
1739715181661 72.9755682493169 421
1739715181666 72.82988528782604 422
1739715181671 72.68449372089185 423
1739715181676 72.53939296456257 424
1739715181681 72.3945824360659 425
1739715181686 72.25006155380682 426
1739715181691 72.10582973736469 427
1739715181696 71.96188640749111 428
1739715181701 71.81823098610734 429
1739715181706 71.67486289630168 430
1739715181710 71.53178156232741 431
1739715181715 71.38898640959981 432
1739715181720 71.24647686469417 433
1739715181725 71.1042523553431 434
1739715181730 70.96231231043414 435
1739715181735 70.82065616000752 436
1739715181740 70.67928333525334 437
1739715181745 70.53819326850964 438
1739715181750 70.39738539325965 439
1739715181755 70.25685914412948 440
1739715181762 70.11661395688576 441
1739715181768 69.9766492684333 442
1739715181774 69.8369645168126 443
1739715181779 69.69755914119746 444
1739715181785 69.55843258189275 445
1739715181792 69.41958428033202 446
1739715181797 69.281013679075 447
1739715181803 69.14272022180535 448
1739715181808 69.00470335332842 449
1739715181814 68.86696251956857 450
1739715181820 68.72949716756733 451
1739715181825 68.59230674548067 452
1739715181831 68.45539070257688 453
1739715181837 68.31874848923411 454
1739715181843 68.18237955693819 455
1739715181849 68.04628335828036 456
1739715181854 67.91045934695478 457
1739715181859 67.77490697775644 458
1739715181865 67.63962570657874 459
1739715181871 67.50461499041126 460
1739715181877 67.36987428733751 461
1739715181882 67.23540305653252 462
1739715181887 67.10120075826096 463
1739715181893 66.96726685387424 464
1739715181898 66.83360080580894 465
1739715181903 66.70020207758408 466
1739715181909 66.56707013379912 467
1739715181914 66.4342044401316 468
1739715181920 66.30160446333502 469
1739715181925 66.16926967123652 470
1739715181930 66.03719953273468 471
1739715181935 65.90539351779736 472
1739715181941 65.77385109745947 473
1739715181946 65.64257174382064 474
1739715181951 65.51155493004329 475
1739715181956 65.38080013035007 476
1739715181962 65.25030682002212 477
1739715181967 65.12007447539642 478
1739715181972 64.990102573864 479
1739715181978 64.86039059386752 480
1739715181983 64.7309380148992 481
1739715181988 64.60174431749856 482
1739715181994 64.47280898325056 483
1739715181999 64.34413149478299 484
1739715182004 64.21571133576484 485
1739715182009 64.08754799090349 486
1739715182014 63.95964094594339 487
1739715182019 63.83198968766321 488
1739715182025 63.70459370387418 489
1739715182030 63.57745248341766 490
1739715182035 63.45056551616327 491
1739715182040 63.32393229300656 492
1739715182045 63.197552305867084 493
1739715182050 63.07142504768625 494
1739715182055 62.94555001242503 495
1739715182060 62.81992669506222 496
1739715182065 62.69455459159208 497
1739715182070 62.56943319902229 498
1739715182075 62.44456201537195 499
