1739716044699 143.80899205870722 0
1739716044705 125.96515065073775 1
1739716044710 109.18152278276075 2
1739716044715 94.72154837514655 3
1739716044720 79.87236092202166 4
1739716044724 68.16964917296632 5
1739716044729 61.695711572337714 6
1739716044734 52.637036748092974 7
1739716044738 44.96446530089874 8
1739716044743 39.20135629135254 9
1739716044748 32.660492266330955 10
1739716044752 29.370107412256036 11
1739716044757 24.543566330700163 12
1739716044762 21.815509655708237 13
1739716044767 18.257493430649184 14
1739716044771 15.34953553482013 15
1739716044776 13.10149573110824 16
1739716044780 12.238830870070007 17
1739716044784 9.842705771399867 18
1739716044788 8.809175419200907 19
1739716044793 7.694647915497428 20
1739716044797 7.195125616177816 21
1739716044802 5.491957439986851 22
1739716044807 4.975456324570886 23
1739716044811 4.814905353398434 24
1739716044816 3.9600278021865183 25
1739716044821 3.428857881086685 26
1739716044825 3.0028346989569914 27
1739716044830 2.444776394339959 28
1739716044835 2.4909655545609266 29
1739716044839 2.009892557232341 30
1739716044844 1.8475185868379507 31
1739716044849 1.5959215874973172 32
1739716044853 1.2781074572389268 33
1739716044858 1.1281851696530893 34
1739716044863 1.1701013114557046 35
1739716044867 0.9293058556084471 36
1739716044872 0.7066662097351926 37
1739716044877 0.7747797810830186 38
1739716044882 0.8049892055683101 39
1739716044886 0.6482009314200049 40
1739716044891 0.5727108610423333 41
1739716044895 0.4395030712502802 42
1739716044900 0.5872958638567815 43
1739716044906 0.4006734411431818 44
1739716044911 0.30606617584106954 45
1739716044916 0.37487117694604755 46
1739716044921 0.31270046316936606 47
1739716044927 0.336526258362809 48
1739716044932 0.2399468140283054 49
1739716044936 0.35037562709578757 50
1739716044941 0.3057408736145458 51
1739716044947 0.3415716990979502 52
1739716044952 0.2021354354408869 53
1739716044957 0.3717301027096936 54
1739716044962 0.25209735397730787 55
1739716044967 0.1809104823911531 56
1739716044971 0.2329193936503499 57
1739716044976 0.24207850328655334 58
1739716044981 0.22386786584443424 59
1739716044985 0.32709922316241363 60
1739716044990 0.2201420837187576 61
1739716044994 0.16483443411802667 62
1739716044999 0.22342725146349676 63
1739716045003 0.26113544202981265 64
1739716045008 0.251729375787411 65
1739716045013 0.23406842462118832 66
1739716045018 0.3589092898629804 67
1739716045022 0.2207123437755154 68
1739716045027 0.1914344935006963 69
1739716045031 0.21108811003492978 70
1739716045036 0.1841591995453948 71
1739716045041 0.1826230131048352 72
1739716045045 0.15130053096098517 73
1739716045050 0.3487481352693266 74
1739716045054 0.21649170766593132 75
1739716045059 0.17808511079070646 76
1739716045064 0.17507870913867327 77
1739716045068 0.2261357215630412 78
1739716045073 0.23379522073941802 79
1739716045078 0.1633504888280872 80
1739716045082 0.2212780177122852 81
1739716045087 0.19130989356388037 82
1739716045092 0.2751732037781022 83
1739716045096 0.21880911254685564 84
1739716045101 0.16389614027685181 85
1739716045106 0.25039738011958923 86
1739716045111 0.20693495163206577 87
1739716045116 0.18170707786699672 88
1739716045121 0.19859846063325576 89
1739716045126 0.14957417661116773 90
1739716045131 0.1878199363777223 91
1739716045136 0.1696516401346082 92
1739716045141 0.17988348150849323 93
1739716045146 0.3584544838802241 94
1739716045151 0.16692143358882924 95
1739716045156 0.21607746765250646 96
1739716045160 0.3066679753737397 97
1739716045165 0.25976186777762517 98
1739716045170 0.1882704794113612 99
1739716045175 0.16226930200894962 100
1739716045179 0.17095938016850326 101
1739716045184 0.2206545024160696 102
1739716045188 0.19977014031824689 103
1739716045193 0.14735086815249407 104
1739716045197 0.21352208608472167 105
1739716045203 0.1764883647071591 106
1739716045209 0.20549587790475546 107
1739716045214 0.13437447174860429 108
1739716045220 0.14995242556657684 109
1739716045225 0.09071463906515807 110
1739716045233 0.2752341392245533 111
1739716045240 0.2722849952641042 112
1739716045245 0.12792783318247036 113
1739716045251 0.14285839228648076 114
1739716045256 0.21850356053306416 115
1739716045262 0.21337990816091099 116
1739716045267 0.14167009871047848 117
1739716045272 0.14885805340126032 118
1739716045278 0.20010354281069206 119
1739716045284 0.20376802413384307 120
1739716045289 0.13703430389949584 121
1739716045294 0.22097348088097202 122
1739716045299 0.1304457082710541 123
1739716045304 0.2214088190011463 124
1739716045309 0.23093203642346669 125
1739716045313 0.23201470139240726 126
1739716045318 0.20227727147717603 127
1739716045323 0.23688103595607216 128
1739716045328 0.18710066118758095 129
1739716045332 0.15766671005066699 130
1739716045337 0.11000381434344167 131
1739716045341 0.20647969111817982 132
1739716045346 0.26917459384744374 133
1739716045351 0.20897477953899238 134
1739716045356 0.1633616542192797 135
1739716045362 0.33133702783899827 136
1739716045367 0.13599285525194435 137
1739716045373 0.17172224830593957 138
1739716045378 0.1254183375423926 139
1739716045383 0.2163295023196614 140
1739716045387 0.2017252089836146 141
1739716045392 0.16616915701565574 142
1739716045397 0.25682455569011553 143
1739716045401 0.19723950757069345 144
1739716045406 0.32551885077113124 145
1739716045411 0.1553997381385816 146
1739716045415 0.27645048285756396 147
1739716045420 0.17578818797026408 148
1739716045425 0.1712232515800956 149
1739716045429 0.20041079711826204 150
1739716045435 0.1950351172177184 151
1739716045440 0.23158935590393576 152
1739716045446 0.23712297452772652 153
1739716045452 0.1603788686066059 154
1739716045457 0.2607892448559486 155
1739716045463 0.16320392958312596 156
1739716045468 0.2022921675326117 157
1739716045473 0.1352849026359034 158
1739716045478 0.1325427752108004 159
1739716045483 0.333340881499998 160
1739716045488 0.1720086029707555 161
