1739716218984 148.01916506790357 0
1739716218990 124.08822139780469 1
1739716218996 106.11304048165543 2
1739716219002 94.17881094701933 3
1739716219007 79.1664575552591 4
1739716219012 70.68202571526105 5
1739716219017 61.07061158598198 6
1739716219022 52.94269922130102 7
1739716219028 44.4265357428347 8
1739716219032 37.356005246018775 9
1739716219037 32.23349769949268 10
1739716219042 28.094655322652414 11
1739716219049 25.14331774122906 12
1739716219084 21.824302317251973 13
1739716219106 18.0227857951268 14
1739716219145 16.012269835424252 15
1739716219159 13.471983502719734 16
1739716219165 11.951232711160788 17
1739716219170 10.259894193656548 18
1739716219175 8.63755143875938 19
1739716219180 7.812080838396713 20
1739716219185 6.6616680789530145 21
1739716219190 5.941790489444552 22
1739716219195 4.940712192338738 23
1739716219200 4.672283049552241 24
1739716219204 3.8624155273360876 25
1739716219209 3.3192828320500922 26
1739716219214 2.666207101670562 27
1739716219219 2.703738356636283 28
1739716219224 2.157193211855707 29
1739716219228 1.946094524502644 30
1739716219233 2.0006271099703543 31
1739716219237 1.719174622347687 32
1739716219242 1.3839324390031127 33
1739716219247 1.1347954197336758 34
1739716219251 0.9735195186764382 35
1739716219256 0.9399488160126437 36
1739716219261 0.8432689936913758 37
1739716219266 0.9852891161972294 38
1739716219270 0.712896865321295 39
1739716219275 0.5446689162709286 40
1739716219280 0.5915406944878279 41
1739716219285 0.4089198760353167 42
1739716219289 0.4233475855413887 43
1739716219294 0.43381211269250447 44
1739716219299 0.39633266351522917 45
1739716219303 0.3626268844375388 46
1739716219308 0.40913076445216473 47
1739716219313 0.3389090545902351 48
1739716219318 0.2941580985663289 49
1739716219323 0.2441841142723913 50
1739716219327 0.206716804802232 51
1739716219332 0.2712632233672367 52
1739716219337 0.2245578046218087 53
1739716219342 0.1597593268357255 54
1739716219347 0.2087150134962119 55
1739716219352 0.23033084402339646 56
1739716219357 0.1949647218225548 57
1739716219361 0.18881528860884184 58
1739716219366 0.16954362622240438 59
1739716219371 0.16408689817712976 60
1739716219376 0.15052921966132782 61
1739716219381 0.18630403196130532 62
1739716219386 0.10621707913141959 63
1739716219390 0.16849175154780935 64
1739716219395 0.1536903509455235 65
1739716219399 0.1747010823556032 66
1739716219404 0.10304770095507759 67
1739716219409 0.14575202636611784 68
1739716219414 0.1376122706553358 69
1739716219419 0.1368512017107739 70
1739716219424 0.11147290908805932 71
1739716219428 0.15046232139636243 72
1739716219433 0.10335206986030362 73
1739716219437 0.1426546933711379 74
1739716219442 0.17026244397463094 75
1739716219447 0.1276471523833265 76
1739716219452 0.09497992333247604 77
1739716219456 0.11056825005480306 78
1739716219461 0.14622135968695119 79
1739716219466 0.0974081500839944 80
1739716219470 0.1318554177021856 81
1739716219475 0.14420724585602782 82
1739716219479 0.14695890437725648 83
1739716219484 0.13160047326772303 84
1739716219488 0.09435423141919344 85
1739716219493 0.1677090791022559 86
1739716219498 0.14866071379466037 87
1739716219502 0.17413030978208313 88
1739716219507 0.13695823644147423 89
1739716219512 0.10501250898326385 90
1739716219517 0.13519849561818928 91
1739716219521 0.1105429607076774 92
1739716219526 0.10212322723795574 93
1739716219530 0.10225080444202972 94
1739716219535 0.08985613415809926 95
1739716219539 0.13919432670275092 96
1739716219544 0.12906070402959974 97
1739716219549 0.1656993229584957 98
1739716219553 0.12395469667949156 99
1739716219557 0.13345314784273543 100
1739716219562 0.08402792750147729 101
1739716219567 0.08096631105537122 102
1739716219572 0.1417321484346128 103
1739716219577 0.12222199156768479 104
1739716219581 0.13948803709869398 105
1739716219586 0.13359715738427513 106
1739716219591 0.08578387840595132 107
1739716219596 0.09638867236607579 108
1739716219601 0.14091332535219014 109
1739716219606 0.16353826282344594 110
1739716219610 0.1279996419936837 111
1739716219615 0.14838118580603757 112
1739716219621 0.1137922124609457 113
1739716219628 0.17783785060672033 114
1739716219633 0.12076570759009106 115
1739716219638 0.14329690401778014 116
1739716219644 0.18091438973829782 117
1739716219649 0.12578276288732895 118
1739716219654 0.13195022915966548 119
