1739718641274 0.10571370344268143 0
1739718641299 0.13557142481947798 1
1739718641325 0.37428903011870707 2
1739718641349 0.12091516988417227 3
1739718641374 0.028256148063156288 4
1739718641399 0.2685523626681591 5
1739718641425 0.6102698826768735 6
1739718641451 0.07586912001527807 7
1739718641477 0.02353995414758947 8
1739718641502 1.3930915923763338 9
1739718641527 0.011913865782913481 10
1739718641553 0.6712860646232339 11
1739718641578 0.10696947079242448 12
1739718641603 0.6300278386608502 13
1739718641628 0.4341614576074332 14
1739718641653 1.0109490204442557 15
1739718641679 0.2104551649604496 16
1739718641704 0.08869463052579196 17
1739718641729 0.2723077984095846 18
1739718641755 0.3157537202233669 19
1739718641780 0.5001737087824755 20
1739718641805 0.24353251011579283 21
1739718641831 0.006373731905499913 22
1739718641855 0.08359560857662572 23
1739718641880 0.2373899817080795 24
1739718641906 0.45837044163792867 25
1739718641931 0.17535514565070445 26
1739718641956 0.12383937392921197 27
1739718641981 2.9924744527322257e-05 28
1739718642007 0.0795269656171893 29
1739718642032 0.006197061888601873 30
1739718642058 0.006568456113991701 31
1739718642083 0.12104044045064423 32
1739718642108 2.155705526216846 33
1739718642133 0.09836011831931842 34
1739718642158 0.0340112037459111 35
1739718642183 0.15085740486860155 36
1739718642209 0.10752055039854062 37
1739718642234 0.8213104192313964 38
1739718642260 0.09415185432084408 39
1739718642284 0.05276031571587706 40
1739718642310 0.09456490302254078 41
1739718642336 0.08134406637211479 42
1739718642361 0.002101545611771673 43
1739718642387 0.7291442073495642 44
1739718642412 0.016733183370143418 45
1739718642437 0.5378803520205432 46
1739718642463 0.3127563209729253 47
1739718642489 0.16062690865014898 48
1739718642514 0.3687139623037082 49
1739718642540 0.05064000369631797 50
1739718642565 0.00826653107261337 51
1739718642590 0.9683079481569784 52
1739718642616 1.3136879201556686 53
1739718642641 0.2093593067136951 54
1739718642666 5.744490202042436 55
1739718642693 0.0003754631188404742 56
1739718642718 0.005760103975449508 57
1739718642743 1.0138385610891363 58
1739718642768 1.2773123093403282 59
1739718642793 0.018000082125621715 60
1739718642819 0.07836805491317886 61
1739718642844 0.14015039751433284 62
1739718642870 0.4975480283877113 63
1739718642895 0.21385243697360604 64
1739718642920 0.025859303714205077 65
1739718642945 0.46527589245336065 66
1739718642970 0.4013405154555673 67
1739718642996 0.23262393468285336 68
1739718643021 0.0478903755926941 69
1739718643046 0.00013347939668685162 70
1739718643071 0.6156248890869388 71
1739718643096 0.36200671120816535 72
1739718643121 0.02308146527374801 73
1739718643147 0.3167344708028326 74
1739718643172 0.03593672591792704 75
1739718643197 0.049146334366677445 76
1739718643223 0.24262250297548663 77
1739718643247 0.12273729495208476 78
1739718643272 0.007687620064002115 79
1739718643297 0.038565037831873324 80
1739718643322 0.04750759796299026 81
1739718643347 0.06779502434364555 82
1739718643372 0.10257613179445702 83
1739718643397 0.0008870545173086027 84
1739718643422 0.045680649721190125 85
1739718643447 0.020345448171103345 86
1739718643472 0.21337042302323372 87
1739718643497 0.002330478119317456 88
1739718643522 0.02932253043966233 89
1739718643547 0.4999806457224111 90
1739718643572 0.003378308872568219 91
1739718643598 0.048483141746622695 92
1739718643623 0.010799453356693927 93
1739718643648 0.004477359431587768 94
1739718643673 0.016896333456444035 95
1739718643703 0.310717038587088 96
1739718643728 0.0848069985279725 97
1739718643754 0.15735613623522043 98
1739718643779 0.10622006244839216 99
1739718643804 0.03426576148442623 100
1739718643829 0.10805837018472927 101
1739718643854 0.3061103812802094 102
1739718643879 0.004815028595861909 103
1739718643904 0.0035399357164581954 104
1739718643929 0.035784739420936594 105
1739718643954 0.05630128405190678 106
1739718643980 0.03565454420706797 107
1739718644005 0.5651798095952405 108
1739718644032 0.01721645416186763 109
1739718644057 0.23020593343416054 110
1739718644081 0.4523662347422983 111
1739718644106 0.02134738451403839 112
1739718644132 0.07217427543991949 113
1739718644157 0.24940801624445705 114
1739718644182 0.024565821187717926 115
1739718644226 0.01153198951694968 116
1739718644275 0.05081263798792021 117
1739718644300 0.0438429742394343 118
1739718644325 0.040609328804666174 119
1739718644351 0.08741720821600192 120
1739718644377 0.22836625797036167 121
1739718644402 0.0021720807063549414 122
1739718644427 0.0004998100559143795 123
1739718644452 0.20337681917413358 124
1739718644477 0.13652493340278116 125
1739718644502 0.041934766437111436 126
1739718644527 0.6407941334381994 127
1739718644553 0.27243908327316446 128
1739718644578 0.02743170724026898 129
1739718644603 0.05778406164709733 130
1739718644628 1.015063840887374 131
1739718644653 0.5771094108890122 132
1739718644677 0.03877225070272348 133
1739718644702 0.5164853121584592 134
1739718644727 0.1505503170072402 135
1739718644752 0.0556180592174405 136
1739718644777 0.2090656687341497 137
1739718644807 0.06891284202539381 138
1739718644833 0.2104440969503547 139
1739718644858 0.018973984704444145 140
1739718644883 0.3244519794564726 141
1739718644908 0.0480764315924879 142
1739718644934 0.25437298164513755 143
1739718644958 0.07462389304011602 144
1739718644983 0.006076002780855173 145
1739718645008 0.0036197562094342057 146
1739718645032 0.08546620518984337 147
1739718645057 0.20305984857843257 148
1739718645082 0.22998022390372433 149
1739718645107 0.0318091161639695 150
1739718645132 0.6457783362051925 151
1739718645157 0.0014783539827660558 152
1739718645182 0.00462402702349992 153
1739718645207 0.004257282250133891 154
1739718645233 0.0659658150729706 155
1739718645258 0.05446457727125334 156
1739718645283 0.02401263426125823 157
1739718645308 0.1407344061603935 158
1739718645333 0.8209000593179903 159
1739718645358 0.07509431739209109 160
1739718645383 0.07948094985389337 161
1739718645409 0.18169513149816252 162
1739718645434 0.09660327982065436 163
1739718645459 4.088576363464283e-06 164
1739718645484 0.5320279399481033 165
1739718645509 0.06102700961423399 166
1739718645535 0.05202900628635776 167
1739718645560 0.08293670096523015 168
1739718645585 0.527241375336634 169
1739718645610 0.1745997937430838 170
1739718645636 1.6656439354448382 171
1739718645661 0.002519203386205563 172
1739718645686 0.48579567243937566 173
1739718645711 0.1281821232502354 174
1739718645736 4.507393030978048e-05 175
1739718645761 0.027103032267381744 176
1739718645786 0.1363694079284814 177
1739718645811 0.482342438625429 178
1739718645836 0.3409894478183277 179
1739718645861 0.00019856135734502855 180
1739718645887 0.058193098687964774 181
1739718645912 0.031864513491429526 182
1739718645937 0.03971544322234339 183
1739718645962 2.7115077766144805e-06 184
1739718645987 0.36415657169200016 185
1739718646012 0.17621062335492163 186
1739718646037 0.1880363079048981 187
1739718646062 0.1160810791204109 188
1739718646087 0.047134846088086574 189
1739718646112 0.518345172946718 190
1739718646138 0.011158139071025612 191
1739718646163 0.03023618111334334 192
1739718646188 0.07837739267762688 193
1739718646213 0.1244452903828074 194
1739718646238 0.14618699124545212 195
1739718646263 0.13064059174505047 196
1739718646288 0.27307299621470477 197
1739718646313 0.08171047179612709 198
1739718646338 0.45442830828089076 199
1739718646363 0.17442374010823242 200
1739718646389 0.15871061748247703 201
1739718646414 0.02456409210827883 202
1739718646439 0.27376878349088946 203
1739718646464 0.25614944296350634 204
1739718646490 0.2089942526464881 205
1739718646514 0.0012832809249707419 206
1739718646540 0.0049833272915281845 207
1739718646565 0.09832737339303355 208
1739718646590 0.014145652991806534 209
1739718646615 0.10338295974901993 210
1739718646641 0.10242447986947575 211
1739718646666 0.12834067067621524 212
1739718646691 0.019798092917400367 213
1739718646716 0.27966504973096606 214
1739718646741 0.0252910806714039 215
1739718646767 0.038614997296682115 216
1739718646792 0.01353671458928008 217
1739718646817 0.012497204231470788 218
1739718646842 0.4493033302606327 219
1739718646868 0.010600092873701948 220
1739718646893 0.11350150663303023 221
1739718646919 0.2944463455078338 222
1739718646944 0.1397490159720973 223
1739718646969 0.22470748770436444 224
1739718646995 0.031733087852097906 225
1739718647019 0.04572676722468442 226
1739718647044 0.0006520104002114274 227
1739718647070 0.0052600723963749626 228
1739718647095 0.04261151554905618 229
1739718647121 0.06429445942931486 230
1739718647146 0.0058672828375881374 231
1739718647171 2.4929795183935964e-07 232
1739718647204 0.9134043956064101 233
1739718647230 0.005842036387575882 234
1739718647256 0.47684534882447155 235
1739718647282 0.2227961439683054 236
1739718647307 0.013737076123695359 237
1739718647334 0.2204313731248803 238
1739718647360 0.6201494896288628 239
1739718647386 0.20206302181786748 240
1739718647412 0.10604330082917311 241
1739718647437 0.002232284509335886 242
1739718647462 2.0536038550304867 243
1739718647487 0.01560612286719029 244
1739718647512 0.0005221118300864713 245
1739718647537 0.8704466555956826 246
1739718647562 0.13550665839623624 247
1739718647587 0.2979721646603405 248
1739718647612 0.12840702067341006 249
1739718647636 0.09914274527217794 250
1739718647662 0.4619774691121605 251
1739718647687 0.8550226794101081 252
1739718647712 0.2305042973124911 253
1739718647737 0.002970350678499438 254
1739718647762 0.38966324893766985 255
1739718647788 0.07624585821168581 256
1739718647813 0.14377408837378697 257
1739718647838 0.06686375793003982 258
1739718647862 0.3295859030172342 259
1739718647888 0.5944512602495716 260
1739718647913 0.000519530292975922 261
1739718647938 0.016249422205775438 262
1739718647962 0.07723515759502746 263
1739718647988 0.03489903337896195 264
1739718648013 0.05713577864800537 265
1739718648038 0.8094037422492613 266
1739718648063 0.00611204363831582 267
1739718648088 0.2765751805992127 268
1739718648113 0.029159995223571614 269
1739718648138 0.019828908270740908 270
1739718648163 0.06801805233340016 271
1739718648189 0.023316139124005108 272
1739718648215 0.003430733532874403 273
1739718648241 1.3800705948466443 274
1739718648267 0.1256418866119843 275
1739718648292 0.09649343952175259 276
1739718648318 0.007615483426462819 277
1739718648343 0.04361164169073495 278
1739718648369 0.22751277445043785 279
1739718648394 0.010723439433828695 280
1739718648419 0.0007263405648222962 281
1739718648443 0.15491833992830872 282
1739718648468 0.27353376669302387 283
1739718648493 0.18926290322330397 284
1739718648519 0.005199953366758323 285
1739718648543 0.5918411734849097 286
1739718648568 0.09776222464364596 287
1739718648594 1.3652502914808284e-05 288
1739718648618 0.18150081833028162 289
1739718648643 1.2959790961357704 290
1739718648669 0.042995705567391324 291
1739718648694 1.070757818844699 292
1739718648718 0.011787177950278867 293
1739718648744 0.08111203501008052 294
1739718648769 0.11370985158013547 295
1739718648794 0.010811362126472041 296
1739718648819 0.004080462184351633 297
1739718648844 0.14667781198566665 298
1739718648869 0.0034564434194713123 299
1739718648895 0.012779927084903333 300
1739718648920 0.0177647196779841 301
1739718648945 0.00799471368600817 302
1739718648971 0.03064502016666417 303
1739718648996 0.006825240125730634 304
1739718649021 0.0021264927970175837 305
1739718649048 0.5180938251631689 306
1739718649073 0.8741295123838443 307
1739718649099 0.02454187712675177 308
1739718649124 0.2987128293674638 309
1739718649149 0.0025966909716953934 310
1739718649174 0.370851793715709 311
1739718649200 0.8274854660260464 312
1739718649225 0.7975892432491507 313
1739718649250 0.011579534452559437 314
1739718649274 1.077110528246371 315
1739718649300 0.007317650342535776 316
1739718649325 0.1484625857126361 317
1739718649350 1.0477764483030156 318
1739718649375 0.22780188171176036 319
1739718649401 0.00017532307375852426 320
1739718649425 0.6830418439154053 321
1739718649450 0.014905887169751504 322
1739718649475 0.07620242025401093 323
1739718649500 0.6342927103243318 324
1739718649525 0.9083437701913036 325
1739718649550 0.04120711048945112 326
1739718649575 0.029074738303348266 327
1739718649600 0.36180074808109675 328
1739718649625 2.6793792909334415e-06 329
1739718649650 0.686951671935049 330
1739718649676 0.04738801456963155 331
1739718649701 0.18439759471894993 332
1739718649726 0.0180641647673377 333
1739718649751 0.08356550018537291 334
1739718649776 0.0042015787502957015 335
1739718649802 0.013517202323098549 336
1739718649826 0.6581572751176181 337
1739718649851 0.03437354139975612 338
1739718649877 0.21495402396440186 339
1739718649902 0.0003290470040600411 340
1739718649927 0.3684640251883104 341
1739718649952 0.2466907361282275 342
1739718649977 0.05875338849027767 343
1739718650003 0.19693656170757867 344
1739718650028 0.6045103711110659 345
1739718650053 0.27144904493335564 346
1739718650078 0.0035506905187025007 347
1739718650103 0.023654118759558532 348
1739718650128 0.17006304212791437 349
1739718650154 1.344757137309663 350
1739718650179 0.0023027972194512893 351
1739718650204 0.5010534045845634 352
1739718650229 1.288454927608152 353
1739718650255 0.06329158977687044 354
1739718650280 0.03459654633231855 355
1739718650306 0.0812374615957453 356
1739718650331 0.0791249563579371 357
1739718650356 0.20119972540029285 358
1739718650383 0.3581084846472321 359
1739718650409 0.9951083528615675 360
1739718650434 0.07476321568798454 361
1739718650459 0.007628488702468447 362
1739718650484 0.0036815999338383407 363
1739718650509 0.015604152124831612 364
1739718650534 1.1181467305252247e-05 365
1739718650560 0.029733506186231988 366
1739718650585 1.2263748773696035 367
1739718650610 0.019432908944244633 368
1739718650636 0.00256415127166727 369
1739718650660 0.02278654859153385 370
1739718650686 0.16973717159653703 371
1739718650711 0.0017260073244471845 372
1739718650737 0.6818430741704933 373
1739718650762 0.020967581021904283 374
1739718650788 0.32117563865075394 375
1739718650815 0.07713373736778376 376
1739718650841 0.030349151909715415 377
1739718650867 10.416204989070112 378
1739718650893 0.006102368384062043 379
1739718650919 0.5022903694198864 380
1739718650946 0.0018645845674800474 381
1739718650972 0.01808485285968764 382
1739718650998 0.1689201293919498 383
1739718651024 0.04385781935403632 384
1739718651050 0.3350157355522014 385
1739718651076 0.30878021581855286 386
1739718651102 0.017808048888657408 387
1739718651128 0.24924769197780403 388
1739718651154 0.6082630266833287 389
1739718651181 0.037657284129508216 390
1739718651207 0.013641024254418078 391
1739718651234 0.15598764589525063 392
1739718651259 0.0021636963793294885 393
1739718651285 0.29246303049710387 394
1739718651312 0.07958954377294768 395
1739718651337 0.004937915869183941 396
1739718651364 0.010669982948535139 397
1739718651390 0.03656981769926983 398
1739718651416 0.17511504132109784 399
1739718651442 0.7526770629151662 400
1739718651468 0.007659437613285914 401
1739718651493 0.03268041258748978 402
1739718651519 0.007827439397514251 403
1739718651545 0.2402556408129627 404
1739718651571 0.1052751764136088 405
1739718651596 0.3209142864504897 406
1739718651622 0.002333865657951964 407
1739718651648 0.21863763336027245 408
1739718651674 0.058131589195545445 409
1739718651699 1.3561718478961222 410
1739718651725 0.008510409211274635 411
1739718651751 0.08576631275135145 412
1739718651777 1.46780668260057e-06 413
1739718651803 0.10390889398051395 414
1739718651828 0.01731359866695945 415
1739718651853 0.37177118705680756 416
1739718651878 0.4001009662470754 417
1739718651903 0.04479778911439755 418
1739718651929 0.04618476330437255 419
1739718651954 0.8501089989670011 420
1739718651979 0.09144469892841973 421
1739718652005 0.0010014745730318776 422
1739718652030 0.03983416284378468 423
1739718652055 0.003839702584118474 424
1739718652081 0.016696692652152394 425
1739718652106 0.3178653502353883 426
1739718652131 0.7905047438195203 427
1739718652156 0.006670530291120628 428
1739718652182 0.12380065019735227 429
1739718652207 0.07530200280548803 430
1739718652233 0.18355003702252407 431
1739718652258 0.2361446577822563 432
1739718652283 0.00020443277218323822 433
1739718652308 4.7498698954142636e-05 434
1739718652334 0.045284188786734715 435
1739718652359 0.09528135331193138 436
1739718652384 0.4864223179311817 437
1739718652410 0.0453548287725765 438
1739718652435 0.6102609759513747 439
1739718652460 0.024816188968997593 440
1739718652485 0.4166763862271004 441
1739718652510 0.0029139927171527875 442
1739718652536 0.006932914998328364 443
1739718652561 0.0008448099538847967 444
1739718652586 0.0668662047906963 445
1739718652611 0.10351210130945357 446
1739718652636 0.35381532830247453 447
1739718652661 0.015999756203944965 448
1739718652686 0.0037420014782336367 449
1739718652711 0.47085191366071966 450
1739718652736 0.04730837308760284 451
1739718652762 0.0059278709525894665 452
1739718652787 0.1130542335996168 453
1739718652811 0.02892065004216875 454
1739718652836 0.17669046025805477 455
1739718652862 0.025681838943957095 456
1739718652887 0.2083687286605933 457
1739718652912 0.03610556368522521 458
1739718652937 0.0017747182500364627 459
1739718652962 0.4565315316833889 460
1739718652987 3.14437995282519e-06 461
1739718653013 0.7845325559121027 462
1739718653038 3.939434849668025e-05 463
1739718653063 0.0003648496166350464 464
1739718653089 0.14763603560576527 465
1739718653114 0.05377357507365522 466
1739718653140 0.7221858120457203 467
1739718653165 0.0011891480563734384 468
1739718653190 0.02904297987322569 469
1739718653215 0.0032809523341842993 470
1739718653241 0.04690781200553228 471
1739718653266 0.29287123835694734 472
1739718653292 0.2672928163535585 473
1739718653318 0.00039511013200205415 474
1739718653343 0.20169886101462678 475
1739718653367 0.13908736641697098 476
1739718653393 0.8677165280900877 477
1739718653418 0.39302375673328177 478
1739718653442 0.10667982528746607 479
1739718653468 0.20529129166693544 480
1739718653493 0.1584638553826012 481
1739718653518 0.006704189213557034 482
1739718653543 0.36791641027526584 483
1739718653568 0.12395112209999735 484
1739718653594 0.04563493845456151 485
1739718653620 0.03308990657503809 486
1739718653645 0.0007112554388936834 487
1739718653670 0.14704786073550943 488
1739718653695 0.056023188749201334 489
1739718653720 0.2092075107805052 490
1739718653745 0.006680403626079019 491
1739718653770 0.18691018222640338 492
1739718653795 0.005948823498909228 493
1739718653820 2.282420596674723e-05 494
1739718653845 0.6033386277038796 495
1739718653870 0.0005591325175946277 496
1739718653895 0.10569081258050604 497
1739718653920 0.006622087600633992 498
1739718653946 0.9518633380180167 499
