1739718987571 88.71476917009207 0
1739718987597 55.71131280689147 1
1739718987623 23.095899150824913 2
1739718987649 16.856596136904745 3
1739718987675 14.122209461449389 4
1739718987702 10.214122209030046 5
1739718987728 6.6366736210233 6
1739718987755 6.942931525822682 7
1739718987782 6.21185185871175 8
1739718987807 4.47418563327237 9
1739718987834 4.8387739861748305 10
1739718987860 4.380803637972933 11
1739718987886 5.074183172996804 12
1739718987911 4.68965863963882 13
1739718987937 5.6672039213205405 14
1739718987963 4.71884901509417 15
1739718987989 5.28575289090801 16
1739718988015 7.3822493824484425 17
1739718988041 5.953975139548566 18
1739718988066 4.423618922626542 19
1739718988092 4.773068106598068 20
1739718988119 6.244474389165652 21
1739718988145 2.37356357429599 22
1739718988171 3.6072873439943454 23
1739718988197 4.633839855884834 24
1739718988224 4.328264495954587 25
