1739716343786 149.5065868486569 0
1739716343791 130.58682146105556 1
1739716343797 110.29214170630594 2
1739716343802 97.14910397136826 3
1739716343807 85.08010597737069 4
1739716343812 71.681133647504 5
1739716343816 63.614674316906274 6
1739716343821 53.036768254437504 7
1739716343826 46.229511123269496 8
1739716343831 39.57955548826538 9
1739716343836 34.48502045740662 10
1739716343841 29.302953342520606 11
1739716343846 25.51580124832507 12
1739716343851 22.002108130934655 13
1739716343856 19.59558962399154 14
1739716343861 16.413940787513315 15
1739716343866 13.509678708602221 16
1739716343871 12.678479772426746 17
1739716343875 10.899766011839683 18
1739716343880 9.850284618873038 19
1739716343884 8.04887882355435 20
1739716343889 7.034972496378828 21
1739716343894 6.124402161612639 22
1739716343898 5.02095056477387 23
1739716343903 4.733733658341329 24
1739716343907 3.7435081716476852 25
1739716343912 3.3467103217476866 26
1739716343916 3.6980917534165125 27
1739716343920 2.713988328331605 28
1739716343925 2.268263973669496 29
1739716343930 2.011724895944496 30
1739716343935 1.7507392202140684 31
1739716343940 1.3336646238910286 32
1739716343945 1.319891708454141 33
1739716343950 1.1385674951496778 34
1739716343955 1.189138175337474 35
1739716343960 0.8146505159821131 36
1739716343965 0.9781591527239464 37
1739716343970 0.7835982066829706 38
1739716343975 0.6611581525820774 39
1739716343979 0.6251217395100068 40
1739716343985 0.6696474135952782 41
1739716343990 0.5450918531229628 42
1739716343995 0.5178135595312154 43
1739716344000 0.44490515265003183 44
1739716344005 0.5802618428368332 45
1739716344009 0.42575454251688144 46
1739716344014 0.37547737270687703 47
1739716344018 0.287679651648392 48
1739716344023 0.28752301892492654 49
1739716344027 0.3948568093271554 50
1739716344032 0.3258907883203218 51
1739716344038 0.2927192625842136 52
1739716344043 0.23051561529733652 53
1739716344048 0.22141041997730773 54
1739716344053 0.2454975403004733 55
1739716344057 0.25256621658289924 56
1739716344062 0.19258131415942967 57
1739716344066 0.22330543717259074 58
1739716344071 0.16463787384388587 59
1739716344076 0.21098414436718385 60
1739716344081 0.18190358110748486 61
1739716344086 0.15194959839643446 62
1739716344091 0.1569868576457068 63
1739716344097 0.15747256497403384 64
1739716344102 0.1607133173932044 65
1739716344106 0.18659547005088958 66
1739716344111 0.12470069548163526 67
1739716344115 0.10223066990436586 68
1739716344120 0.15011945240133812 69
1739716344125 0.13248544502375748 70
1739716344129 0.13663997831170294 71
1739716344135 0.1507261782950068 72
1739716344140 0.18574849606688226 73
1739716344145 0.1700589925725092 74
1739716344150 0.12562550792751054 75
1739716344155 0.135843588310705 76
1739716344160 0.0992321785082518 77
1739716344164 0.11770913583621556 78
1739716344170 0.12934410355575401 79
1739716344175 0.1577244013337417 80
1739716344179 0.12799298807672332 81
1739716344184 0.1632684582893069 82
1739716344189 0.13095141327317772 83
1739716344193 0.10205930041988091 84
1739716344198 0.1302381047581292 85
1739716344203 0.1293852078570079 86
1739716344207 0.11308872583071819 87
1739716344212 0.10150132151013504 88
1739716344217 0.15404237102834595 89
1739716344221 0.11176012658142376 90
1739716344226 0.17708660941733415 91
1739716344230 0.1358995032270131 92
1739716344235 0.16097875138441964 93
1739716344240 0.14152712183552732 94
1739716344245 0.1475441557668392 95
1739716344250 0.10154700174762236 96
1739716344255 0.13781992264174808 97
1739716344259 0.14390888360226473 98
1739716344264 0.11584140550086595 99
1739716344269 0.13875348359216075 100
1739716344274 0.15309811980127402 101
1739716344279 0.18307869183300202 102
1739716344284 0.12957689868818797 103
1739716344289 0.15107006982061078 104
1739716344293 0.12278286863060496 105
1739716344297 0.16011419874149588 106
1739716344303 0.21413751765668565 107
1739716344308 0.1364591296176708 108
1739716344312 0.09360081920187316 109
1739716344317 0.12719328907008234 110
1739716344321 0.17088744248922463 111
1739716344326 0.11187164228858693 112
1739716344330 0.17042870591047884 113
