1739719148042 0.26544951749599743 0
1739719148074 0.05059754176604068 1
1739719148106 0.08345136226444473 2
1739719148138 0.021990868716855738 3
1739719148169 0.33362982964797483 4
1739719148201 0.009428760018474548 5
1739719148233 0.014930923006523733 6
1739719148265 0.07780107434750538 7
1739719148296 0.10707310376193879 8
1739719148328 0.009987154189495652 9
1739719148359 0.005456380212117848 10
1739719148391 0.02906266047617355 11
1739719148423 0.024524621276473986 12
1739719148454 0.03945149195904378 13
1739719148485 0.2603321204702229 14
1739719148516 0.002984088062991807 15
1739719148547 0.001530474128110087 16
1739719148579 0.011607369984156539 17
1739719148610 0.017145012395407843 18
1739719148641 0.02132737754901584 19
1739719148672 0.054498663131062164 20
1739719148704 0.0369826920811465 21
1739719148735 0.0014202315442852296 22
1739719148766 0.1186827198264524 23
1739719148798 0.0014497514866701879 24
1739719148829 0.001128927445967472 25
1739719148861 0.020009642031842963 26
1739719148892 0.018062022268772297 27
1739719148923 0.07266473842250686 28
1739719148954 0.5391269702745406 29
1739719148986 0.005945410587206771 30
1739719149017 0.0046523298643347906 31
1739719149048 0.5822720992908003 32
1739719149079 0.0167634368863052 33
1739719149111 0.46857481616355107 34
1739719149143 0.02811014747388582 35
1739719149175 0.039949193696075296 36
1739719149206 0.014366250957245722 37
1739719149238 0.06873750091565023 38
1739719149271 0.008396001198753665 39
1739719149302 0.0039887862352761165 40
1739719149333 0.05301141352476806 41
1739719149366 0.019948208018078256 42
1739719149397 0.08360555820594372 43
1739719149429 0.01108820251924072 44
1739719149461 0.07049705142342529 45
1739719149492 1.8961212630749338 46
1739719149524 0.06765792570656491 47
1739719149555 0.06547195488740447 48
1739719149586 0.015389467529847269 49
1739719149618 0.09824334382251922 50
1739719149649 0.24550064276279385 51
1739719149680 0.001447330819014219 52
1739719149712 0.08291884197940386 53
1739719149743 0.001936335088989841 54
1739719149774 0.010114489183206354 55
1739719149806 0.006340401158781761 56
1739719149837 0.10198674015771947 57
1739719149869 0.03955480440570934 58
1739719149901 0.004702993280471074 59
1739719149932 0.008003949092674089 60
1739719149963 0.04928660774898301 61
1739719149995 0.004484901440549396 62
1739719150026 0.13462120764214638 63
1739719150057 0.0004972152999894488 64
1739719150088 0.060316391419663495 65
1739719150120 0.01529630830390031 66
1739719150151 0.08664689129024596 67
1739719150182 0.02173885718657894 68
1739719150214 0.02614990750283396 69
1739719150245 0.0053436671503777275 70
1739719150276 0.09004403158273236 71
1739719150307 0.2130445987496032 72
1739719150339 0.009920008212662826 73
1739719150370 0.010186060043324272 74
1739719150401 0.007144338832971268 75
1739719150432 0.1657097430854267 76
1739719150463 6.455104789312683e-05 77
1739719150495 0.02843799912119753 78
1739719150527 0.3639805456468284 79
1739719150558 3.052152451188089e-05 80
1739719150589 0.003972353733696155 81
1739719150620 0.257176563834283 82
1739719150651 0.1626884429985917 83
1739719150683 0.1350934956809427 84
1739719150714 0.014107778431518538 85
1739719150745 0.04229943554384744 86
1739719150776 0.04121091689962567 87
1739719150807 0.11393285006186638 88
1739719150838 0.011633401767807737 89
1739719150869 0.009566550378947677 90
1739719150900 1.8371833180761152e-06 91
1739719150932 0.019390554151376745 92
1739719150963 0.24555141646609333 93
1739719150994 0.0051353407847052335 94
1739719151026 0.03125292565445936 95
1739719151057 0.04250613519822251 96
1739719151088 0.031622141566375876 97
1739719151120 0.02832703351614814 98
1739719151151 0.052001438518268966 99
1739719151183 0.0020449381635584693 100
1739719151214 0.05212027449430086 101
1739719151246 0.0009207133181819664 102
1739719151277 0.15629960255228253 103
1739719151308 0.04015732445163514 104
1739719151340 0.054705283682585384 105
1739719151372 0.08225303479447012 106
1739719151403 0.0007076036495663937 107
1739719151435 0.17567770367659044 108
1739719151466 0.3384629254601137 109
1739719151498 0.5560384206058481 110
1739719151530 0.0006809077122212971 111
1739719151562 0.0001646982441998491 112
1739719151593 0.0621801801812309 113
1739719151625 0.11882879025890465 114
1739719151656 0.000812750068947124 115
1739719151688 0.058939594732109885 116
1739719151719 0.005441837281163603 117
1739719151751 0.19028074366440992 118
1739719151782 0.07639504905883195 119
1739719151814 0.0008149299897533256 120
1739719151845 0.06771164536333951 121
1739719151876 0.03636291203834978 122
1739719151908 0.05697130091074189 123
1739719151940 0.04802994310248017 124
1739719151971 0.006178826389777191 125
1739719152002 0.01046302822345395 126
1739719152034 0.065793373927724 127
1739719152066 0.006343413883320188 128
1739719152097 0.251731291749006 129
1739719152129 0.11801566683423843 130
1739719152161 0.3677460346162674 131
1739719152192 0.008537663771722822 132
1739719152224 0.07957856189174474 133
1739719152256 0.4293168666214802 134
1739719152291 0.07483994403148707 135
1739719152323 3.251120775653142e-05 136
1739719152355 0.21722571507106495 137
1739719152386 0.029663906893276106 138
1739719152418 0.0352687860464847 139
1739719152450 0.07621128349194484 140
1739719152481 0.02304177320036168 141
1739719152514 0.005571863390920044 142
1739719152546 0.0048325859692049805 143
1739719152578 0.1005175481486003 144
1739719152609 0.0032843483770227666 145
1739719152641 0.029556525073392848 146
1739719152672 6.667270473170468e-05 147
1739719152704 0.11655510703332335 148
1739719152736 0.06017768154274053 149
1739719152769 0.021317259385959932 150
1739719152801 0.38086275372024053 151
1739719152833 0.025797003677284616 152
1739719152866 0.2692499765940207 153
1739719152898 0.03220911437152125 154
1739719152931 0.07226357461246226 155
1739719152964 0.9283998658502935 156
1739719152996 0.02513731026397467 157
1739719153029 0.000666133528271724 158
1739719153061 0.02110037059569645 159
1739719153093 0.0013691219146154635 160
1739719153126 0.3008643360476133 161
1739719153159 0.0014837078369926001 162
1739719153191 0.004678217980959097 163
1739719153223 0.011247714136210238 164
1739719153256 0.003064391837593441 165
1739719153288 0.18618515672368305 166
1739719153321 0.026663200954581984 167
1739719153353 0.06903355978301709 168
1739719153385 0.04155688271837012 169
1739719153418 0.10250982469426394 170
1739719153450 0.036830203829974276 171
1739719153482 0.02182868115906681 172
1739719153514 0.09944689649630445 173
1739719153546 0.015014196518087027 174
1739719153578 0.3826226767992363 175
1739719153611 0.03418268472851059 176
1739719153642 0.05882461293430721 177
1739719153674 0.008278870730803307 178
1739719153705 0.004415974524048553 179
1739719153737 0.09863581926298061 180
1739719153768 0.0655249903390617 181
1739719153800 0.00031251088948206824 182
1739719153831 0.018584889923893098 183
1739719153864 0.2897778907162454 184
1739719153895 0.056402094610344726 185
1739719153926 0.39204508024676754 186
1739719153958 2.1434384313270892e-05 187
1739719153989 0.13272497864198568 188
1739719154020 1.8350165266334397 189
1739719154051 0.014650648091753189 190
1739719154083 0.14430957217163207 191
1739719154114 0.033791365715316435 192
1739719154145 0.0011610034184532294 193
1739719154177 0.06350380538874174 194
1739719154208 0.004118628487781424 195
1739719154239 0.0007915329495265768 196
1739719154270 0.00277691379406512 197
1739719154302 0.08372620171761178 198
1739719154333 0.00018672878060012804 199
1739719154364 0.00514638847315311 200
1739719154395 0.02673362430254132 201
1739719154426 0.13427700761767625 202
1739719154458 0.04495050143564782 203
1739719154490 0.5281937068297139 204
1739719154521 0.0002384037718315885 205
1739719154552 0.01779183277303526 206
1739719154583 0.0021618366775451635 207
1739719154615 0.009595066332272055 208
1739719154646 0.02870797991087096 209
1739719154677 0.0027565859085167182 210
1739719154709 0.00042852681356361517 211
1739719154740 0.05639956529687673 212
1739719154772 0.12090203142711399 213
1739719154804 0.0026409618170181296 214
1739719154835 0.02337882011721093 215
1739719154867 0.029106674097917475 216
1739719154898 0.11988064802641396 217
1739719154930 0.052845411324707166 218
1739719154962 0.011609012637741075 219
1739719154993 0.0157086179457359 220
1739719155025 0.5587881184383827 221
1739719155056 0.08697866408985445 222
1739719155087 0.04445903355370803 223
1739719155119 0.0038601725209217765 224
1739719155150 0.1308084048801017 225
1739719155181 0.06437499998669505 226
1739719155213 0.05882833617028903 227
1739719155244 0.02514831962890714 228
1739719155276 0.08840024599035486 229
1739719155308 0.005526572478451274 230
1739719155339 0.0015845903320741838 231
1739719155371 0.008063840585991938 232
1739719155403 2.2642973002500397e-05 233
1739719155434 0.11569428479060734 234
1739719155466 0.14843804961334495 235
1739719155497 3.40429980392623e-05 236
1739719155529 0.05265525472982409 237
1739719155560 0.06839900586210745 238
1739719155592 0.4585312492737949 239
1739719155623 0.006282775507132696 240
1739719155655 0.06450836802133056 241
1739719155686 0.013466733016291048 242
1739719155718 0.0034889600083044003 243
1739719155751 0.01536248088175069 244
1739719155783 0.01574582235665062 245
1739719155814 0.08956758019336607 246
1739719155846 0.06158536117403439 247
1739719155877 0.02528784566542907 248
1739719155909 0.0038838213930746843 249
1739719155940 0.0597806451294705 250
1739719155972 1.2519712482720171e-07 251
1739719156004 0.0006275159611050681 252
1739719156035 0.09918159428506601 253
1739719156066 0.03440374591860759 254
1739719156098 0.07756760991183277 255
1739719156130 0.33992100405735814 256
1739719156161 0.5191245913780678 257
1739719156193 0.00466424875194676 258
1739719156224 0.016746395627924533 259
1739719156256 0.17834371552844216 260
1739719156288 0.003530399825391466 261
1739719156319 0.01318142774112674 262
1739719156350 0.13606561354320507 263
1739719156382 0.005585037315705485 264
1739719156414 0.06235482945827871 265
1739719156445 0.02053185508798574 266
1739719156477 0.07839035545026489 267
1739719156508 0.0638616138096167 268
1739719156539 0.0012055502535089557 269
1739719156571 0.0022609246304069307 270
1739719156602 0.003656577238331673 271
1739719156633 0.32745588562829203 272
1739719156664 0.03623815446044366 273
1739719156696 0.019534194361734522 274
1739719156727 0.0829787043061581 275
1739719156759 0.07316363244979086 276
1739719156790 0.020651858747116916 277
1739719156821 0.08669174820118612 278
1739719156852 0.07927411756237224 279
1739719156884 0.009016875828381772 280
1739719156915 0.0054430143392502255 281
1739719156946 0.014647971384306574 282
1739719156978 0.11117942909468638 283
1739719157009 0.013271598903997284 284
1739719157040 0.13133018799532048 285
1739719157071 0.08714930095061146 286
1739719157103 0.6036918806472377 287
1739719157134 0.0001044509254390064 288
1739719157165 0.008235913657575606 289
1739719157197 0.02788375067207313 290
1739719157228 0.068877643210117 291
1739719157259 3.672613168043901e-05 292
1739719157290 0.04031965512995315 293
1739719157322 0.08407417810106343 294
1739719157353 0.08440155519081752 295
1739719157384 0.00521256660856887 296
1739719157415 0.28084937554428485 297
1739719157447 0.009611710075665211 298
1739719157478 0.02678118236820219 299
1739719157509 0.00405704032479196 300
1739719157540 0.007414959445197948 301
1739719157572 0.027971620043589496 302
1739719157603 0.1450497715248609 303
1739719157635 0.10730121781064793 304
1739719157666 0.008017770242457613 305
1739719157698 3.178124786594565e-06 306
1739719157730 0.00018678201301366705 307
1739719157761 0.04600615433647069 308
1739719157794 0.020366451082873997 309
1739719157825 0.08590081821296347 310
1739719157857 0.006514937193428286 311
1739719157889 0.04183946364824313 312
1739719157921 0.052221678687724614 313
1739719157952 0.016864286950788468 314
1739719157984 0.0934554862840109 315
1739719158016 0.15560420384920542 316
1739719158047 0.005811091135003394 317
1739719158079 0.0918036150562605 318
1739719158110 0.0030701547370281987 319
1739719158141 0.026403785886263638 320
1739719158173 0.008181525014007068 321
1739719158204 0.022763010831148803 322
1739719158236 0.13799087179684158 323
1739719158267 0.0038506286465428367 324
1739719158299 0.0965071881414397 325
1739719158330 0.07266451130911492 326
1739719158362 0.20519541000652913 327
1739719158393 0.007252237419964515 328
1739719158424 0.02667482874868265 329
1739719158455 0.024613599435750144 330
1739719158487 1.209209716709478 331
1739719158518 0.04261452517681379 332
1739719158549 0.019622178854534874 333
1739719158581 0.2364936905435593 334
1739719158612 0.06611738981932777 335
1739719158643 0.0038603441296860956 336
1739719158675 0.05329215732302166 337
1739719158706 0.03367868621496673 338
1739719158738 0.1412787346312888 339
1739719158769 0.013166906133736975 340
1739719158801 0.02479398362925728 341
1739719158832 0.02054068430346088 342
1739719158864 0.05254137532793819 343
1739719158895 0.014966159990884636 344
1739719158926 0.011187789669379633 345
1739719158958 0.026020878191335514 346
1739719158989 0.00613767261248292 347
1739719159021 0.11780201729844664 348
1739719159052 0.18162155616631132 349
1739719159083 0.006772833907962186 350
1739719159115 0.15729408961294766 351
1739719159146 0.0383342976928872 352
1739719159178 0.32955993033901276 353
1739719159209 0.26533177335853314 354
1739719159241 0.013958379365469781 355
1739719159272 0.07197009319698033 356
1739719159304 0.010526502687625911 357
1739719159335 0.15832661154002392 358
1739719159367 0.0010803485664650425 359
1739719159398 0.008764416302823973 360
1739719159430 0.6642304929218733 361
1739719159460 0.006977082455578047 362
1739719159492 0.004910604442117916 363
1739719159524 0.10456500867029875 364
1739719159555 0.2678139658250578 365
1739719159586 0.04283002452224024 366
1739719159618 0.024311654359883497 367
1739719159649 0.001436717009530558 368
1739719159680 0.000346644560529319 369
1739719159712 0.00010061818980056282 370
1739719159744 0.0002726641069593481 371
1739719159775 0.06490886060346708 372
1739719159807 0.4094661973696358 373
1739719159838 0.011653046164554481 374
1739719159870 0.024630438813435303 375
1739719159902 0.0010037175203975622 376
1739719159934 0.21037571533977076 377
1739719159966 0.025929953945593144 378
1739719159998 0.01743284165950017 379
1739719160030 0.07058588015786768 380
1739719160061 0.11480402807779083 381
1739719160092 0.0010109583571771533 382
1739719160124 0.0036580437833548802 383
1739719160156 0.031449922855957144 384
1739719160187 0.013342086082550487 385
1739719160218 0.05628461990577271 386
1739719160250 0.04976274387812572 387
1739719160282 0.00488917609480752 388
1739719160313 0.00347206604540957 389
1739719160345 0.00026082683680629095 390
1739719160376 0.0002278270523980477 391
1739719160409 0.1760586934548757 392
1739719160440 0.006438553972075882 393
1739719160471 0.0058328652129234675 394
1739719160503 0.09634466404714008 395
1739719160534 0.10016409121889767 396
1739719160566 0.1915244898886933 397
1739719160597 0.0011990993235987707 398
1739719160628 0.03130355377479849 399
1739719160660 0.06160078375870492 400
1739719160691 0.02581283115211365 401
1739719160723 0.007294566757455335 402
1739719160754 0.06669501200743076 403
1739719160785 0.001118683801784553 404
1739719160817 0.8795353725969844 405
1739719160849 0.0005473053378053077 406
1739719160880 0.173362261332976 407
1739719160912 0.16819444531751418 408
1739719160943 0.0009027248009942219 409
1739719160975 0.0632978187529546 410
1739719161006 4.55952719935636e-08 411
1739719161038 0.00947067413833191 412
1739719161069 0.0023984527797162613 413
1739719161101 0.21949374058309173 414
1739719161132 0.029668666611608992 415
1739719161164 0.2677350624870371 416
1739719161195 0.1200061304380169 417
1739719161226 0.008641017501758592 418
1739719161258 0.00193757152317419 419
1739719161290 0.0010650661117447187 420
1739719161322 0.3536782967510168 421
1739719161353 0.19950124670595343 422
1739719161384 0.04215154252489204 423
1739719161416 0.0528559046909397 424
1739719161448 0.4268253170024425 425
1739719161479 0.0012323224717605942 426
1739719161510 0.006868637254592358 427
1739719161541 0.11068571863240241 428
1739719161573 0.001581860646422239 429
1739719161605 0.019422849585153446 430
1739719161636 0.1475030404881286 431
1739719161668 0.0021592637463457493 432
1739719161700 0.11091167898205818 433
1739719161731 0.16683269507047882 434
1739719161763 0.001331277483681649 435
1739719161795 0.00505131043697044 436
1739719161827 0.019148701181763476 437
1739719161858 0.0015407177007944791 438
1739719161889 0.003088793272310287 439
1739719161921 0.06417510619543888 440
1739719161952 0.044174537375402646 441
1739719161983 0.007572978745886693 442
1739719162015 0.09945633836989765 443
1739719162046 0.01514202343052325 444
1739719162078 0.003225249756409248 445
1739719162111 0.44243288554334165 446
1739719162142 0.08089624464262588 447
1739719162174 0.036576237873303594 448
1739719162205 0.11505914574953156 449
1739719162237 0.05101685051401061 450
1739719162268 0.05409148337742127 451
1739719162300 0.03508018065930245 452
1739719162331 1.6617828266008483e-05 453
1739719162363 0.007478891281362815 454
1739719162394 0.010290202277625438 455
1739719162426 0.030024552130507372 456
1739719162457 0.009296515228902942 457
1739719162489 0.02697588096507647 458
1739719162520 0.00301584936338645 459
1739719162551 0.15091916326964444 460
1739719162583 0.018422709331047886 461
1739719162614 0.06203143890047336 462
1739719162645 0.06647151316398384 463
1739719162676 0.02943519265684939 464
1739719162707 8.623642782404029e-05 465
1739719162738 0.018969943530369415 466
1739719162770 0.006885608940278823 467
1739719162802 0.10257979373377256 468
1739719162833 0.023095387559433085 469
1739719162864 0.15240422574664977 470
1739719162896 0.06732766933887645 471
1739719162927 0.02796586871516107 472
1739719162958 0.5186560335132899 473
1739719162990 0.261134278561782 474
1739719163021 0.0009107417097578307 475
1739719163053 0.10875855226962607 476
1739719163084 0.055156225455160246 477
1739719163116 0.011255832774006288 478
1739719163147 0.0003239290153176352 479
1739719163179 0.023043530204283857 480
1739719163210 0.0019647965253591403 481
1739719163242 0.03855359840328091 482
1739719163273 0.00520041212342599 483
1739719163305 0.08534352183655557 484
1739719163336 0.2781465532597245 485
1739719163368 0.5005701652569787 486
1739719163399 0.08432821200289575 487
1739719163431 3.982703294142449e-05 488
1739719163462 0.040663443477390905 489
1739719163493 0.017955352763946407 490
1739719163525 0.009669031946236329 491
1739719163556 0.023958197141629157 492
1739719163588 0.2252330132357641 493
1739719163619 0.1437558190101019 494
1739719163651 0.29784006026572 495
1739719163683 0.0011509881537007528 496
1739719163715 0.18462456286421627 497
1739719163747 0.0065158392043576045 498
1739719163778 0.03811551376210799 499
