1739718875883 80.71853589321951 0
1739718875911 44.09783618472177 1
1739718875938 24.156747217038028 2
1739718875966 8.991797058522748 3
1739718875994 5.323002204259815 4
1739718876021 1.7881521468453139 5
1739718876049 0.09667958128909021 6
1739718876078 1.6147253178697265 7
1739718876107 0.7807030960523996 8
1739718876135 0.7802030536309834 9
1739718876164 0.20487881835088476 10
1739718876192 0.32387412772335067 11
1739718876220 0.04089548624967328 12
1739718876248 0.20579958800822387 13
1739718876275 0.5664869780444449 14
1739718876303 0.056883304613166444 15
1739718876330 0.35864341602858 16
1739718876358 0.08542753741036105 17
1739718876385 0.014524620261858084 18
1739718876413 0.005628505861786943 19
1739718876441 0.07359667868316075 20
1739718876469 0.4611806575237015 21
1739718876497 0.37758431105754137 22
1739718876525 0.9874891128849133 23
1739718876553 1.0214457638591992 24
1739718876581 0.023259210976145608 25
1739718876610 0.19758521969739823 26
1739718876639 0.3581706475794835 27
1739718876667 0.09395759360366998 28
1739718876696 0.048635118947715425 29
1739718876724 0.03881709631656362 30
1739718876754 0.08556691002790316 31
1739718876787 0.07139918853305678 32
1739718876817 0.652892239181933 33
1739718876846 0.44491746724660325 34
1739718876875 0.18755303116974384 35
1739718876904 0.03763367158793603 36
1739718876932 0.027269561634097612 37
1739718876961 0.07886762839083598 38
1739718876989 0.008537975706265329 39
1739718877022 0.007993587240479584 40
1739718877050 0.07069450883955956 41
1739718877078 0.2693119870331623 42
1739718877106 0.004253442981326608 43
1739718877134 0.037114862546726496 44
1739718877161 0.0965324856022566 45
1739718877188 0.2524589263417988 46
1739718877215 0.0001521970553494044 47
1739718877242 0.10224160284672489 48
1739718877269 0.19081926507964908 49
1739718877295 0.007525545003389182 50
1739718877322 0.07027195106022245 51
1739718877349 0.48245024846443757 52
