1739716343253 157.55121540118375 0
1739716343258 132.39085655052546 1
1739716343263 109.10183424228936 2
1739716343268 94.2104380240289 3
1739716343273 85.20031608422242 4
1739716343278 70.49014721387717 5
1739716343284 61.3065063205478 6
1739716343288 54.83995628431696 7
1739716343293 46.585689952764646 8
1739716343298 39.95000727088567 9
1739716343303 33.52886990204168 10
1739716343307 28.15969165839108 11
1739716343312 23.46997077968534 12
1739716343317 21.831412761421447 13
1739716343322 18.81130055697737 14
1739716343327 16.7391088990225 15
1739716343332 14.18501786898307 16
1739716343337 11.604616340576628 17
1739716343342 10.757071724916377 18
1739716343347 9.091928928992987 19
1739716343351 8.287035687252681 20
1739716343356 7.271570620502621 21
1739716343360 6.140441219771553 22
1739716343365 5.557012365219859 23
1739716343370 4.427361673756133 24
1739716343375 3.913039236768771 25
1739716343381 3.224127239846193 26
1739716343386 3.210602099964499 27
1739716343391 2.8706022775791347 28
1739716343396 2.4624814508372337 29
1739716343401 1.8745123163264437 30
1739716343405 1.7190692209159564 31
1739716343410 1.7957051874498822 32
1739716343415 1.2642680064000782 33
1739716343420 1.2185683961172733 34
1739716343438 1.1506298689889687 35
1739716343443 0.8559338328614411 36
1739716343447 0.9078524797894169 37
1739716343453 0.7294939170440567 38
1739716343458 0.6303246845673283 39
1739716343463 0.6713186409369114 40
1739716343468 0.49880793809805896 41
1739716343473 0.48180841746414493 42
1739716343478 0.486355361230755 43
1739716343482 0.5435829295363351 44
1739716343487 0.3715264705788023 45
1739716343492 0.32075322931963945 46
1739716343497 0.3652889394448179 47
1739716343502 0.27564430337541096 48
1739716343507 0.3012189143493632 49
1739716343511 0.2735680686970144 50
1739716343516 0.31926634469420756 51
1739716343521 0.2301890220505064 52
1739716343526 0.21300925929618406 53
1739716343531 0.20845615009854274 54
1739716343536 0.19101246161700774 55
1739716343541 0.17451031257951674 56
1739716343545 0.13800301651553715 57
1739716343550 0.16133895406112095 58
1739716343555 0.24771685075161257 59
1739716343560 0.16499362106797374 60
1739716343564 0.12704149457919456 61
1739716343569 0.10867662924100388 62
1739716343574 0.14088557386402667 63
1739716343578 0.12676290575499918 64
1739716343583 0.17487334892514675 65
1739716343589 0.14178098077977036 66
1739716343593 0.15927407607340954 67
1739716343598 0.16022109011827831 68
1739716343603 0.16450283859027373 69
1739716343608 0.1468693520593642 70
1739716343613 0.15771533180400352 71
1739716343617 0.20278335542851736 72
1739716343622 0.12970165497085567 73
1739716343627 0.12884955634766945 74
1739716343632 0.14943654310663526 75
1739716343637 0.12859506332014972 76
1739716343642 0.13909305191303642 77
1739716343646 0.16050916231896553 78
1739716343651 0.1502716827076644 79
1739716343656 0.14270835499060378 80
1739716343661 0.14876758513114122 81
1739716343666 0.1739677154258429 82
1739716343670 0.16404541260003505 83
1739716343675 0.08003813860513177 84
1739716343680 0.10051735179106747 85
1739716343685 0.11534133697138245 86
1739716343690 0.1199512572300622 87
1739716343695 0.09381318018225436 88
1739716343700 0.1049988839570785 89
1739716343704 0.10756893794668532 90
1739716343709 0.11651582121618399 91
1739716343714 0.17077073467647477 92
1739716343719 0.17769859192977835 93
1739716343724 0.12412134251594345 94
1739716343729 0.11545363055040807 95
1739716343734 0.10603431878315477 96
1739716343739 0.15435806818519043 97
1739716343744 0.16654690618737303 98
1739716343748 0.11404027692213109 99
1739716343753 0.16672719883655676 100
1739716343758 0.07906004308787783 101
1739716343763 0.09891434657421216 102
