1739714912865 166.97396583362564 0
1739714912869 163.67212260328327 1
1739714912874 160.43603074228025 2
1739714912879 157.2643716117687 3
1739714912883 154.15585332081625 4
1739714912887 151.1092101724357 5
1739714912891 148.12320212153563 6
1739714912895 145.19661424451837 7
1739714912900 142.32825622025754 8
1739714912904 139.5169618221957 9
1739714912908 136.7615884213075 10
1739714912912 134.06101649968144 11
1739714912917 131.41414917447926 12
1739714912921 128.81991173203687 13
1739714912925 126.27725117187869 14
1739714912929 123.78513576042117 15
1739714912934 121.34255459414715 16
1739714912938 118.94851717203905 17
1739714912942 116.6020529770628 18
1739714912946 114.30221106650049 19
1739714912950 112.04805967093415 20
1739714912954 109.83868580168779 21
1739714912959 107.67319486654026 22
1739714912965 105.55071029352484 23
1739714912969 103.4703731626372 24
1739714912973 101.43134184527639 25
1739714912978 99.4327916512489 26
1739714912982 97.47391448316898 27
1739714912986 95.55391849809288 28
1739714912991 93.67202777622845 29
1739714912995 91.82748199656498 30
1739714912999 90.01953611927257 31
1739714913003 88.24746007472274 32
1739714913007 86.51053845898662 33
1739714913011 84.80807023566992 34
1739714913015 83.1393684439466 35
1739714913019 81.50375991265778 36
1739714913024 79.90058498034404 37
1739714913028 78.32919722108313 38
1739714913032 76.78896317600832 39
1739714913036 75.27926209038442 40
1739714913040 73.79948565612258 41
1739714913045 72.3490377596168 42
1739714913050 70.92733423478815 43
1739714913055 69.53380262122533 44
1739714913059 68.16788192731264 45
1739714913066 66.82902239823876 46
1739714913071 65.51668528878251 47
1739714913076 64.23034264077363 48
1739714913080 62.96947706512971 49
1739714913084 61.73358152837148 50
1739714913087 60.52215914352196 51
1739714913091 59.33472296529644 52
1739714913095 58.17079578949274 53
1739714913099 57.02990995649249 54
1739714913103 55.91160715878749 55
1739714913107 54.815438252445574 56
1739714913111 53.74096307243345 57
1739714913115 52.6877502517153 58
1739714913119 51.65537704404785 59
1739714913124 50.64342915039431 60
1739714913128 49.651500548881216 61
1739714913132 48.679193328224436 62
1739714913136 47.72611752455111 63
1739714913140 46.791890961547125 64
1739714913144 45.876139093860395 65
1739714913148 44.97849485369209 66
1739714913151 44.09859850050951 67
1739714913155 43.23609747381556 68
1739714913160 42.39064624891102 69
1739714913164 41.56190619558787 70
1739714913168 40.749545439692476 71
1739714913172 39.95323872749916 72
1739714913176 39.17266729283606 73
1739714913180 38.40751872690606 74
1739714913184 37.657486850747226 75
1739714913188 36.92227159027807 76
1739714913192 36.201578853874246 77
1739714913196 35.49512041242436 78
1739714913199 34.802613781814074 79
1739714913203 34.12378210778787 80
1739714913207 33.458354053140106 81
1739714913211 32.80606368718705 82
1739714913215 32.166650377473076 83
1739714913219 31.539858683665052 84
1739714913223 30.92507207358365 85
1739714913227 30.322779162132118 86
1739714913231 29.732371817399365 87
1739714913235 29.153614338591343 88
1739714913239 28.58627571828038 89
1739714913243 28.030129548496554 90
1739714913247 27.48495392871303 91
1739714913251 26.950531375686154 92
1739714913255 26.426648735112753 93
1739714913259 25.913097095067332 94
1739714913263 25.410098892018777 95
1739714913268 24.91701429619264 96
1739714913272 24.433646802369427 97
1739714913276 23.959803817734723 98
1739714913280 23.49529658358134 99
1739714913284 23.039940098592187 100
1739714913288 22.593553043670994 101
1739714913293 22.15595770828961 102
1739714913297 21.7269799183204 103
1739714913301 21.306448965323494 104
1739714913306 20.89419753725909 105
1739714913310 20.490061650595617 106
1739714913313 20.093880583785246 107
1739714913318 19.705496812078792 108
1739714913322 19.32475594365264 109
1739714913326 18.95150665702095 110
1739714913330 18.585600639706982 111
1739714913334 18.226892528147694 112
1739714913338 17.875239848806594 113
1739714913342 17.5305029604704 114
1739714913347 17.19254499770507 115
1739714913351 16.86123181544794 116
1739714913355 16.53643193471264 117
1739714913359 16.218016489384368 118
1739714913363 15.906022558838878 119
1739714913367 15.600159124101323 120
1739714913371 15.30030482637484 121
1739714913375 15.006165164448204 122
1739714913378 14.717975192262317 123
1739714913383 14.43544469208438 124
1739714913386 14.158282306974181 125
1739714913390 13.886737737383964 126
1739714913395 13.620523413948785 127
1739714913399 13.359533894713826 128
1739714913402 13.103479267214164 129
1739714913406 12.85263243211626 130
1739714913410 12.606706576715755 131
1739714913414 12.365414819356543 132
1739714913418 12.129042167337598 133
1739714913422 11.897304417323808 134
1739714913427 11.6701099471915 135
1739714913431 11.447173169149668 136
1739714913435 11.228799155467904 137
1739714913439 11.014704400785092 138
1739714913443 10.80480434803639 139
1739714913447 10.598814682042265 140
1739714913451 10.397058825250353 141
1739714913455 10.19925399784467 142
1739714913460 10.005322160689243 143
1739714913464 9.814980247373839 144
1739714913467 9.628568458259902 145
1739714913472 9.44580475995202 146
1739714913476 9.266617126763679 147
1739714913480 9.090723715280296 148
1739714913484 8.918480061843523 149
1739714913488 8.749604894669602 150
1739714913492 8.584031736326041 151
1739714913496 8.421695429155646 152
1739714913500 8.262313684613169 153
1739714913504 8.10626329001689 154
1739714913508 7.953261948211593 155
1739714913512 7.803249518678348 156
1739714913516 7.655944979341976 157
1739714913520 7.511737413929054 158
1739714913525 7.370345414335837 159
1739714913529 7.231713469470734 160
1739714913533 7.095561787904061 161
1739714913538 6.962290674369947 162
1739714913542 6.831619604543733 163
1739714913546 6.7034973391529 164
1739714913550 6.577873655091907 165
1739714913554 6.454468313773815 166
1739714913558 6.3336981953266145 167
1739714913562 6.215281877907895 168
1739714913566 6.099173001858016 169
1739714913570 5.98532612653331 170
1739714913574 5.873460643486843 171
1739714913578 5.7640083538780695 172
1739714913581 5.656687059758632 173
1739714913585 5.551454814774062 174
1739714913589 5.448270503761829 175
1739714913593 5.346853216518201 176
1739714913597 5.247648183462447 177
1739714913602 5.15037253827557 178
1739714913606 5.054988326349294 179
1739714913610 4.961458344868405 180
1739714913614 4.869501442150788 181
1739714913618 4.779574931979307 182
1739714913622 4.691395375561625 183
1739714913626 4.604928428901534 184
1739714913630 4.520140428008667 185
1739714913635 4.43675003334493 186
1739714913639 4.355225427096843 187
1739714913643 4.2752826836453375 188
1739714913646 4.196890724996704 189
1739714913651 4.120019088253477 190
1739714913655 4.044386293982598 191
1739714913659 3.9704702953947133 192
1739714913663 3.8979867568090687 193
1739714913667 3.8269075546296722 194
1739714913671 3.756997510231954 195
1739714913674 3.688395261443818 196
1739714913678 3.621372042799574 197
1739714913683 3.55564607289586 198
1739714913687 3.4909853437798084 199
1739714913691 3.427780167415337 200
1739714913695 3.365797381461608 201
1739714913699 3.3047586613423836 202
1739714913703 3.2449476628037446 203
1739714913707 3.186496100464365 204
1739714913711 3.1291738009908854 205
1739714913715 3.0729586269294265 206
1739714913719 3.0173694902752004 207
1739714913723 2.9633098415157875 208
1739714913727 2.9102934698872365 209
1739714913731 2.8582999335671517 210
1739714913735 2.807102425836325 211
1739714913739 2.7570968747641817 212
1739714913743 2.7078005192076793 213
1739714913747 2.6597078173399638 214
1739714913751 2.612335541877498 215
1739714913755 2.5660796543157365 216
1739714913759 2.5207143650887467 217
1739714913763 2.475966973871513 218
1739714913767 2.4321293721020902 219
1739714913771 2.3893384044750983 220
1739714913792 2.347370337091324 221
1739714913814 2.3062090727488362 222
1739714913823 2.2653780189675867 223
1739714913831 2.2257890397419167 224
1739714913835 2.186960446292725 225
1739714913840 2.148877372053943 226
1739714913844 2.1113179256871146 227
1739714913848 2.0746843590390522 228
1739714913852 2.038497342737642 229
1739714913856 2.0032592379784853 230
1739714913860 1.9686965984232603 231
1739714913864 1.9345868766098793 232
1739714913868 1.9013377701012293 233
1739714913872 1.868468587326515 234
1739714913876 1.8364842593375648 235
1739714913880 1.8049031031629184 236
1739714913884 1.7741327734347814 237
1739714913887 1.7439508552070555 238
1739714913891 1.7143458678875736 239
1739714913895 1.684838554436993 240
1739714913899 1.6563596214543768 241
1739714913903 1.6284245175899155 242
1739714913907 1.60102263797519 243
1739714913911 1.5739328319065597 244
1739714913915 1.5475683233804236 245
1739714913919 1.5214467030202925 246
1739714913923 1.496081617827794 247
1739714913927 1.470989480288317 248
1739714913931 1.4465833342870489 249
1739714913935 1.4226418269744763 250
1739714913939 1.3988955134326062 251
1739714913943 1.3758602064418786 252
1739714913947 1.3530505212375905 253
1739714913950 1.3308845761191521 254
1739714913955 1.3091397789685524 255
1739714913958 1.2878079360392418 256
1739714913962 1.2664060513602495 257
1739714913967 1.2458819878685434 258
1739714913971 1.2257472559855092 259
1739714913975 1.2059942853134549 260
1739714913979 1.1864014974291066 261
1739714913983 1.1673918690620624 262
1739714913988 1.1484790635674937 263
1739714913991 1.130186285700777 264
1739714913995 1.112025955962869 265
1739714913999 1.0944205173813168 266
1739714914003 1.0771478859906272 267
1739714914007 1.0602016004818777 268
1739714914011 1.0433095303091091 269
1739714914015 1.026785536517861 270
1739714914019 1.010786694044212 271
1739714914023 0.9950896014524839 272
1739714914027 0.9796884060491211 273
1739714914031 0.9640963549254294 274
1739714914035 0.9492757529455135 275
1739714914039 0.9347341768419803 276
1739714914043 0.9204662177514978 277
1739714914047 0.9062494060839765 278
1739714914051 0.8925148570709215 279
1739714914055 0.8787724078332211 280
1739714914059 0.8655529340190649 281
1739714914062 0.8525815904640531 282
1739714914070 0.8396345763356855 283
1739714914075 0.8271471935442242 284
1739714914079 0.8148938402492079 285
1739714914084 0.802601609488572 286
1739714914088 0.7905886472536516 287
1739714914092 0.7790165740018832 288
1739714914096 0.7676609506139361 289
1739714914100 0.7565175925723643 290
1739714914104 0.7453620705907127 291
1739714914107 0.7343651309713682 292
1739714914111 0.7238403727486663 293
1739714914115 0.7135119499041019 294
1739714914119 0.7033760707761363 295
1739714914123 0.6932070072676623 296
1739714914127 0.683447242558337 297
1739714914130 0.6735988913299025 298
1739714914134 0.6642029878097248 299
1739714914138 0.6547605945260675 300
1739714914143 0.6457127126259692 301
1739714914147 0.6368328587728449 302
1739714914151 0.628117793808499 303
1739714914155 0.6192919643683229 304
1739714914159 0.6106785387281422 305
1739714914163 0.6024452689916516 306
1739714914167 0.5943644535958008 307
1739714914171 0.5864331567638476 308
1739714914175 0.5784239926739306 309
1739714914179 0.570785337626222 310
1739714914183 0.5630140499697782 311
1739714914187 0.5556590201383088 312
1739714914191 0.5484396655206606 313
1739714914195 0.5411275392308628 314
1739714914199 0.5341739682515785 315
1739714914203 0.5273484228728257 316
1739714914207 0.5203729243796718 317
1739714914211 0.513575659747307 318
1739714914215 0.5071260023265728 319
1739714914219 0.5007948119252452 320
1739714914222 0.494579813842952 321
1739714914226 0.4884787787413754 322
1739714914230 0.4819863845418115 323
1739714914234 0.47611326794742426 324
1739714914238 0.47034767622415224 325
1739714914243 0.46468754691844516 326
1739714914247 0.4589032915439594 327
1739714914251 0.45345032587111866 328
1739714914255 0.44809689786474666 329
1739714914259 0.44256290990182673 330
1739714914262 0.43740721092334944 331
1739714914266 0.43211679283522086 332
1739714914270 0.42714937365509237 333
1739714914274 0.42227231454410824 334
1739714914278 0.4174838869108459 335
1739714914282 0.41250275759196436 336
1739714914286 0.40766140638392623 337
1739714914289 0.403135504542889 338
1739714914293 0.3986916380807977 339
1739714914297 0.39432823922733984 340
1739714914301 0.3898128068973044 341
1739714914305 0.3856081496120683 342
1739714914309 0.3811992407652081 343
1739714914313 0.37714945022493757 344
1739714914317 0.373172719668981 345
1739714914321 0.3690358616410948 346
1739714914325 0.36520349477362 347
1739714914329 0.36144010554698824 348
1739714914334 0.3577443793615364 349
1739714914337 0.3538316728083221 350
1739714914341 0.3500395180440311 351
1739714914345 0.3465460353461466 352
1739714914349 0.343115188573598 353
1739714914354 0.3397457850198345 354
1739714914358 0.3364366560392555 355
1739714914362 0.33266933440527624 356
1739714914365 0.3294843200890126 357
1739714914369 0.32635618602433636 358
1739714914373 0.32328384990858366 359
1739714914377 0.32003205517338684 360
1739714914381 0.3170706415469568 361
1739714914385 0.31416192033578816 362
1739714914389 0.3110204057744861 363
1739714914393 0.30821863308472275 364
1739714914398 0.3052318713846002 365
1739714914402 0.3025310628045311 366
1739714914406 0.2998781098800925 367
1739714914410 0.2972721044456379 368
1739714914414 0.2947121568082104 369
1739714914418 0.29167519483478177 370
1739714914422 0.28921191291981285 371
1739714914426 0.2867920935742845 372
1739714914430 0.2844149123718875 373
1739714914434 0.2820795617437912 374
1739714914438 0.2795470479977967 375
1739714914442 0.27729564026564774 376
1739714914446 0.27479681339616446 377
1739714914450 0.272628304531428 378
1739714914454 0.27049778547277176 379
1739714914457 0.2681661261220365 380
1739714914461 0.26611207659447106 381
1739714914465 0.26409391315931924 382
1739714914469 0.26211095780300464 383
1739714914473 0.25987327384853565 384
1739714914477 0.25772500246370794 385
1739714914481 0.2558510405417739 386
1739714914485 0.25400966969713706 387
1739714914490 0.25220027419962976 388
1739714914495 0.25042225105374866 389
1739714914500 0.24843368307208197 390
1739714914504 0.24643074058234407 391
1739714914509 0.24475077769946385 392
1739714914513 0.24309985099980722 393
1739714914518 0.24147741281675544 394
1739714914522 0.23964161010633406 395
1739714914527 0.23807729489044938 396
1739714914532 0.23653989518831636 397
1739714914536 0.23473815464560638 398
1739714914540 0.23325785450479075 399
1739714914544 0.2315617399714595 400
1739714914548 0.2301344425471701 401
1739714914552 0.22873158376290534 402
1739714914556 0.2273527034567011 403
1739714914560 0.2259973511363906 404
1739714914564 0.22442131304817564 405
1739714914568 0.2228229390171577 406
1739714914572 0.22154319589590946 407
1739714914576 0.22028521829742925 408
1739714914580 0.2190485969006867 409
1739714914584 0.21758940589426298 410
1739714914588 0.21639713604312583 411
1739714914592 0.2152250450539394 412
1739714914596 0.2137793918983678 413
1739714914600 0.21265139955801746 414
1739714914604 0.2112992374447744 415
1739714914608 0.21021172273341754 416
1739714914612 0.2091425192180818 417
1739714914616 0.20809128280550696 418
1739714914619 0.2070576767961161 419
1739714914624 0.20550366348154694 420
1739714914627 0.204512060731015 421
1739714914632 0.20353706822608236 422
1739714914636 0.2025783731225287 423
1739714914639 0.20163566939708907 424
1739714914643 0.20046344322473061 425
1739714914647 0.1995547339952258 426
1739714914651 0.19866113412377626 427
1739714914655 0.19748690024647872 428
1739714914659 0.19662761936172427 429
1739714914663 0.19553786061414932 430
1739714914667 0.1947096302141436 431
1739714914672 0.19389509629592677 432
1739714914676 0.19309400150396944 433
1739714914680 0.19230609418215378 434
1739714914684 0.19128420020751727 435
1739714914688 0.1902292244452909 436
1739714914692 0.18948733220753367 437
1739714914696 0.18875761285623524 438
1739714914700 0.18803983756790424 439
1739714914704 0.18733378266078965 440
1739714914708 0.18639095862486918 441
1739714914712 0.18571071805131784 442
1739714914716 0.18474467213781307 443
1739714914720 0.18409136108919197 444
1739714914724 0.18344865605466754 445
1739714914728 0.18256881666396235 446
1739714914732 0.18194971340028193 447
1739714914736 0.18134062748613516 448
1739714914740 0.18074137079356703 449
1739714914744 0.18015175951544266 450
1739714914748 0.17902535452762594 451
1739714914752 0.1784625549694991 452
1739714914756 0.1779088095587111 453
1739714914760 0.17736394713041265 454
1739714914764 0.17682780055345565 455
1739714914768 0.17605146033717894 456
1739714914772 0.1755353097230633 457
1739714914776 0.1750273879254492 458
1739714914780 0.17422809954933302 459
1739714914785 0.1737412667140814 460
1739714914789 0.17301427311519332 461
1739714914792 0.17254573028341563 462
1739714914796 0.17208461162273736 463
1739714914801 0.17163077657148856 464
1739714914805 0.17118408798075624 465
1739714914809 0.17074441200888604 466
1739714914813 0.16976096779575167 467
1739714914817 0.16934315717951956 468
1739714914820 0.16893190547110695 469
1739714914824 0.16852708788123807 470
1739714914828 0.1681285827337493 471
1739714914832 0.16748561390855984 472
1739714914836 0.1671025088378009 473
1739714914840 0.16672535718745599 474
1739714914844 0.16605266530619062 475
1739714914848 0.16569225244832014 476
1739714914852 0.16508780309574372 477
1739714914856 0.16474148221154175 478
1739714914859 0.16440050717464436 479
1739714914864 0.16406477572398426 480
1739714914868 0.16373418825564978 481
1739714914871 0.1634086477334377 482
1739714914876 0.16253423710180054 483
1739714914880 0.16222686615064702 484
1739714914884 0.16192418985266221 485
1739714914888 0.16162611760038864 486
1739714914891 0.16133256122738274 487
1739714914896 0.16079141326376226 488
1739714914900 0.16050981883158996 489
1739714914904 0.16023247570748314 490
1739714914909 0.1596565129417451 491
1739714914913 0.15939265330772875 492
1739714914918 0.15888191884496874 493
1739714914922 0.15862900677905328 494
1739714914926 0.15837988392266997 495
1739714914931 0.15813447629315497 496
1739714914935 0.15789271201263294 497
1739714914939 0.15765452123020254 498
1739714914942 0.15686374309375592 499
