1739718051007 87.48796117414375 0
1739718051036 34.62311575132551 1
1739718051065 12.786145521895893 2
1739718051094 10.160814967312147 3
1739718051121 3.764716915529889 4
1739718051151 0.1802427106721286 5
1739718051180 0.3601434534511344 6
1739718051209 0.943316463166107 7
1739718051238 0.49177287825934984 8
1739718051267 0.3648180335090288 9
1739718051296 0.039264781390615316 10
1739718051323 0.34043670787491526 11
1739718051351 0.14430790458492182 12
1739718051380 0.06302825103589717 13
1739718051408 0.14771070205121903 14
1739718051436 0.09449867831592736 15
1739718051464 0.19030935352308465 16
1739718051492 0.44773806637394115 17
1739718051520 0.038018170048613416 18
1739718051547 0.4224667430938796 19
1739718051575 0.009797187561245346 20
1739718051603 0.044403386718430055 21
1739718051630 0.17410100260805983 22
1739718051656 0.026207023297617288 23
1739718051684 0.034900761823671286 24
1739718051711 0.07472214438896353 25
1739718051738 0.484979446852284 26
1739718051765 0.986359895503758 27
1739718051792 0.0003755068901031887 28
1739718051819 0.47792820441763784 29
1739718051846 0.21184408226502124 30
1739718051873 0.046740267142032964 31
1739718051900 0.02018909019351565 32
1739718051926 0.18451561897840418 33
1739718051953 0.11676845782510205 34
1739718051980 0.020922385758155373 35
1739718052007 0.09841013656224731 36
1739718052034 0.03881193849556784 37
1739718052061 0.1166519289932439 38
1739718052089 0.26145889419055557 39
1739718052116 0.033221904251342076 40
1739718052143 0.07369407998197677 41
1739718052170 0.14983942168419587 42
1739718052198 0.008623842615134231 43
1739718052229 0.24952768252990312 44
1739718052257 0.02846138227752203 45
1739718052284 0.10275327644021526 46
1739718052311 0.013214918970430263 47
1739718052338 0.071024538324898 48
1739718052365 0.0002465720587206999 49
1739718052393 0.057108245349951355 50
1739718052421 0.2683054358281037 51
1739718052449 0.0026604967115974264 52
1739718052476 0.09223863386062406 53
1739718052504 0.03545526576675816 54
1739718052531 0.47762691042357425 55
1739718052558 0.8908759611883743 56
1739718052586 1.0028089499334563e-05 57
1739718052613 0.029318470017928405 58
1739718052640 0.2423836613566787 59
1739718052668 0.3166073115068026 60
1739718052695 0.04104240444515825 61
1739718052723 0.02432309219994688 62
1739718052750 1.0113392179591802 63
1739718052778 0.12159166567396187 64
1739718052805 0.024636543249094915 65
1739718052832 0.0014906668615722485 66
1739718052860 0.10559156002775916 67
1739718052888 0.004761645421058743 68
1739718052916 0.16367830760109198 69
1739718052943 0.00385268350646785 70
1739718052971 0.4475865905591976 71
1739718053000 5.198368042546566e-05 72
1739718053030 0.0017203930360384207 73
1739718053060 0.3049067097669559 74
1739718053090 0.002459064038480189 75
1739718053118 0.2604061935789325 76
1739718053147 0.3020848208745897 77
1739718053176 0.08558880359753789 78
1739718053204 0.21484976244151902 79
1739718053233 0.06604685327619508 80
1739718053262 0.0025524510261363846 81
1739718053291 0.0009805184449302605 82
1739718053319 0.01107746620579897 83
1739718053347 3.05361045784722e-05 84
1739718053376 0.01619225832455941 85
1739718053405 0.17130062331620838 86
1739718053434 0.031974019738901245 87
1739718053461 0.00010694045136691291 88
1739718053489 0.4022167044470634 89
1739718053516 0.01685012836871398 90
1739718053543 0.0061602775757565115 91
1739718053570 0.3126073031591711 92
1739718053597 0.2571586248286391 93
1739718053624 0.0023353749312435813 94
1739718053651 0.1333588295580447 95
1739718053679 0.06586528922786009 96
1739718053707 0.9661350656199472 97
1739718053734 0.3099731780250811 98
1739718053761 0.22020728338812326 99
1739718053789 0.05689676317349622 100
1739718053816 0.14512113687604103 101
1739718053843 0.04069591398892438 102
1739718053870 0.3259547040469722 103
1739718053898 0.13984456793405764 104
1739718053925 0.09635756956347395 105
1739718053952 0.06950971699484929 106
1739718053979 0.2289778678295775 107
1739718054016 0.00041722419838102315 108
1739718054058 0.013531954093998001 109
1739718054087 0.1077411794611688 110
1739718054116 0.10713606493487292 111
1739718054145 0.008488236197068316 112
1739718054174 0.005679331620102717 113
1739718054203 0.37218885794770673 114
1739718054232 0.007528199107776898 115
1739718054261 0.00584622146449622 116
1739718054290 0.05527728615701039 117
1739718054319 0.010768911460749585 118
1739718054347 0.18117880855350993 119
1739718054374 0.0058692955145924035 120
1739718054402 0.01822891172520139 121
1739718054429 0.06428637023736115 122
1739718054456 0.08625786213668624 123
1739718054483 0.012900053344843182 124
1739718054510 0.0009506577380320025 125
1739718054538 0.10536926227452574 126
1739718054565 0.011469488674493449 127
1739718054593 0.0033882208530954835 128
1739718054620 0.1986687284584473 129
1739718054647 0.044935953149939284 130
1739718054674 0.2137376175067635 131
1739718054701 0.18599841484787571 132
1739718054728 0.06565569440080171 133
1739718054755 0.2845029061483779 134
1739718054782 0.0024661253235253055 135
1739718054809 0.42343206949424206 136
1739718054836 0.09385804234700561 137
1739718054863 0.11431967858703981 138
1739718054890 0.08464031313121127 139
1739718054918 0.1652847414920304 140
1739718054945 0.2786055720132664 141
1739718054973 0.009960915779083302 142
1739718055000 0.04866342978319493 143
1739718055027 0.1413300561904698 144
1739718055054 0.024506438759571238 145
1739718055082 0.0658928903784903 146
1739718055109 0.11444543531622701 147
1739718055136 0.0321515992299282 148
1739718055163 0.005753643592227674 149
1739718055191 0.16289046260344708 150
1739718055219 0.011457991096999782 151
1739718055246 0.025202567863502934 152
1739718055273 0.353152691844149 153
1739718055300 0.26015120154927424 154
1739718055328 0.36540420624684944 155
1739718055355 0.0012271362367748198 156
1739718055383 0.018587773996719858 157
1739718055410 0.4431521558948327 158
1739718055437 0.15888457474544576 159
1739718055464 0.13741464096565434 160
1739718055492 0.09004427109773905 161
1739718055520 0.0016237199587090978 162
1739718055547 0.12464705856666727 163
1739718055575 0.07243300003688283 164
1739718055602 2.2854947053873127e-05 165
1739718055630 0.649237684434299 166
1739718055657 0.6522988127353221 167
1739718055684 0.1339884953323397 168
1739718055712 0.21873335589260107 169
1739718055740 0.16894381552200105 170
1739718055767 0.37885876668720575 171
1739718055795 0.02800869006746782 172
1739718055822 0.14680385694908182 173
1739718055849 0.06634052424501923 174
1739718055876 0.12149047573298946 175
1739718055904 0.12355851282571485 176
1739718055931 0.08090053235685504 177
1739718055958 0.30588334968128317 178
1739718055986 0.03877124090573146 179
1739718056015 0.0038453730100850565 180
1739718056044 0.007578595510207043 181
1739718056072 3.594463444726956e-07 182
1739718056099 0.03907190507124759 183
1739718056128 0.20779116570552547 184
1739718056158 0.2435932934354888 185
1739718056189 0.04644903982083509 186
1739718056219 0.015558052229447719 187
1739718056247 0.030405993218927726 188
1739718056276 0.027183776660508953 189
1739718056304 0.3182886007957397 190
1739718056333 0.16198197155638142 191
1739718056362 0.4015112102928424 192
1739718056391 0.0006706042277352912 193
1739718056420 0.15565601176811947 194
1739718056451 0.0006226812270453991 195
1739718056482 0.021826688731296996 196
1739718056554 0.6349064667661327 197
1739718056589 2.3831828075559724e-05 198
1739718056618 0.08693620656947543 199
1739718056647 0.026245117360585317 200
1739718056675 0.5198793577478469 201
1739718056704 0.2568830879622082 202
1739718056732 0.06136535659119362 203
1739718056761 0.00025157378089495146 204
1739718056789 0.06698660427132114 205
1739718056818 0.059611034622122104 206
1739718056846 0.008452177939097428 207
1739718056874 0.10057887399492876 208
1739718056901 0.16849869987837132 209
1739718056929 0.21893032833344403 210
1739718056956 0.23928442204646871 211
1739718056983 0.0052246420947697145 212
1739718057011 0.00023166657264266278 213
1739718057038 0.04327178500873845 214
1739718057065 0.5176247706809742 215
1739718057093 0.0236598152598274 216
1739718057120 0.0028712066443229863 217
1739718057148 0.003146441365493932 218
1739718057175 0.10178230514118325 219
1739718057203 0.012831021578973784 220
1739718057230 0.0019163294145478548 221
1739718057259 0.2239705122509298 222
1739718057289 0.12839314061825433 223
1739718057320 0.07038609693918607 224
1739718057351 0.39075035786634715 225
1739718057382 0.28867516102661966 226
1739718057413 0.026394270158742912 227
1739718057443 0.44968600835198846 228
1739718057472 0.013391344110606135 229
1739718057500 2.624716617350948e-07 230
1739718057527 0.27300721497925884 231
1739718057555 0.2145305741842222 232
1739718057586 0.002071395799177401 233
1739718057619 0.30559415136872403 234
1739718057650 0.013090602243468754 235
1739718057680 0.20248660608375912 236
1739718057710 0.46753441578545285 237
1739718057738 0.3604643088110397 238
1739718057765 0.00022854945760135005 239
1739718057793 0.1624240476369826 240
1739718057820 0.13391298696250983 241
1739718057848 0.005958140687348917 242
1739718057875 0.22274111904571228 243
1739718057902 0.004421202197295504 244
1739718057929 0.05553336627509711 245
1739718057956 0.08439827174436854 246
1739718057984 0.18669004103715825 247
1739718058011 0.020356801844256815 248
1739718058039 0.01123867584008952 249
1739718058066 0.01760438634003767 250
1739718058093 0.26048277566104594 251
1739718058121 0.054425458342062596 252
1739718058149 0.10016321261512072 253
1739718058176 0.0014316238996823188 254
1739718058204 0.0058222502262145134 255
1739718058232 0.06816858628986372 256
1739718058259 0.025654375486265164 257
1739718058287 0.08875029972974766 258
1739718058317 0.30267348126207844 259
1739718058348 0.1887769171967393 260
1739718058379 0.06565380159740429 261
1739718058411 3.046214893845263e-05 262
1739718058442 6.603778256208088e-05 263
1739718058473 0.028998069621401862 264
1739718058504 0.05501826310433832 265
1739718058534 0.14144693387100635 266
1739718058563 0.02048186090905375 267
1739718058593 0.0005939339265590812 268
1739718058623 0.006891663438203297 269
1739718058651 0.029132478578243443 270
1739718058679 0.01366774082232897 271
1739718058706 0.0734978552980638 272
1739718058734 0.10490927742758134 273
1739718058762 0.0917538458699895 274
1739718058789 0.3589170716061586 275
1739718058816 0.025923396721717566 276
1739718058844 0.09289646788478034 277
1739718058871 0.3726543929654516 278
1739718058900 0.030969214026332712 279
1739718058930 0.16282273208779022 280
1739718058960 0.24545434589265652 281
1739718058990 0.6526772350666566 282
1739718059019 0.0014576772693944253 283
1739718059050 0.06668144165204448 284
1739718059081 0.07313505531821918 285
1739718059111 0.22627956230392787 286
1739718059140 0.2144926369574854 287
1739718059168 0.14909487888402165 288
1739718059195 9.726644266376552e-08 289
1739718059223 0.1617361045023352 290
1739718059251 0.02802656027064191 291
1739718059278 0.001177415457478101 292
1739718059306 0.10959444964239938 293
1739718059333 0.10906474882687081 294
1739718059360 1.815627549457358e-06 295
1739718059388 0.15236195446796952 296
1739718059415 0.014168206069159993 297
1739718059443 0.02313180690445299 298
1739718059471 0.21795334886638826 299
1739718059498 0.0015497175401347442 300
1739718059525 0.5165304638573944 301
1739718059553 0.2938862862262385 302
1739718059579 0.692941929456687 303
1739718059607 0.08735027010758024 304
1739718059634 0.03328656452949171 305
1739718059661 0.2539149609620067 306
1739718059688 0.0518066162819028 307
1739718059716 0.009381706690914296 308
1739718059744 0.0799418993245719 309
1739718059771 0.04826063402448274 310
1739718059798 0.1827647738071031 311
1739718059826 0.044523692656789474 312
1739718059854 0.23720688768982462 313
1739718059882 0.29512510521852575 314
1739718059909 0.012785854796783644 315
1739718059936 0.017378715798284997 316
1739718059966 0.030547725464704217 317
1739718059994 0.27941451132806416 318
1739718060022 0.03050902435284036 319
1739718060051 0.00012441196442248772 320
1739718060078 0.01511433281820562 321
1739718060105 0.021674778647433574 322
1739718060132 4.511610702451202e-05 323
1739718060159 0.016308201972661196 324
1739718060187 0.012863678424030092 325
1739718060215 0.6368788255949264 326
1739718060245 0.004943490117598761 327
1739718060279 0.15100258090672913 328
1739718060308 0.009797125365660093 329
1739718060336 0.177431925504968 330
1739718060364 0.010685998633545548 331
1739718060391 0.0017403536412566383 332
1739718060419 0.009605038459074833 333
1739718060446 0.01918720388270799 334
1739718060473 0.047311296104204544 335
1739718060500 0.03982192232498316 336
1739718060527 0.004571047903340807 337
1739718060554 0.2622171318585664 338
1739718060582 0.01247982468621576 339
1739718060609 0.02008078008612773 340
1739718060636 0.13386388620208628 341
1739718060663 0.007803808995631614 342
1739718060690 0.008413481980655134 343
1739718060717 1.2471026582065003 344
1739718060744 0.035635559512941326 345
1739718060772 0.0676580082928497 346
1739718060799 0.00385650847558875 347
1739718060827 0.09499238734526977 348
1739718060855 0.14634452475330634 349
1739718060881 0.025596905110306042 350
1739718060908 0.3736079837070844 351
1739718060935 0.13675982718364826 352
1739718060962 0.036384068362156304 353
1739718060989 0.09696760995276693 354
1739718061016 0.03682007543903076 355
1739718061043 1.0425403706449394 356
1739718061071 0.05202671938416711 357
1739718061098 0.13660413236112412 358
1739718061125 0.029400137110521453 359
1739718061152 0.0031340465057894205 360
1739718061179 0.01802498783192093 361
1739718061206 0.11308898746130275 362
1739718061234 0.35109562482681095 363
1739718061261 0.16215265687857336 364
1739718061288 0.6405472866199122 365
1739718061316 0.2635794447354376 366
1739718061342 0.13452324284783734 367
1739718061370 0.003738838190479097 368
1739718061397 0.07632667115449013 369
1739718061424 0.13156851109486165 370
1739718061451 0.056690022390847354 371
1739718061478 0.022994641333823226 372
1739718061505 0.3849487300368461 373
1739718061533 0.9634396434231348 374
1739718061560 0.0018440225271949531 375
1739718061588 0.09384004224952625 376
1739718061615 0.003851495369431794 377
1739718061642 0.008167143180790554 378
1739718061669 0.02484521295985207 379
1739718061696 0.03463168147392123 380
1739718061723 0.10925843913912422 381
1739718061751 0.08645232344929074 382
1739718061778 0.0556755769539734 383
1739718061806 0.011319552197159771 384
1739718061834 0.15144978739195622 385
1739718061862 0.02899476258513712 386
1739718061889 0.06226589229826553 387
1739718061917 0.17287711128562538 388
1739718061944 0.29062433638876933 389
1739718061972 0.03925672110997478 390
1739718061999 0.008636776389870742 391
1739718062027 0.059829598788888216 392
1739718062054 0.06061269965822768 393
1739718062082 0.07722976857964099 394
1739718062109 0.00012741641449392832 395
1739718062136 0.14241780033972934 396
1739718062163 0.37816161030250495 397
1739718062191 4.4179861771069305e-05 398
1739718062218 0.08641561380440045 399
1739718062247 0.3734084488815568 400
1739718062276 0.009494651539367533 401
1739718062305 0.0910404418135221 402
1739718062334 0.030869686656169123 403
1739718062363 0.04154892699507136 404
1739718062390 0.6332051214260128 405
1739718062419 0.06140771978329178 406
1739718062446 0.21601723019302876 407
1739718062474 0.5664265692131788 408
1739718062502 0.35873129829943906 409
1739718062530 0.07572692644141514 410
1739718062556 0.015586355670691379 411
1739718062584 0.27591477965977357 412
1739718062611 0.24703485394900065 413
1739718062639 0.1477818086041184 414
1739718062665 0.004984630967065676 415
1739718062693 0.03903138496317081 416
1739718062720 0.005571302759792265 417
1739718062746 0.06749190759832606 418
1739718062774 0.023449275121447854 419
1739718062801 0.04328134129717821 420
1739718062828 0.34628141941333895 421
1739718062856 0.00017678863702618065 422
1739718062884 4.141002464995565e-05 423
1739718062912 0.004105255532756621 424
1739718062940 0.0008407867959095214 425
1739718062967 3.9815937543943013e-07 426
1739718062994 0.0175543873457205 427
1739718063023 0.13094793339800775 428
1739718063050 0.05276419370072231 429
1739718063078 0.14592444435485874 430
1739718063105 0.4585427172791005 431
1739718063133 4.690302213653966e-05 432
1739718063160 0.896745226830535 433
1739718063188 0.03360433857114851 434
1739718063215 0.2779610982821728 435
1739718063243 0.025521906222593236 436
1739718063271 0.16935961534014965 437
1739718063298 0.033478007291544536 438
1739718063325 0.0853189434312289 439
1739718063353 0.11887284457280359 440
1739718063380 0.4020073462633937 441
1739718063408 0.0691713599026826 442
1739718063436 0.05230431145478835 443
1739718063464 0.029438705355851445 444
1739718063492 0.8117961665902471 445
1739718063519 0.04645671891327834 446
1739718063546 0.004497479493741263 447
1739718063573 0.04971442366396473 448
1739718063601 0.5899790497853504 449
1739718063628 8.51703374272671e-06 450
1739718063656 0.47552551446195357 451
1739718063683 0.1245801040238046 452
1739718063710 0.2519371370917615 453
