1739715877247 146.55103704265358 0
1739715877253 130.85703867616436 1
1739715877259 113.54310995657409 2
1739715877265 94.71998992193429 3
1739715877270 81.7109426168992 4
1739715877275 71.01568259963 5
1739715877280 62.845000788978446 6
1739715877285 55.922681209062404 7
1739715877290 50.078739204260444 8
1739715877294 43.64267347137063 9
1739715877299 39.441482267061744 10
1739715877304 34.46319500811992 11
1739715877309 30.720329170445083 12
1739715877314 27.36543811279431 13
1739715877318 26.16764834333588 14
1739715877323 21.577643680515056 15
1739715877328 21.122694481867818 16
1739715877333 18.371274511770185 17
1739715877338 17.9418386682665 18
1739715877343 15.416958200416502 19
1739715877347 14.689792772366241 20
1739715877352 13.402625739382769 21
1739715877357 12.723245164859698 22
1739715877362 12.403919995119276 23
1739715877366 11.39224620286419 24
1739715877371 9.89326805629817 25
1739715877376 9.802706481342137 26
1739715877381 9.797148104653049 27
1739715877387 8.985818464645117 28
1739715877392 8.496748510066856 29
1739715877398 8.145081997549633 30
1739715877403 8.145298320645024 31
1739715877408 7.575577050897613 32
1739715877414 7.184118682184584 33
1739715877420 7.151034212920454 34
1739715877426 6.966815056718666 35
1739715877431 6.461812017118632 36
1739715877436 6.516271971013803 37
1739715877441 6.224336927836598 38
1739715877447 6.310537637349358 39
1739715877453 5.71866178793769 40
1739715877457 5.969140731034684 41
1739715877462 5.753030174604578 42
1739715877467 5.535448374692887 43
1739715877472 6.007055029158706 44
1739715877476 5.574589637835145 45
1739715877481 5.81496231415447 46
1739715877485 5.146554605046667 47
1739715877490 5.712416761124463 48
1739715877495 5.160014615027809 49
1739715877500 5.225437149003862 50
1739715877505 5.253977911533729 51
1739715877510 5.2613927988488545 52
1739715877515 5.002152412129887 53
1739715877521 5.345840492603814 54
1739715877526 5.165103383727735 55
1739715877531 5.3812087420666 56
1739715877537 4.696198806330903 57
1739715877542 5.172564610750365 58
1739715877547 4.907338559868323 59
1739715877554 5.180700895426149 60
1739715877560 5.159300967084138 61
1739715877565 5.115796558917888 62
1739715877570 4.867961798417196 63
1739715877574 4.988670720585796 64
1739715877579 5.051180559782378 65
1739715877584 4.8658721260960975 66
1739715877589 5.334006352199833 67
1739715877594 5.199255615773338 68
1739715877599 4.798133359682736 69
1739715877603 4.978153077400978 70
1739715877607 4.790593449623176 71
1739715877612 4.742910454658229 72
1739715877617 4.670557286997922 73
1739715877622 5.115085795154687 74
1739715877628 4.835334578713586 75
1739715877634 5.20961640023329 76
1739715877639 4.824973389688553 77
1739715877644 4.517570315423589 78
1739715877649 4.511110298359953 79
1739715877656 4.701522751452869 80
1739715877661 4.629557976730071 81
1739715877666 4.924888530521377 82
1739715877671 5.262845809277866 83
1739715877675 4.768530452625526 84
1739715877680 4.884609332411408 85
1739715877684 4.887635992448152 86
1739715877689 4.795196265123737 87
1739715877693 4.522638298536885 88
1739715877698 4.799657096589878 89
1739715877703 4.909291358102101 90
1739715877708 4.813622643831523 91
1739715877712 4.919030142639877 92
1739715877717 4.922990171070285 93
1739715877721 4.688516546270836 94
1739715877726 4.750002163676901 95
1739715877731 4.708272411119327 96
1739715877735 4.96534382597657 97
1739715877740 4.519156477646047 98
1739715877745 5.0444893446849015 99
1739715877749 5.147199115303321 100
1739715877754 4.6609532192600485 101
1739715877758 4.7245411446256345 102
1739715877763 4.892104448497572 103
1739715877768 4.667461155632541 104
1739715877772 4.95979603218904 105
1739715877777 4.898312623404051 106
1739715877781 4.786150982359882 107
1739715877785 4.8149721675715265 108
1739715877790 4.577555472256798 109
1739715877794 4.940376619084086 110
1739715877799 4.811903449424876 111
1739715877803 4.574127314594988 112
1739715877808 5.10473653939981 113
1739715877813 5.184971934880471 114
1739715877817 4.71256070968015 115
1739715877821 4.61570713178665 116
1739715877826 5.005648969905503 117
1739715877830 5.123548459606914 118
1739715877834 4.9098918271895995 119
1739715877839 4.673499903088721 120
1739715877844 4.595342307827653 121
1739715877848 4.851438874684214 122
