1739719180889 0.13578479382470646 0
1739719180916 0.00795559608887269 1
1739719180941 0.5794513959707914 2
1739719180966 0.45631706273310413 3
1739719180992 0.002972706956467735 4
1739719181017 0.00021675484140135272 5
1739719181041 0.01589972457627513 6
1739719181067 0.25939141116708325 7
1739719181092 0.5905656965207084 8
1739719181118 0.02535763517496373 9
1739719181142 0.34526641636248084 10
1739719181168 0.16542431465484211 11
1739719181194 0.6754670102681091 12
1739719181220 0.03393314871721507 13
1739719181246 9.561473095599198e-05 14
1739719181271 0.0048470527776460276 15
1739719181297 0.4264104949173168 16
1739719181322 0.08878822479165771 17
1739719181347 0.4940650652543264 18
1739719181372 0.028890935216558476 19
1739719181398 0.8905229142480711 20
1739719181423 0.20553311690093706 21
1739719181448 0.005251478787272032 22
1739719181473 0.005810036395940788 23
1739719181499 0.234554676590884 24
1739719181524 0.011595497726237174 25
1739719181549 0.0011022651490230919 26
1739719181575 0.216478047515677 27
1739719181600 0.11973607510476762 28
1739719181625 0.11834227821975186 29
1739719181650 0.00811488365124912 30
1739719181675 0.04092735636298979 31
1739719181700 2.2118328682897252e-05 32
1739719181726 0.4677544958778153 33
1739719181751 0.027582140975313963 34
1739719181776 0.008785210080701891 35
1739719181802 0.3557539084568788 36
1739719181827 0.009263735290335298 37
1739719181852 0.0032694529072060463 38
1739719181877 0.44635805874264006 39
1739719181903 0.014906750631410818 40
1739719181929 0.2723787109493062 41
1739719181955 0.038169952635777445 42
1739719181980 0.02513912165244325 43
1739719182005 0.143617456266041 44
1739719182030 0.03871552805789722 45
1739719182055 0.23138445315615985 46
1739719182085 0.09360593252831828 47
1739719182110 0.3088859429181796 48
1739719182136 0.09591985968089287 49
1739719182162 0.5640228729665678 50
1739719182187 0.0020020548899920524 51
1739719182212 0.018479253468944138 52
1739719182237 0.15608362450080304 53
1739719182263 0.275722083509417 54
1739719182287 0.00022842116568118167 55
1739719182312 0.3539717549175466 56
1739719182338 0.07323568702872851 57
1739719182363 0.03776476703072424 58
1739719182388 0.05803007115254432 59
1739719182413 8.106679095705982e-05 60
1739719182438 0.02798695446403596 61
1739719182463 0.23991172589397913 62
1739719182489 0.19185308112287894 63
1739719182514 0.026146563433453448 64
1739719182539 0.5904404239708227 65
1739719182564 0.046727071603454684 66
1739719182589 0.5922919935809515 67
1739719182614 0.5089774231275882 68
1739719182640 1.7318681131508638 69
1739719182665 0.03471575166921376 70
1739719182690 0.41606179427436657 71
1739719182715 0.11720740251885241 72
1739719182741 0.3370558850794057 73
1739719182766 0.0005981069438339944 74
1739719182792 0.08095297840984089 75
1739719182818 0.07788241136492527 76
1739719182844 0.14388995281809214 77
1739719182870 0.09410641023829037 78
1739719182895 0.014763156779780587 79
1739719182921 0.22459866020439165 80
1739719182947 0.041870011015426034 81
1739719182973 0.4265812208032976 82
1739719182999 0.016138082967628392 83
1739719183025 0.3556787867713964 84
1739719183051 0.1843000587509024 85
1739719183077 0.20559430871221637 86
1739719183103 0.008797506228322446 87
1739719183128 0.44054378478515244 88
1739719183155 0.0013931993138667823 89
1739719183180 0.07158813845504162 90
1739719183206 0.015475857606855952 91
1739719183232 0.3196855713742095 92
1739719183258 0.09615114643789154 93
1739719183285 0.02182990490992146 94
1739719183312 2.1194813029323103 95
1739719183338 0.02282538421918351 96
1739719183364 3.220242310417376 97
1739719183390 0.41364679736852 98
1739719183416 0.004051811868986742 99
1739719183442 0.002409452961445441 100
1739719183467 0.029476334636766983 101
1739719183493 1.6006033336986747 102
1739719183519 0.4608203050230846 103
1739719183544 0.00735105074984318 104
1739719183570 0.013679056219015025 105
1739719183596 0.0069861906985332085 106
1739719183622 0.0020020349075007583 107
1739719183647 0.00498727627249248 108
1739719183672 0.07410951048752738 109
1739719183697 0.0024154108575436127 110
1739719183723 0.09933936747264474 111
1739719183748 0.05740886657109126 112
1739719183773 0.5571182170653507 113
1739719183798 0.015564677774081971 114
1739719183824 0.1154198295123486 115
1739719183849 0.6815081359075564 116
1739719183874 0.04976024006857216 117
1739719183900 0.06052088989854465 118
1739719183925 0.2830018560808549 119
1739719183950 0.010856386182171397 120
1739719183976 0.0005070511379691562 121
1739719184001 0.0017694755554260744 122
1739719184027 0.06648109837660146 123
1739719184053 0.3019327430420343 124
1739719184078 0.3588601426863572 125
1739719184103 0.2775103838629508 126
1739719184130 0.6562187620682601 127
1739719184156 0.13310940464044504 128
1739719184181 0.09559561970245954 129
1739719184207 0.0642328542569288 130
1739719184232 0.0003087976895286555 131
1739719184259 0.09990019382394137 132
1739719184285 0.00805332205632134 133
1739719184310 0.009281835510027673 134
1739719184336 0.0700783027660414 135
1739719184362 0.10637237864394905 136
1739719184388 0.041568002483545044 137
1739719184413 0.0425079472845917 138
1739719184439 0.006394508320866792 139
1739719184465 0.7878076280556509 140
1739719184491 0.1584202738102372 141
1739719184518 0.6898869539781894 142
1739719184543 0.8935054796112726 143
1739719184569 0.04908286751826047 144
1739719184595 4.485573965217315e-06 145
1739719184621 0.47872276835419325 146
1739719184647 0.3540495445010851 147
1739719184672 2.8555312184805313e-05 148
1739719184697 0.0071338180710908364 149
1739719184722 0.31373259299635237 150
1739719184748 0.28491738668362454 151
1739719184773 9.920345525963704e-05 152
1739719184799 0.15431105810400048 153
1739719184825 0.015995555829784274 154
1739719184850 1.0020530874446163 155
1739719184875 0.5676049066418717 156
1739719184900 0.0750868170200114 157
1739719184925 0.24043204185309716 158
1739719184950 0.14989246824333885 159
1739719184976 0.00952913836681835 160
1739719185001 0.6651689132105972 161
1739719185026 0.42243583001683743 162
1739719185052 0.25615917646473546 163
1739719185077 0.05892718106630762 164
1739719185102 0.26466567766898363 165
1739719185128 0.02041664299160584 166
1739719185154 0.10162691813991379 167
1739719185179 0.0012467662161886807 168
1739719185204 0.20595119216945076 169
1739719185229 0.07936185573741086 170
1739719185255 0.0002161565237401434 171
1739719185280 0.000517362538601864 172
1739719185306 0.0173317716948142 173
1739719185332 0.14022099950322625 174
1739719185357 0.6407928991636842 175
1739719185382 0.009571332000875529 176
1739719185409 0.2147397085966388 177
1739719185434 0.10005169966294462 178
1739719185460 0.07056177929546348 179
1739719185485 0.4988783952136021 180
1739719185511 0.32264702223818725 181
1739719185536 0.5508959363764292 182
1739719185561 0.0577240825376755 183
1739719185586 0.04527224968432094 184
1739719185611 0.0018011774709333758 185
1739719185637 1.7851418232630967 186
1739719185662 0.00837798284541753 187
1739719185687 0.05953175504200613 188
1739719185713 0.9213188015824381 189
1739719185738 0.04776040469587511 190
1739719185763 0.13063869127842792 191
1739719185788 0.24748701401107984 192
1739719185813 0.03323540285434285 193
1739719185838 0.6479568335923412 194
1739719185864 0.10030321871022453 195
1739719185890 0.07203313825399864 196
1739719185915 0.20176712992888482 197
1739719185941 0.19976148213056874 198
1739719185966 0.3192232882372421 199
1739719185991 0.001542676432327569 200
1739719186016 0.02337404800494533 201
1739719186042 0.03875960870856394 202
1739719186068 0.26594112727490044 203
1739719186093 0.21060824279402357 204
1739719186119 0.007416424209673825 205
1739719186145 0.00509261776342177 206
1739719186170 1.3493869670019407 207
1739719186195 0.09387151338736821 208
1739719186220 0.16419211687659618 209
1739719186245 0.06707878148765664 210
1739719186271 0.02153126881699573 211
1739719186296 0.26943720805964355 212
1739719186320 0.3790065151436711 213
1739719186346 0.019688813114619407 214
1739719186371 0.11732500991403312 215
1739719186397 0.03133681209051351 216
1739719186422 0.19405116341419817 217
1739719186447 0.5815564714416552 218
1739719186472 0.036395360912134266 219
1739719186497 0.13165215183804885 220
1739719186522 0.9987235399798816 221
1739719186547 0.059866199609325016 222
1739719186573 0.015070449541198223 223
1739719186598 0.16962078654278814 224
1739719186624 0.22724500375026627 225
1739719186649 0.07416067946489786 226
1739719186674 0.019009997195139135 227
1739719186699 0.02963086977576891 228
1739719186724 0.0001736196996184455 229
1739719186749 0.002244188060261664 230
1739719186775 0.274989844646663 231
1739719186800 0.10964438462761664 232
1739719186825 0.128184779803069 233
1739719186850 0.00011836445714023674 234
1739719186875 1.372494652882902 235
1739719186901 0.03942353205861644 236
1739719186926 0.1392920157114355 237
1739719186951 0.0003006414977346651 238
1739719186976 0.016969185905929853 239
1739719187002 1.36438088981709 240
1739719187027 0.03393458026488979 241
1739719187053 0.005721760803520725 242
1739719187078 0.04761780721624232 243
1739719187103 0.42661443974180296 244
1739719187128 0.0008668412181704324 245
1739719187153 0.36989190648442727 246
1739719187178 0.907325797822233 247
1739719187203 0.3312936786002979 248
1739719187228 0.02338243060351815 249
1739719187266 0.06271249254921901 250
1739719187292 0.0016766954041095344 251
1739719187317 0.770818058908509 252
1739719187342 0.04239906575081996 253
1739719187367 0.08356110987582056 254
1739719187393 0.012282917416207633 255
1739719187418 0.2556920463488629 256
1739719187443 0.021554255673034352 257
1739719187468 0.6485021762560734 258
1739719187493 0.04709482891906511 259
1739719187519 0.17771397157928265 260
1739719187545 0.01390980003962548 261
1739719187570 0.018071070975281742 262
1739719187596 0.03706383737659386 263
1739719187621 0.0036590211360685273 264
1739719187646 0.10212678958910806 265
1739719187671 0.002220184375602334 266
1739719187697 0.2577716240994494 267
1739719187722 0.021109126320272172 268
1739719187747 0.49078196130925533 269
1739719187773 0.009590001079339447 270
1739719187799 0.04939820111587792 271
1739719187824 0.13041687103344535 272
1739719187850 0.06154302136720177 273
1739719187875 0.21430567294970068 274
1739719187900 0.0003199150995228201 275
1739719187925 0.39342525169904935 276
1739719187950 0.5966733807711184 277
1739719187975 0.42476756914535313 278
1739719188000 0.1621032692004767 279
1739719188025 0.14730128477834936 280
1739719188050 0.0648589531118359 281
1739719188076 0.02724947117421143 282
1739719188101 0.20170944764876078 283
1739719188126 0.004016649214475073 284
1739719188151 0.012035701597839905 285
1739719188177 0.1441874465351555 286
1739719188202 0.025216232049156063 287
1739719188228 9.840881132164891e-06 288
1739719188253 0.011941552205480885 289
1739719188278 0.06339402022660148 290
1739719188304 0.4954086308152034 291
1739719188329 0.5094485544529188 292
1739719188354 0.2646952620270726 293
1739719188380 0.00015202843275099936 294
1739719188405 0.006696848047001554 295
1739719188430 0.0027133228542090336 296
1739719188455 0.004446527067885704 297
1739719188480 0.007916688302449224 298
1739719188506 0.007962805695018164 299
1739719188531 0.08878187725326923 300
1739719188557 0.1905294123000073 301
1739719188584 0.1251129617861741 302
1739719188609 0.001136025426958898 303
1739719188634 0.0351293006429007 304
1739719188659 2.954854054698644e-05 305
1739719188685 0.5452625752299597 306
1739719188710 2.439983532563246e-05 307
1739719188735 0.06820726453897485 308
1739719188761 1.0860737934600873 309
1739719188786 0.027511447622229346 310
1739719188811 0.11784174383781966 311
1739719188836 0.19416838753374602 312
1739719188862 0.014788255955651034 313
1739719188887 0.013246518524083978 314
1739719188912 0.09054824162005236 315
1739719188937 5.259796148545717e-06 316
1739719188962 0.27038290717574703 317
1739719188988 0.00010195582103852861 318
1739719189012 0.19064996288617425 319
1739719189037 0.0734153651104748 320
1739719189063 0.6573472316066247 321
1739719189088 0.5186864016858154 322
1739719189113 0.1715680495959189 323
1739719189139 0.021273813497106237 324
1739719189164 0.011994552565138454 325
1739719189189 0.09569268177789567 326
1739719189215 1.1197808775150517 327
1739719189239 0.012375338805814345 328
1739719189265 0.1621721543032393 329
1739719189290 0.24707809183970264 330
1739719189315 0.018698329860319128 331
1739719189340 0.0033383561855567477 332
1739719189365 0.014768094734192917 333
1739719189390 0.1627665591976969 334
1739719189415 0.18117782821502423 335
1739719189441 0.2714225993216357 336
1739719189466 0.24243810202199356 337
1739719189491 0.00010565265718041921 338
1739719189517 0.579308015542668 339
1739719189542 0.017247818822084045 340
1739719189567 0.1272185747927898 341
1739719189592 0.6650137060948178 342
1739719189617 0.13493322072967728 343
1739719189643 0.055046511895746705 344
1739719189669 0.1619918256109114 345
1739719189694 0.05700643292263641 346
1739719189719 0.012985589095551696 347
1739719189745 0.20376794961175176 348
1739719189771 0.01510378827208156 349
1739719189796 0.11596795007213405 350
1739719189821 1.3909134373977912 351
1739719189847 0.013494127560047394 352
1739719189872 0.0015379314598627603 353
1739719189897 0.0464505861770278 354
1739719189923 0.00016441530040704739 355
1739719189948 0.925274013970209 356
1739719189973 1.2194289067638386 357
1739719189999 0.42395466444515106 358
1739719190024 0.13984405251851373 359
1739719190049 0.0010749758135739284 360
1739719190074 0.009207795505029698 361
1739719190099 0.02113367125425714 362
1739719190124 0.25647349296324984 363
1739719190149 0.23087175990573097 364
1739719190174 0.0782911528522849 365
1739719190200 1.0553748818533788 366
1739719190225 0.0984876537034579 367
1739719190250 1.4805456337648863 368
1739719190275 0.1905074846751021 369
1739719190300 0.39057177235253454 370
1739719190326 0.018254539663552664 371
1739719190351 0.4505627928717954 372
1739719190377 0.00537497379174569 373
1739719190402 0.3477223209825799 374
1739719190427 0.42948868471614243 375
1739719190452 0.005211034255105054 376
1739719190478 0.06260035158790127 377
1739719190503 0.2493513878560717 378
1739719190531 0.2539856297686761 379
1739719190556 0.0730051502996135 380
1739719190581 0.7358350823627519 381
1739719190607 0.49068952374062763 382
1739719190632 1.0942837503550933 383
1739719190658 1.1494950439218405 384
1739719190683 0.24529727311245936 385
1739719190709 0.0718840869314927 386
1739719190734 0.111067437139794 387
1739719190760 0.0149658091991126 388
1739719190785 0.0007395778257131662 389
1739719190810 0.00402871274797406 390
1739719190835 0.0017183592044999994 391
1739719190860 0.10286987993518637 392
1739719190885 0.5886016963211639 393
1739719190911 1.3152717330816734 394
1739719190937 0.022954711615989526 395
1739719190962 0.8728351849003138 396
1739719190987 0.7722208021370215 397
1739719191013 0.4739840972132531 398
1739719191038 0.046675723461517916 399
1739719191063 0.08175669735979499 400
1739719191089 0.19791819130556193 401
1739719191114 0.01852702806644718 402
1739719191140 0.06379177142672592 403
1739719191165 0.02081880207054995 404
1739719191190 0.00973011620469631 405
1739719191216 0.0008158815121799456 406
1739719191241 0.00929074225992818 407
1739719191267 0.03402669784689215 408
1739719191292 3.802683607903803e-05 409
1739719191318 0.06720698945167242 410
1739719191343 0.3854470624010672 411
1739719191368 0.18535225307080938 412
1739719191394 0.006478249938972218 413
1739719191420 0.07611215733064719 414
1739719191445 0.26066653347400565 415
1739719191470 0.15675978768127985 416
1739719191496 0.09410712336242809 417
1739719191521 0.004187744348418468 418
1739719191546 0.0039309287016407336 419
1739719191571 0.01633705812510433 420
1739719191596 0.6244071756148528 421
1739719191622 0.11814475886827785 422
1739719191647 1.4314692980854047 423
1739719191673 0.5955067975885987 424
1739719191698 0.5921791586643816 425
1739719191723 0.508721415105715 426
1739719191749 0.5285833952821984 427
1739719191775 0.013648201118554446 428
1739719191801 0.013688695594558098 429
1739719191826 0.006367099696110837 430
1739719191852 0.008213635921698268 431
1739719191877 0.5047752709704214 432
1739719191903 0.004763755082262313 433
1739719191928 0.3446182616309484 434
1739719191953 0.373576594588692 435
1739719191978 0.26405717198270123 436
1739719192003 0.008704871676570152 437
1739719192028 0.06872254128638507 438
1739719192054 0.032123707729006905 439
1739719192078 0.03974518753923962 440
1739719192103 0.04058327443013415 441
1739719192128 0.0011462896762961371 442
1739719192153 0.45147902663671097 443
1739719192179 0.32747405192551027 444
1739719192204 0.6791845883240661 445
1739719192228 0.14031120234072914 446
1739719192253 0.23884555456469606 447
1739719192279 0.0009635940039900668 448
1739719192304 0.142445851631829 449
1739719192329 0.011987112666717084 450
1739719192354 0.2083107744725011 451
1739719192379 0.605296287143404 452
1739719192404 0.024571869202316816 453
1739719192429 0.008609494743372985 454
1739719192454 0.001017789864411516 455
1739719192480 0.4279493555547085 456
1739719192505 0.012315234333865202 457
1739719192530 1.0040320918179435 458
1739719192555 0.18019982612472657 459
1739719192580 0.6552861199217048 460
1739719192606 0.040465291357374505 461
1739719192631 1.2179694436001881e-05 462
1739719192657 0.7131287272125977 463
1739719192682 0.00012595239233572942 464
1739719192708 0.0019295250850788663 465
1739719192734 0.10311036525777545 466
1739719192759 0.16205919409480035 467
1739719192784 1.0425148342244168 468
1739719192809 0.3184915464603126 469
1739719192834 0.1625932955960259 470
1739719192859 0.07122461636143118 471
1739719192885 0.2588000986530393 472
1739719192910 0.0364165793288718 473
1739719192935 0.054050095371803844 474
1739719192960 0.0381944037926715 475
1739719192985 0.023077292138943287 476
1739719193010 0.020053710093853237 477
1739719193036 0.5278828725171318 478
1739719193061 0.2002700766420756 479
1739719193087 0.2040297570956305 480
1739719193112 0.0825083485672534 481
1739719193137 0.25779570429321147 482
1739719193162 0.16885045689487835 483
1739719193187 0.21115924116280765 484
1739719193213 0.0409139140852275 485
1739719193238 0.2910044597976748 486
1739719193264 0.45822064471624024 487
1739719193289 0.0162320826519451 488
1739719193315 0.15695566558106475 489
1739719193340 0.06090862892292346 490
1739719193366 0.0038670960803973368 491
1739719193391 0.0019126490478077898 492
1739719193416 0.0006761404190918088 493
1739719193442 0.9452578772472052 494
1739719193467 5.79280985623996e-06 495
1739719193492 0.05358270824311136 496
1739719193518 0.7832848887015873 497
1739719193543 0.15707331169990543 498
1739719193569 0.24187122867087793 499
