1739717605064 8.527762867359318 0
1739717605093 7.041932654323041 1
1739717605120 4.286978569217367 2
1739717605149 3.24954606450004 3
1739717605176 2.9166702685204378 4
1739717605203 4.093166622076228 5
1739717605232 7.174155973809886 6
1739717605260 1.8429108994414107 7
1739717605288 2.4167073780462935 8
1739717605314 4.331873384379991 9
1739717605341 2.710442062552771 10
1739717605368 4.033157127611331 11
1739717605394 6.566163773100567 12
1739717605420 5.868005783095804 13
1739717605447 5.410821975882892 14
1739717605474 3.865943417340253 15
1739717605500 6.571168309096941 16
1739717605527 7.423762171734927 17
1739717605554 5.478461333705159 18
1739717605581 7.377401695122479 19
1739717605608 4.609005239243291 20
1739717605635 1.9154015851620652 21
1739717605664 4.377509159615473 22
1739717605693 2.182141913438829 23
1739717605722 0.8097911407887459 24
1739717605752 3.900352000379473 25
1739717605779 3.064866541741629 26
1739717605808 2.738294740821684 27
1739717605837 4.763520218604941 28
1739717605865 5.9155099681996015 29
1739717605893 1.4493574743176056 30
1739717605921 4.179881738760982 31
1739717605950 4.641311044123732 32
1739717605978 2.2879412080494643 33
1739717606006 3.4532816238744544 34
1739717606034 4.083774772813058 35
1739717606062 3.1790683920932703 36
1739717606089 2.8554470390962776 37
1739717606118 5.602863726092249 38
1739717606146 5.02352409706256 39
1739717606173 5.104428636949061 40
1739717606200 4.974630560067615 41
1739717606227 5.80105814741499 42
1739717606253 7.706903701995687 43
1739717606280 3.763297260905564 44
1739717606307 0.2179073820959578 45
1739717606333 6.35550606400146 46
1739717606360 4.901836174072118 47
1739717606387 3.793276837580345 48
1739717606413 4.9027418555162505 49
1739717606440 7.171045735840131 50
1739717606467 3.991085475189611 51
1739717606494 5.0257633680911065 52
1739717606522 4.540909705993476 53
1739717606549 5.28538745469149 54
1739717606576 5.765397891578544 55
1739717606602 3.306092643135752 56
1739717606631 3.601897811351239 57
1739717606661 13.654046748160118 58
1739717606689 2.620101639486406 59
1739717606716 3.5576210996282445 60
1739717606743 4.45384037185825 61
1739717606769 0.899571863239793 62
1739717606796 3.158981038674719 63
1739717606822 5.867376378024106 64
1739717606849 4.666763846804498 65
1739717606878 3.7853645930177247 66
1739717606907 2.845086219477026 67
1739717606934 3.612459960108219 68
1739717606961 6.2249056416079265 69
1739717606988 5.997832672597869 70
1739717607015 9.24158183772 71
1739717607042 6.890940482360881 72
1739717607068 3.092124992436107 73
1739717607095 5.186489780715255 74
1739717607122 2.658697889640478 75
1739717607150 6.210532535525 76
1739717607177 5.96736110974474 77
1739717607204 4.689872090512109 78
1739717607230 4.527338875898423 79
1739717607257 7.2673620754160595 80
1739717607283 4.634423378348507 81
1739717607310 5.070861950985697 82
1739717607335 9.233741752222222 83
1739717607363 3.7318690906645595 84
1739717607391 6.861122882803271 85
1739717607417 2.0401484787868975 86
1739717607445 21.27561050688135 87
1739717607474 6.401250441130269 88
1739717607502 6.713407347575205 89
1739717607530 3.704565730340688 90
1739717607557 4.6813401117265325 91
1739717607586 5.912043907034418 92
1739717607615 11.797363194613187 93
1739717607642 3.4806289977023237 94
1739717607669 3.3445702264560033 95
1739717607696 3.6066861157721775 96
1739717607724 4.696775044026807 97
1739717607752 3.565614249718794 98
1739717607779 2.5597328381380717 99
1739717607805 3.427093971421224 100
1739717607833 7.028816169095379 101
1739717607860 7.068204199629946 102
1739717607887 5.804955922283506 103
1739717607913 6.732390292487877 104
1739717607941 5.196729750772532 105
1739717607971 5.381256882749906 106
1739717607999 3.8959050203664987 107
1739717608027 6.671716036950808 108
1739717608055 6.270781085651216 109
1739717608083 5.163968882393658 110
1739717608111 5.55412481175348 111
1739717608139 4.381650604306009 112
1739717608168 6.848310889790293 113
1739717608195 7.482003927905089 114
1739717608225 4.1005202674493155 115
1739717608253 6.9851498348610255 116
1739717608280 3.8963999596926873 117
1739717608307 2.5390368834700934 118
1739717608334 5.138367940720512 119
1739717608361 1.8746484189111996 120
1739717608388 1.7005198728921325 121
1739717608414 4.4308286070508105 122
1739717608441 3.019537358014016 123
1739717608468 2.7381237424593343 124
1739717608495 1.3329286853079023 125
1739717608521 5.49233482721928 126
1739717608547 1.262697127972189 127
1739717608574 4.4759206709478745 128
1739717608601 1.02664312454094 129
1739717608627 5.374284964111211 130
1739717608653 3.46300327078956 131
1739717608680 1.5238408222480493 132
1739717608707 3.202657482305946 133
1739717608733 2.1196942152909806 134
1739717608760 4.1887830645470885 135
1739717608788 1.6722767684009006 136
1739717608816 4.552215362741699 137
1739717608843 5.775492473582179 138
1739717608871 8.193832618992463 139
1739717608899 6.019340782116354 140
1739717608926 1.7580093941369022 141
1739717608952 6.0748863247895555 142
1739717608980 2.49846252043039 143
1739717609008 3.2156433443813515 144
1739717609034 6.855029194359507 145
1739717609061 5.717134516924507 146
1739717609087 6.668163972257665 147
1739717609113 2.821842428718915 148
1739717609140 3.894439801492079 149
1739717609166 5.843738210958128 150
1739717609193 3.5748952597038817 151
1739717609220 5.790116615227639 152
1739717609246 6.170497923309693 153
1739717609273 4.184645097562614 154
1739717609308 6.471889859874844 155
1739717609334 2.0318192126774237 156
1739717609361 5.8080790383732745 157
1739717609392 1.4219411716369987 158
1739717609419 5.653221394017875 159
1739717609446 2.1530856704241694 160
1739717609473 6.32871055511138 161
1739717609500 1.3213650402064083 162
1739717609527 7.035146238224531 163
1739717609554 2.5817740697391414 164
1739717609583 4.354388453315318 165
1739717609611 7.523406367092411 166
1739717609639 6.122299689838055 167
1739717609667 6.128492830473591 168
1739717609695 8.115438145763179 169
1739717609723 4.013665571667176 170
1739717609749 2.8867425510987172 171
1739717609776 3.7793468360804177 172
1739717609803 7.688768075711334 173
1739717609829 6.075138670116013 174
1739717609858 5.705388528959248 175
1739717609886 5.430216002151112 176
1739717609914 6.87574032273848 177
1739717609942 7.325719611932135 178
1739717609972 7.426163733885764 179
1739717610000 3.0009414528597502 180
1739717610027 5.438148728780897 181
1739717610055 1.8766814108843972 182
1739717610082 8.629023736908849 183
1739717610109 7.069576165653099 184
1739717610136 1.6723151629875272 185
1739717610162 1.6668232438498003 186
1739717610189 5.712276842987877 187
1739717610217 4.393425039395675 188
1739717610245 7.016342834892162 189
1739717610272 4.094171728830017 190
1739717610299 2.519138942395686 191
1739717610326 5.7748845344072315 192
1739717610353 6.0004848308690715 193
1739717610379 4.5143857256608895 194
1739717610407 4.169240358615415 195
1739717610434 1.8990748909124366 196
1739717610460 5.792118532006118 197
1739717610486 9.307174914037965 198
1739717610513 3.2258932270540592 199
1739717610539 5.2860357386076435 200
1739717610566 7.423644670599972 201
1739717610593 3.5478774104065818 202
1739717610620 4.52839521874014 203
1739717610647 5.295253251815565 204
1739717610674 5.620914596806244 205
1739717610701 9.186395050425553 206
1739717610728 6.166213717788143 207
1739717610755 2.4135909633881734 208
1739717610781 7.340150692417765 209
1739717610808 4.443021282052585 210
1739717610835 9.023840447431871 211
1739717610861 4.870695755850527 212
1739717610887 5.133416574980866 213
1739717610914 4.674309318920426 214
1739717610941 7.015819412909291 215
1739717610967 5.499542322468224 216
1739717610994 4.698164031421531 217
1739717611021 7.222133464796582 218
1739717611048 5.232908814726856 219
1739717611074 6.285053472751536 220
1739717611100 2.3719143690909807 221
1739717611127 3.7322423205925475 222
1739717611153 7.704892510745381 223
1739717611180 6.143925396005317 224
1739717611207 5.091071936248977 225
1739717611234 5.273760639288456 226
1739717611261 6.656432372555471 227
1739717611288 3.62210860594882 228
1739717611314 3.5692153346456887 229
1739717611341 5.920310349170212 230
1739717611367 6.99751163901945 231
1739717611394 7.134313452958532 232
1739717611421 5.738782918416171 233
1739717611448 13.25742330074233 234
1739717611487 2.8709353628046435 235
1739717611520 2.4217133299427274 236
1739717611547 5.481898988521028 237
1739717611574 5.197365363277216 238
1739717611601 7.437860222677151 239
1739717611628 2.1145961189951685 240
1739717611655 4.265324727354076 241
1739717611681 5.060725049711956 242
1739717611708 3.3422164615152417 243
1739717611735 4.370105820414882 244
1739717611761 6.491146872178109 245
1739717611788 5.715995192312929 246
1739717611814 10.186271433876103 247
1739717611841 7.390497534240218 248
1739717611868 3.3806631603932416 249
1739717611894 8.339440756849898 250
1739717611921 8.26024762762096 251
1739717611948 8.215477764153997 252
1739717611974 6.846829236088678 253
1739717612001 4.635043901885349 254
1739717612028 6.674920804562298 255
1739717612054 6.140616070050305 256
1739717612080 4.523821811126619 257
1739717612107 6.770868694727668 258
1739717612133 5.5751891505543405 259
1739717612160 1.9938108023272023 260
1739717612186 4.819730251749204 261
1739717612213 5.64496451314816 262
1739717612239 3.2941302332215177 263
1739717612265 3.171279533091732 264
1739717612292 3.6302897868189787 265
1739717612318 5.3860965662230225 266
1739717612344 2.989002080085219 267
1739717612370 6.9059537223493574 268
1739717612397 14.294839606999211 269
1739717612424 1.5231043312419439 270
1739717612450 6.129310010631791 271
1739717612477 5.234603101382593 272
1739717612504 4.3078817236165055 273
1739717612531 4.009365501578329 274
1739717612558 2.2461650400049487 275
1739717612584 4.312635882951198 276
1739717612611 5.319405700415649 277
1739717612638 3.0871569950448445 278
1739717612664 4.922873936594246 279
1739717612691 5.003147289325369 280
1739717612717 4.705863128320693 281
1739717612744 2.8937325764766584 282
1739717612770 6.727430847452796 283
1739717612797 3.888974652056069 284
1739717612824 1.4432259346641743 285
1739717612851 7.784391289710772 286
1739717612877 3.8389335748441558 287
1739717612905 15.78716665855066 288
1739717612934 2.4147277535291347 289
1739717612962 6.140345411487061 290
1739717612989 5.539978728159898 291
1739717613015 7.565945473117118 292
1739717613043 8.08533834564778 293
1739717613070 5.2127066973372855 294
1739717613097 9.524528299773518 295
1739717613123 4.884174621723165 296
1739717613150 7.154338033374923 297
1739717613178 3.1360813159679295 298
1739717613205 1.100522049073555 299
1739717613233 3.8190214419621893 300
1739717613260 4.413276921480319 301
1739717613286 2.5884598621234125 302
1739717613313 4.6636083342017525 303
1739717613340 5.919966943893351 304
1739717613367 5.593392050806231 305
1739717613393 5.329111841354417 306
1739717613420 6.836105721529668 307
1739717613447 4.018761858065488 308
1739717613474 2.116922183173326 309
1739717613500 2.508082209096513 310
1739717613527 3.1481285809193436 311
1739717613554 8.219450423999572 312
1739717613580 4.1144107841994195 313
1739717613607 3.4728708580658667 314
1739717613634 1.1528403107953928 315
1739717613660 5.465800472668174 316
1739717613686 7.690760255835275 317
1739717613712 2.975177124455008 318
1739717613739 6.05584446035602 319
1739717613765 6.588332001626695 320
1739717613791 4.295559327660178 321
1739717613817 2.3319262825910885 322
1739717613844 4.986279691538205 323
1739717613872 4.671922778480441 324
1739717613901 4.17075738501438 325
1739717613929 0.43910422414921163 326
1739717613956 6.787260184057843 327
1739717613983 4.075175913083368 328
1739717614010 6.368884889439611 329
1739717614037 4.3488879557252735 330
1739717614065 2.864760243835345 331
1739717614092 4.599811454586357 332
1739717614120 5.094819337756687 333
1739717614147 12.321396343841995 334
1739717614173 5.129299527130108 335
1739717614200 5.736711382186844 336
1739717614227 9.807310901087071 337
1739717614254 5.073389324318955 338
1739717614281 5.071527454250053 339
1739717614307 6.515264250732559 340
1739717614334 4.37736843127764 341
1739717614361 1.1239601859860937 342
1739717614387 6.9221214645889955 343
1739717614414 5.15930407135887 344
1739717614440 4.106416129606455 345
1739717614467 6.87512701178259 346
1739717614493 2.9988857823470183 347
1739717614519 2.388042886155112 348
1739717614545 8.41432495561093 349
1739717614573 3.228645989349011 350
1739717614600 4.399711647736418 351
1739717614627 5.759943299392164 352
1739717614653 4.27107112675554 353
1739717614680 1.421850408773697 354
1739717614707 3.351708095982933 355
1739717614733 4.58248006879642 356
1739717614760 9.089084321692766 357
1739717614787 3.41536569022651 358
1739717614814 3.2148170593621868 359
1739717614841 3.5339797008554976 360
1739717614867 1.9183101889532226 361
1739717614894 10.247764047549612 362
1739717614920 5.070605706022461 363
1739717614947 6.02165133864782 364
1739717614974 5.064005487650206 365
1739717615000 5.752321409858835 366
1739717615027 4.703682016905628 367
1739717615054 6.3520776219287685 368
1739717615081 3.5786074156583823 369
1739717615107 5.9238115406495035 370
1739717615134 6.840446153214075 371
1739717615160 2.286288155437721 372
1739717615188 9.014253653722635 373
1739717615215 2.863532306102663 374
1739717615243 4.725243561463543 375
1739717615269 4.746785104682642 376
1739717615296 7.21749635057563 377
1739717615323 2.068134520381159 378
1739717615350 6.576365737245664 379
1739717615376 6.851358314689828 380
1739717615403 3.124172676260182 381
1739717615429 3.7770736776448106 382
1739717615456 5.8643089293920045 383
1739717615482 2.7520448741479817 384
1739717615509 11.285195300396143 385
1739717615535 2.1794755992805928 386
1739717615562 3.891151927230111 387
1739717615589 6.512325899465032 388
1739717615615 11.734964598349732 389
1739717615642 4.5632809559787555 390
1739717615669 4.880450067961695 391
1739717615695 7.29947148395296 392
1739717615721 7.570007794005723 393
1739717615748 6.3271861573034 394
1739717615776 0.4559527710189824 395
1739717615804 6.097046477520625 396
1739717615832 4.054519815179339 397
1739717615860 4.344836643698377 398
1739717615887 4.9687444506369935 399
1739717615915 2.7328583700700344 400
1739717615943 4.854251049555586 401
1739717615971 4.209022502388194 402
1739717615999 4.2905214950205 403
1739717616028 3.1945067715837396 404
1739717616056 6.256161114394628 405
1739717616083 3.2228168114891496 406
1739717616111 5.213500285488619 407
1739717616138 6.420081396691135 408
1739717616166 1.7267829614609804 409
1739717616193 6.081390517896122 410
1739717616221 7.18001810238278 411
1739717616249 6.540306792618102 412
1739717616277 4.5227894415358705 413
1739717616304 2.2043997228072927 414
1739717616332 5.121612134103397 415
1739717616360 0.17904808569973066 416
1739717616387 2.7989430758750946 417
1739717616415 4.161280463292622 418
1739717616442 4.571954698802707 419
1739717616470 4.632701874631498 420
1739717616497 3.068870384623327 421
1739717616525 1.534182204112615 422
1739717616552 6.956785093826402 423
1739717616579 4.4862467830694035 424
1739717616605 7.086703277779574 425
1739717616632 5.926878296684081 426
1739717616659 4.674039797737951 427
1739717616687 4.890243844696356 428
1739717616714 3.46569699723923 429
1739717616741 3.8747009039456657 430
1739717616768 4.117393570799665 431
1739717616794 3.07603084866636 432
1739717616821 6.565981187252656 433
1739717616847 1.5669817725537047 434
1739717616874 7.493027677966208 435
1739717616901 5.839212932410855 436
1739717616927 4.805634576646611 437
1739717616954 4.767980072285455 438
1739717616980 4.27869324029932 439
1739717617007 5.5495816093103425 440
1739717617034 5.835163980737984 441
1739717617060 1.5303042193678067 442
1739717617086 8.364887173519321 443
1739717617113 4.045641202241856 444
1739717617139 2.5616549960837043 445
1739717617166 3.77385303853488 446
1739717617193 4.87379713527735 447
1739717617219 4.090093406192465 448
1739717617246 3.487365116930071 449
1739717617273 7.366118024083352 450
1739717617300 6.9490419395042435 451
1739717617327 5.051856490385675 452
1739717617354 5.779086402726709 453
1739717617381 5.3612144220457525 454
1739717617407 2.817412310082661 455
1739717617434 4.850440106915698 456
1739717617460 5.914137362350573 457
1739717617487 8.205720248399611 458
1739717617514 4.62089783656849 459
1739717617540 4.200843180290493 460
1739717617567 4.19930471710877 461
1739717617595 2.256867574122196 462
1739717617621 3.0379120147758285 463
1739717617648 10.666287683029836 464
1739717617675 8.589843056525378 465
1739717617702 1.2460790285431536 466
1739717617729 1.6548228827859726 467
1739717617755 3.928035185946476 468
1739717617782 5.219188616810419 469
1739717617809 11.46931301308089 470
1739717617836 6.484854837994023 471
1739717617862 4.227417616034117 472
1739717617889 5.799147650540489 473
1739717617916 7.098265012420553 474
1739717617942 1.0577853676632167 475
1739717617969 7.761221759100138 476
1739717617996 2.9734802982815256 477
1739717618023 2.538545068418289 478
1739717618049 4.772011553441751 479
1739717618076 3.3709282993383525 480
1739717618105 6.611206294015088 481
1739717618131 3.5808506638103994 482
1739717618158 5.896836928513358 483
1739717618186 6.084916756422671 484
1739717618213 3.2940400190742567 485
1739717618240 4.81132175077276 486
1739717618266 7.709648333987548 487
1739717618293 3.936050540694306 488
1739717618319 2.23043742252212 489
1739717618345 5.17351804740413 490
1739717618373 4.8732877193051936 491
1739717618399 8.25980695977992 492
1739717618426 4.4738242171810905 493
1739717618453 5.991717244752352 494
1739717618480 5.626946381641151 495
1739717618506 4.773815374121381 496
1739717618532 4.330407108117533 497
1739717618558 4.7968411909913975 498
1739717618585 8.540130903254807 499
