1739715340191 171.05469868928688 0
1739715340195 170.7528347351891 1
1739715340200 170.42362832991708 2
1739715340204 170.08670349219753 3
1739715340209 169.74794723110216 4
1739715340213 169.40912471284216 5
1739715340217 169.0707644827128 6
1739715340222 168.73302409464384 7
1739715340226 168.39594980644813 8
1739715340231 168.05955448917956 9
1739715340235 167.7238410000699 10
1739715340239 167.38880919443517 11
1739715340244 167.05445802925084 12
1739715340249 166.7207861942209 13
1739715340253 166.38779230109387 14
1739715340257 166.05547494045226 15
1739715340261 165.7238326987438 16
1739715340266 165.3928641633852 17
1739715340270 165.06256792428783 18
1739715340275 164.73294257430996 19
1739715340279 164.40398670938666 20
1739715340283 164.0756989285635 21
1739715340288 163.74807783400104 22
1739715340292 163.42112203097074 23
1739715340296 163.09483012784838 24
1739715340300 162.76920073610634 25
1739715340305 162.44423247030628 26
1739715340309 162.11992394809124 27
1739715340313 161.7962737901779 28
1739715340317 161.47328062034907 29
1739715340321 161.15094306544586 30
1739715340325 160.82925975536006 31
1739715340330 160.5082293230266 32
1739715340334 160.18785040441597 33
1739715340338 159.86812163852647 34
1739715340343 159.54904166737683 35
1739715340347 159.23060913599863 36
1739715340351 158.91282269242882 37
1739715340355 158.5956809877021 38
1739715340359 158.27918267584366 39
1739715340363 157.9633264138616 40
1739715340368 157.64811086173953 41
1739715340372 157.3335346824292 42
1739715340376 157.01959654184313 43
1739715340381 156.70629510884729 44
1739715340386 156.39362905525368 45
1739715340391 156.08159705581306 46
1739715340395 155.77019778820772 47
1739715340400 155.45942993304405 48
1739715340404 155.14929217384568 49
1739715340408 154.83978319704565 50
1739715340412 154.53090169197975 51
1739715340416 154.22264635087913 52
1739715340421 153.91501586886304 53
1739715340425 153.60800894393196 54
1739715340429 153.3016242769602 55
1739715340434 152.995860571689 56
1739715340438 152.69071653471934 57
1739715340442 152.38619087550495 58
1739715340446 152.0822823063453 59
1739715340451 151.77898954237835 60
1739715340456 151.47631130157407 61
1739715340460 151.17424630472695 62
1739715340465 150.87279327544923 63
1739715340469 150.57195094016404 64
1739715340473 150.27171802809852 65
1739715340478 149.97209327127666 66
1739715340482 149.6730754045128 67
1739715340486 149.3746631654045 68
1739715340491 149.07685529432587 69
1739715340495 148.77965053442063 70
1739715340499 148.48304763159538 71
1739715340505 148.18704533451293 72
1739715340509 147.8916423945854 73
1739715340513 147.59683756596746 74
1739715340518 147.30262960554992 75
1739715340522 147.0090172729526 76
1739715340527 146.71599933051806 77
1739715340531 146.42357454330454 78
1739715340535 146.13174167907982 79
1739715340540 145.84049950831408 80
1739715340545 145.54984680417385 81
1739715340549 145.25978234251482 82
1739715340554 144.97030490187586 83
1739715340558 144.6814132634721 84
1739715340563 144.3931062111886 85
1739715340567 144.10538253157378 86
1739715340572 143.8182410138329 87
1739715340576 143.5316804498217 88
1739715340580 143.24569963403985 89
1739715340585 142.96029736362465 90
1739715340589 142.67547243834449 91
1739715340594 142.39122366059246 92
1739715340598 142.10754983538015 93
1739715340603 141.82444977033114 94
1739715340607 141.54192227567475 95
1739715340611 141.2599661642395 96
1739715340615 140.97858025144723 97
1739715340620 140.6977633553065 98
1739715340624 140.4175142964063 99
1739715340628 140.13783189791016 100
1739715340632 139.85871498554943 101
1739715340636 139.58016238761746 102
1739715340640 139.3021729349633 103
1739715340645 139.02474546098543 104
1739715340650 138.7478788016257 105
1739715340655 138.4715717953632 106
1739715340659 138.195823283208 107
1739715340664 137.92063210869532 108
1739715340668 137.64599711787915 109
1739715340683 137.37191715932636 110
1739715340688 137.09839108411063 111
1739715340692 136.82541774580633 112
1739715340696 136.55299600048264 113
1739715340700 136.2811247066974 114
1739715340705 136.00980272549117 115
1739715340709 135.73902892038146 116
1739715340713 135.46880215735635 117
1739715340717 135.19912130486912 118
1739715340722 134.92998523383181 119
1739715340726 134.66139281760965 120
1739715340731 134.3933429320151 121
1739715340735 134.1258344553019 122
1739715340739 133.85886626815932 123
1739715340743 133.5924372537063 124
1739715340748 133.32654629748558 125
1739715340752 133.06119228745803 126
1739715340756 132.7963741139967 127
1739715340760 132.53209066988123 128
1739715340764 132.26834085029193 129
1739715340769 132.00512355280418 130
1739715340773 131.7424376773826 131
1739715340777 131.48028212637544 132
1739715340782 131.2186558045089 133
1739715340786 130.95755761888134 134
1739715340790 130.69698647895774 135
1739715340794 130.43694129656407 136
1739715340798 130.17742098588153 137
1739715340803 129.91842446344108 138
1739715340807 129.65995064811787 139
1739715340811 129.4019984611255 140
1739715340815 129.14456682601062 141
1739715340819 128.8876546686473 142
1739715340823 128.63126091723151 143
1739715340828 128.37538450227566 144
1739715340832 128.1200243566031 145
1739715340837 127.86517941534248 146
1739715340841 127.6108486159225 147
1739715340845 127.35703089806634 148
1739715340849 127.1037252037862 149
1739715340854 126.85093047737799 150
1739715340858 126.5986456654158 151
1739715340862 126.34686971674661 152
1739715340867 126.0956015824848 153
1739715340871 125.84484021600687 154
1739715340875 125.59458457294613 155
1739715340880 125.34483361118721 156
1739715340884 125.09558629086091 157
1739715340888 124.84684157433884 158
1739715340893 124.59859842622804 159
1739715340897 124.35085581336588 160
1739715340901 124.10361270481464 161
1739715340905 123.85686807185634 162
1739715340909 123.61062088798754 163
1739715340914 123.364870128914 164
1739715340918 123.11961477254566 165
1739715340922 122.87485379899125 166
1739715340926 122.6305861905533 167
1739715340930 122.38681093172288 168
1739715340934 122.14352700917442 169
1739715340939 121.90073341176067 170
1739715340943 121.65842913050763 171
1739715340947 121.41661315860918 172
1739715340951 121.17528449142233 173
1739715340955 120.93444212646193 174
1739715340960 120.69408506339566 175
1739715340964 120.454212304039 176
1739715340968 120.21482285235015 177
1739715340973 119.97591571442514 178
1739715340977 119.73748989849264 179
1739715340982 119.49954441490908 180
1739715340986 119.26207827615367 181
1739715340990 119.02509049682335 182
1739715340995 118.788580093628 183
1739715340999 118.55254608538533 184
1739715341003 118.31698749301601 185
1739715341008 118.08190333953885 186
1739715341012 117.84729265006577 187
1739715341016 117.61315445179694 188
1739715341020 117.37948777401606 189
1739715341025 117.14629164808525 190
1739715341029 116.91356510744042 191
1739715341034 116.68130718758627 192
1739715341038 116.44951692609165 193
1739715341042 116.21819336258459 194
1739715341046 115.98733553874762 195
1739715341050 115.75694249831288 196
1739715341054 115.52701328705747 197
1739715341059 115.29754695279863 198
1739715341063 115.06854254538896 199
1739715341067 114.83999911671185 200
1739715341071 114.61191572067655 201
1739715341075 114.38429141321357 202
1739715341080 114.15712525227008 203
1739715341084 113.93041629780502 204
1739715341088 113.70416361178468 205
1739715341092 113.47836625817783 206
1739715341097 113.25302330295122 207
1739715341101 113.02813381406482 208
1739715341106 112.80369686146739 209
1739715341110 112.57971151709175 210
1739715341114 112.35617685485013 211
1739715341118 112.13309195062978 212
1739715341123 111.9104558822882 213
1739715341127 111.68826772964879 214
1739715341132 111.46652657449607 215
1739715341136 111.24523150057135 216
1739715341141 111.02438159356814 217
1739715341145 110.80397594112765 218
1739715341149 110.58401363283423 219
1739715341153 110.36449376021099 220
1739715341157 110.14541541671532 221
1739715341162 109.92677769773434 222
1739715341166 109.70857970058051 223
1739715341170 109.4908205244872 224
1739715341176 109.27349927060436 225
1739715341180 109.05661504199384 226
1739715341184 108.84016694362529 227
1739715341189 108.62415408237162 228
1739715341193 108.4085755670046 229
1739715341197 108.1934305081906 230
1739715341201 107.97871801848616 231
1739715341205 107.76443721233363 232
1739715341209 107.55058720605696 233
1739715341213 107.33716711785722 234
1739715341217 107.1241760678084 235
1739715341221 106.91161317785311 236
1739715341225 106.69947757179825 237
1739715341230 106.48776837531074 238
1739715341234 106.27648471591327 239
1739715341238 106.06562572298012 240
1739715341242 105.85519052773282 241
1739715341247 105.6451782632359 242
1739715341251 105.43558806439282 243
1739715341255 105.2264190679416 244
1739715341259 105.01767041245077 245
1739715341263 104.809341238315 246
1739715341268 104.60143068775115 247
1739715341272 104.39393790479396 248
1739715341277 104.18686203529191 249
1739715341282 103.9802022269031 250
1739715341286 103.77395762909121 251
1739715341290 103.5681273931212 252
1739715341294 103.36271067205531 253
1739715341299 103.15770662074901 254
1739715341303 102.9531143958468 255
1739715341307 102.74893315577818 256
1739715341311 102.54516206075361 257
1739715341315 102.34180027276045 258
1739715341319 102.13884695555892 259
1739715341324 101.93630127467793 260
1739715341328 101.73416239741131 261
1739715341332 101.5324294928136 262
1739715341336 101.33110173169614 263
1739715341340 101.13017828662299 264
1739715341345 100.92965833190708 265
1739715341349 100.72954104360609 266
1739715341354 100.52982559951857 267
1739715341358 100.33051117918006 268
1739715341363 100.131596963859 269
1739715341368 99.93308213655287 270
1739715341372 99.73496588198425 271
1739715341376 99.53724738659704 272
1739715341381 99.33992583855233 273
1739715341385 99.14300042772469 274
1739715341389 98.94647034569822 275
1739715341395 98.75033478576262 276
1739715341402 98.55459294290957 277
1739715341407 98.35924401382852 278
1739715341411 98.16428719690315 279
1739715341416 97.96972169220741 280
1739715341420 97.7755467015017 281
1739715341425 97.58176142822909 282
1739715341429 97.38836507751152 283
1739715341433 97.195356856146 284
1739715341437 97.00273597260082 285
1739715341441 96.8105016370117 286
1739715341446 96.61865306117825 287
1739715341450 96.42718945856005 288
1739715341454 96.23611004427285 289
1739715341458 96.04541403508502 290
1739715341463 95.85510064941369 291
1739715341467 95.66516910732109 292
1739715341471 95.4756186305108 293
1739715341475 95.28644844232414 294
1739715341480 95.09765776773642 295
1739715341484 94.90924583335325 296
1739715341488 94.72121186740692 297
1739715341492 94.53355509975273 298
1739715341496 94.34627476186532 299
1739715341500 94.15937008683504 300
1739715341504 93.97284030936436 301
1739715341508 93.78668466576418 302
1739715341513 93.60090239395026 303
1739715341517 93.41549273343968 304
1739715341521 93.23045492534708 305
1739715341525 93.04578821238124 306
1739715341530 92.86149183884142 307
1739715341535 92.6775650506138 308
1739715341539 92.49400709516803 309
1739715341544 92.31081722155349 310
1739715341548 92.12799468039594 311
1739715341552 91.9455387238938 312
1739715341557 91.76344860581486 313
1739715341561 91.58172358149254 314
1739715341565 91.40036290782258 315
1739715341569 91.2193658432594 316
1739715341574 91.03873164781267 317
1739715341578 90.85845958304388 318
1739715341582 90.67854891206281 319
1739715341587 90.49899889952407 320
1739715341591 90.3198088116237 321
1739715341595 90.14097791609568 322
1739715341599 89.96250548220854 323
1739715341603 89.7843907807619 324
1739715341607 89.60663308408306 325
1739715341611 89.42923166602358 326
1739715341616 89.252185801956 327
1739715341620 89.07549476877024 328
1739715341624 88.89915784487039 329
1739715341628 88.72317431017123 330
1739715341632 88.54754344609502 331
1739715341636 88.37226453556794 332
1739715341641 88.19733686301686 333
1739715341645 88.02275971436603 334
1739715341649 87.84853237703362 335
1739715341654 87.6746541399286 336
1739715341658 87.50112429344722 337
1739715341662 87.32794212946979 338
1739715341666 87.15510694135739 339
1739715341671 86.98261802394863 340
1739715341675 86.81047467355623 341
1739715341680 86.63867618796392 342
1739715341696 86.46722186642299 343
1739715341701 86.29611100964918 344
1739715341705 86.1253429198194 345
1739715341709 85.95491690056845 346
1739715341714 85.7848322569858 347
1739715341718 85.61508829561238 348
1739715341723 85.44568432443732 349
1739715341727 85.27661965289491 350
1739715341731 85.10789359186109 351
1739715341736 84.93950545365055 352
1739715341740 84.77145455201344 353
1739715341745 84.60374020213213 354
1739715341749 84.43636172061812 355
1739715341754 84.26931842550884 356
1739715341758 84.10260963626459 357
1739715341763 83.93623467376523 358
1739715341767 83.77019286030715 359
1739715341771 83.60448351960015 360
1739715341776 83.43910597676428 361
1739715341781 83.27405955832674 362
1739715341785 83.10934359221876 363
1739715341790 82.94495740777249 364
1739715341794 82.78090033571799 365
1739715341799 82.61717170818001 366
1739715341803 82.45377085867507 367
1739715341807 82.29069712210828 368
1739715341812 82.12794983477025 369
1739715341816 81.96552833433418 370
1739715341820 81.80343195985272 371
1739715341825 81.64166005175491 372
1739715341829 81.4802119518432 373
1739715341834 81.31908700329042 374
1739715341838 81.15828455063675 375
1739715341842 80.99780393978669 376
1739715341847 80.83764451800613 377
1739715341851 80.67780563391928 378
1739715341856 80.51828663750572 379
1739715341860 80.35908688009744 380
1739715341864 80.20020571437577 381
1739715341869 80.04164249436856 382
1739715341873 79.88339657544714 383
1739715341878 79.72546731432337 384
1739715341882 79.5678540690467 385
1739715341887 79.41055619900125 386
1739715341891 79.2535730649029 387
1739715341895 79.09690402879629 388
1739715341900 78.94054845405203 389
1739715341904 78.78450570536361 390
1739715341909 78.62877514874477 391
1739715341913 78.4733561515263 392
1739715341918 78.3182480823534 393
1739715341922 78.16345031118267 394
1739715341926 78.00896220927923 395
1739715341930 77.85478314921399 396
1739715341935 77.7009125048606 397
1739715341939 77.54734965139278 398
1739715341944 77.39409396528134 399
1739715341948 77.24114482429141 400
1739715341952 77.08850160747966 401
1739715341956 76.93616369519127 402
1739715341961 76.7841304690574 403
1739715341965 76.6324013119922 404
1739715341969 76.48097560818996 405
1739715341974 76.32985274312253 406
1739715341978 76.17903210353629 407
1739715341982 76.02851307744953 408
1739715341987 75.87829505414962 409
1739715341991 75.72837742419017 410
1739715341995 75.57875957938845 411
1739715342000 75.42944091282249 412
1739715342004 75.28042081882829 413
1739715342008 75.13169869299722 414
1739715342013 74.98327393217322 415
1739715342017 74.83514593445003 416
1739715342021 74.6873140991685 417
1739715342026 74.53977782691386 418
1739715342030 74.39253651951316 419
1739715342034 74.24558958003226 420
1739715342039 74.09893641277337 421
1739715342044 73.95257642327236 422
1739715342048 73.80650901829591 423
1739715342053 73.66073360583898 424
1739715342057 73.51524959512219 425
1739715342062 73.37005639658885 426
1739715342066 73.22515342190269 427
1739715342070 73.08054008394497 428
1739715342075 72.93621579681191 429
1739715342080 72.79217997581199 430
1739715342084 72.64843203746344 431
1739715342089 72.50497139949147 432
1739715342093 72.36179748082574 433
1739715342097 72.21890970159774 434
1739715342102 72.07630748313815 435
1739715342106 71.93399024797431 436
1739715342111 71.79195741982743 437
1739715342115 71.65020842361028 438
1739715342119 71.50874268542441 439
1739715342123 71.36755963255764 440
1739715342127 71.22665869348147 441
1739715342131 71.08603929784852 442
1739715342136 70.94570087649006 443
1739715342140 70.80564286141325 444
1739715342144 70.66586468579882 445
1739715342148 70.52636578399837 446
1739715342153 70.38714559153192 447
1739715342157 70.2482035450854 448
1739715342161 70.10953908250801 449
1739715342165 69.97115164280982 450
1739715342170 69.83304066615922 451
1739715342174 69.69520559388042 452
1739715342179 69.55764586845095 453
1739715342183 69.42036093349914 454
1739715342188 69.28335023380171 455
1739715342192 69.14661321528122 456
1739715342196 69.0101493250036 457
1739715342201 68.87395801117567 458
1739715342205 68.73803872314281 459
1739715342209 68.60239091138628 460
1739715342213 68.467014027521 461
1739715342217 68.33190752429286 462
1739715342222 68.19707085557651 463
1739715342226 68.06250347637285 464
1739715342231 67.92820484280647 465
1739715342235 67.79417441212341 466
1739715342239 67.6604116426887 467
1739715342244 67.52691599398388 468
1739715342248 67.3936869266046 469
1739715342252 67.26072390225835 470
1739715342257 67.12802638376188 471
1739715342261 66.99559383503897 472
1739715342265 66.86342572111796 473
1739715342269 66.73152150812939 474
1739715342274 66.59988066330362 475
1739715342278 66.4685026549685 476
1739715342282 66.33738695254702 477
1739715342287 66.20653302655484 478
1739715342291 66.07594034859808 479
1739715342296 65.94560839137094 480
1739715342301 65.81553662865325 481
1739715342305 65.68572453530835 482
1739715342310 65.55617158728057 483
1739715342314 65.426877261593 484
1739715342318 65.29784103634515 485
1739715342322 65.16906239071062 486
1739715342326 65.04054080493488 487
1739715342331 64.91227576033283 488
1739715342335 64.78426673928665 489
1739715342339 64.65651322524342 490
1739715342343 64.52901470271283 491
1739715342348 64.40177065726499 492
1739715342352 64.27478057552806 493
1739715342356 64.14804394518603 494
1739715342360 64.02156025497642 495
1739715342364 63.8953289946881 496
1739715342369 63.76934965515898 497
1739715342373 63.643621728273715 498
1739715342378 63.518144706961586 499
