1739716274263 167.03483328012666 0
1739716274269 165.09008080136925 1
1739716274275 164.51247977564984 2
1739716274281 160.77890891138242 3
1739716274287 158.0678523850391 4
1739716274292 155.41166083144063 5
1739716274297 152.533882839378 6
1739716274303 152.0500904221866 7
1739716274308 150.12839911167467 8
1739716274314 146.0292502221775 9
1739716274320 146.41770670330996 10
1739716274325 141.4583251224662 11
1739716274331 137.59642119708784 12
1739716274336 139.0825388216194 13
1739716274342 137.04712346430782 14
1739716274347 130.95075648986514 15
1739716274353 131.3401937232586 16
1739716274358 129.82798930853264 17
1739716274364 128.3239320606631 18
1739716274370 126.83220145333541 19
1739716274376 123.88600528320325 20
1739716274381 120.46686405982862 21
1739716274387 122.28409013962109 22
1739716274392 115.09739500510882 23
1739716274398 116.52777388235087 24
1739716274403 114.58465512959448 25
1739716274408 113.48362474554136 26
1739716274414 111.26096891070034 27
1739716274420 112.25014372005244 28
1739716274425 108.15187614010465 29
1739716274431 107.57245412567893 30
1739716274436 105.62494293855104 31
1739716274442 105.87700247011203 32
1739716274448 102.61993508308211 33
1739716274454 100.64068539953833 34
1739716274460 98.70081564263754 35
1739716274469 97.40450022365006 36
1739716274476 96.57171188236332 37
1739716274481 95.76497601817263 38
1739716274487 94.74428414969432 39
1739716274493 93.29174636112691 40
1739716274498 91.46327680726175 41
1739716274503 91.53708575227381 42
1739716274509 88.50718225370703 43
1739716274515 87.50500240397464 44
1739716274520 86.59035186308654 45
1739716274526 87.12126963029525 46
1739716274531 81.76826781379717 47
1739716274536 83.69683572192234 48
1739716274542 83.27152323031719 49
1739716274548 79.32223735391347 50
1739716274554 80.00107128559914 51
1739716274560 76.74411556070672 52
1739716274566 77.12170463661217 53
1739716274572 76.04683516196863 54
1739716274577 74.62406659226247 55
1739716274583 72.93834095587303 56
1739716274588 72.50209729584631 57
1739716274594 70.98371026909696 58
1739716274599 70.28648480570432 59
1739716274604 68.2105786450697 60
1739716274609 68.16024606490927 61
1739716274615 65.81966038836714 62
1739716274621 67.22987088041339 63
1739716274626 65.36268509889706 64
1739716274632 65.89076984129366 65
1739716274637 64.76833432691973 66
1739716274643 61.641094220331645 67
1739716274648 61.25135144946534 68
1739716274654 61.318046292960894 69
1739716274659 58.70929079735316 70
1739716274665 59.43714246184282 71
1739716274671 57.09299559181828 72
1739716274676 58.32329419551277 73
1739716274682 58.37969919493846 74
1739716274688 56.311273773781956 75
1739716274693 57.39926177030959 76
1739716274699 53.910909757005555 77
1739716274704 53.12824989523364 78
1739716274710 50.91142227343507 79
1739716274716 52.06526529589671 80
1739716274721 52.32066425429447 81
1739716274727 50.34831890811435 82
1739716274732 50.04813300805335 83
1739716274737 48.86762604997014 84
1739716274743 47.46533787306569 85
1739716274748 48.23694555182811 86
1739716274754 46.30958716412831 87
1739716274759 46.586037045997365 88
1739716274765 45.596875867352594 89
1739716274771 44.13297217198382 90
1739716274777 45.268047048297554 91
1739716274783 45.097096463659 92
1739716274789 44.05244489054426 93
1739716274794 40.43933413547151 94
1739716274800 41.315573342315574 95
1739716274805 41.01517747582869 96
1739716274811 40.98288027127929 97
1739716274817 41.42665417470901 98
1739716274822 38.88503818801521 99
1739716274828 39.25777650076132 100
1739716274833 38.71390588804678 101
1739716274838 37.880796335863295 102
1739716274844 36.30068910578808 103
1739716274849 37.12431019888394 104
1739716274855 36.20172096486925 105
1739716274860 35.499378105035454 106
1739716274866 34.53405311755845 107
1739716274872 34.028884146680696 108
1739716274877 34.52593669214557 109
1739716274883 32.95903793321188 110
1739716274888 33.67029327677755 111
1739716274894 32.96080081502818 112
1739716274899 31.742765556127754 113
1739716274905 30.305941208132342 114
1739716274910 31.666239048022717 115
1739716274916 31.96004072055309 116
1739716274922 29.86242755862381 117
1739716274929 29.533713461580316 118
1739716274936 29.84181543486588 119
1739716274942 28.821437282521405 120
1739716274948 28.082726869608592 121
1739716274954 28.091391089933076 122
1739716274959 28.63596007757815 123
1739716274965 27.190180489050928 124
1739716274971 27.614602518994463 125
1739716274977 27.373713849240403 126
1739716274982 27.16044294304316 127
1739716274988 26.108111062492586 128
1739716274994 25.341253273599982 129
1739716275000 24.944246474902055 130
1739716275005 24.57330840900199 131
1739716275011 24.501557564601274 132
1739716275016 23.786540478838976 133
1739716275022 23.798349317740403 134
1739716275028 23.159108418832336 135
1739716275033 22.812106177756785 136
1739716275039 22.414582948268286 137
1739716275045 22.376873215700925 138
1739716275050 22.31606238447633 139
1739716275056 22.587275529060292 140
1739716275062 20.866026284928818 141
1739716275067 21.980859873767667 142
1739716275073 21.21547356534421 143
1739716275078 20.9481006111504 144
1739716275084 20.301148927194266 145
1739716275089 20.31036320528117 146
1739716275095 19.74244716718921 147
1739716275100 19.199178290658335 148
1739716275106 18.598497193466265 149
1739716275111 18.7262588732898 150
1739716275117 18.26221931481106 151
1739716275122 18.49775534458568 152
1739716275128 18.278668535764957 153
1739716275133 17.125661434513763 154
1739716275139 17.402189861349143 155
1739716275145 17.287279269383863 156
1739716275150 16.78569928808813 157
1739716275156 15.657809883596169 158
1739716275161 16.374752134182305 159
1739716275167 16.26992308008878 160
1739716275173 15.667685632772702 161
1739716275179 15.903624248704528 162
1739716275185 15.365295244277743 163
1739716275191 15.582531289774801 164
1739716275196 15.315932058803925 165
1739716275202 14.623035243794307 166
1739716275207 15.114270058275313 167
1739716275213 14.134584718660886 168
1739716275219 14.109493651786003 169
1739716275229 14.356990196624679 170
1739716275235 12.99842979310713 171
1739716275240 13.387362267035977 172
1739716275246 14.334025653657667 173
1739716275251 13.321093387879369 174
1739716275256 12.448923104163908 175
1739716275262 13.095582335374626 176
1739716275267 12.753057528986755 177
1739716275273 12.56512241494321 178
1739716275279 12.917900670557469 179
1739716275284 11.73380277660862 180
1739716275290 12.150129593994773 181
1739716275295 11.416434409200537 182
1739716275301 11.306807906086805 183
1739716275306 11.40139172768652 184
1739716275312 10.678647908082137 185
1739716275317 10.631714274978592 186
1739716275323 10.412416285330425 187
1739716275328 11.199746899882888 188
1739716275334 11.020491757001366 189
1739716275339 10.474036580351742 190
1739716275344 10.56683019004714 191
1739716275350 10.017194146860469 192
1739716275356 9.981263346317647 193
1739716275362 9.744764751317154 194
1739716275367 10.191821932728768 195
1739716275373 9.292295820405114 196
1739716275378 9.629736679425056 197
1739716275384 9.315955123053287 198
1739716275389 9.101957385519517 199
1739716275395 9.370517378128286 200
1739716275400 8.981302966120777 201
1739716275405 8.936519890083526 202
1739716275411 8.663608569092613 203
1739716275416 8.460523701993633 204
1739716275422 8.242788864641991 205
1739716275427 7.913169986005588 206
1739716275433 8.22428257423073 207
1739716275438 8.369708123487559 208
1739716275444 8.072324242288214 209
1739716275449 8.453588857963036 210
1739716275455 7.525537327036197 211
1739716275460 7.474132722792932 212
1739716275470 7.665044166841705 213
1739716275476 7.169287264603885 214
1739716275482 7.0026276607009255 215
1739716275488 7.283733560885868 216
1739716275494 7.3285457994628755 217
1739716275499 6.861894950972117 218
1739716275505 6.797699978202627 219
1739716275510 6.709604102525179 220
1739716275516 6.850692642008988 221
1739716275521 6.5971328497424215 222
1739716275527 6.653486249644283 223
1739716275532 6.60976378757293 224
1739716275537 6.3979723047361565 225
1739716275543 6.0069891514413305 226
1739716275548 5.99281579040098 227
1739716275554 6.045962146020131 228
1739716275559 5.993907423988169 229
1739716275565 5.905073203619236 230
1739716275571 5.593619909334049 231
1739716275576 5.635394340810751 232
1739716275582 5.779089776580012 233
1739716275587 5.914513432844103 234
1739716275593 5.480952783981711 235
1739716275598 5.5901728893624885 236
1739716275604 5.5603487073834055 237
1739716275610 5.687115288741903 238
1739716275616 4.840545154860102 239
1739716275622 5.164460534774924 240
1739716275628 5.25708062978675 241
1739716275634 5.065874879355965 242
1739716275639 5.040355967593373 243
1739716275645 4.935437917260839 244
1739716275650 4.766276809214819 245
1739716275656 4.956994010030532 246
1739716275661 4.808066605449043 247
1739716275667 4.446478482699893 248
1739716275672 4.848230478342388 249
1739716275678 4.240881170502582 250
1739716275684 4.32679731719328 251
1739716275690 4.432193404305757 252
1739716275695 4.221865112868556 253
1739716275701 4.282935427090573 254
1739716275706 4.0036642204082025 255
1739716275712 3.9385827578056136 256
1739716275718 3.8955834590119576 257
1739716275723 4.230066949331825 258
1739716275728 3.8984358579230536 259
1739716275734 3.691239236264443 260
1739716275739 3.8887476592533083 261
1739716275745 3.734378343003405 262
1739716275751 3.7903497762329637 263
1739716275757 3.752661060502754 264
1739716275763 3.6872568278539983 265
1739716275769 3.404769332858913 266
1739716275775 3.4007444141375487 267
1739716275781 3.336994769401673 268
1739716275787 3.4573382655586062 269
1739716275794 3.1855020875314035 270
1739716275799 3.128349475918916 271
1739716275805 3.2922683172730696 272
1739716275810 3.1777727519714905 273
1739716275816 3.328181962589532 274
1739716275844 2.994604707991306 275
1739716275854 3.188909255849997 276
1739716275861 2.8639568210129456 277
1739716275867 3.3273682647705396 278
1739716275873 3.403282618167904 279
1739716275879 2.9013213786768905 280
1739716275886 2.9204676025785923 281
1739716275892 2.951946412597473 282
1739716275898 2.674932932564522 283
1739716275903 2.6261589142700528 284
1739716275909 2.9368266630510695 285
1739716275915 2.4206122817505524 286
1739716275921 2.6665435648914824 287
1739716275927 2.654227308778134 288
1739716275933 2.546556319030298 289
1739716275940 2.5260246858924935 290
1739716275945 2.507017999427713 291
1739716275951 2.676341810333539 292
1739716275957 2.441366436620575 293
1739716275963 2.4125098991703844 294
1739716275969 2.3417244368969934 295
1739716275976 2.2618983022547132 296
1739716275984 2.298815260699074 297
1739716275990 2.491289883450239 298
1739716275996 1.8993647883875158 299
1739716276003 2.371471716697852 300
1739716276034 2.1859478113747652 301
1739716276040 2.197838554607923 302
1739716276046 2.162094245358564 303
1739716276052 2.032044393953837 304
1739716276058 2.0863286432598627 305
1739716276064 2.072287035786985 306
1739716276070 2.005628875556914 307
1739716276076 1.786890891392882 308
1739716276082 1.9675270135664258 309
1739716276088 1.8313406862601223 310
1739716276093 2.0329706106211245 311
1739716276099 1.9778114361038492 312
1739716276105 1.7582169463810733 313
1739716276111 2.0208834779824936 314
1739716276117 1.7254083297791798 315
1739716276123 1.6827571908273935 316
1739716276130 1.9136360094444091 317
1739716276137 1.8210077356278012 318
1739716276143 1.8778874445441682 319
1739716276152 1.4794548910069643 320
1739716276158 1.5575376644091607 321
1739716276164 1.5047406524516653 322
1739716276170 1.5949026395339836 323
1739716276175 1.6125936003782204 324
1739716276181 1.4817685369067357 325
1739716276187 1.6055004843338754 326
1739716276192 1.4200215595367107 327
1739716276198 1.4142323347131411 328
1739716276203 1.4906917560744688 329
1739716276209 1.683649053963734 330
1739716276214 1.382526937413992 331
1739716276219 1.5265863453384108 332
1739716276225 1.320025176009492 333
1739716276232 1.4012772305381969 334
1739716276237 1.6614140349900801 335
1739716276242 1.3727382249840336 336
1739716276248 1.5916952454630078 337
1739716276254 1.2205439024915479 338
1739716276260 1.180307146925069 339
1739716276265 1.4374486496451235 340
1739716276271 1.3022413752278006 341
1739716276276 1.2961120859171518 342
1739716276282 1.0316164622022648 343
1739716276288 1.2037273674340536 344
1739716276293 1.177808353744703 345
1739716276299 1.066344446490668 346
1739716276304 1.281232843570491 347
1739716276310 1.12572056517406 348
1739716276316 1.0776219251451782 349
1739716276322 1.0774379897525197 350
1739716276327 0.9703080274378383 351
1739716276333 1.0799528633856894 352
1739716276338 1.0554380225451037 353
1739716276344 1.0708730321038116 354
1739716276349 1.0984863384657875 355
1739716276354 1.0168004018166896 356
1739716276360 0.966145669565735 357
1739716276366 1.1783934644453855 358
1739716276371 0.9257698680660745 359
1739716276377 1.0314664656224637 360
1739716276383 0.8620798697591966 361
1739716276389 0.9655705368840073 362
1739716276394 0.8431458822859664 363
1739716276399 0.8530861927562201 364
1739716276405 0.9813885213178714 365
1739716276412 0.8771925143752238 366
1739716276418 0.900297024534797 367
1739716276423 0.9191503881493107 368
1739716276429 0.7412450837391735 369
1739716276434 0.8552685503409544 370
1739716276440 0.806873195117786 371
1739716276445 0.8154881010703051 372
1739716276451 0.8852890716543349 373
1739716276456 0.7024774078466919 374
1739716276462 0.8198532254572359 375
1739716276467 0.8531237991538123 376
1739716276473 0.872037455792047 377
1739716276478 0.7672356691199482 378
1739716276484 0.972670005385548 379
1739716276490 0.7275205137087314 380
1739716276496 0.7942473197653573 381
1739716276501 0.6714640913931293 382
1739716276507 0.6363670811497878 383
1739716276512 0.6583908961417707 384
1739716276519 0.5747943211685472 385
1739716276525 0.6984068941578785 386
1739716276531 0.7197202656930191 387
1739716276538 0.5986925148111812 388
1739716276545 0.6454250079164644 389
1739716276551 0.7530691937109408 390
1739716276558 0.670340507695366 391
1739716276565 0.5535620353821367 392
1739716276572 0.6729194643736961 393
1739716276579 0.6308713666820573 394
1739716276587 0.6079492154234724 395
1739716276594 0.6401888524571795 396
1739716276600 0.5728698050740031 397
1739716276607 0.5089541739870279 398
1739716276614 0.6174298116795807 399
1739716276620 0.5984715142933166 400
1739716276626 0.5287909624435781 401
1739716276632 0.5369520711185899 402
1739716276639 0.6159990215912906 403
1739716276646 0.6291202667670018 404
1739716276653 0.5955793800850335 405
1739716276659 0.5470664571441779 406
1739716276665 0.5544210679537079 407
1739716276672 0.5597989621026145 408
1739716276679 0.564992573429241 409
1739716276687 0.5375341056744405 410
1739716276695 0.4835512414590095 411
1739716276701 0.41596553276190174 412
1739716276707 0.5391007211660678 413
1739716276713 0.5113173545454549 414
1739716276720 0.4396599857762925 415
1739716276726 0.5125337341223952 416
1739716276732 0.4426331261595002 417
1739716276738 0.4908038855285183 418
1739716276744 0.43751457597364374 419
1739716276750 0.3636237068850629 420
1739716276756 0.3943376473568697 421
1739716276762 0.4670863585900285 422
1739716276768 0.43038254380246366 423
1739716276774 0.3069598719567937 424
1739716276780 0.4330249272617491 425
1739716276787 0.35355797151307927 426
1739716276792 0.45082493150247244 427
1739716276799 0.41770947111104756 428
1739716276806 0.3782140414434893 429
1739716276812 0.468389703561443 430
1739716276818 0.42120887972210463 431
1739716276824 0.44879704427524103 432
1739716276830 0.3623409826279759 433
1739716276836 0.3659822552681931 434
1739716276842 0.45166102444558814 435
1739716276848 0.3697256652802879 436
1739716276853 0.4214932358881399 437
1739716276859 0.4247552259143603 438
1739716276865 0.3796026419417119 439
1739716276871 0.35713101104340916 440
1739716276877 0.3904147822966186 441
1739716276883 0.3418524818221733 442
1739716276889 0.35875155923037416 443
1739716276895 0.32311832417518793 444
1739716276901 0.34578372628123427 445
1739716276906 0.37311827316668816 446
1739716276912 0.36607814436061703 447
1739716276918 0.266541454044337 448
1739716276923 0.36097360118700833 449
1739716276929 0.2945598009957134 450
1739716276934 0.34616516538161635 451
1739716276940 0.26279755865563975 452
1739716276946 0.4399016480005083 453
1739716276951 0.3847265760898902 454
1739716276957 0.36562858292581707 455
1739716276962 0.28311404837378723 456
1739716276968 0.3414269252222 457
1739716276974 0.31751397927918984 458
1739716276979 0.2792053048863177 459
1739716276985 0.2914115851332542 460
1739716276991 0.31818941988783955 461
1739716276997 0.35490378003318945 462
1739716277002 0.3515370213063655 463
1739716277008 0.2746666988939623 464
1739716277013 0.3136879999308832 465
1739716277019 0.26266949094371295 466
1739716277025 0.2779685731547677 467
1739716277031 0.256671421375096 468
1739716277038 0.2569163247518082 469
1739716277045 0.26009500520883205 470
1739716277052 0.27749532450630177 471
1739716277058 0.26624328747450254 472
1739716277064 0.2159533276336449 473
1739716277070 0.21747026484346438 474
1739716277076 0.26922282434729683 475
1739716277081 0.2833938890160628 476
1739716277087 0.25215481487162894 477
1739716277093 0.2400748428178864 478
1739716277099 0.26660668703119605 479
1739716277107 0.21783514709350243 480
1739716277113 0.2584656444902955 481
1739716277120 0.22054173799196916 482
1739716277126 0.25254749490401884 483
1739716277132 0.19399081046963929 484
1739716277139 0.23936775473008126 485
1739716277145 0.25686610146557315 486
1739716277152 0.2240449502280666 487
1739716277158 0.21422682237892432 488
1739716277164 0.17910949166267376 489
1739716277170 0.28373304038137903 490
1739716277177 0.21125770419186993 491
1739716277183 0.23929605110105803 492
1739716277190 0.20402008061244528 493
1739716277196 0.20787952063309167 494
1739716277201 0.24091220796758397 495
1739716277207 0.15201770680370666 496
1739716277213 0.16695008094036073 497
1739716277218 0.21584971177890291 498
1739716277224 0.2718515210204631 499
