1739716169741 38.60559591283125 0
1739716169746 8.799850267052726 1
1739716169751 2.05346701578365 2
1739716169755 0.7720083603165632 3
1739716169760 0.43320232572476136 4
1739716169765 0.2756450207649023 5
1739716169769 0.19457261927733152 6
1739716169774 0.21575551561569592 7
1739716169778 0.16684765437643478 8
1739716169787 0.17895727101827533 9
1739716169791 0.20282048867828134 10
1739716169796 0.17178919424060551 11
1739716169800 0.15766370742295885 12
1739716169805 0.11228084432156221 13
1739716169809 0.13834482282399438 14
1739716169813 0.1558447183029363 15
1739716169818 0.2178470760583762 16
1739716169822 0.28213280979532274 17
1739716169827 0.18957413374835982 18
1739716169831 0.19598427261673876 19
1739716169836 0.1918335215787695 20
1739716169840 0.1316807101047418 21
1739716169845 0.14820954549341422 22
1739716169849 0.20892709395842296 23
1739716169854 0.36493134650150083 24
1739716169858 0.13788153506538378 25
1739716169863 0.15303583077268337 26
1739716169867 0.24164508777381483 27
1739716169871 0.19795923930754286 28
1739716169876 0.1423155433671429 29
1739716169880 0.15369601815109965 30
1739716169885 0.21970947120971404 31
1739716169889 0.1853460862020764 32
1739716169894 0.2509910656312914 33
1739716169899 0.270762626247489 34
1739716169903 0.17243225416982658 35
1739716169908 0.19090854678203428 36
1739716169913 0.11815424903031434 37
1739716169918 0.2294215012010193 38
1739716169922 0.17831603272827543 39
1739716169927 0.1842305500515797 40
1739716169932 0.19693953823787333 41
1739716169937 0.16079557398214314 42
1739716169943 0.2031443703934664 43
1739716169948 0.20713336520985393 44
1739716169953 0.20331801514874376 45
1739716169959 0.20625195856221032 46
1739716169964 0.14981848506082707 47
1739716169969 0.2092629722463011 48
1739716169974 0.17748693594220477 49
1739716169978 0.2746709316430612 50
1739716169983 0.21719136729090635 51
1739716169988 0.12653616264228712 52
1739716169993 0.18511055896233988 53
1739716169999 0.2813320329978641 54
1739716170003 0.22924294000416406 55
1739716170008 0.21772724920130176 56
1739716170012 0.24189807906947336 57
1739716170017 0.25443343795759754 58
1739716170022 0.18605059319511696 59
1739716170027 0.19917565285878333 60
1739716170032 0.223909853050918 61
1739716170038 0.2385214425188965 62
1739716170042 0.1791932962203117 63
1739716170047 0.2195134155685121 64
1739716170053 0.2635744090981687 65
1739716170058 0.17765014592740072 66
1739716170063 0.1981904449237422 67
1739716170068 0.19421185650007908 68
1739716170073 0.3428425656162095 69
1739716170078 0.1654922709228998 70
1739716170082 0.15468397465888858 71
1739716170087 0.3986051172478453 72
1739716170092 0.15210729648206528 73
1739716170097 0.2157753857375022 74
1739716170101 0.1584804040633795 75
1739716170106 0.21446971334171777 76
1739716170111 0.18772420709044113 77
1739716170116 0.2875144776563604 78
1739716170121 0.24661876812273373 79
1739716170127 0.1925474431254627 80
1739716170132 0.2746538187103224 81
1739716170137 0.24882557228353527 82
1739716170142 0.19833369118146787 83
1739716170146 0.2703522210213056 84
1739716170151 0.20525508668574027 85
1739716170156 0.18614083072743598 86
1739716170161 0.19672854511027232 87
1739716170165 0.15015087334918392 88
1739716170170 0.2328315351528904 89
1739716170174 0.2070973635001383 90
1739716170179 0.16071661596630432 91
1739716170184 0.11335583333559912 92
1739716170189 0.2333382490439093 93
1739716170193 0.19481313699924027 94
1739716170198 0.3247878259155753 95
1739716170203 0.27312422186915797 96
1739716170209 0.1802395632533714 97
1739716170214 0.22477504188029043 98
1739716170218 0.20913528293110722 99
1739716170223 0.24355111534678056 100
1739716170227 0.17019712783938984 101
1739716170232 0.17269493954691015 102
1739716170237 0.14030576910671855 103
1739716170242 0.2351484045863846 104
1739716170246 0.17839388460689054 105
1739716170251 0.2712199943114121 106
1739716170256 0.2925191858381229 107
1739716170260 0.16983447370494803 108
1739716170265 0.21656132060174677 109
1739716170270 0.23300022217651375 110
1739716170274 0.15690937858416304 111
1739716170279 0.24870896504621498 112
1739716170283 0.27390146870439563 113
1739716170288 0.1582878974135671 114
1739716170292 0.266358542408123 115
1739716170297 0.24868352906370014 116
1739716170301 0.29551825694319017 117
1739716170306 0.21765586336086393 118
1739716170310 0.12369853333443147 119
1739716170315 0.3052300512552946 120
1739716170319 0.15131294173226265 121
1739716170324 0.17099889251690156 122
1739716170329 0.2599015286235788 123
1739716170333 0.3698220657091428 124
1739716170338 0.18226525843171112 125
1739716170342 0.2295122221756703 126
1739716170347 0.17728441018388896 127
1739716170351 0.2167991527619943 128
1739716170356 0.16581090071781893 129
1739716170361 0.16679590390653826 130
1739716170366 0.14001431785820298 131
1739716170370 0.1674382488340558 132
1739716170375 0.22967068755426842 133
1739716170379 0.1760126908374637 134
1739716170384 0.18850972739079097 135
1739716170389 0.18326569231982484 136
1739716170393 0.2769922069434062 137
1739716170397 0.22738692962968216 138
1739716170403 0.2658971735853399 139
1739716170407 0.21705159926465276 140
1739716170412 0.25241538733373375 141
1739716170417 0.19660519943425708 142
1739716170421 0.2357488383537669 143
1739716170426 0.17086961581976445 144
1739716170430 0.3645036155572225 145
1739716170435 0.19790021325131435 146
1739716170440 0.15827825351621647 147
1739716170444 0.12512857523392656 148
1739716170449 0.18063950433863243 149
1739716170454 0.23897757723432192 150
1739716170459 0.1784688409280433 151
1739716170464 0.20904878247756228 152
1739716170469 0.16634487009383597 153
1739716170474 0.21745329161362867 154
1739716170478 0.20646916723793088 155
1739716170483 0.2049488242358781 156
1739716170488 0.3280704732601947 157
1739716170494 0.16531262095339466 158
1739716170499 0.2287298723927131 159
1739716170504 0.2774430833942706 160
1739716170509 0.16902078684592184 161
1739716170514 0.20240818845181055 162
1739716170519 0.23035607844104974 163
1739716170523 0.14275248433827134 164
1739716170528 0.24366840263561612 165
1739716170532 0.23728188055163163 166
1739716170537 0.3886435905347364 167
1739716170541 0.192814634291671 168
1739716170546 0.17222605630985613 169
1739716170551 0.2309827711363392 170
1739716170555 0.21634798921153447 171
1739716170560 0.22656657423388024 172
1739716170564 0.1309198668122002 173
1739716170569 0.4796292242683666 174
1739716170573 0.19293998293273515 175
1739716170578 0.22271547336525896 176
1739716170582 0.2844936165897775 177
1739716170587 0.12767751299744917 178
1739716170591 0.16784316480290198 179
1739716170596 0.257424842141998 180
1739716170601 0.19144742430032413 181
1739716170606 0.1983233445523223 182
1739716170610 0.2651104938151852 183
1739716170615 0.30084094264432854 184
1739716170619 0.14686428522926506 185
1739716170624 0.21642697353856552 186
1739716170629 0.18343528834020048 187
1739716170633 0.32906497494071685 188
1739716170638 0.29875324810451537 189
1739716170643 0.2302241986703678 190
1739716170647 0.1739648291268972 191
1739716170652 0.161701678345732 192
1739716170656 0.2806265211481834 193
1739716170661 0.1775165144072108 194
1739716170665 0.16837497091504816 195
1739716170670 0.17869059818043134 196
1739716170675 0.13202924645135325 197
1739716170679 0.24984486672804956 198
1739716170684 0.20910659779428276 199
1739716170689 0.2227833491269891 200
1739716170694 0.17920871657318002 201
1739716170699 0.15372791221404655 202
1739716170703 0.16892801511187205 203
1739716170708 0.11621236174438276 204
1739716170713 0.16527972263481866 205
1739716170717 0.17328146631458302 206
1739716170722 0.21835306329197054 207
1739716170727 0.20434978045988875 208
1739716170731 0.25414591635881295 209
1739716170736 0.19319903590677381 210
1739716170741 0.19972172129322593 211
1739716170745 0.20828559100019392 212
1739716170750 0.15817472379567044 213
1739716170755 0.28902717025315916 214
1739716170759 0.23250945055450917 215
1739716170764 0.20563814889765594 216
1739716170769 0.14989791935448565 217
1739716170773 0.19245470971586592 218
1739716170778 0.18314623509307196 219
1739716170782 0.3039332796944791 220
1739716170790 0.1675536856331623 221
1739716170795 0.18418194896113943 222
1739716170800 0.2295557953999639 223
1739716170805 0.19855492845677444 224
1739716170809 0.14537450070467708 225
1739716170814 0.16045895057736378 226
1739716170818 0.169931884159639 227
1739716170823 0.21837890577566146 228
1739716170828 0.20633393654028076 229
1739716170832 0.21174980558460987 230
1739716170837 0.15824586161986434 231
1739716170841 0.1418348017218871 232
1739716170846 0.16172511539370008 233
1739716170851 0.17852410924113216 234
1739716170855 0.21770866183773316 235
1739716170860 0.252606540151955 236
1739716170864 0.27831352753387933 237
1739716170869 0.19598608790823438 238
1739716170873 0.19599242557971674 239
1739716170878 0.14918762637596278 240
1739716170883 0.1100768579967739 241
1739716170887 0.17037451474027937 242
1739716170892 0.1628406668120068 243
1739716170897 0.17039743207880606 244
1739716170902 0.19410623475074357 245
1739716170907 0.19808499628374196 246
1739716170912 0.16393854217497855 247
1739716170916 0.2097073217436845 248
1739716170921 0.14957372865911497 249
1739716170926 0.2633882241508697 250
1739716170930 0.18318292351816753 251
1739716170935 0.1898233508064485 252
1739716170940 0.2187400539067316 253
1739716170948 0.15829292143125626 254
1739716170953 0.2603661193028291 255
1739716170957 0.19304772220516184 256
1739716170963 0.22092149438423964 257
1739716170968 0.2407137832707281 258
1739716170972 0.22736179142293297 259
1739716170977 0.18936736836400017 260
1739716170983 0.2816067449847226 261
1739716170989 0.25677999650774147 262
1739716170994 0.24113843893018444 263
1739716170999 0.19826707726262377 264
1739716171004 0.1668691670288294 265
1739716171009 0.14867373053420813 266
1739716171013 0.277713862663847 267
1739716171018 0.18253146535857584 268
1739716171022 0.15076546733257512 269
1739716171027 0.143842359108107 270
1739716171031 0.2512293152549448 271
1739716171036 0.2281687842829021 272
1739716171041 0.20001223766647683 273
1739716171046 0.21277688326286 274
1739716171051 0.2538409609930837 275
1739716171057 0.19505495891273658 276
1739716171062 0.2032819940370637 277
1739716171068 0.3062324074565972 278
1739716171073 0.209227175626727 279
1739716171078 0.14065163448717022 280
1739716171083 0.2248047693818851 281
1739716171088 0.13455474054002456 282
1739716171093 0.17696783680663095 283
1739716171099 0.17273653157581723 284
1739716171104 0.16730570446371215 285
1739716171109 0.22300579433953963 286
1739716171114 0.19558532948236637 287
1739716171119 0.22388095448060824 288
1739716171124 0.14941404498815294 289
1739716171129 0.2271393541454907 290
1739716171133 0.28094510114331134 291
1739716171138 0.26045339512187016 292
1739716171143 0.21935708862966863 293
1739716171148 0.20784980146153734 294
1739716171152 0.1651161831076907 295
1739716171158 0.183550203037346 296
1739716171162 0.19270705458499895 297
1739716171167 0.21541552430148653 298
1739716171172 0.2194372126363733 299
1739716171177 0.2222176756430211 300
1739716171182 0.15791633435952585 301
1739716171187 0.15497796651448742 302
1739716171191 0.2300626250125031 303
1739716171196 0.1915297983649212 304
1739716171200 0.22155316842860737 305
1739716171205 0.24401756061213292 306
1739716171210 0.13727566186710607 307
1739716171214 0.2216485264215587 308
1739716171218 0.24563054507990215 309
1739716171223 0.2189018691207094 310
1739716171227 0.2813325252365469 311
1739716171232 0.16851839222950915 312
1739716171236 0.1820892284521384 313
1739716171241 0.26045842901568234 314
1739716171246 0.21203256794861475 315
1739716171250 0.19817577663300873 316
1739716171255 0.22044968531587214 317
1739716171261 0.15344669572953423 318
1739716171265 0.22791300352963703 319
1739716171270 0.35729423359569323 320
1739716171274 0.1940685303758881 321
1739716171279 0.4023489231097284 322
1739716171284 0.24723512088541919 323
1739716171289 0.19063901697531677 324
1739716171294 0.20422580700578888 325
1739716171298 0.1938706610830492 326
1739716171304 0.32661458931352977 327
1739716171309 0.17754094293016742 328
1739716171314 0.19610766269884805 329
1739716171318 0.17435536820259365 330
1739716171323 0.21535801445415598 331
1739716171327 0.22209412418073765 332
1739716171332 0.17916960801447304 333
1739716171336 0.21976789922174317 334
1739716171341 0.25722806007454174 335
1739716171346 0.17164821643735456 336
1739716171350 0.28643245220589436 337
1739716171355 0.1948102086860686 338
1739716171360 0.1969984484070468 339
1739716171364 0.1588080987273285 340
1739716171369 0.1809458958051729 341
1739716171373 0.1714058832577342 342
1739716171378 0.20286631245898995 343
1739716171383 0.2862714220647905 344
1739716171387 0.2106600945745508 345
1739716171392 0.1989863135817906 346
1739716171397 0.18866090265350427 347
1739716171402 0.23747568671735597 348
1739716171407 0.15540154257048722 349
1739716171412 0.24101056212370114 350
1739716171416 0.19935753649109395 351
1739716171421 0.2730073403272147 352
1739716171426 0.22776250278014673 353
1739716171430 0.22040971697112716 354
1739716171434 0.19125501185200725 355
1739716171439 0.1557568632701864 356
1739716171444 0.25606341478271544 357
1739716171448 0.2087146435074944 358
1739716171453 0.21809051670612975 359
1739716171458 0.21842071759168621 360
1739716171463 0.2321701596689995 361
1739716171467 0.14705996740696345 362
1739716171472 0.16477265060089707 363
1739716171476 0.25104235344921916 364
1739716171480 0.16329073789991047 365
1739716171486 0.1105122666350383 366
1739716171493 0.2266693230371296 367
1739716171498 0.26221595095403805 368
1739716171504 0.2606425557575907 369
1739716171509 0.15514464901555924 370
1739716171514 0.16607938545927095 371
1739716171519 0.16413571728928977 372
1739716171525 0.2877703521135042 373
1739716171530 0.15939833091924974 374
1739716171536 0.1383341221555733 375
1739716171541 0.15053868926861833 376
1739716171546 0.19089907739630835 377
1739716171550 0.2297252521870719 378
1739716171555 0.24402714252500995 379
1739716171560 0.21536344176951397 380
1739716171564 0.19159741046664783 381
1739716171569 0.20652873900206248 382
1739716171573 0.153008836420458 383
1739716171578 0.20700151691375063 384
1739716171582 0.19492451599133534 385
1739716171587 0.2186812680343566 386
1739716171593 0.17577846290422833 387
1739716171598 0.19771007704792187 388
1739716171603 0.33722423508278865 389
1739716171608 0.15173831732139184 390
1739716171613 0.16314915246463071 391
1739716171618 0.26166022181375376 392
1739716171623 0.2562637365831563 393
1739716171627 0.17683168871977106 394
1739716171632 0.24031414032583023 395
1739716171637 0.21854727894041698 396
1739716171642 0.24866032141443897 397
1739716171646 0.1953065913108024 398
1739716171651 0.1735623307595546 399
1739716171656 0.15576166699789137 400
1739716171660 0.20607055203692404 401
1739716171664 0.25022103967635034 402
1739716171669 0.175141215228544 403
1739716171673 0.1957743190354964 404
1739716171678 0.2382729569051865 405
1739716171683 0.1693931971409848 406
1739716171688 0.19291211117542922 407
