1739719085033 0.16935970165422676 0
1739719085061 0.017857030072149522 1
1739719085088 0.1469917128335212 2
1739719085115 0.526396412823767 3
1739719085142 2.888022788662822e-07 4
1739719085168 0.9260402746492613 5
1739719085195 0.1722342736016125 6
1739719085223 0.0008705296712931752 7
1739719085251 0.004385398218476194 8
1739719085280 0.2486055927374428 9
1739719085309 0.014615227101148877 10
1739719085338 0.2242215820018109 11
1739719085367 0.005996395465133457 12
1739719085395 0.5355429919348669 13
1739719085422 0.02609844241029079 14
1739719085449 0.06915701359326618 15
1739719085475 0.0012237754088623553 16
1739719085502 0.08392451692255452 17
1739719085530 0.05665657713236014 18
1739719085556 0.06149736823944063 19
1739719085583 0.018047111936783537 20
1739719085610 0.04800972327132112 21
1739719085637 0.11154918041590618 22
1739719085666 0.18272627433609084 23
1739719085694 0.014918770710655232 24
1739719085723 0.01206265760738829 25
1739719085750 0.02134705182171246 26
1739719085777 0.1538961473715848 27
1739719085805 0.21328729604688637 28
1739719085833 0.022440755327553446 29
1739719085861 0.15194515829861555 30
1739719085890 0.02837357499350797 31
1739719085917 0.029395398740424537 32
1739719085945 0.028862141322720712 33
1739719085973 0.1894672218856595 34
1739719086001 0.35235701185369156 35
1739719086029 0.05956798609063561 36
1739719086057 0.14991735157776276 37
1739719086085 0.14204829534241362 38
1739719086113 0.1643894483264245 39
1739719086141 0.20095891039145622 40
1739719086168 0.06819868394064642 41
1739719086196 0.006332085041535888 42
1739719086224 0.2911894973514281 43
1739719086252 0.27082020674803015 44
1739719086280 0.0903895578851654 45
1739719086308 0.0016157480622379398 46
1739719086336 0.1854322548676925 47
1739719086363 0.28307498531753233 48
1739719086391 0.026503268020490554 49
1739719086418 0.029071276998121936 50
1739719086445 0.003645613054936788 51
1739719086473 3.4184555755445023e-06 52
1739719086500 0.15773401859632044 53
1739719086527 0.0621329432521101 54
1739719086553 0.03142936073985467 55
1739719086581 0.027555658602981238 56
1739719086608 4.3630420512557995e-06 57
1739719086635 0.024088382388713504 58
1739719086663 0.922104930065867 59
1739719086691 0.1929105380654073 60
1739719086719 0.010675081754821812 61
1739719086747 0.4706875241558666 62
1739719086774 0.11447104518672016 63
1739719086804 1.0263679344754588 64
1739719086835 0.011947284120604836 65
1739719086864 0.33072680496647705 66
1739719086892 0.2888560782201618 67
1739719086920 0.4078746001549385 68
1739719086947 0.01161747022990624 69
1739719086973 0.08585168509581781 70
1739719087001 0.0783237587269131 71
1739719087030 0.10001628675144983 72
1739719087058 0.03897271649398035 73
1739719087086 0.17230287644043532 74
1739719087114 0.014558398210756466 75
1739719087142 0.00017753128301848493 76
1739719087169 0.4006222766893208 77
1739719087197 0.004216960781650818 78
1739719087226 0.005541852248765855 79
1739719087255 0.0031026639335774717 80
1739719087283 0.16809936399953845 81
1739719087314 0.5840945916533808 82
1739719087343 0.0001356142677824809 83
1739719087371 0.006690730695961561 84
1739719087398 0.01468171849881294 85
1739719087425 0.35391485311163273 86
1739719087452 1.215534534036966 87
1739719087478 0.032175738091928106 88
1739719087505 0.10743927031817772 89
1739719087532 0.13159712373610302 90
1739719087558 0.0026908629071929306 91
1739719087585 0.05673469078212635 92
1739719087611 0.0012397615727825651 93
1739719087638 0.1706313175606733 94
1739719087664 0.08359493407498066 95
1739719087691 0.05520803157131377 96
1739719087717 0.12144949820036544 97
1739719087743 0.624048460255571 98
1739719087771 0.0005841887855018085 99
1739719087797 0.00019022706013227224 100
1739719087823 0.00042463923048646047 101
1739719087851 0.032491452528032795 102
1739719087878 0.15294872939903884 103
1739719087905 0.004108188851942079 104
1739719087932 0.005075778465481372 105
1739719087959 0.6914743256885078 106
1739719087985 0.23729332652445118 107
1739719088013 0.1727649319301306 108
1739719088039 0.16458860586963595 109
1739719088066 0.027862652625733904 110
1739719088092 0.10572954978813214 111
1739719088119 0.0035270117539779352 112
1739719088146 0.08154383708390826 113
1739719088172 0.011116074734821606 114
1739719088199 0.03579318307066998 115
1739719088226 0.11079550769433444 116
1739719088253 7.5424123799213e-05 117
1739719088279 0.0009237106678671572 118
1739719088307 0.0013451024770346953 119
1739719088334 0.09679985171166071 120
1739719088363 0.045724004267762686 121
1739719088392 0.5815460876813641 122
1739719088421 0.004239447955152057 123
1739719088448 0.010654703574690633 124
1739719088476 0.1809447899756373 125
1739719088504 0.004398671895290974 126
1739719088534 0.01181311801156906 127
1739719088563 0.06492776139932759 128
1739719088594 0.03204349353835038 129
1739719088628 0.1489934501444791 130
1739719088659 0.08584075008069139 131
1739719088687 0.2690899238769418 132
1739719088715 0.13076101325602113 133
1739719088743 0.4537530328775663 134
1739719088771 0.14168365034820113 135
1739719088798 0.008462024072230113 136
1739719088826 0.1071580803731149 137
1739719088853 0.1289023602421937 138
1739719088880 0.13290589455803906 139
1739719088909 0.7744306470555519 140
1739719088939 0.03851828714543144 141
1739719088968 0.3035131183500899 142
1739719088998 0.17219653835770357 143
1739719089028 0.27624147636955626 144
1739719089057 0.0706566792500787 145
1739719089085 0.005425667498708515 146
1739719089113 0.31947227491320035 147
1739719089140 0.03644859830464733 148
1739719089168 0.015150718186830137 149
1739719089221 0.04611478824192233 150
1739719089251 0.05568714294060987 151
1739719089280 0.005761322850527774 152
1739719089310 0.008450999154553098 153
1739719089338 0.16587290754048875 154
1739719089366 0.20150300849048042 155
1739719089394 0.19777429123336474 156
1739719089421 0.0007102486487235047 157
1739719089448 0.540760640943317 158
1739719089475 0.004963507941910614 159
1739719089502 0.0807872147291285 160
1739719089529 0.37470197665117 161
1739719089556 0.006048015196624987 162
1739719089583 0.00021943144877821123 163
1739719089610 0.4082833465813575 164
1739719089637 0.1191498808068303 165
1739719089664 0.2052069343152307 166
1739719089691 0.30536791002486235 167
1739719089721 0.030805803642700403 168
1739719089748 0.009979636560885298 169
1739719089775 0.253078530854573 170
1739719089802 0.08535866657833448 171
1739719089829 0.028565191722554936 172
1739719089856 0.221405278870623 173
1739719089883 0.0687188609784384 174
1739719089910 0.34343813164296594 175
1739719089937 0.1598690098157941 176
1739719089965 0.5325919080563668 177
1739719089993 0.00617318328814014 178
1739719090022 0.07141760448794766 179
1739719090050 0.04394180125892638 180
1739719090079 0.05632461086993579 181
1739719090109 0.019744811282840023 182
1739719090138 0.11259945467261168 183
1739719090167 0.02650778045287855 184
1739719090197 0.022939577098651336 185
1739719090225 0.0551106869875001 186
1739719090254 0.07654931035467424 187
1739719090282 0.0011377987239967382 188
1739719090311 0.004047684994381608 189
1739719090338 0.05167542274899348 190
1739719090365 2.4215366413625344e-07 191
1739719090392 0.12611249472890085 192
1739719090418 0.010053433176605066 193
1739719090445 0.3114751687350763 194
1739719090473 0.09217946045434147 195
1739719090500 0.004308729336039634 196
1739719090526 0.1785928541220886 197
1739719090553 0.11182303462462033 198
1739719090581 0.07178814161258461 199
1739719090609 0.03941536103109308 200
1739719090636 0.08834493235808284 201
1739719090663 0.04169120361850124 202
1739719090689 0.0002530516149211834 203
1739719090716 0.021208033205207946 204
1739719090742 0.0033340980791033434 205
1739719090769 0.04014460833080122 206
1739719090795 0.4446332628722355 207
1739719090822 0.004645834383715634 208
1739719090848 0.3140042010889064 209
1739719090875 0.03754181050113029 210
1739719090902 0.00131474609522443 211
1739719090928 0.0885414709169449 212
1739719090955 1.678246127485621e-06 213
1739719090982 0.5369194369440431 214
1739719091009 0.005014714901656147 215
1739719091035 0.011853675502556985 216
1739719091062 0.32168965542433886 217
1739719091089 0.1596170663181852 218
1739719091116 0.05836050282346387 219
1739719091143 0.0015596147423750841 220
1739719091170 0.06381354269433072 221
1739719091197 0.03755204610603652 222
1739719091224 0.018942783948419768 223
1739719091251 0.036128438321043455 224
1739719091277 0.46821369010959074 225
1739719091303 0.2634130335700661 226
1739719091330 0.05168034289130503 227
1739719091357 0.007797989475223687 228
1739719091391 0.007879913203558148 229
1739719091446 5.812557300472019e-05 230
1739719091480 0.07398310255970925 231
1739719091525 0.376795279849911 232
1739719091563 0.040659075689039106 233
1739719091602 0.005129450047341961 234
1739719091635 0.9307912917816937 235
1739719091667 0.053229876322162716 236
1739719091699 0.00792787442017681 237
1739719091729 0.06065222912640262 238
1739719091759 0.007733827667526702 239
1739719091789 0.25913297112377937 240
1739719091818 0.008328422464108785 241
1739719091848 0.23784276381613798 242
1739719091879 0.03543086785686134 243
1739719091910 0.05647919695090302 244
1739719091940 0.055499942924221814 245
1739719091972 0.639541158830379 246
1739719092003 0.017137641666668257 247
1739719092034 0.04556029102530576 248
1739719092064 4.360788922293924 249
1739719092098 0.0012544928615623294 250
1739719092127 0.08986246257286173 251
1739719092156 0.002246214857405963 252
1739719092188 0.06909199334061937 253
1739719092218 4.504597432451476e-06 254
1739719092248 0.22649015695370342 255
1739719092279 0.13845398275481252 256
1739719092306 0.10822744087815007 257
1739719092334 0.02462490067820879 258
1739719092361 0.007138688080834978 259
1739719092389 0.011028855939178373 260
1739719092416 0.002215370576672753 261
1739719092443 0.03194705180568017 262
1739719092471 0.04367569587149417 263
1739719092498 0.006449722402217909 264
1739719092525 0.3093843320734147 265
1739719092552 2.84988483660158e-05 266
1739719092580 0.03736371771066675 267
1739719092607 0.009941536016952671 268
1739719092634 0.006982265307714044 269
1739719092665 0.10590659439269763 270
1739719092706 0.18842658519461225 271
1739719092739 0.07420064272065385 272
1739719092770 0.29903547436172656 273
1739719092800 0.40412528621439886 274
1739719092835 0.15947661498423066 275
1739719092865 0.16629931888316835 276
1739719092895 0.1712045058135657 277
1739719092923 0.09756314115620103 278
1739719092950 0.08656227686127792 279
1739719092977 0.1171861043463517 280
1739719093004 2.4670244629566352e-05 281
1739719093031 0.03189175626477829 282
1739719093059 0.43296152973432306 283
1739719093086 0.7272428140894373 284
1739719093113 0.5140620764019094 285
1739719093140 0.11049667647595059 286
1739719093167 0.4177436457507979 287
1739719093194 0.06443183487591576 288
1739719093221 0.15803606662934036 289
1739719093247 0.21090642272898139 290
1739719093275 0.002904082926110188 291
1739719093302 0.1755938615896115 292
1739719093328 0.049538907040216205 293
1739719093355 0.17951831487870287 294
1739719093382 0.6758766037526374 295
1739719093409 0.018466528050962917 296
1739719093435 0.0028543744456257826 297
1739719093461 0.060837218802365325 298
1739719093488 0.3127428433411025 299
1739719093515 0.004125673109747049 300
1739719093541 0.017188874184552384 301
1739719093568 0.007776003540170792 302
1739719093595 0.05672402273245946 303
1739719093621 0.2129141682166762 304
1739719093648 0.016634775373451847 305
1739719093675 0.0001732949995328484 306
1739719093702 0.00021454563789576785 307
1739719093729 0.4055656030794646 308
1739719093755 1.116625226759051 309
1739719093782 0.07454789937698991 310
1739719093809 0.19857643147434872 311
1739719093836 0.0022081846209334186 312
1739719093862 0.1844869014872375 313
1739719093889 0.01892910903441118 314
1739719093916 0.052819701516709144 315
1739719093942 0.2919352710809252 316
1739719093968 0.0006452708020204288 317
1739719093996 0.06893178358714988 318
1739719094022 0.00373036327622555 319
1739719094049 0.017199465957415682 320
1739719094075 0.04829353720713654 321
1739719094103 0.0031973371671496762 322
1739719094129 0.048540015084065864 323
1739719094156 0.4663288443319901 324
1739719094183 0.05217451556217337 325
1739719094211 0.010652179845962825 326
1739719094238 0.03386042482443881 327
1739719094267 0.004995991450849013 328
1739719094294 0.0435906844641378 329
1739719094322 0.16104760626220943 330
1739719094349 0.12131999946531373 331
1739719094376 0.0714983662242989 332
1739719094403 0.14450206376047178 333
1739719094430 0.033990662125467926 334
1739719094456 0.021685378748997355 335
1739719094484 0.46544481197164245 336
1739719094511 0.05125936256241896 337
1739719094537 0.023115776246748015 338
1739719094564 0.11694371968317889 339
1739719094591 0.12689918514664988 340
1739719094618 0.058281920210598075 341
1739719094645 0.015208525314657974 342
1739719094672 0.03567026898928133 343
1739719094699 0.20368334700998805 344
1739719094726 0.2865937346790167 345
1739719094753 0.007363165882280735 346
1739719094780 0.03616881246986373 347
1739719094807 0.09266232120451783 348
1739719094833 0.09249197193123718 349
1739719094860 0.24450247013285062 350
1739719094887 0.2075092133393747 351
1739719094914 0.01767051349533012 352
1739719094940 0.13121488764258038 353
1739719094967 0.000141629259288997 354
1739719094994 0.00031310916727737836 355
1739719095021 0.39193233394553856 356
1739719095048 0.003396214944344881 357
1739719095075 0.009253859179281437 358
1739719095102 0.029519595346035488 359
1739719095129 0.4477286486046181 360
1739719095158 0.09026568284181045 361
1739719095184 0.06115201561244463 362
1739719095212 0.5961267828298712 363
1739719095239 0.12275201851341382 364
1739719095266 0.07289520789238736 365
1739719095292 0.00908915935192052 366
1739719095319 0.13468611879390044 367
1739719095346 0.013558840473127783 368
1739719095373 0.013964965163867978 369
1739719095399 1.1037046604739382 370
1739719095426 0.13506992505241913 371
1739719095452 0.004424790883545289 372
1739719095479 0.043418070260171464 373
1739719095506 0.8668339030865773 374
1739719095532 0.1229324855373288 375
1739719095558 0.11302822211966476 376
1739719095585 0.025634961438394593 377
1739719095612 0.9342010333246296 378
1739719095638 0.06448806410491609 379
1739719095665 0.14555905053694904 380
1739719095692 0.17926561921699638 381
1739719095720 2.9801288474674305e-05 382
1739719095746 0.0366489450490116 383
1739719095773 0.03147966174251856 384
1739719095800 0.003214542321711601 385
1739719095827 0.2823323418966408 386
1739719095854 0.18190270605697045 387
1739719095881 0.10293659279382736 388
1739719095908 2.0946476123022237 389
1739719095934 0.2558084065765325 390
1739719095961 4.082098249639945e-06 391
1739719095988 0.20065993614202368 392
1739719096015 5.158278226568428e-05 393
1739719096041 0.20526494836548997 394
1739719096069 0.004236630924459496 395
1739719096096 0.22657449992434178 396
1739719096122 0.05775497296330386 397
1739719096149 0.16819803481007872 398
1739719096176 0.04873255337549748 399
1739719096203 0.074871664799667 400
1739719096230 0.024707912382807343 401
1739719096257 0.050574780632002644 402
1739719096284 0.5549140164049058 403
1739719096312 0.0075115547173233935 404
1739719096340 0.002857926822203065 405
1739719096367 0.11820396384770317 406
1739719096394 0.009201421550109256 407
1739719096421 0.016475993130675513 408
1739719096448 0.0448962864329664 409
1739719096475 0.056006876039704286 410
1739719096502 0.000395178518820594 411
1739719096530 0.059836421462039685 412
1739719096556 0.14487488094759976 413
1739719096583 0.2577596498453307 414
1739719096609 0.3509244249178686 415
1739719096637 0.2937934188959574 416
1739719096663 0.08959705562412533 417
1739719096690 0.0721547728965445 418
1739719096717 0.16752840744462535 419
1739719096744 0.09524655355268415 420
1739719096771 0.04403675530789808 421
1739719096798 0.013038158550853005 422
1739719096825 0.05371920327247906 423
1739719096852 0.005533915451814628 424
1739719096879 0.028132874844185734 425
1739719096906 0.03230786578709395 426
1739719096933 0.0010853090968932714 427
1739719096960 0.0057873005004513995 428
1739719096987 0.09775473460240361 429
1739719097014 0.0008268417331438351 430
1739719097041 0.1671827489567827 431
1739719097068 0.040198846434486 432
1739719097095 0.9082024925425348 433
1739719097122 0.28082926892940696 434
1739719097149 0.02102357406404806 435
1739719097175 0.2959333245347469 436
1739719097202 0.023224064209998757 437
1739719097230 0.060993325776855144 438
1739719097257 0.15360905141859668 439
1739719097285 0.03144266405563052 440
1739719097312 0.08368571894632659 441
1739719097338 0.008340838525596734 442
1739719097365 0.039614075846798665 443
1739719097392 0.14518130859173772 444
1739719097419 0.11340519488851605 445
1739719097446 0.001739293985809156 446
1739719097473 0.04465495487330111 447
1739719097500 0.002182444830162726 448
1739719097527 0.0007486720702005392 449
1739719097554 0.0376049080513201 450
1739719097580 0.9862159605483605 451
1739719097607 0.48568130588675484 452
1739719097634 0.051744903056430154 453
1739719097661 0.03744064357899258 454
1739719097688 0.02251576150917898 455
1739719097715 0.013936049638044859 456
1739719097742 0.17741705351480722 457
1739719097769 0.0072218682770434145 458
1739719097796 0.010561786558464984 459
1739719097823 0.002195702922530196 460
1739719097851 0.5858143689519124 461
1739719097878 0.07908720521981989 462
1739719097905 0.27836019590137345 463
1739719097932 0.009411373633961316 464
1739719097959 0.00012019418677073196 465
1739719097986 0.2602919301345938 466
1739719098013 0.011750895100397873 467
1739719098040 0.06414587540834098 468
1739719098067 0.14266178522198605 469
1739719098094 0.04828852807157044 470
1739719098121 0.0023303317163224655 471
1739719098148 0.00027880847020717286 472
1739719098175 0.1192881667287961 473
1739719098202 0.3867377663308032 474
1739719098229 0.013399054537219292 475
1739719098256 0.3637824553428745 476
1739719098283 0.07229578187801712 477
1739719098310 0.042656373994535424 478
1739719098337 0.0441599336106804 479
1739719098364 0.010089155973646902 480
1739719098391 0.22162834189058211 481
1739719098418 0.061158263583472934 482
1739719098446 0.0004117879034238439 483
1739719098473 0.06484776177644888 484
1739719098500 9.502000718042316e-05 485
1739719098528 0.021243340355922336 486
1739719098555 0.02297404880336532 487
1739719098582 0.017435970252523244 488
1739719098609 0.16797459458435923 489
1739719098635 0.06255964043651005 490
1739719098662 0.6984442616298095 491
1739719098689 0.006784028780336337 492
1739719098716 0.061028111396937375 493
1739719098743 0.17747402436007065 494
1739719098770 0.4895919075048144 495
1739719098797 0.08117976663266398 496
1739719098823 0.004545446590790329 497
1739719098850 0.4141558264963545 498
1739719098877 0.3269110816254557 499
