1739716044121 147.33496015965665 0
1739716044127 128.2859869320843 1
1739716044132 107.89365194577572 2
1739716044138 93.5143659385902 3
1739716044143 78.24495255034724 4
1739716044148 67.44483943413827 5
1739716044153 60.78495747533684 6
1739716044158 52.61024726211488 7
1739716044163 44.460892669361876 8
1739716044168 39.61674625788098 9
1739716044173 33.393349644563024 10
1739716044178 27.851852445887697 11
1739716044183 25.214902083292927 12
1739716044187 22.311361129189184 13
1739716044192 19.125797176482127 14
1739716044197 15.512444177454698 15
1739716044202 13.39748062021321 16
1739716044207 12.24809690250684 17
1739716044212 10.361375067600674 18
1739716044217 9.256246784182295 19
1739716044221 8.023135510147176 20
1739716044226 6.627639386481229 21
1739716044230 6.106636582596886 22
1739716044236 5.251986652515359 23
1739716044241 4.596767128356267 24
1739716044246 3.798790405514798 25
1739716044251 3.4865724786437684 26
1739716044255 2.89396102898477 27
1739716044260 2.430415196000262 28
1739716044265 2.028820342422174 29
1739716044271 1.9164152716060974 30
1739716044275 1.8504225525409514 31
1739716044280 1.5901296798531568 32
1739716044285 1.3346499060358468 33
1739716044290 1.1783302409503258 34
1739716044294 0.9468623513935459 35
1739716044300 0.9427840170634222 36
1739716044304 0.9182432797979468 37
1739716044310 0.6976482364381354 38
1739716044314 0.7287194093344983 39
1739716044319 0.8803576129903249 40
1739716044324 0.5181171874442343 41
1739716044329 0.6557178120515721 42
1739716044334 0.4437380315410319 43
1739716044338 0.5107318109475416 44
1739716044343 0.4396939798401327 45
1739716044348 0.43937713790549987 46
1739716044352 0.4326614056064694 47
1739716044357 0.37298422789253616 48
1739716044361 0.39243405495479483 49
1739716044366 0.3550608567604208 50
1739716044370 0.31661406135002823 51
1739716044375 0.33048919303651686 52
1739716044380 0.36981406058111527 53
1739716044384 0.2770925572532165 54
1739716044389 0.28755838442682613 55
1739716044394 0.15223558789841363 56
1739716044398 0.3244540826130463 57
1739716044403 0.27147019015861296 58
1739716044407 0.24234537227367633 59
1739716044412 0.20309616525903013 60
1739716044417 0.2066676515987852 61
1739716044421 0.14961829393588028 62
1739716044426 0.16015487802198639 63
1739716044431 0.15543955048933225 64
1739716044435 0.27737718036382575 65
1739716044440 0.19531845987240495 66
1739716044445 0.18990245406986528 67
1739716044450 0.22533195356872793 68
1739716044455 0.16274894112942678 69
1739716044459 0.339492684942823 70
1739716044464 0.15940372152538182 71
1739716044469 0.2760085388803121 72
1739716044474 0.2707842771685053 73
1739716044479 0.20379041171839143 74
1739716044483 0.1844849175282078 75
1739716044488 0.18130384923249349 76
1739716044492 0.21577910955989557 77
1739716044497 0.28258770862950605 78
1739716044501 0.1769454375604639 79
1739716044506 0.22176254210864785 80
1739716044511 0.17493616134062331 81
1739716044516 0.26565036577419265 82
1739716044520 0.2170232016242898 83
1739716044525 0.14797091973201168 84
1739716044529 0.24437481745487802 85
1739716044534 0.2428368259775361 86
1739716044540 0.19746003179487828 87
1739716044545 0.24570981241634823 88
1739716044550 0.179327305519114 89
1739716044555 0.17203666788114055 90
1739716044560 0.23252460900485092 91
1739716044565 0.18691273160922767 92
1739716044570 0.20423798737675447 93
1739716044575 0.2632767680161411 94
1739716044579 0.16405460240829975 95
1739716044584 0.1868837142370017 96
1739716044589 0.23098720427140848 97
1739716044594 0.24411193725737346 98
1739716044598 0.2582746025185996 99
1739716044603 0.20903937739816186 100
1739716044607 0.3351192824528594 101
1739716044612 0.14476336569509585 102
1739716044617 0.19856592927438269 103
1739716044621 0.21887257831957307 104
1739716044626 0.1783857571051652 105
1739716044630 0.25724428844668673 106
1739716044635 0.19491884214651164 107
1739716044639 0.2913691156750818 108
1739716044644 0.19210859760472895 109
1739716044648 0.24469326019766016 110
1739716044653 0.23351561347246025 111
1739716044657 0.18997060305902116 112
1739716044663 0.17073211068052566 113
1739716044668 0.16569547311730806 114
1739716044673 0.17802294255061007 115
1739716044677 0.1899543215552491 116
