1739715113726 169.57031890620692 0
1739715113731 167.1830169747793 1
1739715113735 164.15075672128768 2
1739715113740 160.97114202484016 3
1739715113744 157.79299780057823 4
1739715113748 154.66008257069237 5
1739715113751 151.5846111469858 6
1739715113755 148.56935008130776 7
1739715113759 145.61424990112374 8
1739715113763 142.71843485420771 9
1739715113766 139.8807994957869 10
1739715113770 137.10018727136213 11
1739715113774 134.37544369377437 12
1739715113778 131.7054319048459 13
1739715113782 129.08903696128306 14
1739715113786 126.52516674727927 15
1739715113790 124.01275188450184 16
1739715113794 121.55074535045529 17
1739715113798 119.1381220182631 18
1739715113802 116.77387818151966 19
1739715113807 114.45703108305123 20
1739715113811 112.18661845298918 21
1739715113816 109.96169805753661 22
1739715113820 107.78134725861098 23
1739715113824 105.64466258419446 24
1739715113828 103.55075930912645 25
1739715113832 101.49877104604995 26
1739715113836 99.48784934622624 27
1739715113840 97.51716330993709 28
1739715113844 95.58589920620506 29
1739715113847 93.69326010156907 30
1739715113851 91.83846549766378 31
1739715113855 90.02075097735766 32
1739715113859 88.2393678592142 33
1739715113863 86.49358286004862 34
1739715113867 84.78267776535893 35
1739715113870 83.10594910741905 36
1739715113874 81.4627078508275 37
1739715113879 79.85227908531203 38
1739715113884 78.27400172559807 39
1739715113888 76.72722821815373 40
1739715113892 75.21132425463072 41
1739715113896 73.72566849182661 42
1739715113901 72.26965227799852 43
1739715113905 70.84267938536459 44
1739715113909 69.4441657486339 45
1739715113914 68.07353920941097 46
1739715113918 66.7302392663254 47
1739715113922 65.4137168307419 48
1739715113927 64.12343398791045 49
1739715113931 62.85886376342008 50
1739715113936 61.61948989482474 51
1739715113940 60.40480660831245 52
1739715113944 59.21431840029392 53
1739715113948 58.04753982378968 54
1739715113952 56.90399527949832 55
1739715113956 55.78321881143245 56
1739715113960 54.68475390701145 57
1739715113964 53.60815330150377 58
1739715113968 52.55297878671461 59
1739715113972 51.51880102381723 60
1739715113977 50.50519936022956 61
1739715113980 49.51176165044045 62
1739715113984 48.538084080691974 63
1739715113989 47.58377099742754 64
1739715113993 46.648434739417695 65
1739715113997 45.73169547347762 66
1739715114001 44.83318103369312 67
1739715114005 43.95252676407399 68
1739715114009 43.08937536455552 69
1739715114013 42.24337674027152 70
1739715114017 41.414187854023616 71
1739715114021 40.601472581874354 72
1739715114025 39.80490157179266 73
1739715114029 39.024152105282795 74
1739715114033 38.25890796192927 75
1739715114037 37.50885928679201 76
1739715114041 36.77370246058806 77
1739715114045 36.053139972596995 78
1739715114049 35.34688029622974 79
1739715114053 34.65463776720124 80
1739715114057 33.97613246424923 81
1739715114061 33.31109009234293 82
1739715114065 32.65924186832645 83
1739715114069 32.02032440894356 84
1739715114073 31.394079621191377 85
1739715114077 30.780254594952094 86
1739715114081 30.17860149785276 87
1739715114085 29.588877472304823 88
1739715114089 29.01084453467583 89
1739715114093 28.44426947654715 90
1739715114097 27.888923768012415 91
1739715114101 27.344583462972814 92
1739715114105 26.81102910638586 93
1739715114109 26.28804564342604 94
1739715114113 25.775422330515877 95
1739715114117 25.2729526481876 96
1739715114122 24.780434215736175 97
1739715114126 24.2976687076254 98
1739715114130 23.82446177160985 99
1739715114134 23.360622948535994 100
1739715114138 22.90596559378701 101
1739715114142 22.460306800336244 102
1739715114146 22.02346732337548 103
1739715114150 21.595271506484597 104
1739715114155 21.175547209310086 105
1739715114159 20.764125736720672 106
1739715114163 20.36084176940916 107
1739715114168 19.965533295909573 108
1739715114172 19.57804154600066 109
1739715114176 19.198210925465943 110
1739715114180 18.825888952182606 111
1739715114184 18.460926193510954 112
1739715114188 18.103176204957492 113
1739715114192 17.75249547008523 114
1739715114197 17.408743341644932 115
1739715114201 17.0717819839021 116
1739715114205 16.741476316134897 117
1739715114210 16.417693957278594 118
1739715114214 16.100305171692785 119
1739715114219 15.7891828160282 120
1739715114223 15.48420228717035 121
1739715114227 15.185241471237577 122
1739715114231 14.892180693612115 123
1739715114235 14.604902669982385 124
1739715114239 14.323292458376033 125
1739715114243 14.047237412163193 126
1739715114247 13.776627134009953 127
1739715114251 13.511353430762602 128
1739715114255 13.251310269243396 129
1739715114259 12.996393732939337 130
1739715114263 12.746501979565474 131
1739715114267 12.501535199484739 132
1739715114271 12.26139557496713 133
1739715114275 12.025987240270615 134
1739715114278 11.79521624252726 135
1739715114282 11.568990503418025 136
1739715114286 11.347219781620057 137
1739715114290 11.129815636010836 138
1739715114294 10.91669138961361 139
1739715114298 10.7077620942691 140
1739715114302 10.5029444960186 141
1739715114306 10.302157001184058 142
1739715114311 10.105319643130905 143
1739715114315 9.912354049699651 144
1739715114319 9.723183411292903 145
1739715114323 9.537732449604212 146
1739715114328 9.355927386975841 147
1739715114332 9.177695916372688 148
1739715114336 9.00296717195981 149
1739715114340 8.831671700271343 150
1739715114344 8.663741431958828 151
1739715114348 8.499109654107086 152
1739715114352 8.33771098310636 153
1739715114356 8.17948133806927 154
1739715114360 8.024357914781579 155
1739715114364 7.872279160176026 156
1739715114368 7.723184747318686 157
1739715114372 7.5770155508973005 158
1739715114376 7.4337136232016485 159
1739715114380 7.293222170585808 160
1739715114384 7.1554855304028235 161
1739715114388 7.020449148401964 162
1739715114392 6.8880595565794165 163
1739715114396 6.758264351473197 164
1739715114401 6.631012172893334 165
1739715114405 6.506252683078485 166
1739715114409 6.3839365462704984 167
1739715114413 6.264015408698366 168
1739715114417 6.146441878963377 169
1739715114421 6.031169508817445 170
1739715114425 5.918152774326555 171
1739715114429 5.807347057411661 172
1739715114433 5.698708627759411 173
1739715114437 5.5921946250952965 174
1739715114441 5.487763041811833 175
1739715114446 5.385372705944672 176
1739715114449 5.284983264489746 177
1739715114453 5.186555167054345 178
1739715114458 5.090049649835723 179
1739715114462 4.995428719920338 180
1739715114465 4.902655139897489 181
1739715114470 4.8116924127809515 182
1739715114473 4.7225047672324205 183
1739715114478 4.635057143080707 184
1739715114482 4.549315177130745 185
1739715114485 4.4652451892565965 186
1739715114489 4.382814168772678 187
1739715114493 4.301989761077796 188
1739715114498 4.2227402545662605 189
1739715114502 4.14503456780096 190
1739715114506 4.068842236942986 191
1739715114510 3.994133403432689 192
1739715114514 3.9208788019171377 193
1739715114519 3.8490497484190787 194
1739715114522 3.778618128742439 195
1739715114526 3.709556387109711 196
1739715114530 3.6418375150265785 197
1739715114535 3.5754350403691433 198
1739715114538 3.5103230166894 199
1739715114543 3.4464760127344394 200
1739715114547 3.383869102175282 201
1739715114551 3.322477853540943 202
1739715114554 3.2622783203537513 203
1739715114558 3.203247031461857 204
1739715114562 3.1453609815649024 205
1739715114566 3.0885976219291016 206
1739715114570 3.032934851287864 207
1739715114575 2.978351006924218 208
1739715114579 2.924824855931498 209
1739715114583 2.8723355866485782 210
1739715114587 2.8208628002663025 211
1739715114591 2.7703865026015584 212
1739715114594 2.7208870960357383 213
1739715114598 2.6723453716142163 214
1739715114602 2.624742501303651 215
1739715114606 2.578060030403975 216
1739715114610 2.5322798701119327 217
1739715114614 2.487384290233157 218
1739715114618 2.443355912039786 219
1739715114622 2.4001777012707537 220
1739715114626 2.357832961271869 221
1739715114630 2.316305326272833 222
1739715114634 2.275578754798587 223
1739715114638 2.2356375232121666 224
1739715114642 2.1964662193864966 225
1739715114646 2.158049736502549 226
1739715114651 2.120373266971296 227
1739715114655 2.08342229647706 228
1739715114658 2.0471825981397105 229
1739715114662 2.011640226793445 230
1739715114666 1.9767815133797697 231
1739715114670 1.9425930594523844 232
1739715114674 1.9090617317917657 233
1739715114679 1.8761746571272429 234
1739715114682 1.8439192169643832 235
1739715114686 1.8122830425156462 236
1739715114690 1.781254009732182 237
1739715114695 1.7508202344347785 238
1739715114698 1.7209700675419837 239
1739715114702 1.6916920903934223 240
1739715114708 1.6629751101664372 241
1739715114712 1.6348081553842062 242
1739715114716 1.6071804715134286 243
1739715114720 1.580081516649882 244
1739715114725 1.5535009572900476 245
1739715114729 1.527428664187044 246
1739715114733 1.5018547082893194 247
1739715114737 1.47676935676025 248
1739715114741 1.4521630690771978 249
1739715114746 1.4280264932083744 250
1739715114750 1.4043504618659315 251
1739715114754 1.38112598883379 252
1739715114758 1.3583442653687157 253
1739715114762 1.3359966566731605 254
1739715114766 1.3140746984384166 255
1739715114770 1.2925700934567557 256
1739715114774 1.2714747083010538 257
1739715114778 1.2507805700706887 258
1739715114782 1.230479863202257 259
1739715114785 1.2105649263439402 260
1739715114789 1.191028249292125 261
1739715114793 1.1718624699891276 262
1739715114797 1.1530603715807615 263
1739715114801 1.1346148795325655 264
1739715114805 1.1165190588034861 265
1739715114809 1.0987661110759472 266
1739715114813 1.0813493720410703 267
1739715114817 1.0642623087380376 268
1739715114821 1.047498516946473 269
1739715114825 1.0310517186307793 270
1739715114830 1.0149157594354106 271
1739715114833 0.9990846062300789 272
1739715114837 0.9835523447038279 273
1739715114841 0.9683131770070746 274
1739715114846 0.9533614194406449 275
1739715114850 0.9386915001908092 276
1739715114854 0.9242979571094876 277
1739715114857 0.9101754355386376 278
1739715114861 0.8963186861780129 279
1739715114865 0.8827225629953734 280
1739715114869 0.869382021178321 281
1739715114873 0.856292115126952 282
1739715114877 0.8434479964864715 283
1739715114881 0.8308449122189882 284
1739715114885 0.8184782027137089 285
1739715114889 0.80634329993479 286
1739715114893 0.7944357256060395 287
1739715114897 0.782751089431777 288
1739715114901 0.7712850873531223 289
1739715114905 0.7600334998389979 290
1739715114909 0.7489921902111548 291
1739715114913 0.7381571030025414 292
1739715114917 0.7275242623483616 293
1739715114921 0.7170897704091458 294
1739715114925 0.7068498058252242 295
1739715114933 0.6968006222019522 296
1739715114937 0.6869385466250901 297
1739715114941 0.6772599782057256 298
1739715114946 0.6677613866541579 299
1739715114950 0.6584393108821467 300
1739715114954 0.6492903576329953 301
1739715114958 0.6403112001388813 302
1739715114962 0.631498576804899 303
1739715114966 0.6228492899192788 304
1739715114970 0.6143602043892793 305
1739715114975 0.6060282465022231 306
1739715114980 0.597850402711157 307
1739715114984 0.5898237184446999 308
1739715114988 0.5819452969405358 309
1739715114993 0.5742122981021234 310
1739715114997 0.5666219373781236 311
1739715115001 0.55917148466413 312
1739715115005 0.551858263226231 313
1739715115009 0.5446796486459711 314
1739715115013 0.5376330677862897 315
1739715115017 0.5307159977780341 316
1739715115021 0.5239259650265918 317
1739715115025 0.5172605442382892 318
1739715115029 0.5107173574661431 319
1739715115033 0.5042940731745749 320
1739715115037 0.4979884053227126 321
1739715115042 0.491798112465901 322
1739715115046 0.4857209968750937 323
1739715115050 0.4797549036737212 324
1739715115054 0.47389771999171115 325
1739715115059 0.4681473741363251 326
1739715115063 0.46250183477946194 327
1739715115067 0.45695911016111157 328
1739715115071 0.451517247308625 329
1739715115075 0.4461743312714954 330
1739715115079 0.4409284843713348 331
1739715115083 0.43577786546676067 332
1739715115091 0.43072066923284646 333
1739715115095 0.4257551254549223 334
1739715115099 0.42087949833636706 335
1739715115103 0.41609208582016505 336
1739715115108 0.4113912189239058 337
1739715115112 0.4067752610880142 338
1739715115115 0.40224260753690155 339
1739715115119 0.3977916846527914 340
1739715115123 0.39342094936199035 341
1739715115127 0.3891288885333257 342
1739715115131 0.384914018388525 343
1739715115135 0.38077488392429076 344
1739715115139 0.3767100583458476 345
1739715115143 0.37271814251172286 346
1739715115147 0.36879776438954537 347
1739715115150 0.36494757852262794 348
1739715115155 0.36116626550714853 349
1739715115159 0.3574525314796818 350
1739715115163 0.3538051076149044 351
1739715115167 0.3502227496332542 352
1739715115172 0.34670423731835515 353
1739715115175 0.3432483740440088 354
1739715115180 0.3398539863105629 355
1739715115184 0.33651992329046565 356
1739715115188 0.3332450563828386 357
1739715115193 0.33002827877685836 358
1739715115197 0.32686850502381015 359
1739715115200 0.32376467061761377 360
1739715115204 0.32071573158365413 361
1739715115208 0.3177206640757662 362
1739715115213 0.3147784639812023 363
1739715115217 0.31188814653341573 364
1739715115222 0.3090487459325296 365
1739715115226 0.30625931497330283 366
1739715115231 0.3035189246804798 367
1739715115235 0.30082666395134655 368
1739715115240 0.2981816392053725 369
1739715115244 0.2955829740407836 370
1739715115249 0.29302980889793856 371
1739715115253 0.2905213007293535 372
1739715115257 0.2880566226762805 373
1739715115261 0.28563496375165803 374
1739715115265 0.28325552852935937 375
1739715115269 0.28091753683956827 376
1739715115273 0.2786202234701991 377
1739715115277 0.27636283787420407 378
1739715115281 0.27414464388268805 379
1739715115285 0.27196491942367795 380
1739715115290 0.26982295624646757 381
1739715115294 0.26771805965140505 382
1739715115299 0.26564954822501585 383
1739715115303 0.26361675358038394 384
1739715115307 0.26161902010263555 385
1739715115311 0.25965570469946614 386
1739715115316 0.25772617655660257 387
1739715115320 0.2558298168980853 388
1739715115324 0.25396601875129343 389
1739715115328 0.252134186716603 390
1739715115332 0.25033373674160486 391
1739715115336 0.24856409589977174 392
1739715115340 0.24682470217350108 393
1739715115344 0.2451150042414406 394
1739715115349 0.24343446127000268 395
1739715115353 0.24178254270901275 396
1739715115356 0.24015872809136854 397
1739715115361 0.23856250683667068 398
1739715115365 0.23699337805871343 399
1739715115370 0.23545085037678057 400
1739715115375 0.23393444173066485 401
1739715115380 0.23244367919932843 402
1739715115385 0.23097809882314396 403
1739715115390 0.22953724542963627 404
1739715115394 0.22812067246267026 405
1739715115400 0.2267279418149862 406
1739715115405 0.22535862366405354 407
1739715115410 0.22401229631114827 408
1739715115415 0.2226885460236084 409
1739715115419 0.22138696688018597 410
1739715115424 0.2201071606194557 411
1739715115428 0.21884873649120476 412
1739715115432 0.21761131111074686 413
1739715115436 0.21639450831610577 414
1739715115441 0.21519795902801 415
1739715115446 0.2140213011126451 416
1739715115451 0.2128641792471021 417
1739715115457 0.2117262447874768 418
1739715115461 0.21060715563956045 419
1739715115466 0.20950657613207732 420
1739715115470 0.20842417689241385 421
1739715115474 0.2073596347247877 422
1739715115479 0.20631263249081674 423
1739715115483 0.20528285899243373 424
1739715115487 0.2042700088570977 425
1739715115492 0.20327378242527055 426
1739715115496 0.2022938856400888 427
1739715115501 0.20133002993922147 428
1739715115507 0.20038193214883424 429
1739715115512 0.19944931437964591 430
1739715115515 0.19853190392502226 431
1739715115520 0.19762943316106865 432
1739715115524 0.1967416394486854 433
1739715115529 0.19586826503754387 434
1739715115533 0.195009056971944 435
1739715115537 0.19416376699852594 436
1739715115542 0.19333215147577826 437
1739715115546 0.19251397128533523 438
1739715115550 0.19170899174499847 439
1739715115555 0.19091698252347333 440
1739715115564 0.19013771755677472 441
1739715115586 0.18937097496626223 442
1739715115595 0.1886165369782916 443
1739715115599 0.18787418984543272 444
1739715115604 0.18714372376923014 445
1739715115608 0.1864249328244805 446
1739715115613 0.18571761488498498 447
1739715115618 0.18502157155075877 448
1739715115622 0.18433660807666444 449
1739715115626 0.18366253330243715 450
1739715115630 0.18299915958408272 451
1739715115635 0.18234630272661623 452
1739715115638 0.1817037819181096 453
1739715115642 0.18107141966503354 454
1739715115647 0.1804490417288643 455
1739715115651 0.17983647706391906 456
1739715115656 0.1792335577564154 457
1739715115660 0.17864011896471582 458
1739715115664 0.17805599886073775 459
1739715115669 0.17748103857250752 460
1739715115673 0.1769150821278375 461
1739715115677 0.1763579763990984 462
1739715115681 0.1758095710490668 463
1739715115685 0.1752697184778365 464
1739715115689 0.17473827377075452 465
1739715115693 0.1742150946473774 466
1739715115697 0.17370004141142034 467
1739715115701 0.17319297690168162 468
1739715115705 0.17269376644391968 469
1739715115712 0.17220227780367256 470
1739715115716 0.17171838113998697 471
1739715115720 0.17124194896005596 472
1739715115724 0.17077285607473447 473
1739715115729 0.17031097955491875 474
1739715115733 0.1698561986887775 475
1739715115737 0.1694083949398091 476
1739715115741 0.16896745190572118 477
1739715115745 0.16853325527809632 478
1739715115750 0.1681056928028582 479
1739715115753 0.16768465424148538 480
1739715115758 0.16727003133299811 481
1739715115762 0.16686171775666275 482
1739715115766 0.1664596090954342 483
1739715115770 0.1660636028001026 484
1739715115774 0.165673598154131 485
1739715115778 0.16528949623917763 486
1739715115782 0.1649111999012883 487
1739715115787 0.16453861371773942 488
1739715115791 0.164171643964525 489
1739715115795 0.1638101985844703 490
1739715115799 0.16345418715596824 491
1739715115803 0.1631035208623122 492
1739715115807 0.1627581124616266 493
1739715115812 0.16241787625738177 494
1739715115816 0.16208272806947047 495
1739715115821 0.16175258520584931 496
1739715115825 0.1614273664347256 497
1739715115829 0.16110699195727968 498
1739715115834 0.16079138338091514 499
