1739717788748 3.2645645821616465 0
1739717788775 3.1923181567732892 1
1739717788801 4.115522744591845 2
1739717788828 5.443734491950161 3
1739717788855 4.965726720790655 4
1739717788881 5.2556561678213995 5
1739717788908 3.0559247211011864 6
1739717788935 5.035650204058057 7
1739717788963 4.665013074294026 8
1739717788990 6.0636827797480075 9
1739717789017 5.95425630647806 10
1739717789044 5.006150299421907 11
1739717789071 5.069692176450352 12
1739717789098 5.4390810794227695 13
1739717789125 5.7641666731066765 14
1739717789152 2.587632404623797 15
1739717789179 6.9688058307821255 16
1739717789206 6.120155580409579 17
1739717789233 5.478834128481021 18
1739717789259 3.168399111173506 19
1739717789287 7.782350145272356 20
1739717789314 3.163724204010984 21
1739717789341 5.397411774935412 22
1739717789368 6.34438564045724 23
1739717789395 4.726893822336828 24
1739717789422 4.083082654703374 25
1739717789449 3.4142930370146356 26
1739717789477 5.393874871440189 27
1739717789503 6.404961766568503 28
1739717789530 5.370193000011518 29
1739717789557 5.654167912343481 30
1739717789585 5.031440658420219 31
1739717789612 4.635058809226334 32
1739717789639 4.161761491796873 33
1739717789665 4.5124980836546404 34
1739717789694 6.99682316498426 35
1739717789728 4.620663351745119 36
1739717789755 4.776800665836769 37
1739717789783 3.317775494122102 38
1739717789812 4.53806607552913 39
1739717789840 1.952217479729468 40
1739717789867 4.675264275981001 41
1739717789894 3.6515812381575343 42
1739717789921 4.832883538556526 43
1739717789952 6.258768632116572 44
1739717789979 5.448603288626347 45
1739717790006 5.281696637983868 46
1739717790032 2.803760428842955 47
1739717790060 5.141526479238325 48
1739717790088 5.79698989720763 49
1739717790115 5.1345113096803665 50
1739717790144 4.330136763843726 51
1739717790173 5.039589036285573 52
1739717790200 4.354964645155673 53
1739717790228 3.9556979072281173 54
1739717790256 3.04990164007917 55
1739717790284 8.54220534302743 56
1739717790313 3.0326493156028804 57
1739717790341 4.682878144840839 58
1739717790369 4.489211563995514 59
1739717790398 6.015640549850267 60
1739717790425 5.60507096016045 61
1739717790452 5.612539053204993 62
1739717790480 3.6741013637738207 63
1739717790506 3.2332029731502803 64
1739717790534 3.537634301180284 65
1739717790563 2.92915776852018 66
1739717790591 3.6588892643453 67
1739717790618 5.720614132097247 68
1739717790647 3.295319613106878 69
1739717790675 7.180569518672158 70
1739717790702 7.140435457791689 71
1739717790729 4.850144587175565 72
1739717790756 4.6592060388463 73
1739717790783 5.092591334774682 74
1739717790810 2.3526486843647523 75
1739717790836 5.2079937830141745 76
1739717790863 4.300836888989266 77
1739717790890 3.5488782874496234 78
1739717790917 5.120504542201292 79
1739717790943 4.807691790526541 80
1739717790970 4.70485410647754 81
1739717790996 6.133887779500397 82
1739717791023 5.604278351521574 83
1739717791049 5.09124454225346 84
1739717791076 6.178305590395874 85
1739717791103 3.1638890286312256 86
1739717791130 5.7409736232915485 87
1739717791156 6.117872000964604 88
1739717791183 6.34810879124377 89
1739717791210 3.952914746887343 90
1739717791236 5.636924939077611 91
1739717791263 3.4216186799038883 92
1739717791290 5.587132893851532 93
1739717791317 4.496738974574673 94
1739717791343 3.8650250833461555 95
1739717791370 3.4846694345924525 96
1739717791397 4.401460150952848 97
1739717791423 4.520928868692769 98
1739717791450 4.960431732751944 99
1739717791477 3.5989861370692635 100
1739717791504 3.8976393468851187 101
1739717791531 4.696959542795049 102
1739717791559 3.2451001793427117 103
1739717791586 6.175558675235642 104
1739717791613 6.458366112594916 105
1739717791639 4.147773676430752 106
1739717791666 4.537474376175284 107
1739717791694 5.65159759654725 108
1739717791721 5.6853206228980975 109
1739717791748 3.668672763861999 110
1739717791775 4.610503573101853 111
1739717791802 6.1084047605475655 112
1739717791829 5.399975068670611 113
1739717791856 4.637675674068199 114
1739717791883 3.1347843924259635 115
1739717791910 6.275080496903697 116
1739717791937 4.694269021472871 117
1739717791964 4.374181932628007 118
1739717791991 5.625431433798678 119
1739717792018 3.217966525051116 120
1739717792045 4.277931918509893 121
1739717792072 3.8771537190635783 122
1739717792099 5.9013885928200605 123
1739717792126 3.145578401480745 124
1739717792153 1.5987115728300043 125
1739717792201 3.6682833026332635 126
1739717792228 6.453047365613657 127
1739717792255 3.853173235903435 128
1739717792283 4.10331596822051 129
1739717792309 6.637062632205891 130
1739717792336 4.7174247816548 131
1739717792363 4.009856944469092 132
1739717792390 6.064193900595023 133
1739717792417 6.1785089628998975 134
1739717792444 4.095528401577528 135
1739717792472 2.918876158496629 136
1739717792499 4.28037070228767 137
1739717792526 2.415069266079645 138
1739717792553 3.923642752030398 139
1739717792581 4.223070315685132 140
1739717792608 6.218419732101125 141
1739717792635 2.815807520200913 142
1739717792662 5.804317526374763 143
1739717792689 3.081923990264358 144
1739717792717 3.8640973077882363 145
1739717792746 4.805500039092827 146
1739717792774 6.313404795469382 147
1739717792802 4.745662775925162 148
1739717792829 6.547872174239096 149
1739717792857 5.773847417596088 150
1739717792884 4.62692764921837 151
1739717792911 6.666105150098406 152
1739717792937 6.46214200313631 153
1739717792964 5.158368324122318 154
1739717792991 5.349549736581878 155
1739717793017 4.435384202242002 156
1739717793044 2.354603906626552 157
1739717793071 6.12094560576477 158
1739717793098 5.301744672005443 159
1739717793126 6.679557353947043 160
1739717793155 2.330561272621718 161
1739717793182 4.749454796384405 162
1739717793210 4.640353575802616 163
1739717793236 5.246423222816527 164
1739717793263 5.16318984523841 165
1739717793289 7.5810391674374635 166
1739717793316 2.922989149530815 167
1739717793342 4.214928682543712 168
1739717793369 3.2616447973758147 169
1739717793396 5.36867118251351 170
1739717793424 11.597148090248842 171
1739717793451 4.933711198427154 172
1739717793478 6.153940939484122 173
1739717793505 2.191859093610911 174
1739717793531 3.7503304517274136 175
1739717793558 3.80996392881107 176
1739717793585 2.948349893604982 177
1739717793611 3.679993997891709 178
1739717793638 4.9493282212653975 179
1739717793665 2.155074925290146 180
1739717793692 7.783660505913255 181
1739717793718 5.81850185105438 182
1739717793745 3.7935459507386415 183
1739717793772 4.966677771133744 184
1739717793799 4.9860415525903 185
1739717793825 4.08795439691138 186
1739717793852 5.404947086482803 187
1739717793878 4.928544234781081 188
1739717793906 5.320909582866107 189
1739717793932 5.720830843447311 190
1739717793959 5.960435572414799 191
1739717793986 6.862087574966172 192
1739717794012 5.821816548517418 193
1739717794039 5.401992217240977 194
1739717794065 4.860790077881487 195
1739717794092 3.9944089447937796 196
1739717794119 5.7862061208387985 197
1739717794146 4.4865634655752835 198
1739717794173 4.897593574391231 199
1739717794200 5.206138714174022 200
1739717794227 6.416365634443511 201
1739717794254 5.886534057537775 202
1739717794281 2.229642481172671 203
1739717794308 3.120105782746916 204
1739717794335 2.975036812350769 205
1739717794362 1.6682160818352612 206
1739717794389 5.952436671218405 207
1739717794416 5.278473666707577 208
1739717794443 5.7891986859140205 209
1739717794469 7.184059951852963 210
1739717794496 4.936002379327967 211
1739717794523 1.9213914344555818 212
1739717794550 5.09254261501684 213
1739717794577 3.945906350703127 214
1739717794605 6.587163617867758 215
1739717794631 1.8758836397863572 216
1739717794658 5.134797794238504 217
1739717794685 4.446610563692862 218
1739717794712 5.3763207024133814 219
1739717794739 5.787030798665889 220
1739717794767 6.310550614830319 221
1739717794794 5.636226359970119 222
1739717794821 3.0589754467131023 223
1739717794848 7.077707381366404 224
1739717794875 6.966938366103227 225
1739717794902 3.497712218468321 226
1739717794929 6.93266141118605 227
1739717794956 3.575171730223957 228
1739717794983 4.465449301870066 229
1739717795010 4.216707329717816 230
1739717795037 4.386544570071851 231
1739717795064 7.211619008342027 232
1739717795091 4.737169521498252 233
1739717795117 3.2615340562414636 234
1739717795144 2.6404126989440275 235
1739717795171 7.499619418848199 236
1739717795198 4.80625931064287 237
1739717795225 6.317588417787506 238
1739717795252 2.596951648497095 239
1739717795279 4.26120177898234 240
1739717795306 2.5355017184677062 241
1739717795333 4.590824623939272 242
1739717795359 4.58251275540091 243
1739717795386 2.78447791362824 244
1739717795413 3.0748662370475737 245
1739717795439 5.699601751815695 246
1739717795466 5.653053804069383 247
1739717795493 3.502016590985381 248
1739717795520 5.484121625345902 249
1739717795547 4.098358142795085 250
1739717795573 4.424972239882559 251
1739717795600 5.329626644338866 252
1739717795627 4.797768601594545 253
1739717795654 5.372029338319196 254
1739717795680 4.064060485441677 255
1739717795707 4.483377460358189 256
1739717795734 6.155816059281555 257
1739717795762 4.1208929791107645 258
1739717795789 3.6683136051066425 259
1739717795817 5.993971526782653 260
1739717795845 5.543655961771487 261
1739717795873 5.759892757022783 262
1739717795901 2.9087562405964404 263
1739717795929 5.412489212418027 264
1739717795957 1.776478060242953 265
1739717795985 6.290492770621367 266
1739717796012 6.35665493136127 267
1739717796040 3.8200373022041543 268
1739717796068 3.9754684578405275 269
1739717796095 6.820342318943666 270
1739717796123 5.245617910834725 271
1739717796150 5.49128906551022 272
1739717796177 5.140813379951601 273
1739717796205 6.12660611877794 274
1739717796233 5.429919495040931 275
1739717796260 5.258913280983374 276
1739717796288 4.471998782307957 277
1739717796315 3.332503451322789 278
1739717796343 4.44866289466844 279
1739717796370 5.679050328891645 280
1739717796399 1.9142882992128973 281
1739717796426 4.929328323220494 282
1739717796454 5.786437596966834 283
1739717796481 5.2395283617862125 284
1739717796509 5.382797477916842 285
1739717796537 4.5640111462768065 286
1739717796564 3.663470691789297 287
1739717796591 4.972905983855738 288
1739717796619 6.469762829038219 289
1739717796646 3.989765349544994 290
1739717796674 4.786378304117417 291
1739717796701 3.2832242799241587 292
1739717796728 5.4526169818187435 293
1739717796755 6.966722450078453 294
1739717796781 6.746549329138158 295
1739717796809 4.896560984363075 296
1739717796836 6.782643535924562 297
1739717796863 6.4086329075653605 298
1739717796890 5.049735005358685 299
1739717796917 4.322067195459292 300
1739717796944 4.929087867735836 301
1739717796971 6.447415099125797 302
1739717796998 6.6513185319861226 303
1739717797025 3.823225175662345 304
1739717797052 7.122267826199052 305
1739717797078 7.841114006908437 306
1739717797104 2.754665876615664 307
1739717797131 7.193876762211193 308
1739717797158 1.8352036327685375 309
1739717797185 4.509188146242602 310
1739717797212 4.979717313172805 311
1739717797239 1.6763344220803582 312
1739717797266 5.1488308075370615 313
1739717797293 5.060704899977431 314
1739717797320 5.375577671987894 315
1739717797347 8.348617155515727 316
1739717797374 6.06640128210168 317
1739717797400 5.664398900328447 318
1739717797427 3.624776512951875 319
1739717797454 6.458327335681178 320
1739717797480 6.784779034184471 321
1739717797507 4.871225274757477 322
1739717797534 2.466941687546469 323
1739717797561 5.135931107764962 324
1739717797588 3.3126566588794577 325
1739717797615 3.6042498036613093 326
1739717797642 0.744297382400411 327
1739717797669 4.7355428223323495 328
1739717797696 4.121421563212337 329
1739717797723 4.694688106194999 330
1739717797750 3.5096947175125264 331
1739717797776 3.3818693114070215 332
1739717797804 5.809581229355097 333
1739717797830 7.330764760997224 334
1739717797857 5.96802410232012 335
1739717797884 7.081572988598064 336
1739717797911 12.588363202837916 337
1739717797939 3.806755315167631 338
1739717797966 7.830211648566026 339
1739717797993 5.148040797467724 340
1739717798020 4.621095421338008 341
1739717798048 5.8105642578432555 342
1739717798075 6.73532570756939 343
1739717798102 4.383298098626654 344
1739717798129 2.7190524181653037 345
1739717798157 4.309204409845816 346
1739717798184 5.627730224685795 347
1739717798210 3.120171670418531 348
1739717798237 6.123649250405563 349
1739717798264 4.760334654568365 350
1739717798291 4.359047152318561 351
1739717798318 2.23402565039344 352
1739717798345 2.741575170625748 353
1739717798372 5.5187208211062995 354
1739717798399 5.407753680695322 355
1739717798426 2.6865707779784307 356
1739717798454 5.02702309322761 357
1739717798480 4.3774419650824825 358
1739717798507 6.788100670111127 359
1739717798534 5.193536563723939 360
1739717798561 4.835009589243594 361
1739717798588 4.2286309216826385 362
1739717798614 3.425226649690553 363
1739717798641 2.57103873824051 364
1739717798668 4.911612938447072 365
1739717798694 5.181847644634197 366
1739717798721 2.518512249799413 367
1739717798748 2.5889785676775867 368
1739717798776 5.22448770267351 369
1739717798803 4.581985994433847 370
1739717798829 3.944071350564868 371
1739717798856 3.3630916322384325 372
1739717798883 3.7231934988234996 373
1739717798911 4.678980427858843 374
1739717798939 4.128580467396938 375
1739717798966 5.5520000148163655 376
1739717798994 3.410680783521293 377
1739717799020 3.580064883622219 378
1739717799048 6.480487233739894 379
1739717799074 2.0545293416548085 380
1739717799101 5.092024945602003 381
1739717799127 4.283366999562572 382
1739717799153 5.8236097754080935 383
1739717799180 4.102106103706201 384
1739717799207 6.363984059801491 385
1739717799233 1.470821500266024 386
1739717799260 5.589681550785428 387
1739717799287 5.795634984524388 388
1739717799314 2.1329821229782455 389
1739717799341 4.820778659162605 390
1739717799368 4.6436454248068735 391
1739717799395 5.311925232986664 392
1739717799422 6.012740659308395 393
1739717799449 1.8876381025016822 394
1739717799476 4.283846795679547 395
1739717799503 5.100194842434536 396
1739717799530 3.796405174857528 397
1739717799557 4.267896861109348 398
1739717799583 5.939280905635316 399
1739717799610 5.031230182132463 400
1739717799637 5.517979583735742 401
1739717799663 3.5982026870696386 402
1739717799690 7.898427363148451 403
1739717799717 5.25993531420491 404
1739717799744 4.2405410106582 405
1739717799772 3.675345859668012 406
1739717799799 5.505665255075033 407
1739717799826 3.777920189893501 408
1739717799852 6.514367848453554 409
1739717799879 5.572153082473468 410
1739717799906 4.200408015217441 411
1739717799933 6.5759928232015135 412
1739717799960 5.321882275641149 413
1739717799987 5.214722148596944 414
1739717800014 4.700736852260801 415
1739717800041 5.595045893247039 416
1739717800068 3.2509415696793185 417
1739717800095 6.452827501877717 418
1739717800122 3.3810106970797777 419
1739717800149 2.373546452528582 420
1739717800176 5.524591689451445 421
1739717800202 5.266052827880827 422
1739717800229 4.994177978148264 423
1739717800257 5.299321457120014 424
1739717800284 2.092030345810513 425
1739717800311 4.542612932415847 426
1739717800338 5.798958542632385 427
1739717800365 5.3644725210638615 428
1739717800392 5.31439105661243 429
1739717800419 2.3602254290385463 430
1739717800445 6.428005618228241 431
1739717800473 3.796986713883595 432
1739717800500 3.755852215601586 433
1739717800527 5.237840495401186 434
1739717800553 3.6257321469579176 435
1739717800581 5.2054222841541264 436
1739717800607 4.188551319479293 437
1739717800634 5.946936250881953 438
1739717800661 5.170072761811496 439
1739717800688 5.73364794615711 440
1739717800715 5.661817586777558 441
1739717800742 7.158444287046041 442
1739717800769 6.927898022868679 443
1739717800796 1.533982890149367 444
1739717800823 6.533283018272278 445
1739717800850 5.007091408721812 446
1739717800877 3.4968151831821896 447
1739717800904 4.249927762137524 448
1739717800930 3.918779858300734 449
1739717800957 5.125296970113779 450
1739717800985 3.916853754408338 451
1739717801011 5.727279380553382 452
1739717801038 3.236017617681964 453
1739717801066 5.113591783247222 454
1739717801093 7.256269097683491 455
1739717801120 5.517846150663038 456
1739717801147 5.160156570895998 457
1739717801174 6.037677354772324 458
1739717801201 7.35437471664136 459
1739717801227 5.718793481330851 460
1739717801253 3.88589982630133 461
1739717801281 3.9147600726062506 462
1739717801307 5.031611783047547 463
1739717801333 4.17202704254368 464
1739717801360 4.726157691651806 465
1739717801386 1.9712932972566681 466
1739717801413 6.946097645712566 467
1739717801439 5.736834449681622 468
1739717801465 5.530300381555724 469
1739717801492 6.811138641624048 470
1739717801518 4.88073677603954 471
1739717801545 5.151343681160456 472
1739717801571 5.902715160779689 473
1739717801597 2.144850668317441 474
1739717801624 6.463280079622477 475
1739717801650 5.6249454345603125 476
1739717801676 4.703407303339221 477
1739717801703 2.596797336923533 478
1739717801729 5.5380040652094 479
1739717801756 4.934634634988432 480
1739717801782 2.9004014150708235 481
1739717801810 5.272681064205415 482
1739717801836 5.294361447257243 483
1739717801863 2.4640744028395667 484
1739717801891 7.94106521038006 485
1739717801917 4.703737977916211 486
1739717801944 3.40075814920716 487
1739717801971 4.527195323860396 488
1739717801998 1.9081881124148412 489
1739717802024 5.604899623967932 490
1739717802051 4.634388673053366 491
1739717802078 4.082291711660973 492
1739717802105 4.975369792533273 493
1739717802131 5.888662018946997 494
1739717802158 5.224007301577892 495
1739717802185 2.663201377548774 496
1739717802212 4.635113964359436 497
1739717802239 6.3269001579470965 498
1739717802266 1.8494044411662778 499
