1739714799006 169.60917591410433 0
1739714799013 169.57035885452632 1
1739714799020 169.53158043335452 2
1739714799026 169.49284042797052 3
1739714799032 169.45413861734667 4
1739714799038 169.41547478203475 5
1739714799044 169.37684870415418 6
1739714799049 169.33826016738104 7
1739714799055 169.29970895693629 8
1739714799061 169.2611948595748 9
1739714799066 169.22271766357423 10
1739714799073 169.1842771587237 11
1739714799079 169.145873136313 12
1739714799085 169.1075053891218 13
1739714799091 169.06917371140824 14
1739714799096 169.03087789889895 15
1739714799102 168.9926177487778 16
1739714799107 168.95439305967554 17
1739714799112 168.91620363165916 18
1739714799117 168.87804926622167 19
1739714799122 168.83992976627133 20
1739714799129 168.80184493612182 21
1739714799134 168.7637945814818 22
1739714799141 168.72577850944458 23
1739714799147 168.68779652847834 24
1739714799153 168.64984844841612 25
1739714799159 168.61193408044574 26
1739714799165 168.57405323710003 27
1739714799170 168.53620573224697 28
1739714799176 168.49839138108024 29
1739714799181 168.46061000010923 30
1739714799187 168.42286140714972 31
1739714799193 168.38514542131435 32
1739714799198 168.34746186300313 33
1739714799205 168.3098105538941 34
1739714799211 168.27219131693408 35
1739714799217 168.23460397632945 36
1739714799222 168.1970483575369 37
1739714799228 168.15952428725447 38
1739714799233 168.12203159341254 39
1739714799238 168.08457010516477 40
1739714799243 168.04713965287917 41
1739714799249 168.00974006812947 42
1739714799254 167.9723711836863 43
1739714799259 167.9350328335083 44
1739714799265 167.89772485273383 45
1739714799271 167.8604470776721 46
1739714799277 167.82319934579482 47
1739714799283 167.78598149572764 48
1739714799289 167.74879336724206 49
1739714799296 167.71163480124665 50
1739714799302 167.6745056397792 51
1739714799308 167.6374057259983 52
1739714799314 167.60033490417533 53
1739714799319 167.56329301968623 54
1739714799324 167.52627991900357 55
1739714799330 167.48929544968868 56
1739714799335 167.45233946038357 57
1739714799340 167.4154118008032 58
1739714799346 167.37851232172758 59
1739714799351 167.34164087499425 60
1739714799357 167.3047973134904 61
1739714799362 167.26798149114526 62
1739714799368 167.23119326292272 63
1739714799373 167.19443248481363 64
1739714799380 167.15769901382845 65
1739714799386 167.12099270798976 66
1739714799391 167.08431342632508 67
1739714799397 167.0476610288594 68
1739714799403 167.01103537660802 69
1739714799411 166.9744363315695 70
1739714799417 166.9378637567181 71
1739714799422 166.90131751599722 72
1739714799427 166.86479747431218 73
1739714799433 166.8283034975231 74
1739714799437 166.79183545243802 75
1739714799442 166.75539320680627 76
1739714799447 166.7189766293113 77
1739714799452 166.68258558956418 78
1739714799457 166.64621995809668 79
1739714799462 166.6098796063547 80
1739714799467 166.5735644066916 81
1739714799472 166.5372742323617 82
1739714799476 166.5010089575137 83
1739714799481 166.464768457184 84
1739714799486 166.4285526072906 85
1739714799491 166.39236128462662 86
1739714799497 166.35619436685369 87
1739714799502 166.32005173249607 88
1739714799507 166.283933260934 89
1739714799512 166.2478388323978 90
1739714799517 166.21176832796152 91
1739714799522 166.175721629537 92
1739714799527 166.13969861986766 93
1739714799532 166.10369918252235 94
1739714799538 166.0677232018898 95
1739714799543 166.03177056317224 96
1739714799548 165.99584115237974 97
1739714799554 165.95993485632425 98
1739714799560 165.9240515626139 99
1739714799566 165.88819115964705 100
1739714799571 165.85235353660696 101
1739714799577 165.81653858345547 102
1739714799582 165.780746190928 103
1739714799588 165.74497625052757 104
1739714799595 165.7092286545194 105
1739714799601 165.6735032959252 106
1739714799606 165.637800068518 107
1739714799611 165.60211886681648 108
1739714799616 165.5664595860796 109
1739714799621 165.53082212230123 110
1739714799626 165.49520637220505 111
1739714799631 165.4596122332389 112
1739714799635 165.42403960356984 113
1739714799640 165.38848838207878 114
1739714799645 165.35295846835544 115
1739714799650 165.31744976269297 116
1739714799655 165.28196216608336 117
1739714799660 165.24649558021179 118
1739714799665 165.211049907452 119
1739714799670 165.17562505086113 120
1739714799675 165.14022091417493 121
1739714799680 165.10483740180268 122
1739714799685 165.06947441882244 123
1739714799690 165.0341318709762 124
1739714799695 164.99880966466506 125
1739714799700 164.96350770694434 126
1739714799705 164.92822590551913 127
1739714799710 164.8929641687393 128
1739714799715 164.85772240559504 129
1739714799720 164.82250052571214 130
1739714799724 164.78729843934735 131
1739714799729 164.75211605738397 132
1739714799734 164.71695329132717 133
1739714799738 164.68181005329959 134
1739714799743 164.6466862560368 135
1739714799748 164.61158181288286 136
1739714799752 164.57649663778616 137
1739714799757 164.5414306452947 138
1739714799762 164.506383750552 139
1739714799768 164.47135586929267 140
1739714799772 164.4363469178382 141
1739714799777 164.40135681309272 142
1739714799782 164.3663854725389 143
1739714799787 164.33143281423335 144
1739714799792 164.29649875680312 145
1739714799797 164.261583219441 146
1739714799802 164.2266861219018 147
1739714799807 164.19180738449802 148
1739714799812 164.15694692809618 149
1739714799817 164.12210467411234 150
1739714799823 164.0872805445086 151
1739714799828 164.05247446178893 152
1739714799834 164.01768634899514 153
1739714799840 163.98291612970328 154
1739714799846 163.9481637280196 155
1739714799851 163.91342906857676 156
1739714799857 163.87871207653 157
1739714799862 163.84401267755348 158
1739714799868 163.80933079783642 159
1739714799874 163.7746663640794 160
1739714799879 163.74001930349073 161
1739714799885 163.7053895437827 162
1739714799890 163.67077701316808 163
1739714799896 163.63618164035637 164
1739714799901 163.60160335455018 165
1739714799906 163.56704208544204 166
1739714799911 163.53249776321022 167
1739714799917 163.4979703185159 168
1739714799923 163.46345968249926 169
1739714799929 163.42896578677605 170
1739714799934 163.39448856343455 171
1739714799940 163.3600279450316 172
1739714799945 163.32558386458953 173
1739714799951 163.29115625559297 174
1739714799957 163.25674505198504 175
1739714799963 163.22235018816463 176
1739714799968 163.18797159898253 177
1739714799974 163.1536092197386 178
1739714799980 163.1192629861784 179
1739714799986 163.0849328344899 180
1739714799991 163.05061870130032 181
1739714799997 163.01632052367316 182
1739714800002 162.98203823910475 183
1739714800008 162.94777178552135 184
1739714800012 162.91352110127602 185
1739714800018 162.87928612514534 186
1739714800023 162.8450667963268 187
1739714800029 162.8108630544353 188
1739714800034 162.77667483950037 189
1739714800039 162.74250209196322 190
1739714800045 162.70834475267372 191
1739714800050 162.6742027628874 192
1739714800054 162.64007606426262 193
1739714800059 162.60596459885755 194
1739714800064 162.57186830912758 195
1739714800069 162.537787137922 196
1739714800073 162.5037210284816 197
1739714800078 162.46966992443572 198
1739714800084 162.4356337697991 199
1739714800089 162.40161250896983 200
1739714800094 162.36760608672594 201
1739714800099 162.3336144482229 202
1739714800104 162.29963753899105 203
1739714800108 162.26567530493267 204
1739714800113 162.23172769231928 205
1739714800118 162.19779464778946 206
1739714800123 162.16387611834548 207
1739714800128 162.1299720513513 208
1739714800132 162.09608239452965 209
1739714800138 162.0622070959595 210
1739714800142 162.02834610407362 211
1739714800148 161.99449936765586 212
1739714800152 161.96066683583877 213
1739714800157 161.9268484581011 214
1739714800162 161.89304418426514 215
1739714800167 161.85925396449434 216
1739714800172 161.82547774929108 217
1739714800176 161.7917154894938 218
1739714800182 161.75796713627506 219
1739714800187 161.72423264113866 220
1739714800192 161.69051195591774 221
1739714800196 161.656805032772 222
1739714800202 161.62311182418568 223
1739714800210 161.58943228296496 224
1739714800216 161.5557663622359 225
1739714800222 161.52211401544193 226
1739714800228 161.48847519634165 227
1739714800233 161.45484985900666 228
1739714800238 161.42123795781922 229
1739714800243 161.3876394474699 230
1739714800248 161.35405428295567 231
1739714800253 161.32048241957756 232
1739714800258 161.2869238129382 233
1739714800262 161.25337841894017 234
1739714800267 161.21984619378347 235
1739714800273 161.1863270939635 236
1739714800277 161.15282107626905 237
1739714800282 161.1193280977799 238
1739714800288 161.08584811586505 239
1739714800293 161.0523810881806 240
1739714800298 161.0189269726674 241
1739714800302 160.98548572754947 242
1739714800307 160.9520573113315 243
1739714800312 160.91864168279716 244
1739714800320 160.88523880100706 245
1739714800326 160.85184862529658 246
1739714800331 160.8184711152742 247
1739714800337 160.7851062308192 248
1739714800342 160.7517539320799 249
1739714800349 160.71841417947192 250
1739714800355 160.6850869336759 251
1739714800361 160.65177215563577 252
1739714800366 160.618469806557 253
1739714800372 160.5851798479044 254
1739714800377 160.5519022414007 255
1739714800383 160.51863694902423 256
1739714800388 160.48538393300748 257
1739714800394 160.45214315583507 258
1739714800399 160.418914580242 259
1739714800404 160.38569816921185 260
1739714800410 160.35249388597506 261
1739714800415 160.31930169400704 262
1739714800420 160.28612155702658 263
1739714800425 160.25295343899396 264
1739714800431 160.2197973041092 265
1739714800436 160.18665311681065 266
1739714800441 160.15352084177295 267
1739714800447 160.12040044390537 268
1739714800452 160.08729188835036 269
1739714800457 160.05419514048168 270
1739714800462 160.02111016590274 271
1739714800468 159.98803693044522 272
1739714800473 159.95497540016703 273
1739714800478 159.92192554135104 274
1739714800483 159.88888732050333 275
1739714800489 159.85586070435156 276
1739714800494 159.82284565984352 277
1739714800500 159.78984215414536 278
1739714800505 159.7568501546403 279
1739714800510 159.72386962892674 280
1739714800516 159.69090054481703 281
1739714800522 159.6579428703358 282
1739714800528 159.62499657371848 283
1739714800533 159.59206162340973 284
1739714800538 159.55913798806205 285
1739714800544 159.52622563653424 286
1739714800549 159.49332453788986 287
1739714800554 159.46043466139602 288
1739714800559 159.42755597652152 289
1739714800564 159.39468845293578 290
1739714800569 159.36183206050728 291
1739714800574 159.3289867693021 292
1739714800580 159.2961525495826 293
1739714800586 159.2633293718058 294
1739714800592 159.23051720662232 295
1739714800599 159.19771602487484 296
1739714800604 159.1649257975966 297
1739714800609 159.13214649601022 298
1739714800615 159.0993780915264 299
1739714800620 159.06662055574245 300
1739714800625 159.03387386044082 301
1739714800630 159.00113797758814 302
1739714800634 158.96841287933373 303
1739714800640 158.93569853800818 304
1739714800645 158.90299492612218 305
1739714800650 158.87030201636534 306
1739714800655 158.83761978160464 307
1739714800659 158.8049481948835 308
1739714800664 158.77228722942033 309
1739714800669 158.73963685860713 310
1739714800674 158.7069970560087 311
1739714800679 158.67436779536095 312
1739714800684 158.64174905056996 313
1739714800689 158.60914079571072 314
1739714800694 158.57654300502583 315
1739714800699 158.54395565292444 316
1739714800704 158.51137871398097 317
1739714800709 158.4788121629339 318
1739714800713 158.44625597468493 319
1739714800718 158.41371012429718 320
1739714800723 158.3811745869948 321
1739714800728 158.34864933816115 322
1739714800733 158.3161343533382 323
1739714800738 158.28362960822503 324
1739714800743 158.25113507867695 325
1739714800748 158.21865074070428 326
1739714800753 158.18617657047116 327
1739714800758 158.15371254429473 328
1739714800763 158.1212586386438 329
1739714800768 158.0888148301379 330
1739714800773 158.05638109554607 331
1739714800778 158.02395741178603 332
1739714800783 157.99154375592283 333
1739714800788 157.9591401051682 334
1739714800793 157.92674643687903 335
1739714800798 157.8943627285567 336
1739714800803 157.86198895784597 337
1739714800808 157.82962510253387 338
1739714800813 157.79727114054882 339
1739714800818 157.7649270499595 340
1739714800823 157.73259280897392 341
1739714800828 157.7002683959386 342
1739714800833 157.6679537893371 343
1739714800838 157.63564896778973 344
1739714800843 157.60335391005202 345
1739714800848 157.57106859501394 346
1739714800852 157.5387930016991 347
1739714800857 157.50652710926363 348
1739714800862 157.47427089699525 349
1739714800867 157.44202434431241 350
1739714800871 157.40978743076334 351
1739714800876 157.37756013602518 352
1739714800881 157.34534243990294 353
1739714800886 157.31313432232858 354
1739714800892 157.28093576336042 355
1739714800897 157.24874674318193 356
1739714800902 157.21656724210087 357
1739714800907 157.1843972405486 358
1739714800913 157.1522367190791 359
1739714800918 157.12008565836788 360
1739714800924 157.08794403921164 361
1739714800929 157.055811842527 362
1739714800935 157.02368904934966 363
1739714800940 156.99157564083373 364
1739714800945 156.9594715982509 365
1739714800950 156.92737690298944 366
1739714800955 156.89529153655357 367
1739714800960 156.86321548056242 368
1739714800965 156.83114871674945 369
1739714800969 156.79909122696154 370
1739714800974 156.76704299315816 371
1739714800979 156.7350039974106 372
1739714800986 156.70297422190114 373
1739714800993 156.6709536489224 374
1739714800998 156.63894226087646 375
1739714801004 156.60694004027405 376
1739714801009 156.57494696973393 377
1739714801016 156.542963031982 378
1739714801021 156.51098820985052 379
1739714801027 156.4790224862775 380
1739714801032 156.44706584430588 381
1739714801037 156.41511826708273 382
1739714801042 156.38317973785868 383
1739714801047 156.35125023998697 384
1739714801052 156.3193297569229 385
1739714801057 156.2874182722231 386
1739714801062 156.2555157695448 387
1739714801067 156.22362223264497 388
1739714801072 156.1917376453798 389
1739714801077 156.15986199170402 390
1739714801082 156.1279952556701 391
1739714801089 156.09613742142756 392
1739714801094 156.06428847322235 393
1739714801100 156.03244839539613 394
1739714801105 156.00061717238577 395
1739714801110 155.96879478872228 396
1739714801115 155.93698122903058 397
1739714801120 155.9051764780286 398
1739714801126 155.87338052052672 399
1739714801131 155.84159334142703 400
1739714801136 155.8098149257228 401
1739714801141 155.77804525849774 402
1739714801147 155.74628432492545 403
1739714801152 155.71453211026872 404
1739714801157 155.6827885998789 405
1739714801162 155.65105377919548 406
1739714801168 155.6193276337451 407
1739714801173 155.58761014914117 408
1739714801178 155.55590131108343 409
1739714801183 155.52420110535698 410
1739714801188 155.49250951783185 411
1739714801193 155.46082653446254 412
1739714801198 155.4291521412871 413
1739714801203 155.39748632442692 414
1739714801208 155.36582907008594 415
1739714801213 155.33418036455 416
1739714801218 155.30254019418652 417
1739714801223 155.27090854544363 418
1739714801230 155.23928540484985 419
1739714801236 155.20767075901344 420
1739714801243 155.1760645946218 421
1739714801248 155.14446689844095 422
1739714801254 155.11287765731495 423
1739714801259 155.08129685816547 424
1739714801266 155.04972448799114 425
1739714801271 155.01816053386696 426
1739714801276 154.98660498294402 427
1739714801281 154.95505782244854 428
1739714801287 154.92351903968182 429
1739714801293 154.89198862201948 430
1739714801298 154.86046655691078 431
1739714801304 154.8289528318785 432
1739714801309 154.79744743451803 433
1739714801314 154.7659503524972 434
1739714801320 154.73446157355554 435
1739714801326 154.70298108550386 436
1739714801332 154.67150887622373 437
1739714801337 154.64004493366704 438
1739714801343 154.60858924585557 439
1739714801348 154.57714180088033 440
1739714801353 154.54570258690106 441
1739714801358 154.5142715921461 442
1739714801364 154.48284880491138 443
1739714801369 154.45143421356053 444
1739714801374 154.42002780652393 445
1739714801378 154.3886295722984 446
1739714801384 154.35723949944696 447
1739714801389 154.32585757659803 448
1739714801394 154.29448379244516 449
1739714801399 154.2631181357465 450
1739714801405 154.23176059532454 451
1739714801410 154.20041116006539 452
1739714801415 154.16906981891844 453
1739714801421 154.13773656089612 454
1739714801426 154.10641137507312 455
1739714801446 154.0750942505862 456
1739714801458 154.04378517663363 457
1739714801464 154.01248414247496 458
1739714801469 153.98119113743027 459
1739714801474 153.94990615088008 460
1739714801479 153.91862917226476 461
1739714801484 153.88736019108413 462
1739714801490 153.85609919689705 463
1739714801494 153.82484617932096 464
1739714801500 153.7936011280317 465
1739714801505 153.76236403276283 466
1739714801510 153.73113488330537 467
1739714801515 153.69991366950737 468
1739714801520 153.6687003812735 469
1739714801525 153.63749500856477 470
1739714801530 153.606297541398 471
1739714801535 153.57510796984533 472
1739714801542 153.54392628403434 473
1739714801550 153.51275247414705 474
1739714801556 153.4815865304199 475
1739714801562 153.45042844314324 476
1739714801567 153.41927820266105 477
1739714801572 153.3881357993706 478
1739714801578 153.35700122372188 479
1739714801584 153.3258744662174 480
1739714801590 153.2947555174119 481
1739714801596 153.26364436791172 482
1739714801602 153.23254100837477 483
1739714801608 153.20144542950987 484
1739714801613 153.17035762207664 485
1739714801618 153.13927757688504 486
1739714801623 153.10820528479496 487
1739714801628 153.07714073671613 488
1739714801633 153.0460839236074 489
1739714801638 153.01503483647664 490
1739714801643 152.98399346638055 491
1739714801649 152.95295980442393 492
1739714801654 152.92193384175965 493
1739714801659 152.8909155695882 494
1739714801664 152.85990497915742 495
1739714801669 152.82890206176214 496
1739714801674 152.79790680874387 497
1739714801679 152.76691921149043 498
1739714801684 152.73593926143576 499
