1739716258449 166.3320612248691 0
1739716258454 161.11058735955547 1
1739716258459 161.46555877573945 2
1739716258464 162.25457161937965 3
1739716258469 158.66213880610871 4
1739716258475 154.72489108253922 5
1739716258479 156.9315615245454 6
1739716258484 149.43113629824316 7
1739716258489 148.7574153819941 8
1739716258494 144.33780781439705 9
1739716258499 145.65841618187685 10
1739716258504 138.30278300657974 11
1739716258508 141.57443027917026 12
1739716258513 136.78188322981708 13
1739716258517 132.2583528166188 14
1739716258522 138.27828480155094 15
1739716258527 131.35800888346864 16
1739716258531 124.37843419187459 17
1739716258536 129.75615534074845 18
1739716258540 126.52051236167107 19
1739716258545 122.18864681698456 20
1739716258549 120.34397795036784 21
1739716258554 117.61676597705673 22
1739716258558 120.11773107079998 23
1739716258563 120.10450601259794 24
1739716258567 115.51817196315133 25
1739716258572 114.8659428560957 26
1739716258576 110.97643776988419 27
1739716258580 113.03987872358569 28
1739716258584 107.11867392877436 29
1739716258589 105.2512584214514 30
1739716258594 107.76354417208182 31
1739716258599 102.14411055569448 32
1739716258603 101.46709707548625 33
1739716258608 100.9382541379386 34
1739716258612 98.76906346328411 35
1739716258616 96.76835299956063 36
1739716258621 98.90774454468132 37
1739716258626 96.55502377814719 38
1739716258630 91.9619194860319 39
1739716258635 88.92397728441725 40
1739716258640 89.57281553448415 41
1739716258644 86.78882457640856 42
1739716258650 87.57269226290694 43
1739716258655 89.1761332782905 44
1739716258660 85.41988367722884 45
1739716258665 85.58345670878784 46
1739716258670 83.04125333906909 47
1739716258674 83.01702447815482 48
1739716258679 80.57864494310361 49
1739716258684 79.85740754449962 50
1739716258688 77.29865485039446 51
1739716258693 77.25253264659986 52
1739716258698 75.20565128739686 53
1739716258702 75.69993527970495 54
1739716258707 73.22251186822828 55
1739716258711 73.2768640999999 56
1739716258715 70.27921985854239 57
1739716258721 71.53947397192702 58
1739716258726 69.14472014062437 59
1739716258731 67.31314545723549 60
1739716258736 66.12053902973182 61
1739716258741 65.76570974537283 62
1739716258747 67.25042797978587 63
1739716258752 67.18395211305032 64
1739716258757 63.715361465860525 65
1739716258761 61.71383254229929 66
1739716258766 61.278935609514576 67
1739716258771 60.04838484531951 68
1739716258776 59.44654565899333 69
1739716258780 58.594226399830056 70
1739716258785 58.29115936764748 71
1739716258790 56.76010878691733 72
1739716258794 57.709546120948524 73
1739716258800 55.37211179722444 74
1739716258805 55.2112770251939 75
1739716258809 51.417162949765775 76
1739716258814 53.8781158951788 77
1739716258819 53.842566826552044 78
1739716258825 51.34454240802187 79
1739716258830 50.44780270041408 80
1739716258835 50.92940621754083 81
1739716258840 49.186568962839544 82
1739716258845 49.4686636129195 83
1739716258850 48.34737125043112 84
1739716258855 48.20027185202192 85
1739716258860 46.00776890727677 86
1739716258864 45.8678823266417 87
1739716258869 44.072737708799174 88
1739716258874 44.85174901024847 89
1739716258879 43.281436320446225 90
1739716258884 42.89132799453335 91
1739716258888 43.5108441024321 92
1739716258893 42.53980612568222 93
1739716258898 41.484177580099534 94
1739716258902 42.213286879909276 95
1739716258907 39.06266993864794 96
1739716258912 39.661173840549665 97
1739716258918 39.13967803943047 98
1739716258923 37.9476399673907 99
1739716258927 37.56520256019439 100
1739716258932 36.91339337824506 101
1739716258937 36.76772280519767 102
1739716258942 37.03087331067575 103
1739716258947 36.20123252321083 104
1739716258951 34.34034252769582 105
1739716258956 35.232832823498576 106
1739716258960 34.48362326616491 107
1739716258965 33.88909272951283 108
1739716258970 33.36149437816637 109
1739716258974 33.146544595648265 110
1739716258979 32.10270777803356 111
1739716258983 31.2546311367157 112
1739716258988 30.288668906950726 113
1739716258993 30.7148656434808 114
1739716258997 30.14563322773886 115
1739716259002 30.995538833481316 116
1739716259006 30.087622728518404 117
1739716259011 29.72124046575954 118
1739716259016 29.28991549708969 119
1739716259021 28.587522014030785 120
1739716259026 27.736786501896667 121
1739716259031 28.66906578544072 122
1739716259035 26.07449383794929 123
1739716259040 26.31622214002018 124
1739716259045 25.50878534472569 125
1739716259050 24.662473806854155 126
1739716259054 25.61338998797176 127
1739716259059 26.407246396256383 128
1739716259063 24.836410315104782 129
1739716259068 24.015498370752713 130
1739716259072 24.195619374230127 131
1739716259077 23.66282925213807 132
1739716259082 23.485548923896673 133
1739716259086 22.180329994687746 134
1739716259090 23.192078821110545 135
1739716259095 22.839892502933306 136
1739716259100 23.148988928317777 137
1739716259104 21.633417420008353 138
1739716259109 21.51361410296373 139
1739716259113 20.998774697980497 140
1739716259118 20.9942775395545 141
1739716259123 20.019800976396052 142
1739716259128 20.090579489023263 143
1739716259133 19.012114913431777 144
1739716259137 19.59849662753906 145
1739716259141 18.836667208750022 146
1739716259146 19.45995482566334 147
1739716259150 19.287258667606427 148
1739716259155 17.98409824650104 149
1739716259165 17.347073504245383 150
1739716259170 17.537200685353614 151
1739716259174 16.471001053427802 152
1739716259179 17.910062601024194 153
1739716259183 17.104489391594097 154
1739716259187 17.108067433161285 155
1739716259192 15.770530826338417 156
1739716259197 16.489382179941902 157
1739716259201 16.16541038213963 158
1739716259206 16.143795365696604 159
1739716259210 16.283263052416736 160
1739716259215 15.687089237577215 161
1739716259220 15.738772041462655 162
1739716259225 15.290555781599526 163
1739716259230 14.886926953877518 164
1739716259234 14.798241571554746 165
1739716259239 14.388115336815618 166
1739716259243 13.768753950626378 167
1739716259248 14.165300920080668 168
1739716259252 14.293668305810556 169
1739716259257 13.84185238431248 170
1739716259261 13.818497779347835 171
1739716259266 13.077710107440332 172
1739716259271 12.954704240757708 173
1739716259276 13.088102861466231 174
1739716259280 12.603184000816398 175
1739716259285 12.658858505570048 176
1739716259289 12.183292334496086 177
1739716259294 12.484569176399527 178
1739716259298 11.320056987574068 179
1739716259303 12.463259088707526 180
1739716259308 11.94183707064664 181
1739716259312 11.561569852380204 182
1739716259317 11.23978929200681 183
1739716259322 11.033636065445837 184
1739716259326 10.315536986522089 185
1739716259331 10.830007347862018 186
1739716259336 10.103541547576022 187
1739716259340 10.678800707292684 188
1739716259345 10.762055911333087 189
1739716259350 10.346250582785604 190
1739716259354 10.072623333467778 191
1739716259359 10.18143313161001 192
1739716259363 10.075280479426704 193
1739716259368 9.360328921309549 194
1739716259373 9.736836062976671 195
1739716259377 8.668990315529712 196
1739716259382 8.859955836101776 197
1739716259386 8.596109433453623 198
1739716259391 9.19757741827635 199
1739716259396 8.711952931788604 200
1739716259400 8.273501267489506 201
1739716259405 8.287106688788313 202
1739716259410 8.409563439728393 203
1739716259414 8.570385093133515 204
1739716259419 8.26091838453662 205
1739716259423 8.009860748572002 206
1739716259428 8.26376913659065 207
1739716259433 8.22153494703531 208
1739716259438 7.8830116667982235 209
1739716259442 7.629611190401886 210
1739716259447 7.4855478446456205 211
1739716259451 7.506244080647087 212
1739716259456 7.5132568357468426 213
1739716259461 7.077786719743759 214
1739716259466 7.163856909682744 215
1739716259471 7.559978818770046 216
1739716259476 7.176615274769274 217
1739716259481 6.61381889535563 218
1739716259486 6.539895499711163 219
1739716259490 6.520417496015397 220
1739716259495 6.37971472937575 221
1739716259500 6.688273755137941 222
1739716259505 6.7701556375055825 223
1739716259509 6.303417122297695 224
1739716259514 6.0634506948116345 225
1739716259518 5.969685825427235 226
1739716259523 5.9783231903932155 227
1739716259528 5.792862179375036 228
1739716259533 6.173328278315189 229
1739716259538 5.417349949128341 230
1739716259543 5.725138835463275 231
1739716259548 5.7631346259654395 232
1739716259552 5.630832845815996 233
1739716259557 5.765142296707982 234
1739716259562 5.615169026193156 235
1739716259566 5.505441323133363 236
1739716259571 4.98361235057217 237
1739716259575 4.630896215144461 238
1739716259580 4.9928913904132415 239
1739716259585 4.853854551885724 240
1739716259589 4.970905751762191 241
1739716259594 5.384459554620636 242
1739716259599 5.146753216325252 243
1739716259604 4.597782174192231 244
1739716259609 4.601993689536792 245
1739716259613 4.945030063069456 246
1739716259618 5.325231051284566 247
1739716259622 4.568714499082805 248
1739716259627 4.394263365771289 249
1739716259632 4.530841187281058 250
1739716259636 4.432184933681205 251
1739716259641 3.874342506356683 252
1739716259646 3.86563963814857 253
1739716259655 3.983751771796777 254
1739716259661 4.038211093632328 255
1739716259666 3.8922097883432833 256
1739716259672 3.6565255390501856 257
1739716259677 3.9328232548885147 258
1739716259681 4.04823167759653 259
1739716259686 3.799195668973714 260
1739716259691 3.6736361101246406 261
1739716259695 3.8822382566829106 262
1739716259700 3.50347337803658 263
1739716259704 3.521042500369429 264
1739716259709 3.805313408074614 265
1739716259713 3.578675451418728 266
1739716259718 3.6314481961799334 267
1739716259723 3.570098232629797 268
1739716259728 3.290347942525469 269
1739716259733 3.4212042416165755 270
1739716259738 2.9555508086412834 271
1739716259742 3.323875707053793 272
1739716259747 3.3127594397451823 273
1739716259752 2.9125214386139904 274
1739716259756 2.9799666336824844 275
1739716259761 3.021507990065762 276
1739716259766 2.999412989586111 277
1739716259770 2.982515481225448 278
1739716259776 2.941601375946566 279
1739716259780 2.645380883617091 280
1739716259785 3.049547131336254 281
1739716259789 2.827186886986716 282
1739716259794 2.71815862720586 283
1739716259798 2.5204822601164967 284
1739716259803 2.7266843785993027 285
1739716259807 2.4779862936361194 286
1739716259812 2.472968537207747 287
1739716259817 2.7030869737657675 288
1739716259822 2.5792915253664237 289
1739716259827 2.602398244054047 290
1739716259832 2.561562768877216 291
1739716259836 2.4775552855183425 292
1739716259841 2.3317635039388205 293
1739716259845 2.296562613299794 294
1739716259850 2.724302534841222 295
1739716259854 2.2971864879848196 296
1739716259859 2.2549795527080176 297
1739716259863 2.0948711225771146 298
1739716259868 2.2060578014045045 299
1739716259873 2.281667877072486 300
1739716259878 1.952517369012766 301
1739716259882 2.2651710506756384 302
1739716259887 2.1128462370069774 303
1739716259892 2.2053850426731345 304
1739716259896 1.7854576910249995 305
1739716259901 2.411774337430467 306
1739716259905 1.9587368243125685 307
1739716259910 1.949814417022097 308
1739716259914 1.8732372447404904 309
1739716259919 2.0036216648746596 310
1739716259924 1.7789173279491206 311
1739716259928 2.162867914615314 312
1739716259933 1.7900012473639466 313
1739716259938 2.0541436180182298 314
1739716259942 1.7689273479771148 315
1739716259947 1.9193712920817634 316
1739716259952 1.7556066082157107 317
1739716259956 1.8260507433479913 318
1739716259961 1.9078623896996978 319
1739716259966 1.6786702696912423 320
1739716259970 1.5995126586228803 321
1739716259975 1.4317933242712422 322
1739716259980 1.5741106563102094 323
1739716259984 1.8727379857324697 324
1739716259989 1.5537405923179914 325
1739716259993 1.7626344602939414 326
1739716259998 1.7853744060389047 327
1739716260003 1.6206701836764308 328
1739716260008 1.7408246317223983 329
1739716260012 1.4672724645746216 330
1739716260017 1.4064402383188122 331
1739716260022 1.4393581493959358 332
1739716260027 1.428201501605886 333
1739716260032 1.3905721829740068 334
1739716260036 1.4256575957202045 335
1739716260040 1.3441630230154018 336
1739716260045 1.32624925578619 337
1739716260050 1.554273219170396 338
1739716260054 1.4153263884296716 339
1739716260059 1.3380337996044833 340
1739716260063 1.1924244232880308 341
1739716260069 1.2576361238597287 342
1739716260074 1.2718948084616766 343
1739716260079 1.176335947353419 344
1739716260084 1.4108899185342414 345
1739716260089 1.2624102371507098 346
1739716260093 1.284010113147996 347
1739716260098 1.3217207905669783 348
1739716260102 1.270704403536005 349
1739716260106 1.1524711348845256 350
1739716260111 1.0844249046432959 351
1739716260116 1.2725233921683348 352
1739716260121 1.1541170699202634 353
1739716260125 1.0882593508621388 354
1739716260130 1.064831125017208 355
1739716260135 1.2499248049410077 356
1739716260140 1.2874637517747418 357
1739716260144 1.0457965265088824 358
1739716260149 0.8742227197707131 359
1739716260153 1.0336436906355997 360
1739716260158 0.92457466697193 361
1739716260163 1.1634221560797926 362
1739716260170 1.0323578186616746 363
1739716260175 0.9611561829646362 364
1739716260180 1.0620867022768639 365
1739716260185 0.7234831434108117 366
1739716260189 0.823815085164859 367
1739716260194 1.02144019998131 368
1739716260199 0.9008876970515276 369
1739716260203 1.052182506199196 370
1739716260208 0.9011515486628533 371
1739716260213 0.9272491988553411 372
1739716260218 1.0685509871510495 373
1739716260223 1.0074506489998434 374
1739716260228 0.751776955198805 375
1739716260235 0.8189476925078868 376
1739716260240 0.8569346446464832 377
1739716260245 0.9247144161111334 378
1739716260249 0.9192212347910013 379
1739716260255 0.9555342415383896 380
1739716260260 0.7849617047521799 381
1739716260265 0.7273597832949825 382
1739716260270 0.6282810926420099 383
1739716260275 0.9247678502931211 384
1739716260280 0.80320675611942 385
1739716260284 0.7411597214271041 386
1739716260289 0.7343459327875902 387
1739716260294 0.9359472927242479 388
1739716260299 0.710123328127535 389
1739716260303 0.7847330979403553 390
1739716260308 0.71193668630234 391
1739716260313 0.7961424969922367 392
1739716260318 0.6424053832371354 393
1739716260322 0.5937082673743094 394
1739716260327 0.7964711681577606 395
1739716260331 0.7701727903482585 396
1739716260336 0.7007068367534905 397
1739716260341 0.8325913839308461 398
1739716260345 0.5701632198620654 399
1739716260350 0.690661451781721 400
1739716260354 0.5765049122521669 401
1739716260359 0.5473532070500388 402
1739716260364 0.561755907118971 403
1739716260368 0.6365486632927633 404
1739716260373 0.6361548226706141 405
1739716260378 0.6740686741304246 406
1739716260383 0.7538734201937373 407
1739716260387 0.6029932012010256 408
1739716260392 0.638209242813908 409
1739716260396 0.6168584664656146 410
1739716260401 0.5826520121292341 411
1739716260406 0.5857231726704681 412
1739716260410 0.5019878736264789 413
1739716260415 0.5944720845209155 414
1739716260420 0.8309235941238154 415
1739716260424 0.6264607620050374 416
1739716260429 0.4990356140744204 417
1739716260434 0.4514827544537696 418
1739716260438 0.5812934203141351 419
1739716260443 0.5452285538391584 420
1739716260448 0.5886724016889723 421
1739716260452 0.5210329068376514 422
1739716260457 0.8272497300580135 423
1739716260461 0.4958012374386415 424
1739716260466 0.4937818907985866 425
1739716260470 0.5609228694281486 426
1739716260475 0.44844390962422415 427
1739716260479 0.47441574844454165 428
1739716260485 0.44563806661304634 429
1739716260490 0.512985557215757 430
1739716260495 0.49222173159345034 431
1739716260500 0.5802993271992853 432
1739716260505 0.48813765277883214 433
1739716260510 0.4848182684843262 434
1739716260514 0.5605363297454763 435
1739716260519 0.49669016034596125 436
1739716260524 0.48023249305376703 437
1739716260529 0.30836349054656936 438
1739716260533 0.48226968248478147 439
1739716260538 0.41006040045329784 440
1739716260543 0.41859608364346673 441
1739716260548 0.38048582982926427 442
1739716260554 0.4388614240904896 443
1739716260559 0.3700695716127011 444
1739716260564 0.4100219893223976 445
1739716260568 0.48555296543681775 446
1739716260573 0.34632465918617783 447
1739716260578 0.39021050832800047 448
1739716260583 0.4374497715057278 449
1739716260587 0.36316206162399106 450
1739716260592 0.39048981479770417 451
1739716260597 0.4848143990428511 452
1739716260601 0.4573533479889935 453
1739716260606 0.42705417373370325 454
1739716260611 0.34109333643498746 455
1739716260616 0.42904420100082064 456
1739716260621 0.38706128551417757 457
1739716260625 0.3301937074732245 458
1739716260630 0.40435283801919647 459
1739716260635 0.3127316095265535 460
1739716260640 0.6098432408750779 461
1739716260645 0.41209249548291066 462
1739716260650 0.3739725422761541 463
1739716260655 0.3234586194454035 464
1739716260659 0.3911294501011962 465
1739716260664 0.3522222999738026 466
1739716260669 0.3310390495972227 467
1739716260674 0.35447132241074997 468
1739716260679 0.525249732596894 469
1739716260684 0.28358073907354286 470
1739716260688 0.2593744616907278 471
1739716260693 0.3135158500654822 472
1739716260697 0.34140973184984724 473
1739716260702 0.3803274965125475 474
1739716260706 0.3106515119259755 475
1739716260711 0.4312454637530411 476
1739716260716 0.364384840949672 477
1739716260720 0.27724207538886514 478
1739716260725 0.34752370231132246 479
1739716260729 0.4565871205760881 480
1739716260736 0.3472429934738662 481
1739716260743 0.3831158733285521 482
1739716260749 0.3198629582558748 483
1739716260754 0.25589507776809095 484
1739716260759 0.3368733589774748 485
1739716260765 0.4170776402850567 486
1739716260770 0.3248260542170039 487
1739716260776 0.247173333870184 488
1739716260782 0.24048343881538853 489
1739716260787 0.2816574429041599 490
1739716260792 0.28592226044388086 491
1739716260797 0.26630103200885846 492
1739716260802 0.32788479820899896 493
1739716260806 0.35759223499109966 494
1739716260812 0.26902108512931056 495
1739716260817 0.2771972793956735 496
1739716260822 0.2594934345733212 497
1739716260827 0.24255507334984067 498
1739716260832 0.32666891558882816 499
