1739717345127 2.8467074490477784 0
1739717345154 4.694936769941586 1
1739717345181 4.7504034094301115 2
1739717345208 5.5599422066819 3
1739717345235 5.316621650787805 4
1739717345261 4.7170854572379755 5
1739717345288 3.697452827675001 6
1739717345315 2.714258177529253 7
1739717345343 2.333716045436397 8
1739717345370 2.104295407809645 9
1739717345397 8.463563197915517 10
1739717345424 3.0768122572965972 11
1739717345451 3.4226114469892437 12
1739717345478 3.577257221806823 13
1739717345504 3.062979514528686 14
1739717345531 3.5009831847735016 15
1739717345557 8.417994204006954 16
1739717345584 4.177274815029744 17
1739717345610 5.269581144943496 18
1739717345637 5.314821213560557 19
1739717345664 3.9998933237887346 20
1739717345691 2.558355673652652 21
1739717345718 5.25445002998671 22
1739717345744 7.016525545975088 23
1739717345771 3.378005089018355 24
1739717345797 8.189999227219726 25
1739717345824 5.615571677550398 26
1739717345851 2.4031217663414504 27
1739717345878 5.89772179972761 28
1739717345904 5.907634197922246 29
1739717345931 5.879280744140109 30
1739717345958 4.496063264310083 31
1739717345985 4.524137265782299 32
1739717346012 7.450126723616451 33
1739717346038 3.031237621904206 34
1739717346065 6.253627994356383 35
1739717346092 3.103793687506403 36
1739717346119 2.8742528121639466 37
1739717346145 6.548193048168694 38
1739717346173 4.653129929797644 39
1739717346201 6.0937990320727655 40
1739717346228 5.148219399314491 41
1739717346255 4.217031082661585 42
1739717346282 6.623556311013132 43
1739717346309 6.297980397717372 44
1739717346338 6.487059557295112 45
1739717346365 7.602229449947852 46
1739717346392 4.551349099157391 47
1739717346418 5.9042616075661645 48
1739717346445 7.051327562688411 49
1739717346472 4.067237397422519 50
1739717346498 1.7284608403391073 51
1739717346525 2.6551508984441026 52
1739717346552 3.9228476345558634 53
1739717346580 8.027469534546013 54
1739717346606 5.12696455184526 55
1739717346633 4.5155839683251795 56
1739717346660 5.689240609660424 57
1739717346687 11.443537019184108 58
1739717346714 4.268265519710303 59
1739717346741 3.961517478830572 60
1739717346769 11.63348707540047 61
1739717346796 6.112555922815514 62
1739717346823 6.528290060004806 63
1739717346850 2.3166937232935947 64
1739717346877 3.3138348623901552 65
1739717346903 6.672537521166711 66
1739717346930 1.8230729158767862 67
1739717346956 8.190596198955364 68
1739717346983 4.461566282283015 69
1739717347009 3.668610669450212 70
1739717347036 8.73283851028836 71
1739717347062 5.99685279471759 72
1739717347090 2.847205936659695 73
1739717347116 2.7725098688720156 74
1739717347143 8.549133570048 75
1739717347170 6.334411557942856 76
1739717347196 3.3775404379251914 77
1739717347223 5.386056356498082 78
1739717347250 1.8639719871699059 79
1739717347276 8.724382104975945 80
1739717347303 4.879010155249102 81
1739717347330 7.575864852766548 82
1739717347356 4.810263700270192 83
1739717347383 4.247380156179691 84
1739717347410 6.862407977401768 85
1739717347437 4.37388912714192 86
1739717347464 3.4208186406008165 87
1739717347491 7.451551607288434 88
1739717347518 7.007322080556315 89
1739717347544 7.0260166158398185 90
1739717347571 3.1670451558920805 91
1739717347598 1.3474217698961437 92
1739717347625 6.480015948940832 93
1739717347652 2.5994782247315715 94
1739717347678 4.180297315849318 95
1739717347705 6.784013088910789 96
1739717347732 2.400450946171093 97
1739717347759 2.940797828443095 98
1739717347786 4.569495099488666 99
1739717347813 4.412101852756509 100
1739717347840 5.32576488444799 101
1739717347866 6.142444819940121 102
1739717347893 6.682554549822582 103
1739717347920 4.100208759847235 104
1739717347947 6.619623987611958 105
1739717347974 2.7168888082285227 106
1739717348001 1.794908657282858 107
1739717348028 3.5104217868467122 108
1739717348055 5.148596831957265 109
1739717348082 5.23823535315815 110
1739717348109 1.6666800872093648 111
1739717348136 8.535114921975952 112
1739717348162 5.029754056150517 113
1739717348190 4.96463148389851 114
1739717348217 4.375502931783152 115
1739717348244 4.2230900456445 116
1739717348271 4.106903297442942 117
1739717348298 6.399541594714302 118
1739717348325 4.555831117781474 119
1739717348351 6.859536523491887 120
1739717348378 6.636356319479549 121
1739717348405 1.2766550965787953 122
1739717348432 6.961181802157434 123
1739717348458 2.517350542853743 124
1739717348485 6.3421396899192 125
1739717348511 4.8506358644882175 126
1739717348538 4.672596833148028 127
1739717348565 4.450909682713625 128
1739717348592 7.079731175011492 129
1739717348619 5.27675635048305 130
1739717348646 5.563589917913834 131
1739717348673 3.5818589930774474 132
1739717348700 4.886770573246833 133
1739717348727 2.338981891180789 134
1739717348754 7.314238766800795 135
1739717348781 9.207760273583894 136
1739717348808 4.108340844051672 137
1739717348835 0.8583811934311184 138
1739717348862 2.1083001230780476 139
1739717348889 3.453950091086307 140
1739717348916 8.080172508183182 141
1739717348945 1.6596254140009794 142
1739717348972 6.449365180347841 143
1739717348999 7.350161710736928 144
1739717349026 2.6155277656162075 145
1739717349053 2.5143056973251423 146
1739717349080 5.64147828844512 147
1739717349108 3.9444604277828383 148
1739717349134 2.751493171146168 149
1739717349161 7.442379741053556 150
1739717349231 4.767491857395785 151
1739717349258 5.310939571997929 152
1739717349285 3.3088897145350726 153
1739717349312 6.686115477069951 154
1739717349339 1.375550836242769 155
1739717349366 6.161133101326202 156
1739717349393 4.731205109127999 157
1739717349420 5.05304844667956 158
1739717349446 3.346389862006906 159
1739717349472 5.7226528935406735 160
1739717349499 2.614330021950306 161
1739717349525 2.948475055864815 162
1739717349552 5.923535169926111 163
1739717349579 4.7366138955431225 164
1739717349606 5.302640256283028 165
1739717349633 2.7648559199632525 166
1739717349660 3.8082298238712644 167
1739717349686 8.70266605640952 168
1739717349713 5.055870016234445 169
1739717349740 6.259374695762029 170
1739717349767 6.578402315685121 171
1739717349794 3.9778927848882732 172
1739717349820 2.681521643465332 173
1739717349847 5.79408045958366 174
1739717349874 6.653946717946503 175
1739717349901 5.359859401425519 176
1739717349927 7.345575446245951 177
1739717349954 2.0040689735886996 178
1739717349981 1.8307306900831513 179
1739717350008 5.402400131124885 180
1739717350035 9.917161894753358 181
1739717350062 7.198876582383349 182
1739717350089 5.657211522757661 183
1739717350116 4.431996047878866 184
1739717350143 5.068668088899518 185
1739717350169 4.438033829549249 186
1739717350196 2.0975049769232577 187
1739717350223 8.03152032776536 188
1739717350250 4.748628665418467 189
1739717350277 2.0221987853388947 190
1739717350304 7.12509087689219 191
1739717350331 3.507924673693627 192
1739717350358 3.3191142927706845 193
1739717350384 5.207243733515609 194
1739717350412 5.703347598716662 195
1739717350439 5.048244118360609 196
1739717350465 3.4336647449936435 197
1739717350492 6.00500783795821 198
1739717350519 1.443217917439286 199
1739717350546 3.0943283891942834 200
1739717350573 4.7104377464639935 201
1739717350600 5.164903749605252 202
1739717350628 4.928812583739724 203
1739717350654 8.810396177698435 204
1739717350682 6.534216564956981 205
1739717350709 4.760806203735763 206
1739717350736 5.067677393845751 207
1739717350763 2.055656425822584 208
1739717350789 1.6505832341732454 209
1739717350817 4.63542257924814 210
1739717350844 7.382900181375818 211
1739717350870 4.2854839004431255 212
1739717350898 4.822845239159653 213
1739717350925 2.1615045260327683 214
1739717350952 4.667061498418006 215
1739717350978 8.678799603048791 216
1739717351005 3.596589682716824 217
1739717351032 4.876014606500976 218
1739717351060 4.89125637092906 219
1739717351087 4.254206726764824 220
1739717351113 4.280321971328667 221
1739717351140 10.476471601633248 222
1739717351167 5.0043811054066 223
1739717351194 7.181801016983933 224
1739717351221 6.886196302198979 225
1739717351247 3.590139848835356 226
1739717351273 4.278486597220943 227
1739717351301 3.091206731634363 228
1739717351328 4.587822711600036 229
1739717351354 2.5530652576901156 230
1739717351381 1.1573085382119572 231
1739717351408 5.3576739375123115 232
1739717351435 3.972589737432483 233
1739717351461 3.0019061141513683 234
1739717351487 10.186011221351842 235
1739717351514 5.400200979201858 236
1739717351542 4.020147930424082 237
1739717351568 5.161495633733452 238
1739717351594 2.669520922190115 239
1739717351622 3.8943571113022237 240
1739717351648 4.114425000273583 241
1739717351675 3.434898415544711 242
1739717351701 4.836958539076048 243
1739717351728 3.736929183200799 244
1739717351755 5.722312781617632 245
1739717351781 8.324131848395961 246
1739717351808 3.7611960427823434 247
1739717351835 3.470121710312196 248
1739717351861 5.245676022536975 249
1739717351888 6.80175623779394 250
1739717351914 3.0636813627644393 251
1739717351942 3.4886720244375677 252
1739717351969 4.180015647362654 253
1739717351995 0.9069485859768835 254
1739717352023 1.5695693420302135 255
1739717352050 8.026804806534198 256
1739717352076 3.7737559780744463 257
1739717352103 2.3367270478891142 258
1739717352130 3.6286993726866936 259
1739717352157 4.877094754851583 260
1739717352184 2.2450465390553487 261
1739717352211 3.5189026025258414 262
1739717352238 3.0251594964821 263
1739717352265 3.2791907727925036 264
1739717352292 3.4797570451464126 265
1739717352318 5.257851412752057 266
1739717352346 2.0771155128688967 267
1739717352373 4.86359131741774 268
1739717352400 4.209869460499119 269
1739717352427 1.7434553317487151 270
1739717352454 5.108291144762023 271
1739717352481 6.8053391716188445 272
1739717352507 6.7248194414473845 273
1739717352535 4.351432247159064 274
1739717352561 3.038563725039721 275
1739717352588 2.2853674756053026 276
1739717352615 3.9173270625047594 277
1739717352643 5.9757382738667095 278
1739717352669 4.018889271010264 279
1739717352696 2.8496672523067708 280
1739717352723 8.387814144158405 281
1739717352750 5.3960804918524445 282
1739717352777 3.680498353157824 283
1739717352804 7.2008161126883 284
1739717352831 1.8913357341632258 285
1739717352858 3.073241103760325 286
1739717352884 1.1750184763933116 287
1739717352911 6.17323293376249 288
1739717352939 3.8328992015516414 289
1739717352965 4.163310920768774 290
1739717352992 3.5852139513473587 291
1739717353019 5.277328920488189 292
1739717353046 6.885699348322302 293
1739717353072 3.682336824605123 294
1739717353099 5.069485410420893 295
1739717353126 9.862804667167627 296
1739717353153 1.9385475083001051 297
1739717353181 4.4676187011801645 298
1739717353208 5.07352746226498 299
1739717353235 2.024007799585665 300
1739717353262 8.025062888561456 301
1739717353289 8.706371169021004 302
1739717353316 7.524876446790916 303
1739717353343 4.928965651657282 304
1739717353370 3.3714695616920385 305
1739717353396 12.00604834687085 306
1739717353423 3.2268000673942288 307
1739717353450 10.746176538904624 308
1739717353477 6.22967131089758 309
1739717353504 11.822741056316524 310
1739717353530 4.417662616528181 311
1739717353558 7.385733655893404 312
1739717353584 6.04228189148901 313
1739717353611 4.057882478942303 314
1739717353638 6.730643207126319 315
1739717353664 4.725075624439426 316
1739717353691 2.746563880378117 317
1739717353717 4.708065355870228 318
1739717353744 3.428493361751821 319
1739717353771 8.397777272171298 320
1739717353798 4.227113425573485 321
1739717353824 1.4685286541914897 322
1739717353851 3.315223584255795 323
1739717353877 1.6756213210713893 324
1739717353904 3.468503237139432 325
1739717353930 3.14861978779981 326
1739717353957 6.202507570808954 327
1739717353984 5.8718981485468085 328
1739717354010 7.698945352413413 329
1739717354037 6.058460252175179 330
1739717354064 4.594661191073991 331
1739717354090 4.368899540057012 332
1739717354117 3.653062596805261 333
1739717354144 5.3541502506853575 334
1739717354171 8.997868075054752 335
1739717354198 3.4962090342316476 336
1739717354225 4.805917901400705 337
1739717354252 3.7104578973340416 338
1739717354278 2.3771581297982354 339
1739717354305 3.489620490607716 340
1739717354332 2.5412536220875555 341
1739717354359 4.5786420632733575 342
1739717354385 3.6762915113323484 343
1739717354412 4.879502331925327 344
1739717354440 3.249085490929378 345
1739717354467 3.3861075051374265 346
1739717354494 5.589945917321649 347
1739717354521 3.25803575776431 348
1739717354548 3.9626856372889683 349
1739717354575 3.6442613992327164 350
1739717354602 5.122113682270733 351
1739717354628 6.935868442700506 352
1739717354656 7.988469894077493 353
1739717354683 4.6221592736229855 354
1739717354710 4.457253489302378 355
1739717354737 8.985140418722764 356
1739717354764 3.5681110457313805 357
1739717354790 2.7344201121790452 358
1739717354817 8.51361444546684 359
1739717354844 3.9163097498605337 360
1739717354871 4.093393543935845 361
1739717354897 4.849892534859329 362
1739717354924 5.818017574058046 363
1739717354951 12.97803589955972 364
1739717354978 3.2509168126912873 365
1739717355006 4.631465618855155 366
1739717355035 4.125217975604799 367
1739717355063 2.3841912352357184 368
1739717355090 2.65264363596295 369
1739717355117 5.182936296087412 370
1739717355143 1.5749970184235549 371
1739717355171 10.11594958645692 372
1739717355198 1.9745070596482948 373
1739717355225 7.566574883409673 374
1739717355252 2.26569942503726 375
1739717355279 6.49087652366148 376
1739717355307 9.4166696983708 377
1739717355334 7.700979700165208 378
1739717355361 7.747783811544306 379
1739717355388 7.072206321564473 380
1739717355415 2.652090756217998 381
1739717355442 2.344078828474047 382
1739717355469 7.531072054971344 383
1739717355496 4.4015805661795495 384
1739717355523 4.269834467819131 385
1739717355550 3.163868091456461 386
1739717355578 5.3937740859927255 387
1739717355605 7.920435412682285 388
1739717355632 4.189748174919667 389
1739717355659 4.149180606255168 390
1739717355686 4.525540972735976 391
1739717355712 7.815825654863898 392
1739717355739 6.009405793316734 393
1739717355766 3.788960694379336 394
1739717355793 3.5928791632223054 395
1739717355820 3.0446674828829763 396
1739717355847 10.713205684116886 397
1739717355874 2.921926759123608 398
1739717355901 6.224456360451581 399
1739717355928 6.956669198439066 400
1739717355956 6.928681010584446 401
1739717355984 6.451952981676302 402
1739717356011 4.492922634701775 403
1739717356037 2.862120371830113 404
1739717356064 6.27400929194826 405
1739717356091 0.789596461013078 406
1739717356118 7.273173674612547 407
1739717356144 3.79434838962128 408
1739717356171 9.62467852757389 409
1739717356198 0.4290516964589167 410
1739717356225 6.359284427810141 411
1739717356254 5.217323989238371 412
1739717356282 6.253629555170209 413
1739717356311 4.694123444010388 414
1739717356339 5.05085894764396 415
1739717356367 6.770833367530526 416
1739717356395 3.5983943563914926 417
1739717356423 4.4949051137827905 418
1739717356452 4.803935560219185 419
1739717356480 5.885065867880851 420
1739717356508 4.587524763878981 421
1739717356536 2.689158503421331 422
1739717356564 4.41323484189355 423
1739717356592 3.0946073886326064 424
1739717356619 6.102997196346247 425
1739717356647 5.012436156141482 426
1739717356676 3.802795253011017 427
1739717356703 9.069857800171402 428
1739717356731 6.821634073614551 429
1739717356759 6.8937698710644 430
1739717356787 1.9750241899539567 431
1739717356814 4.35012675729224 432
1739717356842 5.832246396063444 433
1739717356869 5.514890062586723 434
1739717356897 5.453759300683953 435
1739717356924 2.7544789310729207 436
1739717356951 6.410189033852876 437
1739717356979 2.338975087588292 438
1739717357006 7.304192769520201 439
1739717357033 3.2222328057958336 440
1739717357059 4.997239119502786 441
1739717357087 3.961624422072283 442
1739717357114 6.606779761152384 443
1739717357143 4.549967276553133 444
1739717357172 6.081674318154833 445
1739717357200 6.361688426457141 446
1739717357228 4.818868512921686 447
1739717357256 14.062646133169936 448
1739717357284 8.065341211789118 449
1739717357311 7.901289832616209 450
1739717357338 5.861901093856374 451
1739717357366 6.8399987808776475 452
1739717357395 6.510173198108876 453
1739717357424 5.09778853590189 454
1739717357451 5.596067723339821 455
1739717357479 2.138332041144518 456
1739717357506 2.345642149186504 457
1739717357533 6.853039744048141 458
1739717357560 0.5840937883449208 459
1739717357587 7.1716960368185925 460
1739717357614 5.175004553852956 461
1739717357641 3.6267418485354836 462
1739717357668 5.132624862830615 463
1739717357695 4.246895868875849 464
1739717357722 6.40047393031236 465
1739717357749 3.8277439888039284 466
1739717357776 5.532824742987397 467
1739717357803 2.9226219847209056 468
1739717357830 5.4782533602173205 469
1739717357856 5.610948370551178 470
1739717357884 4.1486991131746045 471
1739717357910 4.592604524401423 472
1739717357937 2.4455180963856264 473
1739717357964 6.20251008168053 474
1739717357992 2.423295961069172 475
1739717358018 11.094613212801127 476
1739717358045 5.960876180888519 477
1739717358072 5.365516626686247 478
1739717358100 3.8211717170458988 479
1739717358127 3.718880498795981 480
1739717358154 2.760657265143869 481
1739717358181 4.841482143967979 482
1739717358216 5.696930827454737 483
1739717358243 7.955184784428161 484
1739717358270 6.735384020303671 485
1739717358297 3.942478338375633 486
1739717358324 3.066307233780085 487
1739717358351 6.271909447673673 488
1739717358378 4.420697799943198 489
1739717358405 1.4290371911680144 490
1739717358432 6.483622956602203 491
1739717358458 1.581103356713946 492
1739717358486 11.019825522637456 493
1739717358513 5.600870443658274 494
1739717358540 4.457752958641015 495
1739717358567 4.070258320259578 496
1739717358594 2.232240820142242 497
1739717358620 4.9589190349259535 498
1739717358647 4.376086632290225 499
