1739719117826 4.551009841343614 0
1739719117853 3.529660310304578 1
1739719117879 4.615276983243425 2
1739719117905 3.8886419036690256 3
1739719117930 2.3586562721516686 4
1739719117957 7.2204705187478995 5
1739719117983 6.1200113939026615 6
1739719118009 5.75372088199771 7
1739719118036 3.31840584400055 8
1739719118063 1.3799725878872788 9
1739719118089 8.953799181818109 10
1739719118115 3.8311330923500817 11
1739719118143 5.544488763682808 12
1739719118169 4.8157614594312985 13
1739719118195 5.335663254104307 14
1739719118221 5.124039135349847 15
1739719118293 4.5684986184856635 16
1739719118320 2.5304535016332035 17
1739719118346 4.450334613588296 18
1739719118372 5.900138007545431 19
1739719118399 5.50792219119582 20
1739719118425 5.932980702405793 21
1739719118451 2.4257711854433506 22
1739719118476 3.9968998160609868 23
1739719118502 3.61529879057591 24
1739719118527 3.2814182087539403 25
1739719118554 6.145640575640641 26
1739719118581 5.25303630316581 27
1739719118607 4.473399825867731 28
1739719118633 3.61081156259164 29
1739719118659 4.9778181797787635 30
1739719118684 4.197010279344718 31
1739719118710 3.248595871123818 32
1739719118735 4.24645023172012 33
1739719118761 3.1127368809590967 34
1739719118787 4.732637528952421 35
1739719118813 8.16198873679058 36
1739719118839 5.263354105694643 37
1739719118865 5.906455605947563 38
1739719118890 5.4612851415274735 39
1739719118916 5.351961845055966 40
1739719118942 4.011026178353468 41
1739719118968 4.233320414318915 42
1739719118994 4.771987788127334 43
1739719119020 4.674169084438646 44
1739719119047 6.32901212744276 45
1739719119073 6.667983948228417 46
1739719119099 5.652722388008583 47
1739719119125 3.9719616896784307 48
1739719119151 4.663085445443021 49
1739719119177 5.502572508612585 50
1739719119203 6.071067519045505 51
1739719119228 3.728538335046799 52
1739719119254 1.0842833728067842 53
1739719119280 3.582865082910262 54
1739719119306 2.6716386416704374 55
1739719119333 4.232813785941261 56
1739719119359 4.667685991203071 57
1739719119385 4.268307504764212 58
1739719119411 2.0131124613868208 59
1739719119437 7.2730946731861765 60
1739719119463 5.960535743718017 61
1739719119489 5.90294812069706 62
1739719119515 5.606938885396579 63
1739719119541 4.064310694386777 64
1739719119567 2.6035241554692456 65
1739719119593 6.009111576821212 66
1739719119619 3.0743070426067525 67
1739719119646 6.681084290964145 68
1739719119672 4.666007164605819 69
1739719119699 6.228271439428772 70
1739719119725 4.300001281521826 71
1739719119751 4.25278711372952 72
1739719119777 4.750614995676123 73
1739719119803 5.121984580421216 74
1739719119828 4.633126696355871 75
1739719119854 4.9179322106790515 76
1739719119880 3.16991369803658 77
1739719119906 5.711904432728429 78
1739719119931 5.943284196323824 79
1739719119957 5.616238989246626 80
1739719119983 5.303298965620609 81
1739719120009 4.974475847325919 82
1739719120034 4.4121747238848235 83
1739719120060 7.353618483194367 84
1739719120086 4.135506298927175 85
1739719120112 7.42607314676979 86
1739719120137 6.6999000003859255 87
1739719120164 5.4427126487854265 88
1739719120190 5.917857635937836 89
1739719120216 5.393019220123627 90
1739719120242 3.635561858770533 91
1739719120268 1.0410238016210094 92
1739719120294 4.067857557856242 93
1739719120320 2.706846773477514 94
1739719120346 6.440106064516291 95
1739719120372 4.848921709867961 96
1739719120398 3.9450825240065215 97
1739719120423 1.7021984380197748 98
1739719120449 5.528620457568088 99
1739719120475 4.098851242384076 100
1739719120502 5.92841806393279 101
1739719120528 2.6717569635044627 102
1739719120554 4.623209209283609 103
1739719120580 5.611698577419967 104
1739719120606 5.507518683959664 105
1739719120632 5.145440908375045 106
1739719120658 6.62930816836581 107
1739719120684 6.325043052702567 108
1739719120710 1.459364337074242 109
1739719120736 5.005874476639913 110
1739719120762 4.074088998384178 111
1739719120788 6.679714101459791 112
1739719120815 2.9826283945984606 113
1739719120841 3.922617434300953 114
1739719120867 6.081764790201049 115
1739719120893 5.325731304310329 116
1739719120919 3.879645144673321 117
1739719120945 5.693975063837731 118
1739719120971 5.333674300644616 119
1739719120997 4.5030784251382725 120
1739719121023 4.192318840422201 121
1739719121049 2.5794863340426484 122
1739719121075 4.697972200895987 123
1739719121101 4.596100403755219 124
1739719121127 4.864018950635625 125
1739719121153 1.2780121008756764 126
1739719121179 4.786733678232596 127
1739719121206 1.6596401622507073 128
1739719121231 6.199634183390315 129
1739719121257 4.149638946357689 130
1739719121284 5.466964707797369 131
1739719121310 6.337794844147772 132
1739719121337 6.5521949506549655 133
1739719121363 6.020512687492876 134
1739719121389 5.599413916520139 135
1739719121415 2.1376648843343133 136
1739719121441 6.146761144405452 137
1739719121467 2.9784114900114025 138
1739719121494 6.193459785254126 139
1739719121522 5.74705808693143 140
1739719121550 3.8592019929554366 141
1739719121576 2.7098805016381697 142
1739719121602 4.615798234590281 143
1739719121628 4.21569843547596 144
1739719121654 5.854990094742717 145
1739719121680 4.795139934752903 146
1739719121706 4.502783898252504 147
1739719121732 6.483301859735793 148
1739719121758 5.859920153627995 149
1739719121785 5.1244022740177995 150
1739719121811 4.076649526681325 151
1739719121837 5.878895945310169 152
1739719121862 4.52275054971536 153
1739719121889 2.2328545723644155 154
1739719121915 6.52877261555608 155
1739719121940 5.704433113932491 156
1739719121966 4.943676731720701 157
1739719121992 4.681382209875142 158
1739719122018 3.526582718707103 159
1739719122043 5.385523452774996 160
1739719122069 6.663972362029145 161
1739719122095 4.532349988853937 162
1739719122121 5.741754564419851 163
1739719122154 1.5250356295003402 164
1739719122181 6.386976406501597 165
1739719122207 6.457618004106138 166
1739719122233 6.797833436116649 167
1739719122259 6.2235151484230595 168
1739719122285 6.2440710135932465 169
1739719122311 4.226506351037048 170
1739719122337 4.34600899030828 171
1739719122363 7.282583685926071 172
1739719122389 7.70136534078827 173
1739719122415 4.433045943077122 174
1739719122441 3.6375040059545927 175
1739719122467 5.751774735500972 176
1739719122493 5.529204378044198 177
1739719122520 4.030156771920701 178
1739719122545 4.835897561788672 179
1739719122572 2.628169976159408 180
1739719122598 3.8729398170943283 181
1739719122624 6.642161804397907 182
1739719122650 5.65361880997966 183
1739719122676 6.3502099539280525 184
1739719122703 4.606906140019844 185
1739719122730 3.4170085153055516 186
1739719122757 5.144352211389807 187
1739719122784 3.324985560989517 188
1739719122811 2.448849957485533 189
1739719122838 5.496280973757287 190
1739719122865 4.26592041620575 191
1739719122892 5.822576375877926 192
1739719122920 4.868839413992842 193
1739719122947 4.999229429566783 194
1739719122973 1.9430839750627025 195
1739719123000 1.7207952811899676 196
1739719123027 2.945593485990194 197
1739719123054 5.634526833323465 198
1739719123081 5.3053107211455 199
1739719123108 6.984632351403944 200
1739719123135 6.122553408250258 201
1739719123162 4.398030870797892 202
1739719123189 7.322702835346153 203
1739719123217 3.791111247054293 204
1739719123244 5.534060662240422 205
1739719123271 5.6620846986453985 206
1739719123298 5.131313523866922 207
1739719123324 3.420612600498893 208
1739719123351 2.535538700775361 209
1739719123379 4.502276685605483 210
1739719123406 4.350796510829791 211
1739719123433 6.716722965527202 212
1739719123460 3.1629302969055884 213
1739719123486 5.283487654773926 214
1739719123513 3.8833513348924225 215
1739719123540 5.796643445307862 216
1739719123567 6.665225483967455 217
1739719123594 2.3651578498187518 218
1739719123621 5.700544692608782 219
1739719123648 5.626802701640459 220
1739719123675 5.192308261348746 221
1739719123702 5.826587428071417 222
1739719123729 5.495763130641381 223
1739719123755 5.148723430632748 224
1739719123782 3.4705070542065184 225
1739719123808 5.280115184099305 226
1739719123835 5.789320600825637 227
1739719123861 2.413028285269745 228
1739719123887 4.879404220791169 229
1739719123914 3.390274203476181 230
1739719123940 4.365920406227987 231
1739719123967 7.971110161032564 232
1739719123993 5.899088049872068 233
1739719124019 7.097171744073182 234
1739719124047 3.667225050855033 235
1739719124073 7.321312077582151 236
1739719124099 4.600841191542092 237
1739719124125 4.8838821150182135 238
1739719124150 3.505486534022625 239
1739719124177 4.682483872888296 240
1739719124202 4.457194109475094 241
1739719124228 4.622388613076629 242
1739719124254 2.193516100669998 243
1739719124280 6.716961775767766 244
1739719124306 4.471531908708692 245
1739719124332 5.9359460103650035 246
1739719124358 5.289020660248723 247
1739719124383 4.960187087154178 248
1739719124409 5.713855982852717 249
1739719124435 5.171027680873141 250
1739719124460 2.445943304008572 251
1739719124486 5.868573262868843 252
1739719124512 4.668880146368681 253
1739719124538 4.627677523960145 254
1739719124564 5.493747297836088 255
1739719124589 3.802480082905765 256
1739719124616 5.350785970294977 257
1739719124642 4.568174758358409 258
1739719124668 4.945280116827518 259
1739719124694 3.556079643175574 260
1739719124720 3.5655479568905837 261
1739719124746 5.197430143189622 262
1739719124772 4.380951850035019 263
1739719124798 3.882208930280036 264
1739719124823 2.7950827999923553 265
1739719124849 6.045410180014365 266
1739719124875 5.363753128418684 267
1739719124901 4.56649739195276 268
1739719124927 5.460824783399283 269
1739719124953 5.746954089288423 270
1739719124979 3.7502869797377243 271
1739719125004 6.0730703768106045 272
1739719125030 2.503225206063417 273
1739719125056 6.273237516643099 274
1739719125081 3.657117885480697 275
1739719125107 2.282430109718337 276
1739719125133 2.6046462626556157 277
1739719125159 4.9795760212890094 278
1739719125184 4.189620675061262 279
1739719125211 4.468407701381303 280
1739719125237 4.066071562609121 281
1739719125273 4.276607603834189 282
1739719125299 6.840385236562944 283
1739719125325 2.7445990284244 284
1739719125352 5.982952199723609 285
1739719125378 4.810472360640355 286
1739719125404 4.466170092118986 287
1739719125430 4.250789753613473 288
1739719125456 5.624009695452434 289
1739719125481 3.016094300129127 290
1739719125507 1.484364360621481 291
1739719125533 4.838801858117227 292
1739719125559 5.462317882483293 293
1739719125584 5.345121335784798 294
1739719125610 5.63496130170498 295
1739719125636 2.8559693226074745 296
1739719125663 2.7321337966188617 297
1739719125688 3.215502247918167 298
1739719125714 7.075346208028493 299
1739719125740 1.8666497791152623 300
1739719125766 3.274703409835248 301
1739719125792 4.404798336831564 302
1739719125817 4.991553976186756 303
1739719125844 5.497443215372454 304
1739719125870 3.6446993280742523 305
1739719125896 3.639237583032554 306
1739719125922 4.375385298156077 307
1739719125948 5.491547922989216 308
1739719125974 4.140197893286304 309
1739719126000 5.6392295006941415 310
1739719126026 5.676609377803513 311
1739719126053 4.835735409369443 312
1739719126079 3.0816254021546827 313
1739719126105 5.084659496992748 314
1739719126132 4.878646257038772 315
1739719126158 5.0016731412500945 316
1739719126184 3.6426219217918057 317
1739719126210 3.093894349909507 318
1739719126236 4.074287667367023 319
1739719126263 4.596182350607758 320
1739719126289 4.919454902610401 321
1739719126315 5.409767023692608 322
1739719126341 4.433653939473602 323
1739719126367 4.630848601586006 324
1739719126393 4.966551903568618 325
1739719126419 3.1551567367254862 326
1739719126445 2.992387972884984 327
1739719126471 5.319679570975741 328
1739719126498 5.093588430549611 329
1739719126524 3.166515002271497 330
1739719126550 3.6021275448925887 331
1739719126576 3.255716445716344 332
1739719126602 3.623011822542183 333
1739719126628 4.375654190744339 334
1739719126654 5.6616600564761015 335
1739719126680 5.363909272639132 336
1739719126707 6.983702472394243 337
1739719126733 5.8229215946774 338
1739719126760 2.3201094830952402 339
1739719126786 4.0542471951510475 340
1739719126811 3.161702262996179 341
1739719126837 4.246598961304274 342
1739719126863 7.459212913717512 343
1739719126889 5.985027978868246 344
1739719126915 5.427342459288309 345
1739719126941 6.370413167857382 346
1739719126968 6.878083571792288 347
1739719126993 5.4168138528687635 348
1739719127019 5.596062755696706 349
1739719127046 4.64925142380906 350
1739719127072 7.300177242693442 351
1739719127098 5.198078802187403 352
1739719127124 2.1121901958350415 353
1739719127150 6.960337475029162 354
1739719127176 5.855375104705127 355
1739719127202 4.94341437988243 356
1739719127234 5.192675270048028 357
1739719127261 6.023059714857259 358
1739719127286 4.937284078275371 359
1739719127312 4.69230377854577 360
1739719127339 5.984775644691684 361
1739719127367 4.804009052181249 362
1739719127392 4.59585511467618 363
1739719127418 4.240542923135523 364
1739719127444 5.602952733585533 365
1739719127470 5.311861074463498 366
1739719127497 4.675394376149902 367
1739719127523 6.420406357538233 368
1739719127548 5.096739505816984 369
1739719127574 2.4975833641152416 370
1739719127600 5.487186703120911 371
1739719127626 4.5389309577524575 372
1739719127652 7.0864546378079 373
1739719127678 4.704505683265084 374
1739719127703 3.2883471392527657 375
1739719127729 4.255534047372374 376
1739719127755 3.292939791072622 377
1739719127781 4.677372589586842 378
1739719127806 5.069174497465354 379
1739719127832 4.483399818432737 380
1739719127857 6.1128797060240165 381
1739719127883 6.330301593780867 382
1739719127909 4.757885766376398 383
1739719127935 7.019047147188531 384
1739719127961 3.0511118422455166 385
1739719127987 6.498520091008158 386
1739719128013 4.158567486672616 387
1739719128038 3.4990236557146854 388
1739719128064 5.535045496952647 389
1739719128090 4.229974381242118 390
1739719128116 6.591675252933934 391
1739719128142 2.4884625041987802 392
1739719128169 5.055113678550329 393
1739719128194 4.137540244309014 394
1739719128220 5.77511179964433 395
1739719128246 5.021819171946735 396
1739719128273 7.545718541252897 397
1739719128298 5.59050476017616 398
1739719128324 4.793837103793663 399
1739719128350 4.172708026537234 400
1739719128376 6.3600919894928065 401
1739719128402 4.39075093355212 402
1739719128428 5.518239880222378 403
1739719128454 4.37953578088307 404
1739719128480 4.248381137050168 405
1739719128506 3.7414851871949435 406
1739719128532 6.659900257107677 407
1739719128557 5.7013468235737355 408
1739719128583 2.516217837961225 409
1739719128609 5.431373499293914 410
1739719128635 5.084161284924344 411
1739719128662 4.9612260407674675 412
1739719128688 5.404017429972519 413
1739719128714 4.088938393570038 414
1739719128740 5.530783047224546 415
1739719128766 5.7496326328564304 416
1739719128792 4.602959600953713 417
1739719128818 5.4036893290318195 418
1739719128844 1.9865552366989996 419
1739719128870 4.289785930932724 420
1739719128896 4.625766266824761 421
1739719128922 4.736346577586882 422
1739719128948 3.9971841995497215 423
1739719128974 4.760695646630782 424
1739719129001 6.076924498358181 425
1739719129027 6.402358805340822 426
1739719129054 5.237683367969274 427
1739719129081 6.446078645058069 428
1739719129107 8.102348098220356 429
1739719129133 1.809651331494954 430
1739719129159 5.321525621885275 431
1739719129186 7.062948132405366 432
1739719129213 4.797048272593356 433
1739719129239 3.6394451806870864 434
1739719129267 0.3347172633842205 435
1739719129293 2.2639628393334865 436
1739719129319 1.9756124343384138 437
1739719129345 2.9319549826238394 438
1739719129374 8.041904215849566 439
1739719129400 4.511366440233728 440
1739719129426 6.381009869767379 441
1739719129452 4.383804106850278 442
1739719129478 4.087563624137602 443
1739719129504 4.796717786456562 444
1739719129530 4.207810255743369 445
1739719129557 5.140398559395027 446
1739719129583 4.439258778868319 447
1739719129609 5.188108273805401 448
1739719129635 3.0283750721213694 449
1739719129660 4.495907250715422 450
1739719129687 3.651342659835313 451
1739719129713 5.3628086497929965 452
1739719129739 5.4120089134646845 453
1739719129765 3.218591903319576 454
1739719129791 4.193498110312438 455
1739719129817 5.176654472361191 456
1739719129843 2.0956859693830108 457
1739719129869 5.099817149069111 458
1739719129895 1.158773280879291 459
1739719129921 4.602919556054888 460
1739719129947 2.720460791826983 461
1739719129973 4.515348420285862 462
1739719129998 3.398221284946872 463
1739719130025 4.053672258424201 464
1739719130051 4.679495366185386 465
1739719130077 7.503946548276876 466
1739719130103 5.264664153510706 467
1739719130129 5.00426406063419 468
1739719130155 6.755696479861748 469
1739719130182 4.193525651709563 470
1739719130207 8.403054949902529 471
1739719130234 2.7863013584824468 472
1739719130260 5.739782391599615 473
1739719130288 5.292663858827064 474
1739719130314 4.8322463049417435 475
1739719130341 5.7966753368665005 476
1739719130367 4.568555575708396 477
1739719130393 5.197026573100848 478
1739719130419 5.805704036582091 479
1739719130445 4.078725516768968 480
1739719130471 4.353903863541359 481
1739719130497 3.759544033827259 482
1739719130522 5.971616342917385 483
1739719130549 6.396307790094098 484
1739719130574 7.129518576698192 485
1739719130600 5.803181297067097 486
1739719130626 5.589002179205276 487
1739719130652 4.496602492143074 488
1739719130678 5.095490455860081 489
1739719130704 4.333363996986317 490
1739719130730 5.242430100936994 491
1739719130756 3.4113096360654587 492
1739719130782 6.82317967948314 493
1739719130808 6.055923339564066 494
1739719130834 4.402491479222245 495
1739719130860 4.9233948356874535 496
1739719130886 4.428498874784523 497
1739719130912 3.4040294834869234 498
1739719130938 5.0868299778041335 499
