1739714731357 169.57031890620698 0
1739714731361 169.53643970394674 1
1739714731365 169.50256737960277 2
1739714731369 169.46870193173817 3
1739714731374 169.43484335891645 4
1739714731378 169.4009916597014 5
1739714731382 169.3671468326571 6
1739714731386 169.33330887634796 7
1739714731390 169.2994777893387 8
1739714731394 169.2656535701944 9
1739714731398 169.23183621748043 10
1739714731402 169.19802572976246 11
1739714731406 169.1642221056066 12
1739714731411 169.13042534357905 13
1739714731415 169.09663544224654 14
1739714731419 169.06285240017598 15
1739714731422 169.02907621593477 16
1739714731426 168.9953068880903 17
1739714731430 168.96154441521068 18
1739714731434 168.92778879586407 19
1739714731439 168.89404002861906 20
1739714731443 168.86029811204443 21
1739714731447 168.8265630447095 22
1739714731451 168.7928348251837 23
1739714731454 168.7591134520368 24
1739714731458 168.72539892383904 25
1739714731462 168.69169123916083 26
1739714731465 168.65799039657296 27
1739714731469 168.62429639464654 28
1739714731473 168.59060923195293 29
1739714731477 168.5569289070639 30
1739714731481 168.52325541855149 31
1739714731485 168.48958876498804 32
1739714731489 168.4559289449462 33
1739714731493 168.422275956999 34
1739714731496 168.38862979971972 35
1739714731500 168.35499047168202 36
1739714731504 168.32135797145983 37
1739714731508 168.28773229762746 38
1739714731512 168.25411344875934 39
1739714731516 168.22050142343048 40
1739714731520 168.18689622021606 41
1739714731524 168.1532978376916 42
1739714731528 168.1197062744329 43
1739714731532 168.08612152901617 44
1739714731536 168.0525436000178 45
1739714731540 168.01897248601466 46
1739714731544 167.9854081855838 47
1739714731548 167.95185069730266 48
1739714731552 167.91830001974893 49
1739714731556 167.88475615150074 50
1739714731561 167.85121909113636 51
1739714731564 167.81768883723447 52
1739714731569 167.78416538837413 53
1739714731573 167.75064874313458 54
1739714731577 167.71713890009548 55
1739714731581 167.68363585783672 56
1739714731585 167.6501396149386 57
1739714731588 167.61665016998168 58
1739714731592 167.58316752154678 59
1739714731596 167.5496916682152 60
1739714731601 167.51622260856828 61
1739714731604 167.482760341188 62
1739714731608 167.44930486465645 63
1739714731612 167.41585617755604 64
1739714731616 167.3824142784696 65
1739714731620 167.34897916598018 66
1739714731624 167.3155508386711 67
1739714731628 167.28212929512617 68
1739714731633 167.24871453392942 69
1739714731638 167.21530655366504 70
1739714731643 167.18190535291782 71
1739714731647 167.14851093027266 72
1739714731651 167.11512328431482 73
1739714731655 167.08174241362997 74
1739714731659 167.0483683168039 75
1739714731663 167.0150009924229 76
1739714731667 166.9816404390735 77
1739714731671 166.94828665534243 78
1739714731675 166.91493963981702 79
1739714731680 166.88159939108456 80
1739714731684 166.84826590773295 81
1739714731687 166.81493918835022 82
1739714731692 166.78161923152484 83
1739714731696 166.74830603584545 84
1739714731699 166.71499959990112 85
1739714731704 166.68169992228115 86
1739714731708 166.64840700157526 87
1739714731712 166.61512083637336 88
1739714731716 166.58184142526574 89
1739714731720 166.54856876684306 90
1739714731724 166.5153028596961 91
1739714731728 166.48204370241615 92
1739714731732 166.44879129359472 93
1739714731736 166.41554563182368 94
1739714731741 166.38230671569514 95
1739714731745 166.34907454380158 96
1739714731749 166.31584911473573 97
1739714731753 166.28263042709077 98
1739714731757 166.24941847945996 99
1739714731762 166.2162132704371 100
1739714731766 166.1830147986162 101
1739714731770 166.1498230625916 102
1739714731774 166.1166380609579 103
1739714731778 166.0834597923101 104
1739714731782 166.0502882552434 105
1739714731786 166.01712344835343 106
1739714731789 165.98396537023606 107
1739714731793 165.95081401948744 108
1739714731797 165.91766939470415 109
1739714731801 165.884531494483 110
1739714731805 165.85140031742102 111
1739714731809 165.81827586211574 112
1739714731813 165.7851581271649 113
1739714731818 165.75204711116652 114
1739714731822 165.718942812719 115
1739714731827 165.685845230421 116
1739714731831 165.65275436287152 117
1739714731836 165.61967020866985 118
1739714731841 165.5865927664156 119
1739714731845 165.5535220347087 120
1739714731849 165.52045801214933 121
1739714731853 165.48740069733807 122
1739714731858 165.45435008887577 123
1739714731862 165.4213061853636 124
1739714731866 165.388268985403 125
1739714731870 165.3552384875957 126
1739714731874 165.32221469054386 127
1739714731878 165.28919759284983 128
1739714731882 165.25618719311635 129
1739714731886 165.2231834899464 130
1739714731890 165.1901864819433 131
1739714731895 165.1571961677107 132
1739714731899 165.12421254585246 133
1739714731903 165.091235614973 134
1739714731908 165.05826537367668 135
1739714731913 165.02530182056853 136
1739714731918 164.99234495425358 137
1739714731922 164.9593947733374 138
1739714731927 164.92645127642575 139
1739714731932 164.89351446212473 140
1739714731936 164.86058432904076 141
1739714731942 164.82766087578054 142
1739714731948 164.79474410095108 143
1739714731953 164.76183400315972 144
1739714731957 164.7289305810141 145
1739714731961 164.69603383312221 146
1739714731966 164.66314375809222 147
1739714731970 164.63026035453274 148
1739714731975 164.59738362105261 149
1739714731982 164.56451355626106 150
1739714731987 164.53165015876752 151
1739714731992 164.49879342718182 152
1739714731997 164.46594336011404 153
1739714732002 164.43309995617454 154
1739714732006 164.40026321397414 155
1739714732011 164.36743313212375 156
1739714732016 164.33460970923474 157
1739714732020 164.30179294391874 158
1739714732027 164.26898283478775 159
1739714732033 164.23617938045388 160
1739714732037 164.20338257952983 161
1739714732042 164.1705924306284 162
1739714732047 164.1378089323627 163
1739714732051 164.10503208334626 164
1739714732056 164.0722618821929 165
1739714732060 164.03949832751667 166
1739714732064 164.0067414179319 167
1739714732068 163.97399115205337 168
1739714732072 163.94124752849604 169
1739714732090 163.90851054587523 170
1739714732108 163.87578020280657 171
1739714732115 163.84305649790602 172
1739714732119 163.81033942978968 173
1739714732123 163.77762899707423 174
1739714732127 163.74492519837642 175
1739714732132 163.71222803231342 176
1739714732136 163.67953749750268 177
1739714732140 163.64685359256197 178
1739714732144 163.61417631610925 179
1739714732148 163.581505666763 180
1739714732152 163.5488416431419 181
1739714732156 163.5161842438649 182
1739714732160 163.48353346755124 183
1739714732164 163.45088931282052 184
1739714732168 163.41825177829267 185
1739714732173 163.3856208625878 186
1739714732176 163.35299656432653 187
1739714732181 163.3203788821296 188
1739714732185 163.28776781461812 189
1739714732189 163.2551633604135 190
1739714732193 163.22256551813743 191
1739714732197 163.18997428641202 192
1739714732201 163.15738966385953 193
1739714732205 163.1248116491026 194
1739714732208 163.0922402407642 195
1739714732212 163.0596754374675 196
1739714732216 163.0271172378361 197
1739714732220 162.99456564049382 198
1739714732224 162.9620206440649 199
1739714732228 162.92948224717364 200
1739714732232 162.8969504484449 201
1739714732237 162.86442524650366 202
1739714732241 162.83190663997541 203
1739714732245 162.79939462748575 204
1739714732249 162.7668892076606 205
1739714732253 162.73439037912632 206
1739714732257 162.70189814050946 207
1739714732261 162.6694124904369 208
1739714732265 162.6369334275358 209
1739714732269 162.60446095043372 210
1739714732273 162.5719950577584 211
1739714732277 162.53953574813784 212
1739714732282 162.50708302020064 213
1739714732286 162.47463687257536 214
1739714732291 162.442197303891 215
1739714732297 162.4097643127769 216
1739714732302 162.37733789786267 217
1739714732308 162.34491805777822 218
1739714732312 162.31250479115374 219
1739714732317 162.28009809661978 220
1739714732321 162.2476979728071 221
1739714732325 162.21530441834685 222
1739714732329 162.18291743187044 223
1739714732333 162.1505370120096 224
1739714732337 162.1181631573964 225
1739714732341 162.08579586666306 226
1739714732346 162.0534351384423 227
1739714732350 162.02108097136698 228
1739714732354 161.98873336407036 229
1739714732358 161.95639231518604 230
1739714732362 161.9240578233477 231
1739714732366 161.89172988718963 232
1739714732371 161.85940850534612 233
1739714732375 161.82709367645202 234
1739714732379 161.7947853991423 235
1739714732383 161.7624836720524 236
1739714732387 161.73018849381785 237
1739714732392 161.69789986307467 238
1739714732396 161.66561777845897 239
1739714732400 161.63334223860744 240
1739714732404 161.60107324215687 241
1739714732408 161.5688107877444 242
1739714732412 161.53655487400746 243
1739714732416 161.5043054995838 244
1739714732420 161.47206266311153 245
1739714732424 161.43982636322886 246
1739714732429 161.40759659857454 247
1739714732433 161.3753733677875 248
1739714732436 161.34315666950695 249
1739714732440 161.31094650237245 250
1739714732444 161.2787428650239 251
1739714732448 161.24654575610137 252
1739714732452 161.21435517424533 253
1739714732457 161.18217111809656 254
1739714732460 161.14999358629606 255
1739714732465 161.11782257748516 256
1739714732468 161.08565809030557 257
1739714732473 161.0535001233992 258
1739714732477 161.02134867540826 259
1739714732481 160.98920374497533 260
1739714732484 160.9570653307432 261
1739714732488 160.9249334313551 262
1739714732493 160.89280804545442 263
1739714732498 160.8606891716849 264
1739714732502 160.82857680869049 265
1739714732506 160.7964709551157 266
1739714732510 160.764371609605 267
1739714732514 160.73227877080345 268
1739714732518 160.70019243735618 269
1739714732521 160.66811260790882 270
1739714732526 160.6360392811071 271
1739714732530 160.6039724555972 272
1739714732534 160.57191213002554 273
1739714732538 160.53985830303884 274
1739714732542 160.5078109732841 275
1739714732546 160.4757701394087 276
1739714732550 160.44373580006018 277
1739714732555 160.41170795388655 278
1739714732562 160.37968659953586 279
1739714732567 160.34767173565683 280
1739714732571 160.31566336089816 281
1739714732576 160.28366147390892 282
1739714732580 160.25166607333855 283
1739714732584 160.2196771578368 284
1739714732588 160.1876947260536 285
1739714732592 160.1557187766393 286
1739714732597 160.12374930824444 287
1739714732601 160.09178631951997 288
1739714732605 160.05982980911705 289
1739714732609 160.02787977568713 290
1739714732613 159.99593621788205 291
1739714732617 159.96399913435383 292
1739714732621 159.9320685237549 293
1739714732625 159.9001443847379 294
1739714732629 159.86822671595584 295
1739714732633 159.83631551606192 296
1739714732637 159.80441078370978 297
1739714732641 159.7725125175532 298
1739714732645 159.7406207162464 299
1739714732650 159.7087353784438 300
1739714732654 159.67685650280015 301
1739714732658 159.6449840879705 302
1739714732662 159.6131181326102 303
1739714732666 159.58125863537484 304
1739714732670 159.54940559492042 305
1739714732674 159.5175590099031 306
1739714732678 159.4857188789794 307
1739714732681 159.4538852008063 308
1739714732685 159.42205797404074 309
1739714732689 159.39023719734016 310
1739714732693 159.35842286936227 311
1739714732697 159.32661498876516 312
1739714732701 159.294813554207 313
1739714732705 159.26301856434645 314
1739714732709 159.23123001784242 315
1739714732713 159.19944791335405 316
1739714732716 159.16767224954083 317
1739714732721 159.13590302506253 318
1739714732725 159.10414023857922 319
1739714732729 159.07238388875126 320
1739714732733 159.04063397423934 321
1739714732737 159.00889049370437 322
1739714732741 158.97715344580757 323
1739714732745 158.9454228292106 324
1739714732749 158.9136986425752 325
1739714732753 158.8819808845635 326
1739714732757 158.85026955383796 327
1739714732761 158.81856464906127 328
1739714732765 158.78686616889647 329
1739714732769 158.75517411200687 330
1739714732773 158.72348847705604 331
1739714732777 158.69180926270792 332
1739714732781 158.66013646762664 333
1739714732784 158.62847009047672 334
1739714732788 158.596810129923 335
1739714732792 158.56515658463044 336
1739714732796 158.53350945326443 337
1739714732800 158.50186873449067 338
1739714732804 158.47023442697508 339
1739714732808 158.43860652938392 340
1739714732812 158.40698504038374 341
1739714732816 158.37536995864136 342
1739714732820 158.3437612828239 343
1739714732824 158.3121590115988 344
1739714732828 158.2805631436337 345
1739714732832 158.24897367759667 346
1739714732835 158.217390612156 347
1739714732840 158.18581394598033 348
1739714732845 158.15424367773844 349
1739714732849 158.12267980609954 350
1739714732853 158.0911223297331 351
1739714732858 158.05957124730895 352
1739714732862 158.02802655749707 353
1739714732866 157.99648825896782 354
1739714732870 157.9649563503918 355
1739714732875 157.93343083044002 356
1739714732879 157.90191169778362 357
1739714732883 157.87039895109422 358
1739714732888 157.8388925890435 359
1739714732891 157.80739261030365 360
1739714732896 157.77589901354705 361
1739714732900 157.74441179744636 362
1739714732905 157.71293096067456 363
1739714732909 157.6814565019049 364
1739714732913 157.64998841981097 365
1739714732917 157.6185267130666 366
1739714732921 157.58707138034595 367
1739714732925 157.5556224203234 368
1739714732929 157.52417983167376 369
1739714732933 157.49274361307198 370
1739714732937 157.46131376319337 371
1739714732941 157.42989028071352 372
1739714732944 157.39847316430837 373
1739714732949 157.36706241265404 374
1739714732953 157.33565802442706 375
1739714732957 157.30425999830413 376
1739714732961 157.27286833296236 377
1739714732964 157.24148302707903 378
1739714732969 157.2101040793318 379
1739714732973 157.17873148839863 380
1739714732976 157.14736525295768 381
1739714732980 157.1160053716875 382
1739714732984 157.08465184326687 383
1739714732988 157.05330466637483 384
1739714732992 157.02196383969084 385
1739714732996 156.9906293618945 386
1739714732999 156.95930123166573 387
1739714733003 156.9279794476849 388
1739714733007 156.89666400863246 389
1739714733011 156.8653549131892 390
1739714733015 156.83405216003638 391
1739714733019 156.80275574785526 392
1739714733023 156.7714656753276 393
1739714733027 156.74018194113535 394
1739714733039 156.7089045439608 395
1739714733043 156.67763348248658 396
1739714733048 156.64636875539543 397
1739714733053 156.61511036137057 398
1739714733057 156.5838582990954 399
1739714733062 156.55261256725362 400
1739714733066 156.52137316452928 401
1739714733070 156.49014008960663 402
1739714733076 156.45891334117033 403
1739714733080 156.4276929179052 404
1739714733084 156.39647881849643 405
1739714733089 156.36527104162946 406
1739714733093 156.33406958599002 407
1739714733097 156.30287445026417 408
1739714733102 156.27168563313822 409
1739714733106 156.24050313329874 410
1739714733111 156.2093269494327 411
1739714733114 156.17815708022724 412
1739714733118 156.14699352436983 413
1739714733122 156.11583628054822 414
1739714733126 156.0846853474505 415
1739714733130 156.05354072376497 416
1739714733135 156.02240240818026 417
1739714733139 155.99127039938531 418
1739714733142 155.9601446960693 419
1739714733146 155.92902529692174 420
1739714733151 155.89791220063236 421
1739714733155 155.8668054058912 422
1739714733160 155.83570491138877 423
1739714733164 155.80461071581553 424
1739714733168 155.77352281786244 425
1739714733173 155.74244121622087 426
1739714733177 155.7113659095821 427
1739714733181 155.68029689663803 428
1739714733185 155.64923417608074 429
1739714733189 155.61817774660258 430
1739714733193 155.58712760689616 431
1739714733198 155.5560837556545 432
1739714733202 155.52504619157077 433
1739714733206 155.49401491333842 434
1739714733210 155.46298991965133 435
1739714733214 155.43197120920357 436
1739714733218 155.4009587806895 437
1739714733223 155.36995263280377 438
1739714733228 155.33895276424136 439
1739714733232 155.30795917369738 440
1739714733236 155.2769718598675 441
1739714733241 155.2459908214474 442
1739714733245 155.21501605713328 443
1739714733249 155.18404756562143 444
1739714733254 155.15308534560847 445
1739714733258 155.12212939579143 446
1739714733263 155.09117971486754 447
1739714733268 155.06023630153427 448
1739714733272 155.02929915448945 449
1739714733277 154.99836827243115 450
1739714733281 154.96744365405777 451
1739714733285 154.93652529806795 452
1739714733289 154.9056132031606 453
1739714733293 154.87470736803508 454
1739714733297 154.84380779139073 455
1739714733302 154.81291447192743 456
1739714733306 154.78202740834527 457
1739714733310 154.75114659934465 458
1739714733314 154.72027204362618 459
1739714733319 154.6894037398908 460
1739714733323 154.65854168683978 461
1739714733327 154.62768588317456 462
1739714733331 154.596836327597 463
1739714733335 154.56599301880914 464
1739714733340 154.53515595551337 465
1739714733344 154.5043251364123 466
1739714733348 154.4735005602089 467
1739714733352 154.4426822256064 468
1739714733356 154.41187013130826 469
1739714733361 154.38106427601826 470
1739714733365 154.35026465844052 471
1739714733369 154.31947127727932 472
1739714733373 154.28868413123942 473
1739714733377 154.25790321902565 474
1739714733381 154.22712853934317 475
1739714733385 154.19636009089763 476
1739714733389 154.1655978723946 477
1739714733393 154.13484188254031 478
1739714733397 154.10409212004106 479
1739714733401 154.0733485836034 480
1739714733405 154.0426112719343 481
1739714733409 154.011880183741 482
1739714733414 153.98115531773087 483
1739714733418 153.9504366726117 484
1739714733422 153.91972424709158 485
1739714733426 153.88901803987872 486
1739714733430 153.85831804968188 487
1739714733434 153.82762427520984 488
1739714733438 153.79693671517182 489
1739714733442 153.7662553682773 490
1739714733447 153.73558023323596 491
1739714733451 153.7049113087579 492
1739714733455 153.6742485935533 493
1739714733460 153.64359208633283 494
1739714733464 153.61294178580735 495
1739714733468 153.58229769068802 496
1739714733473 153.55165979968626 497
1739714733477 153.5210281115138 498
1739714733480 153.49040262488262 499
