1739723778607 162.67214436357787 0
1739723778613 143.97015221838976 1
1739723778618 141.884391705766 2
1739723778623 134.09319800610913 3
1739723778628 126.19035976820447 4
1739723778634 111.11574315608468 5
1739723778639 104.8618892693885 6
1739723778644 106.29038111597748 7
1739723778649 92.54195695005329 8
1739723778654 84.68735660363444 9
1739723778659 86.74458672599488 10
1739723778664 79.89859210512343 11
1739723778670 74.61544304975398 12
1739723778674 66.00429357206333 13
1739723778679 68.10829142058157 14
1739723778685 62.72344233834083 15
1739723778690 56.18160321283688 16
1739723778695 52.03740505087208 17
1739723778700 49.501944784018534 18
1739723778706 46.580200217181144 19
1739723778711 44.63621476999769 20
1739723778717 39.8483747749658 21
1739723778723 40.98460309970714 22
1739723778728 33.631077654145656 23
1739723778734 34.32266923504476 24
1739723778739 31.56237788930476 25
1739723778745 30.75027757680471 26
1739723778751 27.822489633068738 27
1739723778757 25.411685094555587 28
1739723778763 25.05419363172738 29
1739723778769 22.310639837232625 30
1739723778775 22.181180541311157 31
1739723778780 20.7480856769319 32
1739723778785 18.244809077067053 33
1739723778791 19.45976352678575 34
1739723778797 16.39627720227371 35
1739723778804 16.516963891488725 36
1739723778810 13.605251502995486 37
1739723778816 15.301918921293229 38
1739723778822 14.031285097931319 39
1739723778828 13.682591920748134 40
1739723778833 11.614259918538496 41
1739723778839 10.783768269114173 42
1739723778845 10.764723275345505 43
1739723778851 8.778601088687767 44
1739723778857 9.354720113831375 45
1739723778862 8.60767980864828 46
1739723778869 7.5243695722055195 47
1739723778874 7.50094838102218 48
1739723778880 6.396246079023154 49
1739723778886 6.730085946909887 50
1739723778892 6.478621984171583 51
1739723778897 5.916873998019876 52
1739723778903 5.687509932698232 53
1739723778908 4.470758278708071 54
1739723778915 5.1778774925161315 55
1739723778920 4.4958490594104115 56
1739723778926 4.9438054880884055 57
1739723778931 4.384765727736239 58
1739723778938 3.9103094704756476 59
1739723778943 3.9893969321194507 60
1739723778949 3.8363395685332904 61
1739723778955 3.178584835357292 62
1739723778961 2.690379323492402 63
1739723778966 2.5803884853214067 64
1739723778972 2.1337022009992928 65
1739723778977 1.944060735016636 66
1739723778982 2.5910292618281088 67
1739723778987 2.575610418020873 68
1739723778992 1.9282634408490402 69
1739723778997 1.9349590468849558 70
1739723779002 1.9331420144394351 71
1739723779007 2.1767987593891664 72
1739723779012 2.191454228041874 73
1739723779017 1.9196762407426227 74
1739723779022 1.52982867471269 75
1739723779028 1.1118173713241952 76
1739723779033 1.182100319165219 77
1739723779038 1.1611277701668496 78
1739723779043 0.8323250368936221 79
1739723779060 1.0700538319229458 80
1739723779094 0.8354658910735944 81
1739723779109 0.6296227793953099 82
1739723779117 1.1107389792022726 83
1739723779123 0.7269077101547556 84
1739723779128 0.7742518571692734 85
1739723779134 0.8836217438275042 86
1739723779144 0.6369803531875635 87
1739723779150 0.8072954937523439 88
1739723779155 0.7713420779492604 89
1739723779161 0.7047009564564386 90
1739723779166 0.6258017441555958 91
1739723779172 0.3839600131255997 92
1739723779177 0.61922433616274 93
1739723779182 0.6127393276981449 94
1739723779187 0.4256422062837363 95
1739723779192 0.5877536531249148 96
1739723779197 0.36757630548201586 97
1739723779202 0.5161847331932093 98
1739723779208 0.502166931772524 99
1739723779213 0.3932928318544987 100
1739723779218 0.4085719950692062 101
1739723779223 0.6226896626392874 102
1739723779228 0.4089466980187483 103
1739723779233 0.3115975740439353 104
1739723779238 0.22851998114773406 105
1739723779243 0.25288464898727386 106
1739723779249 0.2915673455977909 107
1739723779254 0.1812859577882646 108
1739723779260 0.22412491327970344 109
1739723779265 0.38014081393914406 110
1739723779271 0.1791627620344836 111
1739723779276 0.2098481857791932 112
1739723779281 0.39570840815189484 113
1739723779286 0.24761377665165635 114
1739723779291 0.3239540699880953 115
1739723779296 0.07944064210642582 116
1739723779301 0.14550605169614428 117
1739723779307 0.22502382858134812 118
1739723779312 0.34172064726096674 119
1739723779317 0.17884609465680334 120
1739723779322 0.15321554074574067 121
1739723779327 0.06767394123171139 122
1739723779332 0.14372080945756188 123
1739723779337 0.22575607897426597 124
1739723779342 0.15730398140270252 125
1739723779347 0.14255987529394581 126
1739723779352 0.20785960229332653 127
1739723779357 0.133730879510849 128
1739723779362 0.1381693924843015 129
1739723779367 0.12362083959594543 130
1739723779373 0.07130511561150915 131
1739723779378 0.1729213004573001 132
1739723779383 0.12082648361286348 133
1739723779388 0.07208326121641603 134
1739723779393 0.15715893961575506 135
1739723779398 0.1357765748369003 136
1739723779403 0.19212174376211816 137
1739723779408 0.13405583607250265 138
1739723779414 0.10374330133124907 139
1739723779419 0.1432557549704038 140
1739723779423 0.16236832907733606 141
1739723779429 0.08450528962812827 142
1739723779435 0.09672408070859981 143
1739723779439 0.07802298057622309 144
1739723779444 0.27434670836831915 145
1739723779450 0.062026018405669195 146
1739723779455 0.058019901070353645 147
1739723779460 0.05265674204217625 148
1739723779466 0.20286643778000357 149
1739723779471 0.20934911834212683 150
1739723779476 0.07270460486352447 151
1739723779481 0.06799293018983239 152
1739723779487 0.1322743772473846 153
1739723779492 0.1580157190921339 154
1739723779497 0.09838460878727054 155
1739723779502 0.09982925208977213 156
1739723779507 0.10012525112712539 157
1739723779512 0.08702005374014407 158
1739723779517 0.1337561482578051 159
1739723779522 0.07594097819096064 160
1739723779527 0.1718038201385849 161
1739723779532 0.12432139143999128 162
1739723779537 0.09064007416166407 163
1739723779542 0.12657865595537945 164
1739723779548 0.08022558199084141 165
1739723779555 0.12385125751703473 166
1739723779561 0.12141539046232196 167
1739723779567 0.07757632447668818 168
1739723779572 0.09854637647480259 169
1739723779577 0.051541177902643384 170
1739723779582 0.11953291256561156 171
1739723779588 0.10830208372973008 172
1739723779593 0.07241149132175541 173
1739723779598 0.11292870483955811 174
1739723779603 0.24914865288993487 175
1739723779608 0.06406626660083603 176
1739723779613 0.052984250090128866 177
1739723779618 0.1361723792835271 178
1739723779623 0.06710469817091033 179
1739723779628 0.0799602426525309 180
1739723779633 0.05146875482373706 181
1739723779638 0.09198985589161769 182
1739723779642 0.15273835976838257 183
1739723779648 0.23983051772559633 184
1739723779653 0.10607823142201087 185
1739723779658 0.14487769081765778 186
1739723779664 0.08265364476782144 187
1739723779669 0.0814427019823724 188
1739723779674 0.07372506274648577 189
1739723779678 0.07887862103973184 190
1739723779683 0.03210937398137327 191
1739723779689 0.11247819409162198 192
1739723779693 0.04822795460138236 193
1739723779698 0.21011892633206916 194
1739723779703 0.18459325751554181 195
1739723779708 0.12255460349617647 196
1739723779713 0.055077270267197935 197
1739723779718 0.07384432889261355 198
1739723779723 0.032604754204839353 199
1739723779728 0.2820336785687478 200
1739723779733 0.08676554450208644 201
1739723779738 0.08060615304418096 202
1739723779743 0.09208365976744279 203
1739723779748 0.053316405592882636 204
1739723779753 0.06821707086858514 205
