1739715912670 169.05468539991642 0
1739715912675 168.28266041256683 1
1739715912685 162.87537318104899 2
1739715912690 151.2416429567745 3
1739715912695 155.3733959673456 4
1739715912700 153.18556600054393 5
1739715912705 158.5866071159916 6
1739715912709 150.33110317363474 7
1739715912714 150.68958149838406 8
1739715912719 136.86067819505152 9
1739715912723 139.38241194588366 10
1739715912728 140.41806868005435 11
1739715912733 141.2660025831435 12
1739715912738 136.90109126846087 13
1739715912743 128.92076746481413 14
1739715912748 135.0378931188664 15
1739715912753 132.63324812537496 16
1739715912757 126.7844011003704 17
1739715912762 124.73852263748685 18
1739715912767 122.95160968843705 19
1739715912771 122.07506692389501 20
1739715912776 119.54558082829347 21
1739715912781 121.0811250153154 22
1739715912785 114.37748195685366 23
1739715912790 113.85830650014248 24
1739715912795 113.61289635651075 25
1739715912799 114.7182257263867 26
1739715912804 108.02325169529746 27
1739715912809 106.13988289652889 28
1739715912814 109.52022302111972 29
1739715912819 107.79153099690238 30
1739715912823 103.73553906028187 31
1739715912828 103.78317720299026 32
1739715912832 101.11368494735562 33
1739715912837 98.26940111561588 34
1739715912841 100.65838202957104 35
1739715912846 97.00889885609946 36
1739715912850 95.39996773097026 37
1739715912855 93.75321034672262 38
1739715912860 96.0158986648143 39
1739715912865 92.7356582100413 40
1739715912871 90.36987588405418 41
1739715912876 90.06622872456244 42
1739715912881 86.84322397408529 43
1739715912886 83.91728753764446 44
1739715912891 84.95479609330775 45
1739715912896 81.13861160050622 46
1739715912900 82.16362883565805 47
1739715912905 79.39833633035084 48
1739715912910 79.06864756670986 49
1739715912914 78.88505824315523 50
1739715912919 78.64823946798522 51
1739715912924 75.41974394017201 52
1739715912929 75.55478396640727 53
1739715912933 71.95778960930814 54
1739715912938 73.12906577721172 55
1739715912942 73.58506918823473 56
1739715912947 70.38456308624795 57
1739715912951 68.75033822252618 58
1739715912957 67.84787640989184 59
1739715912961 67.60359913209433 60
1739715912966 64.84055355065482 61
1739715912971 64.47841362918426 62
1739715912976 64.99996873419256 63
1739715912981 64.08993991585999 64
1739715912986 63.1047027510336 65
1739715912990 61.949665252568266 66
1739715912995 61.93456871506825 67
1739715912999 58.55194883301186 68
1739715913005 58.25773346425427 69
1739715913010 59.14073200393447 70
1739715913016 58.0707861951195 71
1739715913021 56.27917240175995 72
1739715913025 54.414876345468905 73
1739715913030 56.18843195672396 74
1739715913035 53.99085618823192 75
1739715913040 55.06448052759977 76
1739715913045 52.03144158938635 77
1739715913049 51.270618885581555 78
1739715913054 51.57129022801274 79
1739715913059 50.9177725014177 80
1739715913063 48.81366916055847 81
1739715913068 48.28541006377024 82
1739715913072 49.090449628658746 83
1739715913077 47.45780392111704 84
1739715913081 47.03603963703211 85
1739715913086 46.1329868365503 86
1739715913090 44.92270126225001 87
1739715913095 43.10133884325284 88
1739715913100 43.408470642886 89
1739715913105 44.23662382227294 90
1739715913109 43.48691625341982 91
1739715913114 42.367659176863675 92
1739715913119 42.242183563218354 93
1739715913125 41.21697327749682 94
1739715913130 39.897850593929526 95
1739715913135 39.325428247725526 96
1739715913140 39.710332478568674 97
1739715913145 37.374338232509956 98
1739715913150 36.09771981045985 99
1739715913156 37.92070168977493 100
1739715913162 36.51697093007905 101
1739715913167 35.1788731328702 102
1739715913172 35.53914478065543 103
1739715913177 35.171819143859366 104
1739715913182 34.00549731242461 105
1739715913187 33.10577718285479 106
1739715913192 33.43099348230402 107
1739715913197 33.60954172164893 108
1739715913202 32.64334394118193 109
1739715913207 32.970929378660855 110
1739715913212 31.409730420447797 111
1739715913216 30.647134532089773 112
1739715913221 30.438160774630546 113
1739715913225 30.490324131559053 114
1739715913230 30.151506426901975 115
1739715913234 30.75459383095357 116
1739715913239 29.43598309031495 117
1739715913244 28.514684732814455 118
1739715913249 28.07143356531001 119
1739715913254 28.114147478960643 120
1739715913258 26.798359320084856 121
1739715913262 27.118984889447525 122
1739715913267 26.920857849771814 123
1739715913271 24.903674206291818 124
1739715913276 25.772598350070574 125
1739715913280 25.78086588739551 126
1739715913285 24.901783872013485 127
1739715913291 25.141572696739377 128
1739715913297 24.4738553917518 129
1739715913302 24.15769351867314 130
1739715913306 24.164172196831945 131
1739715913311 23.829113197391823 132
1739715913316 23.647531545854264 133
1739715913322 21.696453681680516 134
1739715913327 22.283117475903108 135
1739715913332 22.569236824511144 136
1739715913338 21.63641382625193 137
1739715913342 21.664968118919045 138
1739715913347 20.704214717363005 139
1739715913351 19.36706739661837 140
1739715913356 20.092497626000338 141
1739715913361 20.398521236479688 142
1739715913365 20.238151774746676 143
1739715913370 20.525082433104988 144
1739715913374 19.36952107172462 145
1739715913379 18.143511091545825 146
1739715913383 19.422276790893324 147
1739715913388 18.979659290552362 148
1739715913392 19.066805974013626 149
1739715913397 17.698146444126383 150
1739715913402 16.99882613118024 151
1739715913407 16.911293473819054 152
1739715913411 17.04690127483644 153
1739715913415 17.298990559025217 154
1739715913420 16.77215159850143 155
1739715913425 15.854960488998673 156
1739715913429 16.944898624816243 157
1739715913434 15.716213082369165 158
1739715913439 15.576269292129577 159
1739715913443 15.464908128208595 160
1739715913448 14.941984397811046 161
1739715913453 15.153594031787906 162
1739715913457 15.01500436634628 163
1739715913462 14.470124207409983 164
1739715913466 13.978220902168607 165
1739715913471 14.44561929079454 166
1739715913476 14.052066821623304 167
1739715913481 13.590738406900105 168
1739715913485 13.321812927874356 169
1739715913491 13.564147315839023 170
1739715913496 13.611782646796964 171
1739715913501 12.82757423141651 172
1739715913506 13.08043424071335 173
1739715913511 13.110114903131262 174
1739715913516 12.421647336290064 175
1739715913521 12.806537274818512 176
1739715913525 12.139490265517015 177
1739715913530 12.550138200946884 178
1739715913534 11.442525650554401 179
1739715913539 10.9835644763159 180
1739715913544 11.626703769674648 181
1739715913548 11.176899443508098 182
1739715913552 10.950756882189705 183
1739715913557 10.78036495764293 184
1739715913561 10.964427707859056 185
1739715913566 10.941884165346586 186
1739715913570 10.706068880147331 187
1739715913575 10.160381308179668 188
1739715913579 10.695994582359274 189
1739715913584 10.247186154608427 190
1739715913589 10.385350320661463 191
1739715913593 10.028651929407816 192
1739715913598 9.549129385502571 193
1739715913602 9.285969012157448 194
1739715913607 9.632601700601766 195
1739715913611 9.406747344346348 196
1739715913616 9.559296742524507 197
1739715913620 9.13812032425399 198
1739715913625 8.434650433067148 199
1739715913629 9.088855863636798 200
1739715913633 8.345325926387973 201
1739715913638 8.78944932350191 202
1739715913643 8.246474833239617 203
1739715913648 8.960512463350652 204
1739715913652 7.846846509016878 205
1739715913657 8.22760441003845 206
1739715913662 8.057282971042211 207
1739715913666 8.030084058358534 208
1739715913671 7.928017817577193 209
1739715913676 7.179152372126722 210
1739715913681 7.649556415574634 211
1739715913690 7.668271302432762 212
1739715913695 7.536382041173258 213
1739715913699 7.161061379070437 214
1739715913704 6.599752255257897 215
1739715913708 7.097294042240519 216
1739715913713 6.480393435128067 217
1739715913717 6.766524588633504 218
1739715913721 6.791780187909546 219
1739715913726 6.683715087587431 220
1739715913730 6.980240733168665 221
1739715913735 6.591449202664898 222
1739715913740 6.296158228215006 223
1739715913745 6.171821240238387 224
1739715913750 6.10719308798719 225
1739715913756 5.793355589551509 226
1739715913761 6.162326773112201 227
1739715913765 5.448827829976284 228
1739715913770 5.85082318702257 229
1739715913774 5.434747969777739 230
1739715913779 5.951708282230154 231
1739715913784 5.251698110226406 232
1739715913789 5.6219655753680735 233
1739715913794 5.378113861817129 234
1739715913799 5.209061419912003 235
1739715913804 5.62488078586074 236
1739715913809 5.530459813461635 237
1739715913813 5.389753150671768 238
1739715913817 4.689734027338069 239
1739715913822 5.021497088742662 240
1739715913826 4.6242091556024425 241
1739715913831 4.643282988133971 242
1739715913835 5.084779876967705 243
1739715913840 4.866098757836212 244
1739715913844 4.396198293121241 245
1739715913848 4.51811003775 246
1739715913853 4.09763199563083 247
1739715913857 4.367585910342587 248
1739715913862 4.327626802998774 249
1739715913866 4.263667509375837 250
1739715913874 3.9357043656071333 251
1739715913879 4.54192284266979 252
1739715913884 3.8899900746074856 253
1739715913889 4.169625206022416 254
1739715913895 3.8919256004420997 255
1739715913900 3.906929595211853 256
1739715913904 3.868445840239404 257
1739715913909 3.8915564712514303 258
1739715913914 3.8142990430337456 259
1739715913919 3.9190645458567515 260
1739715913924 3.656519073057102 261
1739715913929 3.6581496500769455 262
1739715913934 3.461369888346724 263
1739715913938 3.6678956448067574 264
1739715913943 3.5587377013317645 265
1739715913948 3.7306302954141555 266
1739715913953 3.112416273468676 267
1739715913958 3.3125859132935913 268
1739715913962 3.1678805253219036 269
1739715913967 3.5422233418329294 270
1739715913972 3.2309153214973314 271
1739715913977 3.44407611819878 272
1739715913981 2.9861795321546527 273
1739715913986 2.941480763947529 274
1739715913991 3.130996687162366 275
1739715913996 2.907833361818068 276
1739715914001 2.61805447646035 277
1739715914005 2.9731106658972375 278
1739715914010 3.0816757212909907 279
1739715914015 2.691253738176797 280
1739715914019 2.711139384700736 281
1739715914024 2.732779513090495 282
1739715914029 2.7818052610533615 283
1739715914033 2.5619987538767597 284
1739715914038 2.6092717993132597 285
1739715914042 2.6949956072512298 286
1739715914047 2.6558716138692158 287
1739715914052 2.4785146166873795 288
1739715914056 2.47936743946327 289
1739715914061 2.517675047202387 290
1739715914066 2.415122069927028 291
1739715914070 2.2420257319730106 292
1739715914075 2.6484011580341837 293
1739715914080 2.248115672975722 294
1739715914084 2.332599126502176 295
1739715914089 2.070269843134056 296
1739715914094 2.250865253826942 297
1739715914099 2.292179316899964 298
1739715914103 2.147147442075783 299
1739715914109 2.149508836847435 300
1739715914114 1.8575538223939474 301
1739715914118 1.9973574941846637 302
1739715914123 2.3295768266050003 303
1739715914128 1.8112580655558452 304
1739715914133 2.1352586257087935 305
1739715914137 2.3845855466327506 306
1739715914142 1.934989604749131 307
1739715914147 2.0845099967570313 308
1739715914151 1.7321147775192305 309
1739715914157 1.8045547645277566 310
1739715914162 2.035517235093019 311
1739715914166 1.6044401317649146 312
1739715914171 2.0940964285715373 313
1739715914176 1.8272341537365027 314
1739715914180 2.0500560205538143 315
1739715914185 1.7913716919765157 316
1739715914190 1.6904631657528622 317
1739715914194 1.7267985499526675 318
1739715914199 1.755282655596671 319
1739715914204 1.7069797303814325 320
1739715914209 1.7854942090933807 321
1739715914214 1.621825912584566 322
1739715914219 1.6165402930435995 323
1739715914223 1.52371299711396 324
1739715914228 1.6260709496026855 325
1739715914232 1.6785947245442987 326
1739715914237 1.4793632696614045 327
1739715914242 1.642944024668944 328
1739715914246 1.7126636325404363 329
1739715914251 1.4890175627358233 330
1739715914256 1.5414165546971546 331
1739715914261 1.4787830261201342 332
1739715914265 1.622357197491006 333
1739715914270 1.413754988445358 334
1739715914275 1.358537885102345 335
1739715914279 1.3496458909543743 336
1739715914284 1.322829536727608 337
1739715914288 1.2517753876159232 338
1739715914293 1.3136514493087583 339
1739715914298 1.2996084453883585 340
1739715914302 1.1303469801182202 341
1739715914307 1.211897525835927 342
1739715914312 1.2454369594804686 343
1739715914316 1.2531800608207697 344
1739715914321 1.18304389692972 345
1739715914326 1.2191906786223758 346
1739715914330 1.2674422619916128 347
1739715914335 1.173961502614181 348
1739715914340 1.1229258629850956 349
1739715914345 1.1519936697754118 350
1739715914349 1.1998266367931671 351
1739715914354 0.979892396818002 352
1739715914359 1.2821405066400038 353
1739715914363 1.3242185905020183 354
1739715914368 1.2429755138976142 355
1739715914373 0.9694668050912838 356
1739715914378 0.9898095321579392 357
1739715914384 1.2636383000214655 358
1739715914389 0.9598151350879603 359
1739715914394 1.188982866289852 360
1739715914399 1.0433108470394075 361
1739715914404 0.9045734610599625 362
1739715914408 0.9261195364546609 363
1739715914412 1.0078281615025844 364
1739715914417 0.8920013073155392 365
1739715914421 1.0393279871595476 366
1739715914426 0.9530578426685198 367
1739715914430 0.8857313692959966 368
1739715914435 1.0729644810324028 369
1739715914439 1.0101155560529702 370
1739715914444 0.803796932560059 371
1739715914448 0.902897021342866 372
1739715914453 0.8835464161664632 373
1739715914459 0.8165083809466317 374
1739715914464 0.9655007539978379 375
1739715914468 0.9312119805823097 376
1739715914473 0.692091890637133 377
1739715914478 0.8715837836243139 378
1739715914483 0.7550345897543612 379
1739715914487 0.9530718950010616 380
1739715914492 0.8480273657774177 381
1739715914497 0.8318191265146432 382
1739715914502 0.9377453976329856 383
1739715914507 0.6822278964825274 384
1739715914512 0.8420839869721634 385
1739715914516 0.8350914270952343 386
1739715914521 0.6811329705749067 387
1739715914526 0.6901596554161875 388
1739715914530 0.7980652912582081 389
1739715914534 0.6753069739084928 390
1739715914539 0.865285617638537 391
1739715914544 0.668618482530006 392
1739715914549 0.8162204865951985 393
1739715914553 0.7745253285162353 394
1739715914558 0.7292002811860993 395
1739715914562 0.6896982724137937 396
1739715914567 0.6221770163580221 397
1739715914571 0.7308881335537881 398
1739715914576 0.6062262296885663 399
1739715914581 0.7165788545015472 400
1739715914585 0.7167385465761249 401
1739715914589 0.7648814052540551 402
1739715914594 0.7038899766241534 403
1739715914598 0.6220218549991258 404
1739715914603 0.5432222177268035 405
1739715914608 0.7887588832305752 406
1739715914613 0.5724442444399399 407
1739715914618 0.6302549591632136 408
1739715914623 0.6601825861056821 409
1739715914627 0.6405521339293212 410
1739715914632 0.6056700785889779 411
1739715914638 0.5328534280441826 412
1739715914642 0.6063866545669337 413
1739715914647 0.5201796328090867 414
1739715914652 0.6038726852525267 415
1739715914657 0.544091941583198 416
1739715914663 0.6475480759115229 417
1739715914668 0.5099004519282275 418
1739715914673 0.6551255630203275 419
1739715914678 0.5408376096088856 420
1739715914682 0.5998166101959336 421
1739715914687 0.677186471875703 422
1739715914693 0.45016349591301663 423
1739715914698 0.5852887291093465 424
1739715914703 0.5169690075222771 425
1739715914708 0.4780426942102754 426
1739715914713 0.47657286381103564 427
1739715914718 0.4665611044363046 428
1739715914723 0.4597109776898633 429
1739715914727 0.45800173130975247 430
1739715914731 0.392217543557392 431
1739715914736 0.4073343072968648 432
1739715914741 0.4549675018362992 433
1739715914746 0.5776457261708197 434
1739715914750 0.35859971272482805 435
1739715914755 0.4566784412756483 436
1739715914760 0.4113378176178354 437
1739715914765 0.5350591912889034 438
1739715914769 0.42168296375714515 439
1739715914774 0.46494198609601173 440
1739715914779 0.39437130811783344 441
1739715914784 0.3532932416989131 442
1739715914789 0.37553521034836274 443
1739715914793 0.34915913941963156 444
1739715914797 0.41538922906793635 445
1739715914803 0.39542872320505923 446
1739715914807 0.3349644730832306 447
1739715914813 0.43971519816029336 448
1739715914817 0.46539216816448603 449
1739715914822 0.41157286128724946 450
1739715914826 0.42885579608260604 451
1739715914831 0.3047544882065523 452
1739715914835 0.3939561819649053 453
1739715914840 0.4250230453163135 454
1739715914844 0.46279250989768117 455
1739715914849 0.3356101225517348 456
1739715914853 0.3583530671048088 457
1739715914858 0.35783289949115704 458
1739715914862 0.36212942965620326 459
1739715914867 0.3104837845599717 460
1739715914871 0.3682536458609124 461
1739715914876 0.3657977486226293 462
1739715914881 0.4193931352220393 463
1739715914886 0.26645043072388463 464
1739715914890 0.31845738188451705 465
1739715914895 0.2882921322623165 466
1739715914899 0.3171541865647729 467
1739715914905 0.4723736702501233 468
1739715914909 0.3685140178423514 469
1739715914914 0.4154634714087734 470
1739715914918 0.3721493834104134 471
1739715914923 0.35556860829054804 472
1739715914928 0.49083359868983695 473
1739715914932 0.3767371366664608 474
1739715914937 0.3581264951576239 475
1739715914941 0.3792329878211114 476
1739715914946 0.3992075873218593 477
1739715914950 0.29052849354729904 478
1739715914955 0.286115784513243 479
1739715914960 0.2813241965542906 480
1739715914965 0.41551628447176264 481
1739715914970 0.28157666117692953 482
1739715914975 0.35830387708595485 483
1739715914981 0.28359311418872685 484
1739715914986 0.38669841418056455 485
1739715914991 0.3230122751380972 486
1739715914996 0.30786371253282285 487
1739715915001 0.342079659109461 488
1739715915007 0.2049681317325831 489
1739715915012 0.3021569837236559 490
1739715915017 0.29673638795527574 491
1739715915022 0.3167256577034489 492
1739715915027 0.2848986716502012 493
1739715915032 0.2839297486930109 494
1739715915037 0.28351995338530694 495
1739715915042 0.2898598053694926 496
1739715915048 0.27033465372740795 497
1739715915054 0.2884825269904016 498
1739715915060 0.3558375698084608 499
