1739716379119 42.99459916241495 0
1739716379124 14.862652057292843 1
1739716379130 8.160375428313627 2
1739716379135 5.930649320527265 3
1739716379141 5.716954450744602 4
1739716379146 4.9284951616494395 5
1739716379151 5.020335530680188 6
1739716379157 4.982180910481011 7
1739716379162 4.691308140425673 8
1739716379166 4.905055490544641 9
1739716379171 4.811851343695572 10
1739716379176 4.437482265629256 11
1739716379180 5.077825112383556 12
1739716379185 4.847102161760914 13
1739716379191 4.678780624216197 14
