1739715221756 169.57031890620698 0
1739715221761 169.53682796046863 1
1739715221766 169.50312349238703 2
1739715221770 169.46935974102792 3
1739715221774 169.43558297726972 4
1739715221779 169.40180708140002 5
1739715221783 169.36803621652206 6
1739715221787 169.3342716305847 7
1739715221792 169.30051369699137 8
1739715221796 169.26676252678197 9
1739715221800 169.2330181522879 10
1739715221804 169.19928058222794 11
1739715221808 169.16554981823754 12
1739715221812 169.1318258598273 13
1739715221816 169.09810870587054 14
1739715221820 169.06439835504955 15
1739715221824 169.0306948059897 16
1739715221835 168.99699805729924 17
1739715221839 168.9633081075818 18
1739715221844 168.92962495543955 19
1739715221848 168.8959485994746 20
1739715221852 168.8622790382892 21
1739715221857 168.8286162704858 22
1739715221861 168.79496029466725 23
1739715221866 168.76131110943663 24
1739715221870 168.72766871339735 25
1739715221876 168.69403310515304 26
1739715221881 168.66040428330766 27
1739715221886 168.62678224646555 28
1739715221892 168.59316699323125 29
1739715221896 168.5595585222097 30
1739715221901 168.525956832006 31
1739715221906 168.49236192122567 32
1739715221910 168.45877378847445 33
1739715221914 168.42519243235844 34
1739715221918 168.39161785148403 35
1739715221923 168.3580500444578 36
1739715221928 168.32448900988686 37
1739715221932 168.29093474637835 38
1739715221936 168.25738725253984 39
1739715221941 168.2238465269793 40
1739715221946 168.1903125683048 41
1739715221950 168.15678537512483 42
1739715221956 168.1232649460481 43
1739715221962 168.08975127968372 44
1739715221968 168.056244374641 45
1739715221973 168.02274422952965 46
1739715221978 167.9892508429595 47
1739715221982 167.95576421354096 48
1739715221987 167.9222843398844 49
1739715221991 167.8888112206008 50
1739715221996 167.85534485430122 51
1739715222000 167.82188523959707 52
1739715222004 167.78843237510014 53
1739715222008 167.75498625942242 54
1739715222013 167.7215468911763 55
1739715222017 167.68811426897432 56
1739715222021 167.65468839142943 57
1739715222026 167.62126925715486 58
1739715222029 167.58785686476415 59
1739715222033 167.55445121287102 60
1739715222037 167.52105230008962 61
1739715222041 167.4876601250344 62
1739715222046 167.45427468632002 63
1739715222051 167.4208959825614 64
1739715222055 167.38752401237397 65
1739715222059 167.35415877437325 66
1739715222064 167.32080026717512 67
1739715222068 167.28744848939576 68
1739715222073 167.25410343965163 69
1739715222077 167.22076511655953 70
1739715222081 167.18743351873653 71
1739715222086 167.1541086448 72
1739715222090 167.12079049336762 73
1739715222094 167.08747906305726 74
1739715222099 167.05417435248728 75
1739715222103 167.02087636027613 76
1739715222107 166.98758508504272 77
1739715222112 166.95430052540613 78
1739715222116 166.92102267998584 79
1739715222120 166.8877515474016 80
1739715222124 166.8544871262734 81
1739715222127 166.82122941522155 82
1739715222131 166.78797841286664 83
1739715222135 166.75473411782963 84
1739715222139 166.72149652873173 85
1739715222143 166.6882656441944 86
1739715222147 166.65504146283945 87
1739715222151 166.62182398328895 88
1739715222155 166.58861320416537 89
1739715222159 166.55540912409128 90
1739715222163 166.5222117416897 91
1739715222168 166.48902105558392 92
1739715222171 166.45583706439743 93
1739715222176 166.42265976675415 94
1739715222180 166.3894891612782 95
1739715222184 166.35632524659414 96
1739715222187 166.32316802132647 97
1739715222191 166.29001748410047 98
1739715222195 166.2568736335413 99
1739715222199 166.2237364682746 100
1739715222203 166.19060598692639 101
1739715222207 166.15748218812283 102
1739715222212 166.12436507049037 103
1739715222215 166.09125463265585 104
1739715222219 166.05815087324632 105
1739715222223 166.02505379088925 106
1739715222228 165.99196338421226 107
1739715222233 165.95887965184326 108
1739715222237 165.9258025924106 109
1739715222242 165.89273220454285 110
1739715222260 165.8596684868688 111
1739715222274 165.82661143801764 112
1739715222281 165.79356105661878 113
1739715222286 165.76051734130195 114
1739715222290 165.72748029069717 115
1739715222295 165.69444990343476 116
1739715222301 165.66142617814535 117
1739715222306 165.6284091134598 118
1739715222311 165.5953987080093 119
1739715222315 165.56239496042545 120
1739715222320 165.52939786933987 121
1739715222324 165.4964074333847 122
1739715222329 165.46342365119233 123
1739715222333 165.4304465213954 124
1739715222337 165.3974760426268 125
1739715222341 165.36451221351984 126
1739715222345 165.33155503270808 127
1739715222350 165.29860449882526 128
1739715222354 165.2656606105055 129
1739715222359 165.2327233663833 130
1739715222363 165.1997927650933 131
1739715222367 165.16686880527044 132
1739715222372 165.1339514855501 133
1739715222376 165.10104080456782 134
1739715222380 165.06813676095945 135
1739715222385 165.03523935336116 136
1739715222391 165.00234858040938 137
1739715222395 164.9694644407409 138
1739715222399 164.9365869329927 139
1739715222404 164.90371605580214 140
1739715222408 164.87085180780682 141
1739715222412 164.83799418764465 142
1739715222416 164.80514319395382 143
1739715222421 164.77229882537287 144
1739715222426 164.73946108054048 145
1739715222430 164.70662995809582 146
1739715222435 164.67380545667817 147
1739715222439 164.64098757492724 148
1739715222443 164.60817631148294 149
1739715222447 164.57537166498554 150
1739715222451 164.5425736340755 151
1739715222456 164.5097822173937 152
1739715222460 164.47699741358116 153
1739715222464 164.44421922127938 154
1739715222468 164.41144763913 155
1739715222472 164.37868266577496 156
1739715222477 164.34592429985656 157
1739715222481 164.31317254001735 158
1739715222485 164.28042738490018 159
1739715222491 164.24768883314817 160
1739715222496 164.21495688340474 161
1739715222501 164.18223153431364 162
1739715222506 164.1495127845189 163
1739715222511 164.11680063266468 164
1739715222515 164.08409507739566 165
1739715222519 164.05139611735677 166
1739715222523 164.01870375119304 167
1739715222528 163.98601797755003 168
1739715222532 163.95333879507342 169
1739715222536 163.92066620240925 170
1739715222540 163.88800019820386 171
1739715222544 163.85534078110382 172
1739715222548 163.8226879497561 173
1739715222552 163.7900417028078 174
1739715222558 163.75740203890646 175
1739715222562 163.72476895669982 176
1739715222567 163.6921424548359 177
1739715222572 163.65952253196312 178
1739715222576 163.62690918673002 179
1739715222581 163.5943024177856 180
1739715222585 163.56170222377904 181
1739715222589 163.5291086033598 182
1739715222594 163.49652155517768 183
1739715222598 163.4639410778828 184
1739715222603 163.43136717012544 185
1739715222608 163.39879983055636 186
1739715222613 163.36623905782642 187
1739715222617 163.33368485058682 188
1739715222622 163.3011372074891 189
1739715222626 163.26859612718505 190
1739715222630 163.23606160832682 191
1739715222635 163.20353364956677 192
1739715222639 163.17101224955755 193
1739715222643 163.13849740695204 194
1739715222648 163.1059891204036 195
1739715222652 163.07348738856567 196
1739715222657 163.04099221009204 197
1739715222661 163.00850358363692 198
1739715222666 162.97602150785465 199
1739715222670 162.94354598139986 200
1739715222674 162.91107700292758 201
1739715222678 162.87861457109304 202
1739715222682 162.84615868455174 203
1739715222686 162.81370934195957 204
1739715222691 162.78126654197257 205
1739715222695 162.7488302832472 206
1739715222700 162.7164005644401 207
1739715222704 162.6839773842083 208
1739715222708 162.651560741209 209
1739715222712 162.61915063409975 210
1739715222716 162.5867470615384 211
1739715222720 162.55435002218306 212
1739715222724 162.52195951469216 213
1739715222728 162.48957553772436 214
1739715222732 162.45719808993863 215
1739715222736 162.42482716999427 216
1739715222740 162.39246277655081 217
1739715222744 162.36010490826806 218
1739715222748 162.32775356380614 219
1739715222753 162.29540874182553 220
1739715222757 162.26307044098687 221
1739715222761 162.23073865995113 222
1739715222765 162.19841339737962 223
1739715222769 162.16609465193378 224
1739715222773 162.13378242227557 225
1739715222777 162.10147670706706 226
1739715222781 162.06917750497064 227
1739715222785 162.03688481464906 228
1739715222789 162.00459863476522 229
1739715222793 161.97231896398245 230
1739715222798 161.94004580096427 231
1739715222803 161.90777914437444 232
1739715222808 161.8755189928772 233
1739715222813 161.84326534513693 234
1739715222817 161.81101819981825 235
1739715222821 161.77877755558617 236
1739715222826 161.746543411106 237
1739715222831 161.71431576504315 238
1739715222842 161.68209461606355 239
1739715222846 161.64987996283332 240
1739715222851 161.61767180401884 241
1739715222855 161.58547013828672 242
1739715222859 161.553274964304 243
1739715222864 161.52108628073793 244
1739715222869 161.48890408625599 245
1739715222873 161.45672837952606 246
1739715222877 161.4245591592162 247
1739715222881 161.39239642399477 248
1739715222886 161.36024017253052 249
1739715222890 161.32809040349235 250
1739715222895 161.29594711554947 251
1739715222899 161.26381030737144 252
1739715222903 161.23167997762812 253
1739715222907 161.19955612498953 254
1739715222911 161.167438748126 255
1739715222919 161.13532784570822 256
1739715222924 161.10322341640722 257
1739715222930 161.07112545889413 258
1739715222935 161.03903397184047 259
1739715222940 161.00694895391808 260
1739715222944 160.97487040379892 261
1739715222950 160.94279832015542 262
1739715222955 160.91073270166027 263
1739715222964 160.87867354698633 264
1739715222970 160.8466208548067 265
1739715222974 160.81457462379507 266
1739715222979 160.78253485262513 267
1739715222983 160.75050153997088 268
1739715222987 160.7184746845067 269
1739715222991 160.6864542849072 270
1739715222996 160.6544403398473 271
1739715223000 160.62243284800218 272
1739715223005 160.59043180804727 273
1739715223009 160.55843721865833 274
1739715223013 160.52644907851143 275
1739715223017 160.49446738628285 276
1739715223022 160.4624921406492 277
1739715223027 160.43052334028735 278
1739715223032 160.39856098387443 279
1739715223036 160.36660507008793 280
1739715223041 160.33465559760552 281
1739715223045 160.30271256510528 282
1739715223049 160.27077597126544 283
1739715223054 160.23884581476455 284
1739715223058 160.2069220942815 285
1739715223062 160.1750048084955 286
1739715223067 160.14309395608578 287
1739715223071 160.11118953573214 288
1739715223075 160.07929154611455 289
1739715223080 160.04739998591327 290
1739715223085 160.01551485380884 291
1739715223089 159.98363614848208 292
1739715223093 159.95176386861405 293
1739715223098 159.9198980128862 294
1739715223102 159.88803857998013 295
1739715223106 159.8561855685778 296
1739715223110 159.8243389773615 297
1739715223115 159.79249880501365 298
1739715223120 159.76066505021706 299
1739715223125 159.72883771165482 300
1739715223130 159.69701678801025 301
1739715223134 159.66520227796698 302
1739715223139 159.63339418020894 303
1739715223143 159.60159249342036 304
1739715223148 159.5697972162856 305
1739715223152 159.5380083474894 306
1739715223157 159.506225885717 307
1739715223161 159.47444982965348 308
1739715223166 159.44268017798453 309
1739715223170 159.41091692939602 310
1739715223175 159.37916008257406 311
1739715223179 159.34740963620513 312
1739715223183 159.31566558897592 313
1739715223188 159.2839279395734 314
1739715223192 159.25219668668487 315
1739715223197 159.22047182899786 316
1739715223201 159.18875336520017 317
1739715223206 159.15704129398 318
1739715223210 159.1253356140256 319
1739715223214 159.0936363240258 320
1739715223218 159.0619434226694 321
1739715223223 159.03025690864575 322
1739715223228 158.9985767806442 323
1739715223232 158.9669030373547 324
1739715223236 158.93523567746723 325
1739715223241 158.90357469967213 326
1739715223245 158.87192010266003 327
1739715223250 158.84027188512184 328
1739715223254 158.8086300457487 329
1739715223258 158.77699458323212 330
1739715223263 158.7453654962638 331
1739715223267 158.7137427835358 332
1739715223271 158.68212644374032 333
1739715223276 158.65051647557004 334
1739715223280 158.61891287771775 335
1739715223284 158.5873156488766 336
1739715223288 158.55572478773996 337
1739715223293 158.52414029300152 338
1739715223297 158.4925621633553 339
1739715223301 158.4609903974955 340
1739715223305 158.42942499411666 341
1739715223309 158.39786595191353 342
1739715223313 158.36631326958124 343
1739715223317 158.3347669458151 344
1739715223321 158.30322697931078 345
1739715223325 158.27169336876415 346
1739715223329 158.24016611287144 347
1739715223333 158.20864521032905 348
1739715223338 158.1771306598338 349
1739715223341 158.14562246008265 350
1739715223345 158.1141206097729 351
1739715223349 158.08262510760215 352
1739715223353 158.0511359522682 353
1739715223357 158.01965314246928 354
1739715223361 157.98817667690372 355
1739715223366 157.9567065542702 356
1739715223370 157.92524277326766 357
1739715223374 157.8937853325954 358
1739715223378 157.8623342309529 359
1739715223382 157.83088946703992 360
1739715223386 157.7994510395566 361
1739715223391 157.76801894720322 362
1739715223395 157.73659318868042 363
1739715223399 157.7051737626891 364
1739715223403 157.67376066793042 365
1739715223407 157.64235390310583 366
1739715223411 157.6109534669171 367
1739715223416 157.57955935806612 368
1739715223419 157.54817157525534 369
1739715223423 157.51679011718716 370
1739715223427 157.4854149825645 371
1739715223431 157.4540461700904 372
1739715223435 157.4226836784683 373
1739715223440 157.39132750640184 374
1739715223444 157.35997765259495 375
1739715223449 157.32863411575187 376
1739715223453 157.297296894577 377
1739715223457 157.2659659877752 378
1739715223461 157.23464139405144 379
1739715223465 157.2033231121111 380
1739715223469 157.1720111406597 381
1739715223473 157.14070547840313 382
1739715223477 157.10940612404752 383
1739715223481 157.0781130762993 384
1739715223485 157.0468263338652 385
1739715223489 157.0155458954521 386
1739715223493 156.9842717597673 387
1739715223497 156.95300392551826 388
1739715223501 156.9217423914128 389
1739715223505 156.89048715615905 390
1739715223509 156.85923821846526 391
1739715223513 156.8279955770401 392
1739715223517 156.7967592305924 393
1739715223521 156.76552917783138 394
1739715223525 156.73430541746643 395
1739715223530 156.70308794820733 396
1739715223533 156.67187676876398 397
1739715223537 156.6406718778467 398
1739715223541 156.60947327416602 399
1739715223545 156.57828095643276 400
1739715223549 156.547094923358 401
1739715223554 156.51591517365307 402
1739715223558 156.4847417060296 403
1739715223563 156.45357451919958 404
1739715223567 156.42241361187513 405
1739715223571 156.39125898276865 406
1739715223576 156.36011063059297 407
1739715223580 156.32896855406105 408
1739715223584 156.29783275188618 409
1739715223588 156.2667032227818 410
1739715223592 156.23557996546194 411
1739715223596 156.20446297864058 412
1739715223600 156.17335226103205 413
1739715223604 156.14224781135104 414
1739715223608 156.1111496283125 415
1739715223612 156.08005771063156 416
1739715223616 156.04897205702372 417
1739715223621 156.01789266620474 418
1739715223625 155.98681953689058 419
1739715223629 155.95575266779758 420
1739715223633 155.9246920576422 421
1739715223637 155.89363770514137 422
1739715223641 155.86258960901216 423
1739715223646 155.8315477679719 424
1739715223650 155.80051218073834 425
1739715223654 155.7694828460293 426
1739715223658 155.73845976256297 427
1739715223662 155.70744292905792 428
1739715223666 155.67643234423275 429
1739715223671 155.6454280068066 430
1739715223675 155.61442991549868 431
1739715223680 155.58343806902855 432
1739715223685 155.55245246611605 433
1739715223689 155.52147310548128 434
1739715223694 155.49049998584462 435
1739715223698 155.45953310592665 436
1739715223703 155.42857246444837 437
1739715223707 155.39761806013095 438
1739715223710 155.3666698916958 439
1739715223714 155.3357279578647 440
1739715223718 155.30479225735965 441
1739715223722 155.27386278890287 442
1739715223726 155.24293955121695 443
1739715223730 155.21202254302474 444
1739715223735 155.18111176304927 445
1739715223739 155.15020721001392 446
1739715223743 155.11930888264231 447
1739715223747 155.0884167796584 448
1739715223751 155.0575308997863 449
1739715223755 155.02665124175044 450
1739715223760 154.99577780427563 451
1739715223764 154.96491058608677 452
1739715223768 154.93404958590918 453
1739715223772 154.9031948024683 454
1739715223777 154.87234623449 455
1739715223781 154.84150388070043 456
1739715223784 154.81066773982576 457
1739715223788 154.77983781059268 458
1739715223792 154.74901409172807 459
1739715223796 154.7181965819591 460
1739715223800 154.6873852800132 461
1739715223804 154.65658018461804 462
1739715223809 154.6257812945016 463
1739715223813 154.5949886083921 464
1739715223817 154.56420212501806 465
1739715223821 154.53342184310824 466
1739715223825 154.50264776139167 467
1739715223829 154.47187987859772 468
1739715223833 154.44111819345596 469
1739715223837 154.41036270469624 470
1739715223848 154.37961341104864 471
1739715223852 154.34887031124362 472
1739715223856 154.31813340401175 473
1739715223861 154.2874026880841 474
1739715223866 154.25667816219178 475
1739715223871 154.22595982506627 476
1739715223876 154.19524767543936 477
1739715223881 154.16454171204305 478
1739715223885 154.1338419336096 479
1739715223890 154.10314833887153 480
1739715223894 154.07246092656172 481
1739715223898 154.04177969541325 482
1739715223903 154.01110464415945 483
1739715223907 153.980435771534 484
1739715223911 153.9497730762707 485
1739715223915 153.91911655710382 486
1739715223919 153.88846621276775 487
1739715223924 153.8578220419972 488
1739715223928 153.82718404352713 489
1739715223932 153.79655221609278 490
1739715223936 153.7659265584297 491
1739715223940 153.7353070692736 492
1739715223944 153.7046937473606 493
1739715223948 153.674086591427 494
1739715223953 153.6434856002093 495
1739715223957 153.61289077244444 496
1739715223961 153.58230210686955 497
1739715223965 153.55171960222194 498
1739715223970 153.52114325723932 499
