1739721946463 160.12076750513455 0
1739721946469 150.15292144884918 1
1739721946474 141.2585749777621 2
1739721946480 131.24819117507423 3
1739721946485 121.37026126174426 4
1739721946490 113.41764035948373 5
1739721946496 111.09961924821991 6
1739721946501 101.58425679471875 7
1739721946507 99.30637435732338 8
1739721946514 87.12329105837935 9
1739721946520 85.44899796219235 10
1739721946525 83.72068027972566 11
1739721946531 76.48182416061324 12
1739721946536 69.06088643085906 13
1739721946541 65.6101253392727 14
1739721946547 54.962185290396995 15
1739721946553 56.59445600483988 16
1739721946558 53.03239614106932 17
1739721946563 48.01361239584288 18
1739721946568 44.86676926476215 19
1739721946573 45.33030666593309 20
1739721946579 38.41775360204146 21
1739721946584 37.59270004704876 22
1739721946589 38.45565362944596 23
1739721946594 33.87172710596618 24
1739721946599 30.73405144023068 25
1739721946604 33.95194601878376 26
1739721946610 29.954344574798284 27
1739721946615 23.095969589099543 28
1739721946620 23.492138987269577 29
1739721946626 24.269584627947097 30
1739721946631 20.031780922286735 31
1739721946637 19.401069428427785 32
1739721946642 17.452960052774174 33
1739721946648 17.630354596273644 34
1739721946653 16.936665257304437 35
1739721946659 15.321937379826142 36
1739721946665 16.808684455456042 37
1739721946671 13.055376469716578 38
1739721946676 12.85210865687147 39
1739721946681 9.98939980408075 40
1739721946687 12.018798035620076 41
1739721946692 10.551941721975018 42
1739721946697 10.901179237675374 43
1739721946703 8.862866829616069 44
1739721946708 8.624118697776101 45
1739721946714 9.711958170381296 46
1739721946719 6.948701100518847 47
1739721946724 7.326922636867819 48
1739721946730 7.9033642101177906 49
1739721946735 6.2770647295008475 50
1739721946740 6.117290174962686 51
1739721946745 7.41618991060388 52
1739721946751 6.255592634208688 53
1739721946756 5.464479817410258 54
1739721946761 4.871437171820256 55
1739721946767 4.747503367799814 56
1739721946772 4.2841102542195735 57
1739721946777 4.294243132268383 58
1739721946782 3.5215038483215304 59
1739721946787 3.010168647221371 60
1739721946792 3.0964471156521087 61
1739721946798 3.5016459199784324 62
1739721946803 2.7372746099158887 63
1739721946808 2.3564066818191023 64
1739721946813 2.592709398926569 65
1739721946818 2.71042634253777 66
1739721946824 2.492088695162726 67
1739721946829 1.7967894909637152 68
1739721946834 1.8722759679550232 69
1739721946839 2.2107110104495074 70
1739721946844 1.8316022803646068 71
1739721946849 1.7324401687883098 72
1739721946855 1.2541301747915117 73
1739721946860 1.6247730922842136 74
1739721946865 1.9239516063436288 75
1739721946870 1.5040433535597793 76
1739721946875 1.4390715816947284 77
1739721946881 1.0086275959185076 78
1739721946886 1.064683161051153 79
1739721946891 0.9197965507169599 80
1739721946896 1.3225894203548685 81
1739721946901 0.7816379162796946 82
1739721946907 0.7543276691705009 83
1739721946912 0.8495577697182026 84
1739721946917 0.961182419976152 85
1739721946922 0.8030191785590306 86
1739721946927 0.4102117869138178 87
1739721946932 0.6665911350088244 88
1739721946938 0.6618625972234397 89
1739721946946 0.71461153818577 90
1739721946952 0.5366321793154597 91
1739721946957 0.7245349230945558 92
1739721946963 0.587621865409426 93
1739721946968 0.45095038207271554 94
1739721946973 0.5847719592920246 95
1739721946978 0.4575962114086333 96
1739721946983 0.2507964690961808 97
1739721946988 0.3291896279735968 98
1739721946994 0.40716293475599036 99
1739721946999 0.3493934628074285 100
1739721947004 0.4036631941054795 101
1739721947009 0.48048845322574557 102
1739721947014 0.41292315606237073 103
1739721947019 0.3350357566130497 104
1739721947025 0.1772015457991131 105
1739721947030 0.21105413958939337 106
1739721947035 0.1555188266346326 107
1739721947040 0.28882677492860326 108
1739721947045 0.3431422482799847 109
1739721947050 0.19490510681081835 110
1739721947056 0.20498179300322156 111
1739721947061 0.17327051712732613 112
1739721947066 0.252448934451029 113
1739721947072 0.2554605035904885 114
1739721947077 0.1894658898003546 115
1739721947082 0.25784837048247616 116
1739721947087 0.1365458676340993 117
1739721947092 0.1748946990549277 118
1739721947097 0.20020037155513132 119
1739721947103 0.22585614376181853 120
1739721947108 0.2772128041810769 121
1739721947113 0.10503474516416801 122
1739721947118 0.16914094169933583 123
1739721947124 0.2044346654182654 124
1739721947129 0.1988694790982978 125
1739721947134 0.2222010922205045 126
1739721947139 0.2138490590623189 127
1739721947144 0.15436109820924623 128
1739721947175 0.17087417002303873 129
1739721947183 0.03481241607407067 130
1739721947189 0.13165624604574966 131
1739721947201 0.09612110010827316 132
1739721947209 0.1251252972795323 133
1739721947220 0.1871910786016835 134
1739721947226 0.10451979347484215 135
1739721947231 0.17127766873306047 136
1739721947237 0.11460010052071772 137
1739721947243 0.06901047969935757 138
1739721947248 0.0863667495894442 139
1739721947256 0.11506592872905118 140
1739721947265 0.19182353157956128 141
1739721947278 0.13361887422622634 142
1739721947286 0.17688336520922004 143
1739721947294 0.06547169379676726 144
1739721947300 0.10215555046111115 145
1739721947306 0.08390735558845368 146
1739721947314 0.07023202893876493 147
1739721947319 0.1000113670784214 148
1739721947325 0.06685364400092045 149
1739721947330 0.043976172774761936 150
1739721947335 0.10884513748008107 151
1739721947340 0.06255409198809161 152
1739721947346 0.06443629968085932 153
1739721947352 0.04096400122513862 154
1739721947358 0.07081447640658182 155
1739721947363 0.05281999327613203 156
1739721947369 0.08130785260190362 157
1739721947374 0.09517735897251123 158
1739721947380 0.04238437034937378 159
1739721947385 0.08992883390287366 160
1739721947391 0.09006603806699395 161
1739721947396 0.14525968304350753 162
1739721947401 0.05069879132877161 163
1739721947406 0.01640592094667999 164
1739721947411 0.18943073604127994 165
1739721947417 0.11269747315940935 166
1739721947422 0.08055649227073174 167
1739721947427 0.08263196794943349 168
1739721947432 0.2032290796454845 169
1739721947437 0.10896811101614941 170
1739721947443 0.11026978316023307 171
1739721947448 0.058065754111530136 172
1739721947453 0.12612258560641426 173
1739721947459 0.04761569701967022 174
1739721947464 0.0794708334450923 175
1739721947470 0.15047198527090094 176
1739721947475 0.04458054546681962 177
1739721947480 0.07697631690987568 178
1739721947485 0.17269891408118562 179
1739721947491 0.058120328008717956 180
1739721947496 0.11111699249560252 181
1739721947501 0.08932089490637944 182
1739721947506 0.06344564845937355 183
1739721947511 0.09285133810637147 184
1739721947517 0.07635103963616972 185
1739721947522 0.043436913382182495 186
1739721947527 0.07426833479850746 187
1739721947532 0.07709107054471555 188
1739721947537 0.09158314566386609 189
1739721947542 0.07143788680864026 190
1739721947547 0.0823606079694705 191
1739721947553 0.28998043592528827 192
1739721947559 0.27568889279019226 193
1739721947564 0.08026462174076669 194
1739721947569 0.0561590127134557 195
1739721947574 0.07545620893655125 196
1739721947580 0.11489536332444283 197
1739721947586 0.057874253289912955 198
1739721947591 0.035975350477370376 199
1739721947596 0.08260503438886323 200
1739721947602 0.08644195277822732 201
1739721947607 0.09668802511476772 202
1739721947612 0.0561812762555259 203
1739721947618 0.09110185969353038 204
1739721947623 0.06033964345820355 205
1739721947629 0.11503317034577606 206
1739721947634 0.04956824901520979 207
1739721947639 0.030400079670794077 208
1739721947644 0.07088859578064902 209
1739721947649 0.08855558282586252 210
1739721947655 0.15598085836783687 211
1739721947664 0.2194703198775951 212
1739721947672 0.1351252148477598 213
1739721947678 0.07992905600786682 214
1739721947684 0.1960444822900523 215
1739721947690 0.1018131457316468 216
1739721947695 0.05084596220774259 217
1739721947700 0.06126044971306627 218
1739721947706 0.11740250786337013 219
1739721947711 0.060135469859150616 220
1739721947716 0.04435630614998668 221
1739721947721 0.07730958541376036 222
1739721947726 0.08076664949682406 223
1739721947732 0.133445437028715 224
1739721947737 0.08949265588110066 225
1739721947742 0.057891578658075385 226
1739721947748 0.14476405354481986 227
1739721947753 0.08590130588981829 228
1739721947758 0.11578300752859634 229
1739721947763 0.06309270881827286 230
1739721947769 0.04049444378232246 231
1739721947774 0.05366175356131854 232
1739721947779 0.08152282866378906 233
1739721947784 0.11502915551035 234
1739721947789 0.0626668461999386 235
1739721947795 0.1697269440552509 236
1739721947799 0.04234913498393107 237
1739721947805 0.10275148743181003 238
1739721947810 0.08616340523687405 239
1739721947815 0.06539966375817387 240
1739721947820 0.062350128721290046 241
1739721947825 0.17130808292314556 242
1739721947830 0.029621342556308796 243
1739721947835 0.1305455334774966 244
1739721947840 0.04540941763218501 245
1739721947845 0.0756144844949929 246
1739721947850 0.061092451862623944 247
1739721947855 0.06218140219638187 248
1739721947861 0.09285879309805621 249
1739721947866 0.059790357474958415 250
1739721947871 0.07113675419564232 251
1739721947876 0.06379791007124783 252
1739721947882 0.037232046339685756 253
1739721947887 0.05751588870755624 254
1739721947892 0.07752227484825162 255
1739721947897 0.09300245090390746 256
1739721947902 0.09020038939937594 257
1739721947907 0.07105548450578783 258
1739721947913 0.06438187793670629 259
1739721947918 0.06900986491471982 260
1739721947923 0.04646776068248296 261
1739721947928 0.0662898483013398 262
1739721947934 0.07708969114945452 263
1739721947939 0.15141561385652344 264
1739721947946 0.05875869921629851 265
1739721947952 0.0429591055420942 266
1739721947957 0.14263101761694796 267
1739721947963 0.03975274609627892 268
1739721947968 0.06396007094076132 269
1739721947973 0.042882433002482775 270
1739721947978 0.10403136086307384 271
1739721947984 0.08006301633487374 272
1739721947989 0.10251433786669574 273
1739721947994 0.07422067029713486 274
1739721948000 0.05574726256016179 275
1739721948005 0.09850381934402667 276
1739721948010 0.09212738228224017 277
1739721948015 0.15332867341995754 278
1739721948020 0.07916580223308708 279
1739721948025 0.08673323006319743 280
1739721948031 0.09018021240017113 281
1739721948036 0.08271117055103724 282
1739721948041 0.0558568057540681 283
1739721948046 0.12293267757161752 284
1739721948052 0.13076511142266425 285
1739721948057 0.10692041392071942 286
1739721948062 0.07281596702509943 287
1739721948068 0.05081027552854843 288
1739721948073 0.14186931658267482 289
1739721948078 0.06393994306045125 290
1739721948084 0.032845246192307845 291
1739721948089 0.04902879193545454 292
1739721948094 0.09377186268304968 293
1739721948099 0.06064168230435529 294
1739721948105 0.10346239268044313 295
1739721948110 0.07111099125035227 296
1739721948115 0.06705150639738024 297
1739721948121 0.0819719062126087 298
1739721948127 0.10513837852005993 299
1739721948132 0.14294919020221863 300
1739721948137 0.041442522697526955 301
1739721948143 0.060529073910198565 302
1739721948148 0.20598603683819122 303
1739721948153 0.09566117184859955 304
1739721948159 0.10365912796556924 305
1739721948165 0.10621418654161376 306
1739721948170 0.1620117599869992 307
1739721948175 0.04723489745672375 308
1739721948180 0.043692793067140925 309
1739721948185 0.07925191191173768 310
