1739715165902 169.3217676079807 0
1739715165907 169.02332641126918 1
1739715165911 168.69913956324385 2
1739715165916 168.36769688292065 3
1739715165921 168.03454509684562 4
1739715165925 167.70134735489566 5
1739715165930 167.36860167308572 6
1739715165934 167.03645652228772 7
1739715165938 166.70495551073626 8
1739715165942 166.37411078956384 9
1739715165946 166.04392507460594 10
1739715165951 165.71439825297443 11
1739715165955 165.38552936503683 12
1739715165964 165.05731719900828 13
1739715165968 164.72976046932703 14
1739715165972 164.40285787016293 15
1739715165976 164.07660809146648 16
1739715165980 163.75100982377973 17
1739715165984 163.42606175967566 18
1739715165988 163.10176259418637 19
1739715165992 162.77811102492743 20
1739715165996 162.4551057521318 21
1739715166000 162.13274547865595 22
1739715166004 161.81102890997792 23
1739715166008 161.4899547541931 24
1739715166012 161.16952172200922 25
1739715166016 160.84972852674082 26
1739715166020 160.53057388430435 27
1739715166024 160.21205651321247 28
1739715166028 159.8941751345689 29
1739715166032 159.57692847206312 30
1739715166036 159.26031525196498 31
1739715166040 158.94433420311944 32
1739715166044 158.6289840569413 33
1739715166048 158.31426354741004 34
1739715166052 158.0001714110643 35
1739715166056 157.68670638699683 36
1739715166061 157.3738672168493 37
1739715166065 157.0616526448069 38
1739715166070 156.75006141759326 39
1739715166074 156.43909228446515 40
1739715166078 156.1287439972073 41
1739715166082 155.81901531012738 42
1739715166086 155.5099049800506 43
1739715166091 155.20141176631478 44
1739715166095 154.8935344307649 45
1739715166099 154.58627173774823 46
1739715166104 154.2796224541092 47
1739715166109 153.973585349184 48
1739715166114 153.66815919479586 49
1739715166118 153.36334276524966 50
1739715166122 153.059134837327 51
1739715166127 152.75553419028105 52
1739715166131 152.45253960583148 53
1739715166135 152.1501498681596 54
1739715166139 151.84836376390297 55
1739715166144 151.54718008215073 56
1739715166148 151.24659761443831 57
1739715166152 150.94661515474257 58
1739715166156 150.6472314994767 59
1739715166161 150.34844544748543 60
1739715166165 150.0502558000398 61
1739715166170 149.7526613608322 62
1739715166175 149.45566093597176 63
1739715166180 149.15925333397902 64
1739715166185 148.86343736578115 65
1739715166190 148.56821184470704 66
1739715166196 148.27357558648222 67
1739715166201 147.97952740922432 68
1739715166206 147.68606613343778 69
1739715166210 147.39319058200917 70
1739715166215 147.10089958020228 71
1739715166221 146.80919195565326 72
1739715166225 146.51806653836573 73
1739715166231 146.22752216070603 74
1739715166236 145.93755765739823 75
1739715166240 145.6481718655195 76
1739715166245 145.35936362449513 77
1739715166250 145.07113177609375 78
1739715166255 144.78347516442275 79
1739715166259 144.49639263592314 80
1739715166263 144.209883039365 81
1739715166267 143.92394522584286 82
1739715166272 143.63857804877054 83
1739715166278 143.35378036387672 84
1739715166283 143.06955102920023 85
1739715166288 142.78588890508507 86
1739715166292 142.5027928541759 87
1739715166296 142.2202617414133 88
1739715166301 141.93829443402913 89
1739715166305 141.65688980154164 90
1739715166310 141.37604671575102 91
1739715166314 141.0957640507346 92
1739715166319 140.8160406828424 93
1739715166324 140.53687549069213 94
1739715166328 140.25826735516483 95
1739715166332 139.98021515940027 96
1739715166336 139.70271778879217 97
1739715166341 139.4257741309836 98
1739715166345 139.14938307586257 99
1739715166349 138.87354351555726 100
1739715166353 138.5982543444315 101
1739715166357 138.3235144590802 102
1739715166361 138.04932275832488 103
1739715166366 137.77567814320895 104
1739715166370 137.50257951699334 105
1739715166374 137.23002578515184 106
1739715166378 136.95801585536668 107
1739715166382 136.68654863752397 108
1739715166387 136.41562304370922 109
1739715166391 136.14523798820278 110
1739715166395 135.87539238747547 111
1739715166399 135.60608516018405 112
1739715166403 135.33731522716678 113
1739715166407 135.06908151143887 114
1739715166411 134.80138293818817 115
1739715166415 134.53421843477074 116
1739715166419 134.26758693070622 117
1739715166423 134.00148735767365 118
1739715166428 133.73591864950697 119
1739715166432 133.4708797421906 120
1739715166436 133.20636957385506 121
1739715166440 132.9423870847726 122
1739715166445 132.67893121735295 123
1739715166449 132.41600091613864 124
1739715166453 132.15359512780097 125
1739715166458 131.89171280113555 126
1739715166462 131.63035288705797 127
1739715166466 131.3695143385994 128
1739715166470 131.1091961109024 129
1739715166475 130.8493971612165 130
1739715166480 130.59011644889407 131
1739715166484 130.33135293538575 132
1739715166488 130.07310558423652 133
1739715166492 129.81537336108107 134
1739715166495 129.5581552336398 135
1739715166500 129.30145017171463 136
1739715166504 129.04525714718426 137
1739715166508 128.7895751340006 138
1739715166512 128.53440310818408 139
1739715166516 128.2797400478196 140
1739715166520 128.02558493305227 141
1739715166524 127.77193674608333 142
1739715166528 127.51879447116576 143
1739715166533 127.26615709460026 144
1739715166537 127.01402360473101 145
1739715166541 126.76239299194151 146
1739715166545 126.51126424865043 147
1739715166550 126.26063636930745 148
1739715166554 126.01050835038917 149
1739715166559 125.76087919039486 150
1739715166563 125.51174788984251 151
1739715166567 125.26311345126457 152
1739715166571 125.01497487920389 153
1739715166576 124.76733118020965 154
1739715166580 124.52018136283327 155
1739715166584 124.2735244376243 156
1739715166588 124.02735941712635 157
1739715166592 123.78168531587309 158
1739715166596 123.53650115038405 159
1739715166600 123.29180593916081 160
1739715166604 123.0475987026827 161
1739715166608 122.80387846340298 162
1739715166612 122.5606442457447 163
1739715166616 122.31789507609673 164
1739715166620 122.07562998280973 165
1739715166623 121.83384799619222 166
1739715166627 121.59254814850651 167
1739715166631 121.3517294739648 168
1739715166635 121.11139100872512 169
1739715166639 120.87153179088745 170
1739715166643 120.63215086048973 171
1739715166647 120.39324725950392 172
1739715166651 120.15482003183209 173
1739715166655 119.91686822330236 174
1739715166659 119.6793908816652 175
1739715166663 119.44238705658934 176
1739715166667 119.20585579965791 177
1739715166671 118.96979616436461 178
1739715166675 118.73420720610972 179
1739715166679 118.49908798219629 180
1739715166683 118.26443755182619 181
1739715166687 118.03025497609643 182
1739715166691 117.79653931799501 183
1739715166695 117.56328964239738 184
1739715166699 117.33050501606239 185
1739715166703 117.0981845076285 186
1739715166707 116.86632718761003 187
1739715166711 116.63493212839322 188
1739715166715 116.4039984042326 189
1739715166719 116.17352509124701 190
1739715166723 115.9435112674159 191
1739715166727 115.71395601257552 192
1739715166731 115.48485840841516 193
1739715166736 115.25621753847336 194
1739715166740 115.02803248813412 195
1739715166744 114.80030234462329 196
1739715166748 114.57302619700462 197
1739715166752 114.34620313617616 198
1739715166757 114.11983225486645 199
1739715166760 113.89391264763096 200
1739715166765 113.6684434108481 201
1739715166769 113.44342364271574 202
1739715166773 113.21885244324748 203
1739715166778 112.99472891426883 204
1739715166782 112.77105215941367 205
1739715166786 112.54782128412049 206
1739715166790 112.32503539562872 207
1739715166794 112.1026936029752 208
1739715166798 111.88079501699026 209
1739715166802 111.65933875029441 210
1739715166806 111.43832391729441 211
1739715166810 111.21774963417978 212
1739715166814 110.99761501891919 213
1739715166818 110.77791919125674 214
1739715166822 110.5586612727085 215
1739715166826 110.33984038655879 216
1739715166829 110.1214556578566 217
1739715166834 109.90350621341207 218
1739715166838 109.68599118179282 219
1739715166842 109.46890969332053 220
1739715166845 109.25226088006713 221
1739715166849 109.03604387585148 222
1739715166853 108.8202578162358 223
1739715166857 108.60490183852185 224
1739715166863 108.38997508174783 225
1739715166868 108.17547668668445 226
1739715166873 107.96140579583172 227
1739715166877 107.74776155341526 228
1739715166881 107.53454310538275 229
1739715166885 107.32174959940065 230
1739715166890 107.10938018485054 231
1739715166894 106.89743401282566 232
1739715166898 106.68591023612744 233
1739715166902 106.4748080092621 234
1739715166906 106.26412648843706 235
1739715166911 106.0538648315576 236
1739715166914 105.84402219822339 237
1739715166919 105.63459774972495 238
1739715166923 105.42559064904039 239
1739715166927 105.21700006083177 240
1739715166931 105.00882515144193 241
1739715166936 104.8010650888909 242
1739715166940 104.59371904287245 243
1739715166945 104.38678618475095 244
1739715166949 104.18026568755768 245
1739715166953 103.97415672598765 246
1739715166958 103.76845847639609 247
1739715166967 103.56317011679523 248
1739715166986 103.35829082685079 249
1739715166993 103.15381978787867 250
1739715166998 102.9497561828417 251
1739715167003 102.74609919634611 252
1739715167008 102.54284801463831 253
1739715167012 102.34000182560163 254
1739715167016 102.13755981875288 255
1739715167021 101.93552118523898 256
1739715167025 101.73388511783394 257
1739715167029 101.53265081093514 258
1739715167034 101.33181746056043 259
1739715167038 101.13138426434459 260
1739715167043 100.93135042153615 261
1739715167048 100.7317151329941 262
1739715167053 100.53247760118465 263
1739715167057 100.33363703017787 264
1739715167062 100.13519262564456 265
1739715167066 99.93714359485296 266
1739715167070 99.73948914666545 267
1739715167075 99.54222849153541 268
1739715167079 99.34536084150395 269
1739715167084 99.14888541019664 270
1739715167089 98.9528014128204 271
1739715167093 98.75710806616021 272
1739715167097 98.561804588576 273
1739715167103 98.36689019999928 274
1739715167112 98.17236412193013 275
1739715167117 97.97822557743402 276
1739715167122 97.7844737911385 277
1739715167126 97.59110798923004 278
1739715167130 97.39812739945111 279
1739715167135 97.20553125109674 280
1739715167141 97.01331877501148 281
1739715167145 96.82148920358628 282
1739715167150 96.63004177075538 283
1739715167154 96.43897571199307 284
1739715167158 96.24829026431065 285
1739715167162 96.05798466625335 286
1739715167167 95.86805815789712 287
1739715167171 95.67850998084562 288
1739715167176 95.48933937822704 289
1739715167180 95.30054559469112 290
1739715167184 95.11212787640588 291
1739715167188 94.92408547105481 292
1739715167193 94.73641762783353 293
1739715167197 94.54912359744695 294
1739715167201 94.36220263210602 295
1739715167205 94.17565398552479 296
1739715167209 93.98947691291738 297
1739715167213 93.80367067099488 298
1739715167216 93.61823451796232 299
1739715167220 93.43316771351567 300
1739715167225 93.24846951883885 301
1739715167229 93.0641391966006 302
1739715167233 92.88017601095162 303
1739715167237 92.6965792275215 304
1739715167241 92.51334811341563 305
1739715167245 92.3304819372124 306
1739715167249 92.14797996896006 307
1739715167253 91.96584148017381 308
1739715167257 91.78406574383288 309
1739715167262 91.60265203437739 310
1739715167266 91.4215996277056 311
1739715167270 91.24090780117082 312
1739715167274 91.0605758335785 313
1739715167278 90.88060300518333 314
1739715167282 90.70098859768623 315
1739715167286 90.52173189423146 316
1739715167290 90.34283217940374 317
1739715167294 90.16428873922524 318
1739715167299 89.98610086115276 319
1739715167303 89.80826783407477 320
1739715167307 89.63078894830853 321
1739715167311 89.45366349559714 322
1739715167315 89.27689076910684 323
1739715167319 89.10047006342383 324
1739715167323 88.92440067455172 325
1739715167326 88.74868189990836 326
1739715167333 88.57331303832322 327
1739715167338 88.39829339003437 328
1739715167343 88.22362225668574 329
1739715167348 88.04929894132421 330
1739715167353 87.87532274839671 331
1739715167357 87.70169298374759 332
1739715167362 87.52840895461557 333
1739715167367 87.35546996963106 334
1739715167372 87.18287533881325 335
1739715167376 87.01062437356735 336
1739715167381 86.83871638668184 337
1739715167385 86.66715069232554 338
1739715167389 86.49592660604488 339
1739715167394 86.32504344476118 340
1739715167399 86.15450052676775 341
1739715167403 85.98429717172722 342
1739715167407 85.81443270066868 343
1739715167412 85.64490643598494 344
1739715167416 85.47571770142984 345
1739715167420 85.30686582211541 346
1739715167424 85.13835012450916 347
1739715167429 84.9701699364313 348
1739715167433 84.80232458705211 349
1739715167438 84.63481340688902 350
1739715167442 84.46763572780415 351
1739715167446 84.3007908830013 352
1739715167451 84.13427820702344 353
1739715167455 83.96809703574993 354
1739715167460 83.8022467063938 355
1739715167464 83.63672655749916 356
1739715167468 83.47153592893828 357
1739715167472 83.30667416190916 358
1739715167477 83.14214059893271 359
1739715167481 82.97793458385009 360
1739715167486 82.81405546182 361
1739715167490 82.65050257931622 362
1739715167495 82.48727528412462 363
1739715167499 82.32437292534077 364
1739715167504 82.16179485336718 365
1739715167508 81.99954041991077 366
1739715167513 81.83760897798001 367
1739715167517 81.6759998818825 368
1739715167521 81.51471248722227 369
1739715167526 81.35374615089712 370
1739715167531 81.19310023109607 371
1739715167536 81.0327740872967 372
1739715167542 80.87276708026258 373
1739715167547 80.71307857204067 374
1739715167552 80.55370792595865 375
1739715167557 80.39465450662244 376
1739715167561 80.2359176799136 377
1739715167566 80.07749681298664 378
1739715167570 79.91939127426656 379
1739715167574 79.76160043344628 380
1739715167578 79.60412366148401 381
1739715167582 79.44696033060073 382
1739715167586 79.29010981427768 383
1739715167590 79.13357148725369 384
1739715167594 78.97734472552277 385
1739715167598 78.8214289063315 386
1739715167603 78.66582340817656 387
1739715167607 78.51052761080213 388
1739715167611 78.3555408951974 389
1739715167615 78.20086264359404 390
1739715167620 78.04649223946377 391
1739715167624 77.89242906751574 392
1739715167628 77.7386725136941 393
1739715167632 77.58522196517545 394
1739715167636 77.43207681036642 395
1739715167641 77.27923643890118 396
1739715167645 77.12670024163884 397
1739715167649 76.97446761066115 398
1739715167654 76.82253793926989 399
1739715167658 76.6709106219845 400
1739715167662 76.51958505453953 401
1739715167666 76.36856063388232 402
1739715167670 76.2178367581704 403
1739715167674 76.0674128267691 404
1739715167678 75.91728824024918 405
1739715167682 75.76746240038428 406
1739715167686 75.61793471014859 407
1739715167690 75.46870457371438 408
1739715167694 75.31977139644954 409
1739715167698 75.17113458491525 410
1739715167702 75.02279354686354 411
1739715167706 74.87474769123483 412
1739715167710 74.72699642815562 413
1739715167714 74.57953916893595 414
1739715167718 74.43237532606726 415
1739715167723 74.28550431321973 416
1739715167727 74.1389255452401 417
1739715167731 73.99263843814916 418
1739715167735 73.84664240913946 419
1739715167739 73.7009368765729 420
1739715167743 73.55552125997848 421
1739715167747 73.41039498004972 422
1739715167751 73.26555745864249 423
1739715167755 73.12100811877268 424
1739715167758 72.97674638461369 425
1739715167762 72.83277168149428 426
1739715167766 72.68908343589611 427
1739715167770 72.54568107545148 428
1739715167774 72.40256402894094 429
1739715167778 72.25973172629108 430
1739715167783 72.11718359857208 431
1739715167787 71.97491907799554 432
1739715167791 71.83293759791209 433
1739715167795 71.69123859280906 434
1739715167799 71.5498214983083 435
1739715167802 71.40868575116383 436
1739715167807 71.2678307892595 437
1739715167811 71.1272560516068 438
1739715167814 70.98696097834254 439
1739715167818 70.84694501072653 440
1739715167822 70.70720759113948 441
1739715167826 70.56774816308054 442
1739715167829 70.42856617116514 443
1739715167833 70.28966106112276 444
1739715167837 70.15103227979459 445
1739715167841 70.01267927513142 446
1739715167845 69.87460149619127 447
1739715167849 69.73679839313725 448
1739715167853 69.59926941723525 449
1739715167857 69.46201402085175 450
1739715167861 69.32503165745172 451
1739715167865 69.18832178159613 452
1739715167869 69.05188384894001 453
1739715167873 68.91571731623009 454
1739715167877 68.77982164130263 455
1739715167881 68.64419628308127 456
1739715167885 68.50884070157478 457
1739715167890 68.37375435787487 458
1739715167894 68.23893671415406 459
1739715167899 68.1043872336634 460
1739715167903 67.97010538073044 461
1739715167907 67.83609062075693 462
1739715167911 67.70234242021671 463
1739715167915 67.56886024665353 464
1739715167919 67.43564356867888 465
1739715167923 67.30269185596993 466
1739715167927 67.17000457926723 467
1739715167932 67.03758121037266 468
1739715167936 66.90542122214733 469
1739715167940 66.7735240885093 470
1739715167945 66.64188928443158 471
1739715167949 66.51051628593994 472
1739715167954 66.37940457011084 473
1739715167958 66.24855361506921 474
1739715167962 66.11796289998648 475
1739715167966 65.98763190507832 476
1739715167975 65.85756011160261 477
1739715167980 65.72774700185738 478
1739715167983 65.59819205917863 479
1739715167988 65.4688947679383 480
1739715167992 65.33985461354212 481
1739715167996 65.21107108242757 482
1739715168000 65.08254366206182 483
1739715168004 64.95427184093958 484
1739715168008 64.82625510858111 485
1739715168012 64.69849295553006 486
1739715168015 64.57098487335153 487
1739715168019 64.44373035462988 488
1739715168023 64.31672889296678 489
1739715168027 64.18997998297911 490
1739715168031 64.06348312029691 491
1739715168035 63.93723780156131 492
1739715168039 63.811243524422615 493
1739715168043 63.68549978753814 494
1739715168047 63.56000609057019 495
1739715168051 63.434761934184124 496
1739715168055 63.30976682004624 497
1739715168059 63.18502025082184 498
1739715168063 63.06052173017314 499
