1739717429002 0.0004349966087932534 0
1739717429029 0.3023387023956313 1
1739717429056 0.4603796782823052 2
1739717429084 0.2964165417292047 3
1739717429110 0.04875329567995472 4
1739717429136 0.07793125159013325 5
1739717429163 0.010579591748133456 6
1739717429203 0.006753170831240874 7
1739717429230 0.04890402688952451 8
1739717429257 0.0015756243005626415 9
1739717429283 0.3839979417267067 10
1739717429310 0.2924827287848088 11
1739717429336 0.26188841096551013 12
1739717429363 0.26441697677893833 13
1739717429389 0.11629378291851612 14
1739717429416 0.0018232508982924933 15
1739717429443 1.440608543773093 16
1739717429469 0.16922772500910338 17
1739717429497 0.04109374712424042 18
1739717429523 0.23340235977769389 19
1739717429549 0.06264368669868522 20
1739717429577 0.06532541361526681 21
1739717429604 0.06264323845478391 22
1739717429630 0.011218565362318552 23
1739717429656 0.03134222688080333 24
1739717429683 0.009792349279832994 25
1739717429710 0.280976519470307 26
1739717429736 0.37100318538239124 27
1739717429763 0.0007707549524704287 28
1739717429789 0.01036361546605785 29
1739717429816 0.317490884592619 30
1739717429843 0.015391046521217658 31
1739717429869 0.09647834915851329 32
1739717429896 0.03380136162197209 33
1739717429921 0.019003051463103954 34
1739717429947 0.008603044980144164 35
1739717429974 0.08974964494527131 36
1739717430001 0.31227673517369414 37
1739717430027 0.019964538049203704 38
1739717430054 0.6512131501292029 39
1739717430081 0.04453273597602117 40
1739717430108 0.14424875437998855 41
1739717430135 0.028660919422866596 42
1739717430161 0.11676171690192125 43
1739717430188 0.297357299626546 44
1739717430215 0.003018012861481877 45
1739717430241 0.11844585171874578 46
1739717430268 0.0415250560611936 47
1739717430295 0.02354992253560627 48
1739717430322 0.007703121740036369 49
1739717430349 0.29010969837494377 50
1739717430375 0.010192630646960832 51
1739717430402 0.020263156398361615 52
1739717430429 0.08044616229262007 53
1739717430455 0.0036516780262410603 54
1739717430482 0.30447145719503954 55
1739717430509 0.0726388747319728 56
1739717430535 0.069663591750075 57
1739717430561 0.009963349188111616 58
1739717430588 0.014558551776301608 59
1739717430615 8.647910682146003e-06 60
1739717430640 0.08212703358941224 61
1739717430667 0.06662559654611945 62
1739717430694 1.5708866337474667 63
1739717430721 0.3946398194835838 64
1739717430747 0.012248365470115999 65
1739717430773 0.0003926257236253677 66
1739717430800 0.13309306270746452 67
1739717430827 0.18405493383172797 68
1739717430853 0.5132052184758508 69
1739717430880 0.28007006450092314 70
1739717430907 0.26511872838636974 71
1739717430934 0.2578877248632883 72
1739717430961 2.870231243634899e-05 73
1739717430989 1.0064753610568726 74
1739717431016 0.012158492251165318 75
1739717431042 0.009147207962425135 76
1739717431069 0.18022703354466676 77
1739717431096 0.04135684158740953 78
1739717431123 0.020578086872239793 79
1739717431149 0.0217486353103922 80
1739717431175 0.17665513789994952 81
1739717431202 0.1434708107980526 82
1739717431229 0.25619686775301204 83
1739717431255 0.051931546034668506 84
1739717431282 0.0074163211922657814 85
1739717431309 0.037797198025654725 86
1739717431336 0.00023420801584343279 87
1739717431362 0.07957736980767567 88
1739717431388 0.03148671011149683 89
1739717431415 0.02072770347741704 90
1739717431441 0.12331808992955065 91
1739717431468 0.0757451046226593 92
1739717431495 0.05345560536218846 93
1739717431522 0.3376080181653739 94
1739717431550 0.02970813406338644 95
1739717431577 0.1011950942397513 96
1739717431605 0.016409534413481454 97
1739717431631 0.05743721069139771 98
1739717431658 0.08584698525475601 99
1739717431685 0.05218224308279486 100
1739717431712 0.6223351875287997 101
1739717431738 0.3058589503902996 102
1739717431764 0.013804695533227569 103
1739717431791 0.018094768292057667 104
1739717431817 5.3357641260096514e-05 105
1739717431844 0.19185699313316776 106
1739717431871 0.31930260181348763 107
1739717431898 0.02468641795137597 108
1739717431924 0.1133637800059266 109
1739717431951 0.10983349716105563 110
1739717431978 0.568821520009121 111
1739717432005 0.3162572891768971 112
1739717432032 0.0353753001026225 113
1739717432058 0.04607126660452793 114
1739717432085 0.06994612476821344 115
1739717432112 0.011578169012365429 116
1739717432138 0.028191821701697747 117
1739717432164 0.0005665024561528505 118
1739717432190 0.05686033066258485 119
1739717432217 0.0006041033996845104 120
1739717432243 0.8131643848180531 121
1739717432269 0.1029703397838731 122
1739717432296 0.015074672521870223 123
1739717432322 0.15281118197292232 124
1739717432349 0.0938093223542923 125
1739717432375 0.22385194310476506 126
1739717432402 0.057747716448653515 127
1739717432429 0.3050508811343731 128
1739717432456 0.47389877989488766 129
1739717432482 0.5820557900979487 130
1739717432509 0.3755594238211045 131
1739717432536 0.13653133611749846 132
1739717432562 0.3098717861580435 133
1739717432589 0.008929015131972135 134
1739717432616 0.04107165363747486 135
1739717432643 0.0008280551282167364 136
1739717432669 2.0094515730357716 137
1739717432696 0.0001420436249262821 138
1739717432722 0.0018816256992679036 139
1739717432749 0.0004186829471261746 140
1739717432775 0.012152627193657218 141
1739717432802 0.3089774098118729 142
1739717432829 0.043579056327011555 143
1739717432856 0.03702247866786318 144
1739717432882 0.008003594081490484 145
1739717432909 0.08157835554399402 146
1739717432936 0.19872011436651243 147
1739717432962 0.694817850542178 148
1739717432989 0.01411809552181068 149
1739717433016 0.0005392728460835305 150
1739717433042 0.3853874844985936 151
1739717433069 1.7401069968010712 152
1739717433096 0.05780087170200514 153
1739717433125 0.32134187560253086 154
1739717433151 0.370072493772873 155
1739717433178 0.1046285201850064 156
1739717433205 0.01195403017838165 157
1739717433232 0.5787261425004717 158
1739717433258 0.1551346429974573 159
1739717433285 0.00368682116871018 160
1739717433311 0.013389980130134958 161
1739717433338 0.570881318137565 162
1739717433365 0.4029656698262977 163
1739717433391 1.0708235202381675 164
1739717433418 0.020953569858487165 165
1739717433445 0.016988317881711495 166
1739717433471 0.006903664462471276 167
1739717433498 0.039432886220456556 168
1739717433525 0.08535699834976461 169
1739717433552 0.0907733138432 170
1739717433578 0.015168406802901442 171
1739717433606 0.1653873493770439 172
1739717433633 0.008514274786241083 173
1739717433660 0.7875603702364583 174
1739717433687 0.0027667063943126154 175
1739717433714 6.157526212569394e-06 176
1739717433740 0.45673019887650557 177
1739717433767 0.44628185629685535 178
1739717433793 0.2918357500320003 179
1739717433820 2.4411561912469766e-06 180
1739717433846 0.033677049579826174 181
1739717433873 0.8559487370283735 182
1739717433914 2.2935211467180903 183
1739717433966 0.19199113377869007 184
1739717433993 0.3644692097491948 185
1739717434020 0.0001421878764497169 186
1739717434046 0.12213173927114107 187
1739717434073 0.8557606057920739 188
1739717434099 0.029174217389131934 189
1739717434126 0.10534068937438952 190
1739717434153 0.1395045705521259 191
1739717434179 0.0020961682608805327 192
1739717434205 0.002185493115256708 193
1739717434232 0.3513456751753776 194
1739717434258 0.14795032880287493 195
1739717434284 0.037512112323902655 196
1739717434310 0.036538443056576574 197
1739717434337 1.3800414937459426 198
1739717434363 0.13766828019262162 199
1739717434389 0.31776687432045125 200
1739717434415 0.796271609641402 201
1739717434442 0.1513728891917594 202
1739717434468 0.28590617985186634 203
1739717434494 0.15823322774531556 204
1739717434520 1.4308228216733245 205
1739717434547 0.17657121627390107 206
1739717434573 0.048433321915406634 207
1739717434599 0.05232675851272928 208
1739717434626 0.5933688803533202 209
1739717434652 0.008343225689802083 210
1739717434679 0.0027058968237465867 211
1739717434705 0.26742135572009934 212
1739717434732 0.016336651323640042 213
1739717434758 0.0024157884215217237 214
1739717434785 0.0008198627044150964 215
1739717434811 0.6042765903176681 216
1739717434838 0.0469977025312079 217
1739717434864 0.2556986351910497 218
1739717434890 0.5446669117492895 219
1739717434917 0.15629319136130226 220
1739717434943 9.012616938746772e-06 221
1739717434969 0.08498003256999351 222
1739717434996 0.07043206875770808 223
1739717435023 0.4693924516750052 224
1739717435049 0.02287184435934113 225
1739717435076 0.0015258214261427573 226
1739717435103 0.12702263366487504 227
1739717435131 0.10103701027903413 228
1739717435158 0.2184428491395481 229
1739717435184 0.08786562077877902 230
1739717435211 0.019966521174056076 231
1739717435238 0.0007480604382372616 232
1739717435264 0.02359044139732958 233
1739717435291 0.12725772659330137 234
1739717435317 0.6392811779455501 235
1739717435344 4.160355451887106e-06 236
1739717435370 0.12137554167585517 237
1739717435397 0.029359880310663375 238
1739717435423 0.1273353399536728 239
1739717435450 0.03667638465004985 240
1739717435476 0.002769428016482579 241
1739717435503 0.032374841579786255 242
1739717435530 0.043489106173162276 243
1739717435557 0.17192699435960518 244
1739717435584 0.031359832844356 245
1739717435611 0.27027680619451855 246
1739717435638 0.08341280756455415 247
1739717435664 0.4176703291674538 248
1739717435691 0.05216255921471453 249
1739717435718 0.5347125101624269 250
1739717435744 0.0773561177716533 251
1739717435772 0.16433062564948459 252
1739717435799 0.0026811183512521547 253
1739717435826 0.15377385398634594 254
1739717435852 0.056160176518240346 255
1739717435878 0.0020874670496774743 256
1739717435905 0.29053038607047843 257
1739717435931 0.00025766096226981114 258
1739717435958 0.09420185651867442 259
1739717435985 0.03422384223278906 260
1739717436011 0.5048015289865639 261
1739717436037 0.7284825666994967 262
1739717436064 0.0076643737954026755 263
1739717436090 0.03398282920289305 264
1739717436117 0.12571674141588035 265
1739717436143 0.01171276577236411 266
1739717436170 1.1498972039466047 267
1739717436196 0.22523040756111384 268
1739717436223 0.21467501521480506 269
1739717436250 0.05406191030626693 270
1739717436276 0.0727462409922091 271
1739717436303 0.06572107729062789 272
1739717436330 0.014252361163923739 273
1739717436356 1.4009863682226162 274
1739717436382 0.47484783863406804 275
1739717436408 1.335138126360591 276
1739717436434 0.032606006166493805 277
1739717436461 0.015335714988907637 278
1739717436487 0.7100835886598235 279
1739717436514 0.7879054767735418 280
1739717436540 0.09152715540029717 281
1739717436567 0.01855119399429211 282
1739717436594 0.22815403786204255 283
1739717436620 0.002592473773955386 284
1739717436647 0.002994004868027829 285
1739717436673 0.00531274986497612 286
1739717436700 0.013998575470812156 287
1739717436726 0.12054333157320081 288
1739717436754 0.07037134612501589 289
1739717436780 0.003791081500075774 290
1739717436807 0.013898280162046887 291
1739717436833 0.028389419783130476 292
1739717436860 0.886946918778638 293
1739717436886 0.26508504401883076 294
1739717436912 0.0015109347198974264 295
1739717436939 0.1996509724929613 296
1739717436965 0.06256887827852955 297
1739717436992 0.025871837066268298 298
1739717437018 0.41098146668640956 299
1739717437044 0.03649725167798509 300
1739717437071 0.14906995174273305 301
1739717437098 0.00026232165236192906 302
1739717437124 0.09383272548417312 303
1739717437151 0.14116607956041824 304
1739717437177 0.1216669013882623 305
1739717437204 0.5945715901346402 306
1739717437231 0.00760522254519025 307
1739717437257 0.0004622508963290957 308
1739717437284 0.22312213458913083 309
1739717437310 0.24336764543189765 310
1739717437336 0.0002447297050858315 311
1739717437363 0.44492727625503514 312
1739717437390 0.2549644647778211 313
1739717437416 0.02135526016710821 314
1739717437443 1.0638336242681636 315
1739717437470 0.0006275275714725901 316
1739717437496 0.04640285952626581 317
1739717437523 0.4158665134486971 318
1739717437550 0.11313973123874803 319
1739717437576 0.11050816998901662 320
1739717437603 0.09614161291181536 321
1739717437629 0.028763078995196194 322
1739717437656 0.3216575487973052 323
1739717437683 0.3970396232628749 324
1739717437710 0.11770563684859629 325
1739717437737 0.1894641217816326 326
1739717437764 0.21168055618748136 327
1739717437790 0.2229282901189046 328
1739717437817 0.015026827017894815 329
1739717437844 0.3944134445570382 330
1739717437870 0.012703886480659897 331
1739717437897 0.012361409645887665 332
1739717437924 0.17119927326966144 333
1739717437951 0.10191998661312174 334
1739717437978 0.11801672403847432 335
1739717438004 0.16847600056799805 336
1739717438031 0.28589450317678783 337
1739717438058 0.046598872700119254 338
1739717438084 0.00784148288091478 339
1739717438111 0.01763228023843986 340
1739717438138 0.035047180552408325 341
1739717438164 0.02071707384413239 342
1739717438191 0.1136943729829165 343
1739717438217 0.2581316325710451 344
1739717438243 0.6219449183979733 345
1739717438270 0.3480812418643521 346
1739717438296 0.014401039906816102 347
1739717438323 0.1959421825544312 348
1739717438349 0.397015696131614 349
1739717438376 0.012997536876710247 350
1739717438403 0.0009405488927722199 351
1739717438437 0.01899554388426712 352
1739717438464 0.10342442944205636 353
1739717438491 0.01715929023004518 354
1739717438517 0.06117285363857725 355
1739717438543 0.1766188770551726 356
1739717438570 0.6011710801042368 357
1739717438597 0.2549669870145628 358
1739717438624 0.06757730826421829 359
1739717438651 0.010759446410500043 360
1739717438678 0.1611463309278168 361
1739717438704 0.8815966437234733 362
1739717438731 0.2950591659586147 363
1739717438757 0.9736698061644045 364
1739717438784 0.020914215088063987 365
1739717438811 0.3450080039188414 366
1739717438837 0.04175991931704014 367
1739717438864 0.005217410489949062 368
1739717438891 0.4181554052650073 369
1739717438918 0.47071783880501267 370
1739717438944 0.005942249600722229 371
1739717438971 0.0726404891205057 372
1739717438998 0.05816358561663621 373
1739717439024 0.1270929516753154 374
1739717439051 0.22943652561238734 375
1739717439078 0.5724681835582456 376
1739717439105 0.04009289135818328 377
1739717439132 0.5335146237625036 378
1739717439158 0.1960443234686461 379
1739717439186 0.5707794153125919 380
1739717439213 0.016555391858865565 381
1739717439240 0.1833894739497529 382
1739717439268 0.03871390889011553 383
1739717439295 0.023776940004976325 384
1739717439321 1.164376037336387 385
1739717439347 0.014011926250370432 386
1739717439374 0.16646395726641 387
1739717439401 0.05645362921375018 388
1739717439428 0.005816381667563754 389
1739717439454 0.11501945591636933 390
1739717439481 0.8278374669753581 391
1739717439508 0.3010299245406289 392
1739717439534 0.00904651135735765 393
1739717439561 0.06920918613690469 394
1739717439589 0.02966970922998625 395
1739717439615 0.0022434713889345212 396
1739717439642 0.19761483584014947 397
1739717439669 0.5760422131324661 398
1739717439696 0.403821441306561 399
1739717439722 0.25252158454076024 400
1739717439749 0.00030678040618106024 401
1739717439776 1.089446321124835 402
1739717439802 0.0034735908689841246 403
1739717439828 0.01498555717085188 404
1739717439855 0.14901490040612897 405
1739717439881 0.0009080135045949936 406
1739717439909 0.008775902278900434 407
1739717439936 0.11585501482549758 408
1739717439962 1.052782805557325 409
1739717439989 0.43782022760802686 410
1739717440016 0.4453910404233009 411
1739717440043 0.006429869080188839 412
1739717440069 0.0035989610701051907 413
1739717440096 9.786856815053949e-05 414
1739717440123 0.025513479199027335 415
1739717440150 0.07123511347668435 416
1739717440176 0.46206608976544405 417
1739717440202 0.024747485747086146 418
1739717440229 0.19546559762567742 419
1739717440255 0.03738543282557344 420
1739717440281 1.2883371664672684e-07 421
1739717440309 0.2678175102645315 422
1739717440335 1.0837775236655312 423
1739717440361 0.05284518787746567 424
1739717440388 0.15204345732398922 425
1739717440415 0.00318791775448013 426
1739717440441 0.0007890061208477394 427
1739717440468 0.003031561401549741 428
1739717440494 2.8054681729250287e-05 429
1739717440521 0.08348903551031077 430
1739717440547 0.5483464804969049 431
1739717440573 0.032402681708120454 432
1739717440600 0.06982229926309773 433
1739717440626 0.23145296705895785 434
1739717440653 0.25234384764220025 435
1739717440679 0.0004446637508601042 436
1739717440706 0.0013228238962828187 437
1739717440732 0.0876968590248824 438
1739717440759 0.02887241339242058 439
1739717440785 0.024733525470215185 440
1739717440812 0.02072619155074239 441
1739717440838 0.09476735733224849 442
1739717440865 0.14485969328955478 443
1739717440891 0.01244608855041471 444
1739717440918 0.0719048615647268 445
1739717440944 0.03669148527233172 446
1739717440971 0.06302535459827698 447
1739717440997 0.37217943234446355 448
1739717441024 0.4561174070100644 449
1739717441051 0.014536390735839367 450
1739717441077 0.35644942428750503 451
1739717441105 0.028661124178532987 452
1739717441131 0.07853257825741847 453
1739717441158 0.4746054631356741 454
1739717441185 0.10426676571983823 455
1739717441212 0.20524807847606835 456
1739717441238 0.008501078157892212 457
1739717441264 0.00514322127899639 458
1739717441291 4.033200607530771 459
1739717441318 0.8656919556031373 460
1739717441345 0.04929421145471784 461
1739717441371 0.07428682557435769 462
1739717441398 0.3154750009348244 463
1739717441425 0.08539936025965846 464
1739717441452 0.0351212884727178 465
1739717441478 0.43443149539768017 466
1739717441505 0.02603019826558601 467
1739717441532 0.8746196015472156 468
1739717441558 0.5385637756600152 469
1739717441585 0.7055594610584154 470
1739717441612 0.0610775507825568 471
1739717441638 0.3033975653619022 472
1739717441664 0.021481705100435566 473
1739717441691 0.4063015990474708 474
1739717441718 0.28123230572588076 475
1739717441745 0.38888983381535497 476
1739717441772 1.663044610902441 477
1739717441799 0.04400613376232229 478
1739717441826 0.25747512687662744 479
1739717441852 0.2003593905826812 480
1739717441879 0.11049374228706386 481
1739717441906 0.3184320362042278 482
1739717441933 0.0004442333710960403 483
1739717441959 0.3814390962690699 484
1739717441986 0.040885061435414476 485
1739717442012 0.05841288682751926 486
1739717442039 3.5194063361000437e-06 487
1739717442066 6.720309533035091e-07 488
1739717442092 0.0027773174693112614 489
1739717442119 0.0069343274770943646 490
1739717442147 0.5690912378262788 491
1739717442173 0.1159444210335516 492
1739717442199 0.01846444672398848 493
1739717442225 0.0862045624792304 494
1739717442251 0.07561818895463386 495
1739717442277 0.10359247819290121 496
1739717442304 0.0162030046468763 497
1739717442331 0.07487375226495963 498
1739717442357 0.2846690567718151 499
