1739717575413 0.05740674989044643 0
1739717575440 0.11071279431673665 1
1739717575468 0.017474347600227223 2
1739717575495 0.03379799796962191 3
1739717575522 0.12279779541920897 4
1739717575550 0.030736307421452124 5
1739717575577 0.5098482412807904 6
1739717575606 0.008117424154442953 7
1739717575633 0.2590331399159176 8
1739717575659 0.9693457642751216 9
1739717575687 0.12678430547758268 10
1739717575714 0.003930373800332392 11
1739717575743 0.0054251364371837646 12
1739717575771 0.2283327539031895 13
1739717575798 0.3449106843185442 14
1739717575825 0.00013122866651979424 15
1739717575853 0.8427832724733798 16
1739717575879 0.0053514330154049135 17
1739717575906 0.3353649086295917 18
1739717575933 0.018893398589800596 19
1739717575960 0.0208370024803537 20
1739717575986 0.09156819609023593 21
1739717576013 8.096976799809095e-07 22
1739717576039 0.12771441083620064 23
1739717576067 0.30898850631333064 24
1739717576094 0.04497156045381954 25
1739717576121 0.000439554528023789 26
1739717576148 0.21622817607074368 27
1739717576175 0.4344250747020698 28
1739717576202 0.04863691438061065 29
1739717576230 0.08265454940295197 30
1739717576257 0.0033319239703197318 31
1739717576285 0.11836805913122135 32
1739717576312 0.015664640557571944 33
1739717576340 0.03437536296113567 34
1739717576368 0.21915188113361234 35
1739717576396 0.2693935430195019 36
1739717576424 0.026455228069360917 37
1739717576451 0.1058513855764786 38
1739717576479 0.11418136412248467 39
1739717576505 0.001249388724429162 40
1739717576532 0.05290481950684472 41
1739717576559 0.11307982864861447 42
1739717576586 5.8726473526194574e-05 43
1739717576612 0.07985629690966689 44
1739717576640 0.001282132452091817 45
1739717576666 0.08881742579157004 46
1739717576693 0.30549311939593554 47
1739717576720 0.13956628813353547 48
1739717576747 0.3185987194529451 49
1739717576774 0.019992712930753664 50
1739717576801 0.0800338849024392 51
1739717576827 0.019675963684799402 52
1739717576854 0.2562408438154661 53
1739717576881 0.2663695350935678 54
1739717576908 0.2012512622032751 55
1739717576935 0.07353710220049091 56
1739717576963 0.5135575193002265 57
1739717576990 0.19983402531834002 58
1739717577016 0.09715017143068722 59
1739717577047 0.09350656965388805 60
1739717577077 0.008405464789057526 61
1739717577107 0.1414225339084559 62
1739717577135 0.1294528666886437 63
1739717577162 0.10302794333693008 64
1739717577190 0.005792624389136576 65
1739717577218 0.09408479214914187 66
1739717577246 0.005187805112211959 67
1739717577274 0.32246843292050703 68
1739717577302 0.9305317072350789 69
1739717577330 0.42346188003900004 70
1739717577359 0.13875027763669698 71
1739717577388 0.0068922897349720505 72
1739717577417 0.017747484238395235 73
1739717577445 0.03267597287739176 74
1739717577473 0.06771644169112828 75
1739717577501 0.0009702509404600446 76
1739717577528 0.003692711431542766 77
1739717577554 0.07312896409691086 78
1739717577581 0.6771552366810687 79
1739717577608 0.02767327314234252 80
1739717577635 0.030581403381342277 81
1739717577661 0.00922213261503267 82
1739717577689 0.015804844541681157 83
1739717577716 0.19306871988023008 84
1739717577743 0.14223919411753122 85
1739717577771 0.04507199379222716 86
1739717577797 0.028611060307218213 87
1739717577824 1.0862096610248968 88
1739717577850 0.03125353854420408 89
1739717577878 0.1999342541123513 90
1739717577904 0.02505037286582144 91
1739717577931 0.018540715680770738 92
1739717577958 0.12962455571134388 93
1739717577985 0.03990586046406285 94
1739717578011 0.26986157714054587 95
1739717578038 0.03324969204679858 96
1739717578065 0.049399252584076694 97
1739717578092 0.06293225084958413 98
1739717578119 0.016606540228951597 99
1739717578146 0.0022069118055354072 100
1739717578172 0.05125094488451181 101
1739717578201 0.003276864208672173 102
1739717578232 0.12936827507695098 103
1739717578263 0.022094857440576866 104
1739717578294 0.02736232674638311 105
1739717578325 0.0030965624673786815 106
1739717578355 0.008057445647781781 107
1739717578386 0.0004944134423405762 108
1739717578416 0.0006373996142313187 109
1739717578447 0.08439168975173943 110
1739717578478 0.020021631619900993 111
1739717578509 0.06668184894481333 112
1739717578541 0.012607093128398032 113
1739717578573 0.006453159590827451 114
1739717578603 0.00019531767952227469 115
1739717578630 0.002179933980822071 116
1739717578657 0.004350816466799356 117
1739717578684 0.008565753097180105 118
1739717578712 0.0770620877983858 119
1739717578739 0.03643410989018886 120
1739717578766 2.4463012045202364 121
1739717578793 0.02328363768267652 122
1739717578820 0.7854899637838771 123
1739717578847 0.04481942960780751 124
1739717578874 0.0032821618923611256 125
1739717578901 0.005787064752708951 126
1739717578927 0.015392416058988263 127
1739717578954 0.04463575716357421 128
1739717578980 0.028128803950147465 129
1739717579007 0.057532456609988306 130
1739717579036 0.25673549412816843 131
1739717579066 0.1380382793068411 132
1739717579096 0.742941655785761 133
1739717579126 0.13950248092687856 134
1739717579157 0.0007681422632962544 135
1739717579188 0.14420996730134988 136
1739717579219 0.3061849543952996 137
1739717579258 0.0255516849278343 138
1739717579292 0.42707580079246715 139
1739717579331 0.0023973483227576046 140
1739717579362 0.14005343603332887 141
1739717579393 0.06157957485170704 142
1739717579424 0.013271682031069263 143
1739717579455 0.023764384220366867 144
1739717579484 0.20957591713009474 145
1739717579512 0.18402479440483802 146
1739717579539 0.06784429225725104 147
1739717579566 0.02753117465397113 148
1739717579593 0.003014185105427475 149
1739717579621 0.6318999791530827 150
1739717579648 0.3943491913332194 151
1739717579675 9.060382265472471e-05 152
1739717579702 0.25820172712603934 153
1739717579729 0.3023989304003481 154
1739717579757 0.3343399642397535 155
1739717579784 0.007814842456615652 156
1739717579811 0.05971697528913706 157
1739717579837 0.00039744583520060617 158
1739717579863 0.0017049604147333704 159
1739717579890 0.03186692042872367 160
1739717579916 0.01115146227142048 161
1739717579944 0.0044308579082427725 162
1739717579974 0.0007535300160907613 163
1739717580003 0.44466774569871853 164
1739717580033 0.07299945988299573 165
1739717580063 0.21705454919206305 166
1739717580094 0.9464355873079404 167
1739717580123 0.08814752709566699 168
1739717580151 0.25156693528272667 169
1739717580179 0.12168331357705174 170
1739717580206 0.08709895178897856 171
1739717580233 0.012983879175187679 172
1739717580260 0.02025962441316345 173
1739717580288 0.043091954741037455 174
1739717580316 0.07498512092584962 175
1739717580342 0.09000606821200181 176
1739717580370 0.05290497713131109 177
1739717580397 0.05632710837839457 178
1739717580425 0.28980552980275553 179
1739717580452 0.014179793342217929 180
1739717580479 0.02466194617001373 181
1739717580506 0.00133134926315902 182
1739717580534 0.0012132936815104861 183
1739717580561 0.0037429100605957315 184
1739717580588 0.2390598801308134 185
1739717580615 0.017761436064577456 186
1739717580642 0.1324127237732177 187
1739717580670 0.016383320992971514 188
1739717580701 0.14675857116173163 189
1739717580730 0.18077194534078136 190
1739717580756 0.44287728266558984 191
1739717580783 0.03843730077407181 192
1739717580811 4.4433497311120046e-05 193
1739717580838 0.0180031306523944 194
1739717580864 1.2962813781173579 195
1739717580891 0.09315982356765204 196
1739717580919 0.0019068773901662949 197
1739717580946 0.4777363025122667 198
1739717580973 0.007101976312913267 199
1739717581000 0.04523298542920845 200
1739717581028 0.17710932070467128 201
1739717581056 3.661188653334309e-05 202
1739717581084 0.24137944441145012 203
1739717581114 0.148398895578896 204
1739717581144 0.19516621802934975 205
1739717581175 7.018072768764564e-05 206
1739717581205 0.010848724651223695 207
1739717581234 0.1369234740787692 208
1739717581263 0.0007002455707538407 209
1739717581292 0.13550247549262737 210
1739717581320 0.47512749033154156 211
1739717581348 0.3963311926550078 212
1739717581377 0.08914705449337788 213
1739717581405 0.09329779691776391 214
1739717581434 0.15746498887878033 215
1739717581462 0.25920358229181195 216
1739717581491 0.002237370433228705 217
1739717581520 0.002848095659986547 218
1739717581549 0.3619603977491358 219
1739717581578 0.00011372766439763075 220
1739717581606 0.16566254605758485 221
1739717581635 0.01978310673597291 222
1739717581663 0.003946126074189039 223
1739717581692 0.011550906107519705 224
1739717581721 0.29670259725470804 225
1739717581749 0.08196393089928417 226
1739717581777 0.13234690725377388 227
1739717581804 0.0006556995152159174 228
1739717581831 0.11448698527303962 229
1739717581859 0.5022410147750849 230
1739717581886 0.00014155104451399618 231
1739717581913 0.3094876354017937 232
1739717581941 0.0009993603454740325 233
1739717581969 0.08330702070859236 234
1739717581998 0.01650128629052656 235
1739717582026 6.441322165124985e-05 236
1739717582054 0.14146355516500428 237
1739717582083 0.21973591848629803 238
1739717582111 0.057789151359960905 239
1739717582140 0.14172920000131414 240
1739717582168 0.0003018472524999494 241
1739717582196 0.2406444091992849 242
1739717582225 0.2217684981351497 243
1739717582252 0.013576157963075283 244
1739717582280 0.6335658485867013 245
1739717582307 0.001786810310091708 246
1739717582335 0.040505834557590985 247
1739717582362 0.14490275023508084 248
1739717582389 0.03186292295505572 249
1739717582416 0.11856064087099734 250
1739717582445 0.3506387821687037 251
1739717582473 0.016351611163930687 252
1739717582502 0.2807885639713063 253
1739717582531 0.034259047164597524 254
1739717582559 0.0076086618923468735 255
1739717582587 0.005523044792157584 256
1739717582616 0.9017411015581711 257
1739717582645 0.004355142661982822 258
1739717582673 0.01410497402564603 259
1739717582702 0.009439495764963713 260
1739717582732 0.000918290902645243 261
1739717582760 0.033262466245613284 262
1739717582791 0.2826827207501466 263
1739717582820 0.007602303959740526 264
1739717582849 0.015887743569899467 265
1739717582878 0.24215484849584573 266
1739717582909 0.0070964022692794875 267
1739717582938 0.11445285107299544 268
1739717582968 0.2758679492085318 269
1739717582997 0.0007019208868331174 270
1739717583026 1.032957247832852e-05 271
1739717583055 0.005343520137972028 272
1739717583085 0.14535560092954505 273
1739717583114 0.1858177166903075 274
1739717583142 0.0024894647670370236 275
1739717583170 0.08994374018136482 276
1739717583198 0.07391762868071351 277
1739717583226 0.06717183103290955 278
1739717583254 0.01637658122476645 279
1739717583282 0.03603432486107241 280
1739717583309 0.04376118672058616 281
1739717583336 1.673114571144697 282
1739717583363 0.11011506897440215 283
1739717583390 0.0068331648200516786 284
1739717583417 0.2741303578565466 285
1739717583445 0.015185735974519025 286
1739717583472 0.045840352364166406 287
1739717583499 1.0848132881596122 288
1739717583526 0.015731452419711984 289
1739717583553 0.021450097207645374 290
1739717583581 0.36934515087017816 291
1739717583608 0.02837886350607108 292
1739717583636 0.041199673170769904 293
1739717583663 0.019811390007144998 294
1739717583691 0.09612052630861835 295
1739717583718 0.006065278416103172 296
1739717583746 0.0483690827580661 297
1739717583773 0.8389443756237334 298
1739717583800 0.09726503819469781 299
1739717583827 0.0014076039064127833 300
1739717583855 0.03256617353986672 301
1739717583882 0.23339662660772872 302
1739717583909 0.01024558507614501 303
1739717583936 0.0017629018452692581 304
1739717583992 0.08752458006877811 305
1739717584023 0.06719500586376638 306
1739717584051 0.0034884019468110943 307
1739717584079 0.07529875175863737 308
1739717584106 0.008424729738569996 309
1739717584133 0.0628324149752682 310
1739717584160 0.24005555260898204 311
1739717584187 0.02717963993234575 312
1739717584213 0.22753384005364466 313
1739717584240 0.0009966455505735722 314
1739717584267 0.015242894548454938 315
1739717584294 0.011989618946812036 316
1739717584321 0.052177800572537375 317
1739717584349 0.06705583187456356 318
1739717584377 0.13032125779878131 319
1739717584404 0.18624383835638753 320
1739717584431 0.9963014334190845 321
1739717584458 0.0012297760717223658 322
1739717584485 1.1148882130941076 323
1739717584512 0.28873760190413894 324
1739717584539 0.03028681996515523 325
1739717584566 0.0025901801534067397 326
1739717584593 0.10005480684659977 327
1739717584620 0.00032006871242512406 328
1739717584647 0.0006057586056681021 329
1739717584674 0.0006364199608104356 330
1739717584701 0.110512248952945 331
1739717584728 0.3893372469352022 332
1739717584755 0.14287561535892995 333
1739717584782 0.05626337915592784 334
1739717584809 0.007903721280541053 335
1739717584835 0.003925242470006637 336
1739717584862 0.6485795200332353 337
1739717584889 1.3257393231873762 338
1739717584918 0.25434616086981665 339
1739717584946 0.03035577262256942 340
1739717584973 0.013132539857753887 341
1739717585001 0.004373713555492109 342
1739717585029 4.3324504929836395e-07 343
1739717585057 0.1664980485484609 344
1739717585084 0.0585964901496082 345
1739717585111 0.23182727974108774 346
1739717585138 0.015910699041609737 347
1739717585165 1.5051431348629376 348
1739717585193 0.005233667525532466 349
1739717585220 0.08514193393609044 350
1739717585247 0.03223580822998535 351
1739717585275 0.10341611499814532 352
1739717585302 0.14481710296503003 353
1739717585329 0.332386541184226 354
1739717585356 0.012694391735754974 355
1739717585384 0.18496688726308388 356
1739717585410 0.1924406962946736 357
1739717585438 0.12831686424438618 358
1739717585466 0.01862933052309783 359
1739717585494 0.19198444550792432 360
1739717585521 0.05924306010523765 361
1739717585549 0.22319886294092767 362
1739717585576 0.013386178486244321 363
1739717585602 0.025993879802380052 364
1739717585629 0.5962999744436789 365
1739717585669 0.09374890165428111 366
1739717585696 0.3572291626700837 367
1739717585724 0.19649130633047449 368
1739717585750 0.9653395202135505 369
1739717585779 0.0054658661823274324 370
1739717585807 0.017321091328900442 371
1739717585835 0.03999372370802752 372
1739717585863 0.052823026692768754 373
1739717585892 0.0015654767869376562 374
1739717585921 0.07510827607951882 375
1739717585949 0.007229903074173515 376
1739717585978 0.09091153873238117 377
1739717586006 0.0971100524403596 378
1739717586034 0.10898993204567628 379
1739717586062 0.00010920468865863835 380
1739717586090 0.022719645082389096 381
1739717586118 0.0497642069440495 382
1739717586146 0.1253799185637809 383
1739717586175 0.3316022188944139 384
1739717586202 0.051943615224583725 385
1739717586230 0.03859457741623056 386
1739717586258 0.19402185248944684 387
1739717586290 0.02764535213448055 388
1739717586320 0.46250783325869094 389
1739717586350 0.01773727945533215 390
1739717586380 0.13849404684722827 391
1739717586409 0.17656253117704365 392
1739717586439 0.0345984052893727 393
1739717586469 0.10735598359805668 394
1739717586498 0.0019114817055785826 395
1739717586527 7.39492221505988e-05 396
1739717586555 0.009280434248673886 397
1739717586587 0.49599994933210406 398
1739717586616 0.1795160858651561 399
1739717586646 0.07158364242024354 400
1739717586674 0.00834259363604035 401
1739717586703 0.0005836105058732288 402
1739717586731 0.04024806893191771 403
1739717586758 0.23767460430804074 404
1739717586786 0.3240826685611621 405
1739717586813 0.04182695184332609 406
1739717586840 0.03597797976270664 407
1739717586867 0.026595206391229326 408
1739717586894 1.236823118024101e-07 409
1739717586921 1.196003834641937 410
1739717586949 0.027145018666440063 411
1739717586976 0.06176376486628926 412
1739717587003 0.02563550534128192 413
1739717587031 0.015927336662617666 414
1739717587059 1.3723942470729016e-06 415
1739717587086 0.4142546225798259 416
1739717587114 0.0013364386199667053 417
1739717587141 0.3536976370792529 418
1739717587168 0.03055375940570389 419
1739717587195 0.2303636049738083 420
1739717587222 0.03557705201336937 421
1739717587250 0.004437727012231542 422
1739717587277 0.1287195948813769 423
1739717587304 0.0934415271202977 424
1739717587331 0.005584531151496893 425
1739717587357 0.10797550753727216 426
1739717587385 0.0037254085990389703 427
1739717587412 0.018721774759645638 428
1739717587439 0.3119343111355794 429
1739717587467 0.004104315979716679 430
1739717587494 0.00016054983962577365 431
1739717587522 4.0919726829929866e-05 432
1739717587549 8.429166022612577e-05 433
1739717587577 0.0002996977714800634 434
1739717587604 0.021911423871220262 435
1739717587632 0.03728305012194812 436
1739717587660 0.6462637065169746 437
1739717587689 0.14444439781767823 438
1739717587716 0.20188330525872514 439
1739717587742 0.06763964178415302 440
1739717587769 0.060743367112037275 441
1739717587797 0.07230504894770871 442
1739717587825 0.0010082187070875775 443
1739717587853 0.29409020655699186 444
1739717587881 0.09875382150649743 445
1739717587908 0.002390435462016585 446
1739717587937 0.1249968289182546 447
1739717587966 0.013950393336578125 448
1739717587995 0.004196241771064579 449
1739717588023 0.00028155067779781114 450
1739717588053 0.04479746673062999 451
1739717588081 0.010692067913093111 452
1739717588109 0.08220557675933686 453
1739717588136 0.03893218111755373 454
1739717588164 0.016673584965851522 455
1739717588192 0.052339414262859325 456
1739717588223 0.010341886236107897 457
1739717588254 0.1411900434870557 458
1739717588283 0.09762782290821609 459
1739717588310 0.0047173145664851385 460
1739717588338 0.0009315356622885097 461
1739717588367 0.44779941312526683 462
1739717588394 0.2401743058056955 463
1739717588421 0.0543996758821739 464
1739717588449 0.2941246276613164 465
1739717588477 0.6494356260573538 466
1739717588506 0.13422251928254653 467
1739717588534 0.0013359861481539177 468
1739717588564 0.0028057353631534407 469
1739717588592 0.13161397169303513 470
1739717588621 0.009398104689277823 471
1739717588649 7.559870619897727e-05 472
1739717588677 0.2511723133948271 473
1739717588706 0.9643308869572487 474
1739717588735 0.00016922196508046316 475
1739717588764 0.17115183092432318 476
1739717588793 0.0007149018418364995 477
1739717588821 9.480928460471332e-05 478
1739717588850 0.22850815678247666 479
1739717588878 0.014040745812397237 480
1739717588906 0.0003420973134271013 481
1739717588933 0.021038347453632453 482
1739717588960 0.09951997250903347 483
1739717588987 0.014317441160587441 484
1739717589015 0.24014042871513644 485
1739717589042 0.21249573891371978 486
1739717589069 0.003037016936140649 487
1739717589098 0.0793997121160041 488
1739717589130 0.05990952658225606 489
1739717589160 0.14270681384779496 490
1739717589190 0.06986707916997564 491
1739717589218 0.06846219891421439 492
1739717589247 0.24331012270014496 493
1739717589276 0.08233153802939454 494
1739717589306 0.10138543942825574 495
1739717589334 0.06535080878882722 496
1739717589362 0.0008578682172671572 497
1739717589389 0.41720074746662206 498
1739717589417 0.44700402773810155 499
