1739714843811 167.82345185666372 0
1739714843817 167.47611916640076 1
1739714843823 167.13000412878262 2
1739714843831 166.7850787712068 3
1739714843836 166.441316504532 4
1739714843841 166.09869204773298 5
1739714843846 165.75718135685307 6
1739714843851 165.41676155799928 7
1739714843856 165.07741088414141 8
1739714843860 164.73910861549066 9
1739714843865 164.40183502324732 10
1739714843870 164.0655713165191 11
1739714843875 163.73029959222458 12
1739714843881 163.39600278780725 13
1739714843886 163.06266463659537 14
1739714843891 162.73026962565422 15
1739714843897 162.39880295598536 16
1739714843901 162.06825050493657 17
1739714843906 161.73859879069505 18
1739714843911 161.40983493874268 19
1739714843917 161.08194665016111 20
1739714843922 160.75492217167928 21
1739714843927 160.42875026736434 22
1739714843932 160.1034201918608 23
1739714843936 159.77892166509068 24
1739714843942 159.4552448483297 25
1739714843947 159.13238032158316 26
1739714843952 158.81031906218604 27
1739714843957 158.48905242455888 28
1739714843962 158.1685721210542 29
1739714843967 157.84887020383152 30
1739714843972 157.52993904770332 31
1739714843977 157.21177133389781 32
1739714843982 156.89436003468683 33
1739714843987 156.57769839883053 34
1739714843991 156.2617799377938 35
1739714843997 155.94659841269097 36
1739714844002 155.63214782191932 37
1739714844007 155.318422389442 38
1739714844015 155.0054165536859 39
1739714844020 154.69312495701993 40
1739714844025 154.38154243578188 41
1739714844030 154.0706640108241 42
1739714844036 153.7604848785495 43
1739714844042 153.45100040241147 44
1739714844047 153.14220610485174 45
1739714844052 152.8340976596538 46
1739714844057 152.526670884688 47
1739714844063 152.2199217350282 48
1739714844068 151.91384629641976 49
1739714844074 151.60844077907979 50
1739714844079 151.3037015118119 51
1739714844084 150.99962493641965 52
1739714844089 150.69620760240096 53
1739714844094 150.39344616191053 54
1739714844100 150.09133736497495 55
1739714844105 149.78987805494702 56
1739714844111 149.48906516418788 57
1739714844118 149.18889570996356 58
1739714844123 148.88936679054586 59
1739714844128 148.5904755815061 60
1739714844134 148.29221933219225 61
1739714844139 147.99459536237978 62
1739714844145 147.69760105908674 63
1739714844150 147.4012338735455 64
1739714844155 147.10549131832235 65
1739714844160 146.8103709645776 66
1739714844165 146.515870439459 67
1739714844171 146.22198742362175 68
1739714844179 145.92871964886842 69
1739714844184 145.63606489590293 70
1739714844190 145.34402099219244 71
1739714844195 145.05258580993234 72
1739714844200 144.7617572641085 73
1739714844206 144.47153331065203 74
1739714844211 144.18191194468238 75
1739714844217 143.89289119883355 76
1739714844223 143.60446914166005 77
1739714844228 143.31664387611795 78
1739714844233 143.02941353811804 79
1739714844238 142.7427762951468 80
1739714844243 142.45673034495215 81
1739714844248 142.17127391429116 82
1739714844253 141.88640525773553 83
1739714844259 141.60212265653382 84
1739714844264 141.3184244175255 85
1739714844269 141.0353088721063 86
1739714844274 140.75277437524088 87
1739714844279 140.47081930452134 88
1739714844285 140.18944205926917 89
1739714844290 139.90864105967822 90
1739714844295 139.62841474599716 91
1739714844300 139.34876157774934 92
1739714844305 139.0696800329883 93
1739714844309 138.79116860758677 94
1739714844315 138.51322581455867 95
1739714844320 138.2358501834111 96
1739714844325 137.95904025952623 97
1739714844329 137.68279460357067 98
1739714844334 137.40711179093154 99
1739714844340 137.13199041117787 100
1739714844345 136.8574290675462 101
1739714844350 136.58342637644893 102
1739714844355 136.30998096700483 103
1739714844360 136.03709148059028 104
1739714844365 135.76475657041047 105
1739714844370 135.49297490108947 106
1739714844374 135.2217451482787 107
1739714844379 134.95106599828216 108
1739714844385 134.68093614769862 109
1739714844389 134.41135430307915 110
1739714844395 134.14231918059974 111
1739714844401 133.87382950574826 112
1739714844406 133.6058840130249 113
1739714844412 133.33848144565576 114
1739714844418 133.0716205553187 115
1739714844423 132.8053001018812 116
1739714844429 132.53951885314913 117
1739714844434 132.27427558462696 118
1739714844440 132.0095690792876 119
1739714844448 131.7453981273524 120
1739714844455 131.48176152608048 121
1739714844460 131.21865807956704 122
1739714844466 130.95608659855012 123
1739714844471 130.6940459002256 124
1739714844476 130.43253480807002 125
1739714844481 130.17155215167077 126
1739714844486 129.91109676656347 127
1739714844491 129.65116749407616 128
1739714844496 129.39176318117978 129
1739714844501 129.1328826803452 130
1739714844507 128.87452484940596 131
1739714844512 128.61668855142656 132
1739714844517 128.35937265457656 133
1739714844522 128.10257603200932 134
1739714844527 127.84629756174634 135
1739714844532 127.59053612656554 136
1739714844537 127.3352906138948 137
1739714844541 127.08055991570943 138
1739714844546 126.82634292843379 139
1739714844551 126.57263855284693 140
1739714844557 126.31944569399202 141
1739714844562 126.0667632610894 142
1739714844567 125.81459016745299 143
1739714844572 125.56292533041008 144
1739714844577 125.31176767122435 145
1739714844582 125.06111611502166 146
1739714844587 124.81096959071918 147
1739714844591 124.56132703095676 148
1739714844596 124.31218737203135 149
1739714844601 124.06354955383375 150
1739714844607 123.81541251978797 151
1739714844612 123.56777521679254 152
1739714844617 123.32063659516457 153
1739714844622 123.07399560858555 154
1739714844627 122.82785121404916 155
1739714844633 122.58220237181148 156
1739714844638 122.33704804534244 157
1739714844643 122.0923872012795 158
1739714844648 121.84821880938298 159
1739714844652 121.60454184249285 160
1739714844657 121.36135527648725 161
1739714844662 121.11865809024243 162
1739714844667 120.87644926559425 163
1739714844672 120.63472778730083 164
1739714844677 120.39349264300682 165
1739714844682 120.15274282320865 166
1739714844687 119.91247732122119 167
1739714844693 119.67269513314551 168
1739714844699 119.4333952578377 169
1739714844704 119.19457669687885 170
1739714844710 118.95623845454607 171
1739714844716 118.71837953778422 172
1739714844723 118.48099895617901 173
1739714844729 118.24409572193068 174
1739714844734 118.00766884982873 175
1739714844739 117.77171735722727 176
1739714844744 117.53624026402133 177
1739714844749 117.30123659262402 178
1739714844755 117.06670536794405 179
1739714844760 116.83264561736446 180
1739714844777 116.59905637072154 181
1739714844795 116.36593666028473 182
1739714844802 116.13328552073706 183
1739714844809 115.90110198915596 184
1739714844814 115.66938510499502 185
1739714844820 115.43813391006596 186
1739714844825 115.20734744852146 187
1739714844830 114.97702476683806 188
1739714844835 114.7471649137999 189
1739714844841 114.51776694048291 190
1739714844846 114.28882990023922 191
1739714844851 114.06035284868203 192
1739714844857 113.83233484367126 193
1739714844862 113.60477494529923 194
1739714844867 113.37767221587647 195
1739714844872 113.15102571991889 196
1739714844877 112.92483452413404 197
1739714844882 112.69909769740865 198
1739714844887 112.47381431079607 199
1739714844892 112.24898343750408 200
1739714844897 112.02460415288314 201
1739714844902 111.80067553441462 202
1739714844907 111.57719666169973 203
1739714844912 111.35416661644832 204
1739714844918 111.13158448246827 205
1739714844923 110.90944934565478 206
1739714844928 110.6877602939801 207
1739714844933 110.46651641748377 208
1739714844938 110.24571680826233 209
1739714844943 110.02536056045997 210
1739714844948 109.80544677025911 211
1739714844953 109.58597453587097 212
1739714844958 109.36694295752679 213
1739714844963 109.14835113746874 214
1739714844968 108.9301981799413 215
1739714844972 108.71248319118294 216
1739714844977 108.4952052794174 217
1739714844982 108.27836355484578 218
1739714844988 108.06195712963846 219
1739714844993 107.84598511792699 220
1739714844998 107.6304466357966 221
1739714845002 107.4153408012785 222
1739714845008 107.20066673434219 223
1739714845020 106.98642355688831 224
1739714845027 106.77261039274133 225
1739714845035 106.55922636764242 226
1739714845041 106.34627060924242 227
1739714845047 106.13374224709493 228
1739714845053 105.92164041264955 229
1739714845059 105.70996423924514 230
1739714845064 105.49871286210319 231
1739714845070 105.28788541832142 232
1739714845076 105.07748104686723 233
1739714845082 104.8674988885715 234
1739714845087 104.65793808612231 235
1739714845093 104.4487977840587 236
1739714845100 104.2400771287648 237
1739714845105 104.0317752684636 238
1739714845111 103.82389135321121 239
1739714845116 103.61642453489084 240
1739714845123 103.40937396720727 241
1739714845130 103.20273880568091 242
1739714845135 102.99651820764225 243
1739714845141 102.79071133222635 244
1739714845146 102.58531734036714 245
1739714845152 102.38033539479223 246
1739714845158 102.17576466001728 247
1739714845164 101.97160430234077 248
1739714845169 101.7678534898387 249
1739714845175 101.56451139235944 250
1739714845182 101.36157718151837 251
1739714845187 101.15905003069294 252
1739714845193 100.95692911501756 253
1739714845198 100.75521361137835 254
1739714845204 100.55390269840862 255
1739714845209 100.35299555648334 256
1739714845215 100.15249136771482 257
1739714845220 99.9523893159475 258
1739714845225 99.75268858675322 259
1739714845231 99.5533883674265 260
1739714845237 99.35448784697982 261
1739714845242 99.15598621613887 262
1739714845248 98.9578826673379 263
1739714845253 98.76017639471515 264
1739714845259 98.56286659410831 265
1739714845265 98.36595246304985 266
1739714845271 98.16943320076253 267
1739714845277 97.9733080081551 268
1739714845282 97.77757608781754 269
1739714845287 97.58223664401702 270
1739714845292 97.38728888269311 271
1739714845297 97.19273201145384 272
1739714845303 96.99856523957098 273
1739714845308 96.80478777797603 274
1739714845312 96.61139883925584 275
1739714845318 96.41839763764837 276
1739714845322 96.22578338903848 277
1739714845328 96.03355531095373 278
1739714845333 95.84171262256027 279
1739714845337 95.65025454465864 280
1739714845342 95.45918029967964 281
1739714845347 95.2684891116804 282
1739714845352 95.07818020634004 283
1739714845357 94.88825281095589 284
1739714845362 94.69870615443935 285
1739714845367 94.50953946731182 286
1739714845372 94.32075198170092 287
1739714845377 94.13234293133632 288
1739714845382 93.94431155154602 289
1739714845388 93.75665707925221 290
1739714845392 93.5693787529675 291
1739714845397 93.38247581279116 292
1739714845402 93.195947500405 293
1739714845407 93.00979305906972 294
1739714845412 92.82401173362108 295
1739714845417 92.63860277046606 296
1739714845422 92.45356541757909 297
1739714845427 92.26889892449826 298
1739714845432 92.08460254232166 299
1739714845437 91.90067552370354 300
1739714845442 91.71711712285077 301
1739714845447 91.53392659551888 302
1739714845451 91.35110319900866 303
1739714845457 91.16864619216233 304
1739714845462 90.98655483536 305
1739714845467 90.80482839051588 306
1739714845472 90.62346612107491 307
1739714845477 90.44246729200891 308
1739714845482 90.2618311698132 309
1739714845487 90.08155702250286 310
1739714845492 89.90164411960941 311
1739714845497 89.7220917321769 312
1739714845502 89.54289913275882 313
1739714845507 89.36406559541426 314
1739714845512 89.18559039570465 315
1739714845517 89.00747281069003 316
1739714845522 88.82971211892577 317
1739714845527 88.65230760045908 318
1739714845535 88.47525853682552 319
1739714845543 88.2985642110456 320
1739714845549 88.12222390762139 321
1739714845556 87.94623691253307 322
1739714845562 87.77060251323549 323
1739714845569 87.59531999865499 324
1739714845576 87.42038865918586 325
1739714845581 87.24580778668694 326
1739714845587 87.0715766744785 327
1739714845592 86.89769461733863 328
1739714845598 86.7241609115003 329
1739714845603 86.55097485464756 330
1739714845609 86.37813574591273 331
1739714845614 86.20564288587276 332
1739714845619 86.03349557654619 333
1739714845625 85.86169312138973 334
1739714845630 85.6902348252951 335
1739714845636 85.5191199945858 336
1739714845642 85.34834793701381 337
1739714845647 85.17791796175645 338
1739714845653 85.00782937941315 339
1739714845658 84.83808150200221 340
1739714845663 84.66867364295767 341
1739714845668 84.49960511712612 342
1739714845673 84.33087524076356 343
1739714845679 84.16248333153216 344
1739714845683 83.99442870849727 345
1739714845689 83.8267106921241 346
1739714845695 83.65932860427475 347
1739714845700 83.49228176820503 348
1739714845706 83.32556950856137 349
1739714845711 83.1591911513777 350
1739714845717 82.99314602407239 351
1739714845722 82.8274334554452 352
1739714845729 82.6620527756742 353
1739714845735 82.49700331631264 354
1739714845742 82.33228441028608 355
1739714845747 82.1678953918891 356
1739714845753 82.00383559678254 357
1739714845758 81.84010436199023 358
1739714845764 81.67670102589622 359
1739714845769 81.51362492824163 360
1739714845774 81.35087541012162 361
1739714845779 81.18845181398265 362
1739714845785 81.0263534836192 363
1739714845790 80.86457976417097 364
1739714845795 80.70313000211988 365
1739714845801 80.54200354528727 366
1739714845806 80.38119974283066 367
1739714845811 80.22071794524108 368
1739714845816 80.06055750434007 369
1739714845821 79.90071777327672 370
1739714845826 79.74119810652485 371
1739714845831 79.58199785988 372
1739714845837 79.42311639045666 373
1739714845842 79.2645530566853 374
1739714845849 79.10630721830962 375
1739714845856 78.9483782363835 376
1739714845862 78.79076547326827 377
1739714845868 78.63346829262993 378
1739714845885 78.47648605943607 379
1739714845890 78.31981813995331 380
1739714845895 78.16346390174431 381
1739714845901 78.00742271366501 382
1739714845906 77.85169394586174 383
1739714845911 77.69627696976863 384
1739714845915 77.54117115810452 385
1739714845921 77.38637588487046 386
1739714845925 77.23189052534674 387
1739714845931 77.07771445609019 388
1739714845937 76.92384705493146 389
1739714845942 76.7702877009721 390
1739714845946 76.61703577458206 391
1739714845951 76.46409065739681 392
1739714845956 76.31145173231448 393
1739714845962 76.1591183834934 394
1739714845967 76.00708999634922 395
1739714845971 75.85536595755231 396
1739714845976 75.7039456550248 397
1739714845981 75.55282847793823 398
1739714845986 75.40201381671059 399
1739714845991 75.2515010630038 400
1739714845996 75.10128960972101 401
1739714846001 74.9513788510038 402
1739714846006 74.8017681822297 403
1739714846011 74.65245700000935 404
1739714846015 74.50344470218417 405
1739714846020 74.35473068782323 406
1739714846025 74.20631435722113 407
1739714846030 74.058195111895 408
1739714846035 73.91037235458211 409
1739714846040 73.76284548923702 410
1739714846045 73.61561392102931 411
1739714846050 73.46867705634065 412
1739714846055 73.3220343027624 413
1739714846061 73.17568506909299 414
1739714846066 73.02962876533529 415
1739714846071 72.88386480269399 416
1739714846076 72.73839259357335 417
1739714846081 72.59321155157414 418
1739714846085 72.44832109149148 419
1739714846090 72.30372062931217 420
1739714846095 72.1594095822121 421
1739714846100 72.01538736855382 422
1739714846105 71.87165340788383 423
1739714846109 71.72820712093034 424
1739714846114 71.58504792960046 425
1739714846119 71.44217525697788 426
1739714846124 71.29958852732037 427
1739714846129 71.15728716605716 428
1739714846134 71.01527059978652 429
1739714846138 70.87353825627325 430
1739714846143 70.73208956444633 431
1739714846149 70.59092395439626 432
1739714846154 70.45004085737273 433
1739714846158 70.3094397057821 434
1739714846163 70.16911993318496 435
1739714846168 70.02908097429359 436
1739714846173 69.88932226496983 437
1739714846178 69.74984324222227 438
1739714846187 69.61064334420395 439
1739714846192 69.47172201021006 440
1739714846197 69.33307868067541 441
1739714846203 69.19471279717202 442
1739714846208 69.05662380240673 443
1739714846212 68.9188111402188 444
1739714846217 68.7812742555776 445
1739714846222 68.64401259458003 446
1739714846227 68.50702560444832 447
1739714846231 68.37031273352756 448
1739714846236 68.2338734312834 449
1739714846241 68.09770714829956 450
1739714846246 67.96181333627563 451
1739714846251 67.8261914480246 452
1739714846256 67.69084093747055 453
1739714846261 67.55576125964635 454
1739714846265 67.42095187069128 455
1739714846270 67.28641222784861 456
1739714846275 67.15214178946358 457
1739714846279 67.01814001498056 458
1739714846284 66.8844063649413 459
1739714846289 66.75094030098232 460
1739714846294 66.61774128583262 461
1739714846299 66.48480878331137 462
1739714846303 66.35214225832576 463
1739714846308 66.21974117686852 464
1739714846314 66.08760500601585 465
1739714846319 65.955733213925 466
1739714846323 65.824125269832 467
1739714846328 65.69278064404939 468
1739714846334 65.5616988079641 469
1739714846339 65.43087923403509 470
1739714846344 65.300321395791 471
1739714846349 65.1700247678281 472
1739714846354 65.03998882580795 473
1739714846359 64.9102130464552 474
1739714846363 64.78069690755525 475
1739714846368 64.6514398879523 476
1739714846373 64.52244146754677 477
1739714846378 64.3937011272934 478
1739714846383 64.26521834919885 479
1739714846388 64.1369926163196 480
1739714846392 64.00902341275973 481
1739714846397 63.88131022366863 482
1739714846402 63.753852535239005 483
1739714846407 63.62664983470458 484
1739714846411 63.499701610337866 485
1739714846416 63.37300735144806 486
1739714846421 63.246566548378986 487
1739714846426 63.12037869250675 488
1739714846431 62.9944432762376 489
1739714846436 62.86875979300594 490
1739714846442 62.743327737272026 491
1739714846447 62.61814660451984 492
1739714846452 62.4932158912551 493
1739714846457 62.368535095002855 494
1739714846461 62.24410371430569 495
1739714846466 62.11992124872138 496
1739714846471 61.99598719882076 497
1739714846475 61.872301066185784 498
1739714846481 61.74886235340723 499
