1739715886238 138.64365920047865 0
1739715886244 120.82137808394728 1
1739715886250 105.22032753402665 2
1739715886255 90.32631750471828 3
1739715886260 77.13581775202603 4
1739715886265 66.47422373920813 5
1739715886270 56.34335031487053 6
1739715886275 49.75090337607167 7
1739715886280 42.456408202542505 8
1739715886285 35.770063297354056 9
1739715886289 30.3550498299086 10
1739715886293 27.52108578229715 11
1739715886298 23.373255375164238 12
1739715886303 20.590854376252288 13
1739715886308 17.85539386102787 14
1739715886313 15.163445821651445 15
1739715886317 12.926382050773404 16
1739715886322 11.34267294603201 17
1739715886327 10.636126615068306 18
1739715886332 8.570186283501881 19
1739715886336 7.370222841709262 20
1739715886341 6.6132977994775715 21
1739715886346 6.017347635410152 22
1739715886351 4.671518137402821 23
1739715886356 4.427783610737114 24
1739715886362 3.865822781467661 25
1739715886367 3.2583389920259473 26
1739715886372 2.6470160746279485 27
1739715886377 2.3327648824615097 28
1739715886383 2.183236174560156 29
1739715886387 1.9656506968279204 30
1739715886392 1.9746320260640289 31
1739715886397 1.4994878485393426 32
1739715886402 1.3695565675512837 33
1739715886407 1.3758443185906413 34
1739715886412 1.1528985469049804 35
1739715886416 0.9223173528588903 36
1739715886421 0.8160353446177635 37
1739715886426 0.7397001780761522 38
1739715886431 0.6450143885660478 39
1739715886438 0.6575663477787512 40
1739715886444 0.45637867519832725 41
1739715886450 0.8968835196349743 42
1739715886454 0.43133563028433847 43
1739715886460 0.4004296372661904 44
1739715886465 0.4299777680690138 45
1739715886470 0.3961389710142677 46
1739715886474 0.3373216598802857 47
1739715886479 0.38331959773035146 48
1739715886484 0.373722954566495 49
1739715886488 0.45940669439424925 50
1739715886493 0.39876433796157484 51
1739715886497 0.24422990870204722 52
1739715886502 0.2945394884640225 53
1739715886506 0.18190322985438148 54
1739715886510 0.23734090075376515 55
1739715886515 0.22340745098582906 56
1739715886519 0.264169634444728 57
1739715886524 0.4527175239398793 58
1739715886528 0.25099453107856784 59
1739715886533 0.2061384108330142 60
1739715886537 0.25278288238639585 61
1739715886542 0.21190793828022889 62
1739715886547 0.11387572442788724 63
1739715886552 0.2758052778739617 64
1739715886556 0.22172102727441248 65
1739715886561 0.2572985435010349 66
1739715886565 0.18399263434878027 67
1739715886570 0.229119649803008 68
1739715886574 0.19742948884064482 69
1739715886578 0.2086703076385632 70
1739715886585 0.14521362994294928 71
1739715886589 0.2395633569646078 72
1739715886594 0.208128416030997 73
1739715886598 0.15395053485408514 74
1739715886604 0.2074847945840439 75
1739715886610 0.19136879851739935 76
1739715886615 0.1954787496106433 77
1739715886619 0.20130524973964511 78
1739715886625 0.30959840074098377 79
1739715886630 0.29954672899050033 80
1739715886634 0.14043538758919563 81
1739715886641 0.16000277910867067 82
1739715886646 0.20763855530528766 83
1739715886652 0.15989936475416475 84
1739715886656 0.2862222374169788 85
1739715886662 0.21230499137255482 86
1739715886668 0.1287349719400546 87
1739715886673 0.1993961531481283 88
1739715886678 0.19509166496495708 89
1739715886682 0.12025629310833921 90
1739715886687 0.18605589002326775 91
1739715886691 0.2517333295990847 92
1739715886696 0.22473057419024772 93
1739715886701 0.24959477462824073 94
1739715886706 0.13944909967904842 95
1739715886711 0.20722923090977782 96
1739715886716 0.16836348856333022 97
1739715886720 0.2264631597750772 98
1739715886725 0.20481116669445892 99
1739715886730 0.20208828101337228 100
1739715886734 0.2752607500924961 101
1739715886739 0.24749511903003238 102
1739715886744 0.09983194147079544 103
1739715886748 0.1569832196911519 104
1739715886753 0.23591741982572165 105
1739715886760 0.18768278564122534 106
1739715886765 0.3004029437811789 107
1739715886771 0.29121741198740636 108
1739715886776 0.17845331643273504 109
1739715886781 0.3097390349513595 110
1739715886786 0.15408721758915078 111
1739715886791 0.13774389043249502 112
1739715886796 0.13281508924199925 113
1739715886801 0.19264647275015684 114
1739715886806 0.24079049247866163 115
1739715886811 0.20173546945594178 116
1739715886815 0.17881443071866504 117
1739715886820 0.23546931648725572 118
1739715886825 0.12211248968928701 119
1739715886829 0.23508378549207223 120
1739715886834 0.20712304819685395 121
1739715886839 0.1476362571360941 122
1739715886843 0.23799100284910238 123
1739715886848 0.20763935504871464 124
1739715886853 0.18276376052862572 125
1739715886858 0.2814509155018523 126
1739715886862 0.20247407873828194 127
1739715886867 0.19839857243621892 128
1739715886872 0.19758784700905146 129
1739715886877 0.14440166104296745 130
1739715886882 0.2138767155174166 131
1739715886887 0.1926757484147648 132
1739715886891 0.15800032192777724 133
1739715886896 0.19551649773228963 134
1739715886901 0.21821082621652324 135
1739715886905 0.2556795924168376 136
1739715886910 0.23991692635951276 137
1739715886915 0.16377662526234046 138
1739715886919 0.21062070656828713 139
1739715886924 0.20318054591945928 140
1739715886929 0.1819840324837966 141
1739715886934 0.19833362103670155 142
1739715886938 0.17736331494041538 143
1739715886943 0.24027291352157618 144
1739715886949 0.2511715880209194 145
1739715886954 0.1751856221133034 146
1739715886959 0.21950806707054618 147
1739715886964 0.16214646345663541 148
1739715886969 0.23565573820858562 149
1739715886974 0.1855419843353113 150
1739715886979 0.18487509146051337 151
1739715886984 0.1523818815464255 152
1739715886989 0.20844916250196324 153
1739715886994 0.22423917514007088 154
1739715886998 0.18795532471342538 155
1739715887003 0.16837287090491665 156
1739715887008 0.33446130792148393 157
1739715887012 0.13926127377192848 158
1739715887017 0.15211402195960017 159
1739715887022 0.21327141823549994 160
1739715887026 0.18195168197368847 161
1739715887031 0.21225134118811254 162
