1739717855926 0.14841077982559778 0
1739717855959 0.260433194888653 1
1739717855992 0.07617731092714554 2
1739717856025 2.327728346451752e-05 3
1739717856058 0.031456684627940046 4
1739717856092 0.08405450083875594 5
1739717856127 0.3901471632164584 6
1739717856160 0.07496107951567087 7
1739717856193 0.34686726201556917 8
1739717856227 0.0015138305939202277 9
1739717856259 0.016250368638246103 10
1739717856292 0.05168511498370779 11
1739717856325 0.06103065578711246 12
1739717856358 0.07114859088325484 13
1739717856391 0.018787014189764976 14
1739717856423 0.18553729756988754 15
1739717856455 0.08058482602195025 16
1739717856489 0.006042190583729933 17
1739717856521 0.03152443992184045 18
1739717856554 0.15062293503976318 19
1739717856586 0.01177878873997897 20
1739717856620 0.024245590627878347 21
1739717856652 0.06069517377652511 22
1739717856685 0.0008568023299738241 23
1739717856717 0.056420917530423394 24
1739717856749 0.05214440631126164 25
1739717856781 0.15636337123283078 26
1739717856813 0.1088330139917121 27
1739717856845 0.0711702653809725 28
1739717856877 0.0016100396478726975 29
1739717856909 0.23554419163503618 30
1739717856941 0.004268471462040919 31
1739717856973 5.282655072545392e-05 32
1739717857005 0.007103958015590408 33
1739717857038 0.14200993471564735 34
1739717857070 0.012982870456720913 35
1739717857102 0.0027264868322957373 36
1739717857135 0.017722410317076043 37
1739717857167 0.05523393516171512 38
1739717857200 0.00168460003777439 39
1739717857232 0.028429225500816235 40
1739717857265 0.1802545009104466 41
1739717857297 0.00036110055052934406 42
1739717857329 0.0023007481306679145 43
1739717857361 0.07323284545157119 44
1739717857393 0.0011756217226388476 45
1739717857425 0.027218987086836316 46
1739717857458 0.4268914027883631 47
1739717857490 0.004579526030574116 48
1739717857522 0.08874073855826177 49
1739717857555 0.0005362792013933775 50
1739717857587 0.19473104277246092 51
1739717857620 0.09017684846966781 52
1739717857652 0.03593534752032812 53
1739717857684 0.008329867699694543 54
1739717857715 0.002346684474667855 55
1739717857748 0.1350188461797628 56
1739717857780 0.013093893897627112 57
1739717857812 0.3748140497846375 58
1739717857844 0.04626448134899085 59
1739717857876 0.009061309837816861 60
1739717857908 0.0005421711640016705 61
1739717857940 0.04420736164611304 62
1739717857972 0.05313074938962005 63
1739717858005 0.014412880096617772 64
1739717858037 0.053089592015476264 65
1739717858069 0.7968392945032364 66
1739717858101 0.030802925125703286 67
1739717858133 0.004920143084788121 68
1739717858165 0.07444455558545295 69
1739717858197 0.20325885098542731 70
1739717858230 0.12838392753333838 71
1739717858262 0.07728701125257759 72
1739717858294 0.06340235545197685 73
1739717858326 0.004708398639330876 74
1739717858358 0.11730735650667014 75
1739717858390 0.08604030465925677 76
1739717858422 0.031271244559926206 77
1739717858454 0.03269528800894212 78
1739717858486 0.0073840147711526595 79
1739717858518 0.018170725836238886 80
1739717858550 0.00039384687918056624 81
1739717858582 0.002411697860484388 82
1739717858614 0.033021118421841106 83
1739717858646 0.056116381465581726 84
1739717858678 0.08572833272512669 85
1739717858710 0.018691233822397575 86
1739717858743 0.01206311901082688 87
1739717858775 0.10518558758373989 88
1739717858807 0.021918891658855966 89
1739717858840 0.0007412364332041258 90
1739717858872 0.040905782748657506 91
1739717858904 0.02313288332280233 92
1739717858936 0.26863537074814514 93
1739717858968 0.23890366876318017 94
1739717859001 0.03374620498588447 95
1739717859033 0.0059394026762565775 96
1739717859066 0.022202369990498943 97
1739717859098 0.004045001120126936 98
1739717859131 0.058532884481849325 99
1739717859163 0.0002640664231467142 100
1739717859195 0.30325066411505125 101
1739717859227 0.13975548970312246 102
1739717859259 0.05324429341666872 103
1739717859291 0.004156831570501533 104
1739717859324 0.010820278096238268 105
1739717859356 0.052292868886672034 106
1739717859387 0.0641389441878431 107
1739717859419 0.01345119473357009 108
1739717859452 0.0033490042328102763 109
1739717859484 1.9435161764233843e-05 110
1739717859516 0.010873238932594474 111
1739717859549 0.03298936176320631 112
1739717859581 0.048001587691530505 113
1739717859613 0.06367087483810978 114
1739717859645 0.19656713888425906 115
1739717859678 0.00286035732542455 116
1739717859710 0.008005754699839341 117
1739717859743 0.004533865753810724 118
1739717859776 0.0007078979006772759 119
1739717859808 0.011189869326470129 120
1739717859840 0.0284458144015793 121
1739717859872 0.05758448053613926 122
1739717859904 0.035848626648055375 123
1739717859936 0.05418466214177948 124
1739717859968 0.014011975814825795 125
1739717860000 0.0022325891236076195 126
1739717860032 0.007819023122587638 127
1739717860064 0.22462103732802183 128
1739717860096 0.00017564283858175175 129
1739717860129 0.019129758940953638 130
1739717860160 0.09946883425220977 131
1739717860192 0.3139401807398742 132
1739717860224 0.007018810617971176 133
1739717860255 0.0015056697279150297 134
1739717860288 0.014479891124814882 135
1739717860319 0.05220379215506081 136
1739717860352 0.009694143512226507 137
1739717860385 2.4809272172381287e-06 138
1739717860416 0.022069969698809783 139
1739717860448 0.024610732122841837 140
1739717860480 0.0032747009581702824 141
1739717860512 0.025127872112322897 142
1739717860544 0.04374723387181922 143
1739717860576 0.06860314239671161 144
1739717860607 0.13446008195894021 145
1739717860639 0.009175141822246421 146
1739717860671 0.07681274835821855 147
1739717860703 0.08530920425031792 148
1739717860734 0.006437272979122213 149
1739717860766 0.008981483005014336 150
1739717860799 0.0001121863759502938 151
1739717860831 0.08168751547424125 152
1739717860863 0.05377192697990879 153
1739717860895 0.0634753589947807 154
1739717860927 0.013830200110360522 155
1739717860959 0.18839781974247594 156
1739717860991 0.12005562050472313 157
1739717861023 0.14816022426480283 158
1739717861055 0.23726710445417876 159
1739717861087 0.00038951477082320294 160
1739717861119 0.00863079708233338 161
1739717861152 0.2476579447808946 162
1739717861184 0.10960862827309951 163
1739717861215 9.038708891384216e-06 164
1739717861248 0.06535261848967094 165
1739717861280 0.25126142002544927 166
1739717861312 0.07678333272369096 167
1739717861344 0.014745327922711878 168
1739717861377 0.006977572368020389 169
1739717861409 0.5065927789695374 170
1739717861440 0.014870998032312316 171
1739717861473 0.0015842937773971788 172
1739717861505 0.04264082073291082 173
1739717861537 0.2776414148194813 174
1739717861570 0.09160899573346287 175
1739717861602 0.11216213572495819 176
1739717861634 0.0014323513798420854 177
1739717861666 0.09662972125562501 178
1739717861698 0.044472262305805435 179
1739717861730 0.10095352310616584 180
1739717861763 0.03347686243812792 181
1739717861795 0.059278152519852065 182
1739717861828 0.04928128470290466 183
1739717861860 0.0049587017054928675 184
1739717861892 0.5631169395327643 185
1739717861925 0.7758171709324365 186
1739717861957 0.0029099772603461273 187
1739717861989 0.28704863302697625 188
1739717862021 0.0037156297540522723 189
1739717862054 0.0058942017104122255 190
1739717862087 0.07805182253017497 191
1739717862119 0.5503074370832901 192
1739717862152 0.07268292457903831 193
1739717862184 0.08218473121271318 194
1739717862217 0.0031151376314359058 195
1739717862249 0.059405989948335236 196
1739717862281 0.06313233241112098 197
1739717862313 0.06713687219026876 198
1739717862346 0.09010813587469821 199
1739717862378 0.02233309328250471 200
1739717862410 0.011767983179040523 201
1739717862442 0.008841177640498191 202
1739717862475 0.0019303501929428116 203
1739717862507 0.0009491844112473422 204
1739717862539 0.03094763112138156 205
1739717862571 0.007400246564141556 206
1739717862603 1.6443512078214761 207
1739717862635 3.701444253076706e-05 208
1739717862667 0.3233627909196084 209
1739717862699 0.005234422599643155 210
1739717862730 0.0574003620341155 211
1739717862762 0.18802086737699422 212
1739717862795 0.00022775238468897887 213
1739717862826 0.044677585984564304 214
1739717862858 0.004255971048529303 215
1739717862890 0.13860231882368862 216
1739717862922 0.0406236996138294 217
1739717862954 0.18584312561057179 218
1739717862986 0.01702970168191609 219
1739717863018 0.023082566376944554 220
1739717863049 0.025379964371226364 221
1739717863082 0.3239053639248329 222
1739717863113 0.2512459428286069 223
1739717863145 0.2504092936102117 224
1739717863177 0.011992361423515407 225
1739717863208 0.03728777685484814 226
1739717863240 0.061747052468308854 227
1739717863272 0.010528008922500056 228
1739717863304 0.03161229173884854 229
1739717863336 0.001336943118369012 230
1739717863368 0.508599920831892 231
1739717863400 0.0008808838061707565 232
1739717863431 0.009581501863183316 233
1739717863463 0.006539611012414062 234
1739717863495 0.0010096197232725857 235
1739717863527 0.0437791609787248 236
1739717863559 0.11476866423211293 237
1739717863591 3.201374074084951e-05 238
1739717863623 3.5656173195095175e-06 239
1739717863656 0.0025952607486510793 240
1739717863688 0.1533444852837698 241
1739717863719 0.03150606941558997 242
1739717863751 0.01170519787709213 243
1739717863784 0.12169549972749141 244
1739717863816 0.012885004246941542 245
1739717863848 0.032782584948722826 246
1739717863880 0.003238515384337787 247
1739717863913 0.02032238126855986 248
1739717863945 0.001399852548253896 249
1739717863977 0.0010474712025064004 250
1739717864010 0.8981134755716531 251
1739717864044 0.023698427229694792 252
1739717864076 0.002107039111269345 253
1739717864108 0.035150374180687394 254
1739717864139 0.0015101366874145665 255
1739717864171 0.020603074746782385 256
1739717864204 0.2076276599176811 257
1739717864235 0.03997316440231261 258
1739717864267 0.00013017871889479731 259
1739717864299 0.012577249628168153 260
1739717864331 0.17019952112095138 261
1739717864364 0.007753327754927287 262
1739717864396 0.018082329544024844 263
1739717864429 0.027770505248983134 264
1739717864461 0.057571299342657346 265
1739717864493 0.04952054228735125 266
1739717864525 0.025307988635475148 267
1739717864558 0.0010929526225154564 268
1739717864591 0.0012566811511653439 269
1739717864624 0.22122784968593512 270
1739717864657 0.0654811479491069 271
1739717864689 0.017878578005521156 272
1739717864721 0.004650754200180852 273
1739717864754 0.03283766501714168 274
1739717864785 0.10328956604723787 275
1739717864818 0.00019192945554735393 276
1739717864850 0.07005998103865702 277
1739717864882 0.009512200693096428 278
1739717864915 0.055878284709253045 279
1739717864947 0.0032331561904528623 280
1739717864979 0.18483391778254318 281
1739717865012 0.013043157127617687 282
1739717865044 0.0034409264220086346 283
1739717865076 0.013167274742556672 284
1739717865108 0.10964084037906531 285
1739717865140 0.10743754837587982 286
1739717865172 0.017729298380699594 287
1739717865205 0.006749539557656816 288
1739717865237 0.04037490118019528 289
1739717865268 0.1817971641772878 290
1739717865300 0.007567418529837767 291
1739717865332 0.661021706929368 292
1739717865364 0.12119307626577279 293
1739717865396 0.0015095589333080953 294
1739717865428 0.07101298851552144 295
1739717865460 0.008284833084590736 296
1739717865492 0.005659954174636599 297
1739717865524 0.04161006955622161 298
1739717865556 0.00035929177692619674 299
1739717865588 0.11499017093363122 300
1739717865620 0.00023579189882734597 301
1739717865652 0.016401373386843904 302
1739717865684 0.5513894334423021 303
1739717865717 0.13815006484364745 304
1739717865751 0.0045156572692945495 305
1739717865783 0.000534297678162172 306
1739717865815 0.019255678242648018 307
1739717865847 0.00044265726294051707 308
1739717865879 0.259837557388017 309
1739717865911 0.0027997784795518433 310
1739717865944 0.04791619218306687 311
1739717865976 0.4545335998443466 312
1739717866008 0.030509579776647554 313
1739717866040 0.02480754336972727 314
1739717866072 0.06515914358244361 315
1739717866105 0.006168111575232677 316
1739717866137 0.010993080529664577 317
1739717866169 0.2571367002082635 318
1739717866201 0.06775508248864365 319
1739717866233 0.13403873575388547 320
1739717866266 0.0003721051524909793 321
1739717866298 0.031695639167376444 322
1739717866330 5.7126824885077475e-05 323
1739717866362 0.21567055755091274 324
1739717866394 0.09819362705538703 325
1739717866426 0.00259619541616591 326
1739717866458 0.001982284030942141 327
1739717866490 0.2728562286454105 328
1739717866523 0.0008586149710087238 329
1739717866556 0.9276831863688587 330
1739717866588 0.12650330950932628 331
1739717866621 0.004527331438282414 332
1739717866652 2.034465493887611e-06 333
1739717866685 0.001128674759103782 334
1739717866718 0.014872103647130609 335
1739717866750 0.011521701724045064 336
1739717866783 0.009657670062954983 337
1739717866816 0.002976103960692857 338
1739717866847 0.012438347722320681 339
1739717866879 0.2488775083811418 340
1739717866911 0.037407828199859515 341
1739717866944 0.05589533529021369 342
1739717866976 0.294364070351121 343
1739717867008 0.1604595388074836 344
1739717867040 0.1280393556028666 345
1739717867072 0.36695227713628625 346
1739717867105 0.03506405382107977 347
1739717867137 0.045730633417433914 348
1739717867169 0.08550565917047832 349
1739717867210 0.0018789347467563493 350
1739717867243 0.11765259262664245 351
1739717867276 0.21638645331294365 352
1739717867309 5.4096582287788626e-08 353
1739717867341 0.1577767543376427 354
1739717867374 0.19675651613011566 355
1739717867406 0.0014709946554093759 356
1739717867439 0.1508558906682189 357
1739717867471 0.047717309296458336 358
1739717867503 0.0008519799226638717 359
1739717867535 0.1596098460814775 360
1739717867568 0.06086759916191407 361
1739717867599 0.08099359245099333 362
1739717867631 0.3449529090196485 363
1739717867663 0.08396680443775169 364
1739717867695 0.10547820146677153 365
1739717867727 0.09571629794462325 366
1739717867759 0.10358397515851107 367
1739717867790 0.1657430846526007 368
1739717867822 0.09632419140058956 369
1739717867855 0.11452387014079704 370
1739717867887 0.029229048795799722 371
1739717867919 0.250890291923286 372
1739717867951 0.00011799570445745909 373
1739717867983 0.0035059264181841196 374
1739717868015 0.00343502661976088 375
1739717868048 0.03602481784987606 376
1739717868080 0.0021150696316020157 377
1739717868112 4.3611642355079765e-06 378
1739717868144 0.07885477605825889 379
1739717868175 0.004536679645102639 380
1739717868207 0.026231024426370788 381
1739717868239 5.929329005749684e-06 382
1739717868271 0.004458578418531351 383
1739717868303 0.03841847477275998 384
1739717868335 0.008052031929095116 385
1739717868367 0.1062275202822675 386
1739717868399 0.018312618980341193 387
1739717868432 0.12091263404024068 388
1739717868464 0.016262683994844332 389
1739717868496 0.12160998317195283 390
1739717868528 0.019783178343196605 391
1739717868560 0.013951805926659401 392
1739717868592 0.04423783171412902 393
1739717868624 0.12009796238213732 394
1739717868657 0.04057961222321238 395
1739717868689 0.00888359025861449 396
1739717868721 0.3425596750489344 397
1739717868754 0.05307756319692622 398
1739717868786 0.007097027635016499 399
1739717868819 0.04510522580590006 400
1739717868852 0.05896183637641055 401
1739717868885 0.017906618404805046 402
1739717868917 0.001822999573047945 403
1739717868949 0.000495565029282365 404
1739717868980 0.05252015362791385 405
1739717869012 0.05584237220094271 406
1739717869045 0.08766046537334042 407
1739717869077 0.003129542908272953 408
1739717869109 0.000278064131313301 409
1739717869141 0.012234982284792964 410
1739717869173 0.06501125372515248 411
1739717869206 0.0031596343201324368 412
1739717869238 0.044165881129824745 413
1739717869270 0.11594523989603726 414
1739717869302 0.11130963823176866 415
1739717869334 0.22469351280792466 416
1739717869366 0.006997867117022114 417
1739717869398 0.01636929598404494 418
1739717869430 0.005513518950298017 419
1739717869462 0.020907438943686733 420
1739717869495 0.00024916712695624457 421
1739717869532 0.09244200535381705 422
1739717869564 0.040450057544615545 423
1739717869596 0.0833401607418849 424
1739717869629 0.003461141186405562 425
1739717869661 0.0695084964088723 426
1739717869693 0.061052706583200306 427
1739717869726 0.19609136489730836 428
1739717869758 0.09392341658391985 429
1739717869790 0.0029383449927836056 430
1739717869823 0.14939140387580624 431
1739717869855 0.05700557900881405 432
1739717869887 0.2623953927925255 433
1739717869919 0.014464036362443203 434
1739717869952 0.000861124616466608 435
1739717869985 0.042906414120642805 436
1739717870018 0.04318337644066135 437
1739717870050 0.0006157018569820806 438
1739717870082 0.0014520302867032369 439
1739717870114 0.052689958728748786 440
1739717870146 4.700825095507868e-05 441
1739717870178 0.005199121581537448 442
1739717870210 0.594400489930097 443
1739717870243 0.09214489624602264 444
1739717870275 0.11026129237874054 445
1739717870307 0.013807545631452173 446
1739717870340 0.0016320745248033074 447
1739717870372 0.04982346662441263 448
1739717870405 0.04160095018378421 449
1739717870437 0.0161279416355342 450
1739717870469 0.11885328229116628 451
1739717870501 0.0046810233321859995 452
1739717870533 0.011646159844679113 453
1739717870566 0.044623588009818846 454
1739717870599 0.29575146228702587 455
1739717870632 0.30252072667470914 456
1739717870664 0.2007533483830416 457
1739717870696 0.02049499642835221 458
1739717870728 0.0504382765484114 459
1739717870760 0.05067816960513517 460
1739717870793 0.002689503280655908 461
1739717870826 0.09350221000479932 462
1739717870860 0.014402420935537404 463
1739717870894 0.035782625411155525 464
1739717870928 0.09306051745317158 465
1739717870962 0.00887235708811195 466
1739717870996 0.11679455691661877 467
1739717871029 0.00022492195130365052 468
1739717871063 0.7776644878778661 469
1739717871096 0.018640411559447654 470
1739717871129 0.002505660415130189 471
1739717871162 0.018645824204760846 472
1739717871195 0.06742053624887115 473
1739717871229 0.06392562441026144 474
1739717871262 0.034285294272312854 475
1739717871295 0.0035596235449867997 476
1739717871328 0.014357540757594763 477
1739717871361 0.0651297630497488 478
1739717871394 0.016199612106569894 479
1739717871427 0.015598774310079526 480
1739717871460 0.20871403728367915 481
1739717871492 0.17860421996529674 482
1739717871525 0.011019726741303628 483
1739717871558 0.04826360417571237 484
1739717871591 0.007801680401422364 485
1739717871627 0.15508737371211279 486
1739717871660 0.09119401101585971 487
1739717871692 0.015652390839517673 488
1739717871724 0.027575826812247614 489
1739717871758 0.15019479601702473 490
1739717871790 0.038706690000080805 491
1739717871822 0.013448935555907444 492
1739717871854 0.21924715145750412 493
1739717871886 0.0004918288495375535 494
1739717871918 0.13889283833714205 495
1739717871950 0.057218913813521496 496
1739717871983 0.20403438672912882 497
1739717872015 0.0016373236805058173 498
1739717872047 0.026948479212356616 499
