1739718923069 89.2809744841419 0
1739718923095 40.45472335063072 1
1739718923120 17.637083684576968 2
1739718923145 6.2241500148920625 3
1739718923170 4.021767097148608 4
1739718923195 2.925730015395842 5
1739718923219 3.4488759814712098 6
1739718923245 0.9143474390147049 7
1739718923271 0.06181319261917771 8
1739718923296 0.16058587749646203 9
1739718923322 0.43123319701081836 10
1739718923347 0.0034626942026167126 11
1739718923373 0.0719865840469921 12
1739718923398 0.07845521303428778 13
1739718923423 0.07709680550535003 14
1739718923448 0.23082908830019444 15
1739718923474 5.789557244205975e-06 16
1739718923499 0.0332026253630596 17
1739718923524 0.06672418292834156 18
1739718923550 0.004904989832692112 19
1739718923576 0.000504426592971563 20
1739718923601 0.6032096318986329 21
1739718923627 0.3043081235491393 22
1739718923653 0.052219405645526226 23
1739718923678 0.5200072259285954 24
1739718923704 0.3549118704573058 25
1739718923729 0.0025839145741515987 26
1739718923755 0.007246123501420261 27
1739718923780 0.06499737584503912 28
1739718923806 0.06879822151497524 29
1739718923831 1.4191486540698417 30
1739718923857 0.06150222630756401 31
1739718923883 0.6965560746703184 32
1739718923908 0.0022797980655004666 33
1739718923933 0.0020070550738441636 34
1739718923959 0.12107711241605293 35
1739718923985 0.8113235999035088 36
1739718924010 0.03819910923159418 37
1739718924035 0.04077204070059067 38
1739718924061 0.6961029773507771 39
1739718924087 0.015154017477777176 40
1739718924113 0.0987595179881244 41
1739718924139 0.023267068723947307 42
1739718924165 0.13886750330452158 43
1739718924190 0.0480048818524855 44
1739718924216 0.03281861062161082 45
1739718924242 0.3508120921851129 46
1739718924268 0.02663713794972863 47
1739718924293 0.06567908638178993 48
1739718924319 0.035409571829488465 49
1739718924345 0.04098215089034745 50
1739718924370 0.026493171006140268 51
1739718924396 0.018115312612134497 52
1739718924422 0.27587355452153967 53
1739718924447 0.25865805159926925 54
1739718924473 0.002688691737570288 55
1739718924500 1.2133866541845113e-06 56
1739718924526 0.18341189586957182 57
1739718924551 0.49748977689122104 58
1739718924577 0.8224714908818728 59
1739718924604 0.41127402185581446 60
1739718924629 0.19568615472018713 61
1739718924655 0.08463751881174966 62
1739718924681 0.008200396854720075 63
1739718924706 0.00025363540444668496 64
1739718924731 0.016086329336606482 65
1739718924756 0.3333661808713761 66
1739718924782 0.021790790875868476 67
1739718924808 0.10233285480200903 68
1739718924832 0.033423795800631366 69
1739718924858 0.5711461510128824 70
1739718924883 0.13805238504083708 71
1739718924909 0.15747703064543836 72
1739718924934 0.13250716202126814 73
1739718924959 0.23324523688642948 74
1739718924985 0.034342606701221856 75
1739718925010 0.5974165455036525 76
1739718925035 0.11735297483379933 77
1739718925060 0.04636462473071066 78
1739718925085 0.01493864126256051 79
1739718925111 0.003013741340667847 80
1739718925136 0.015202842907869945 81
1739718925161 0.02274963499157134 82
1739718925186 0.028342910593328538 83
1739718925212 0.028076291830881884 84
1739718925238 0.27588828014653954 85
1739718925263 0.10324705391497879 86
1739718925288 0.07102308207487427 87
1739718925314 0.5176674013678463 88
1739718925339 0.0004913490212117817 89
1739718925365 0.2343916614214234 90
1739718925390 0.03957349720740828 91
1739718925416 0.0015052620896569661 92
1739718925441 0.07969386413626202 93
1739718925467 0.26502216428707664 94
1739718925492 0.6973240911159254 95
1739718925518 0.0075115364191804335 96
1739718925543 0.18886914982993153 97
1739718925569 0.5321682258721475 98
1739718925594 0.4069088653432916 99
1739718925620 0.4671923574202978 100
1739718925645 0.932883859855624 101
1739718925670 0.03514334889760069 102
1739718925695 0.1813112983409532 103
1739718925720 0.048861885023493826 104
1739718925746 0.003824685085170078 105
1739718925771 0.708169188844736 106
1739718925797 0.02644353111229175 107
1739718925823 0.05500432764748048 108
1739718925848 0.04091244727642854 109
1739718925874 0.19811861534866035 110
1739718925899 0.11684107351484427 111
1739718925925 0.018569506211380357 112
1739718925951 0.00014639084963443883 113
1739718925976 0.09492355000995847 114
1739718926002 0.2255674748539707 115
1739718926027 0.012246836447549123 116
1739718926052 0.01625908846449066 117
1739718926077 0.6780310377462715 118
1739718926103 0.059114351144317206 119
1739718926128 0.0057475877386761656 120
1739718926154 0.29937212816220965 121
1739718926180 1.2026713597583096 122
1739718926205 0.013206547068346685 123
1739718926231 0.020217253405155962 124
1739718926256 0.030448520048301408 125
1739718926282 0.12397491936496244 126
1739718926308 0.3983602048824034 127
1739718926333 0.7162716849011772 128
1739718926359 0.19724477213827413 129
1739718926384 0.10814983525517899 130
1739718926410 0.4421880178709213 131
1739718926436 0.014444314509822627 132
1739718926461 0.017123534853952342 133
1739718926487 0.045845213442005886 134
1739718926512 0.44527573309229057 135
1739718926538 0.008856651326940242 136
1739718926563 0.02946472130804671 137
1739718926588 0.002911281302956147 138
1739718926616 0.005562599415179302 139
1739718926641 0.010851174747206318 140
1739718926666 0.24083241290606494 141
1739718926692 0.0969476411162539 142
1739718926717 1.2033841193755037 143
1739718926743 0.04119876623886752 144
1739718926769 0.15788102000997462 145
1739718926795 0.307064513623031 146
1739718926820 0.07165965332645607 147
1739718926845 0.0031038404925990987 148
1739718926870 0.5562395193326221 149
1739718926895 0.39595608233270135 150
1739718926921 0.4476723183802159 151
1739718926947 0.0007750901743387341 152
1739718926972 0.056744302167009285 153
1739718926997 0.0691458592554217 154
1739718927023 0.3566599789403516 155
1739718927049 0.0005018666440798 156
1739718927074 0.5086455178307313 157
1739718927100 0.15516588217454613 158
1739718927125 0.26082977866368356 159
1739718927151 0.09225777664918353 160
1739718927176 0.003864629022871102 161
1739718927201 0.24476760240192014 162
1739718927227 0.015296566168638946 163
1739718927252 0.00038590852348747274 164
1739718927278 0.054268754418133246 165
1739718927303 0.019890270363492158 166
1739718927328 0.470423141984769 167
1739718927353 0.16092591738751325 168
1739718927378 0.05837281284379594 169
1739718927403 1.4470779262162428 170
1739718927429 0.0035669530781430193 171
1739718927454 0.027285810246139564 172
1739718927479 0.2699662568053898 173
1739718927504 0.0016014978244049763 174
1739718927530 0.0012553418298772597 175
1739718927555 0.002852683956243851 176
1739718927581 0.0025499847818031924 177
1739718927606 0.21815158612580587 178
1739718927632 0.23556189840488603 179
1739718927658 0.8567361833674709 180
1739718927684 0.010421244173180898 181
1739718927709 0.006526032380192792 182
1739718927735 0.20588073687259703 183
1739718927761 0.7075238637003611 184
1739718927786 0.7174998491247608 185
1739718927812 0.05951701724113487 186
1739718927837 0.0036301448163773716 187
1739718927862 0.3530808615857422 188
1739718927887 1.266755124477646 189
1739718927913 0.1918166830478973 190
1739718927939 0.3609653290033337 191
1739718927964 0.17134538567767438 192
1739718927990 0.44534904091699806 193
1739718928015 0.34365146964795334 194
1739718928041 0.1607277718440104 195
1739718928067 0.006718535332892974 196
1739718928092 0.18112127926390864 197
1739718928118 0.3364447470367663 198
1739718928144 0.038543608246590214 199
1739718928169 0.006667840513521518 200
1739718928195 0.2594562849823096 201
1739718928221 0.025718769867870944 202
1739718928246 0.08862688736333545 203
1739718928272 0.0009187145070410548 204
1739718928297 0.0580567223220223 205
1739718928322 8.585958716618532e-05 206
1739718928348 0.2626960982541506 207
1739718928373 0.03960952053018587 208
1739718928399 0.05991160610049811 209
1739718928424 0.33446990295785456 210
1739718928450 0.031013903312592603 211
1739718928475 0.022573766421352667 212
1739718928500 0.012847685186633198 213
1739718928526 0.06267908759006041 214
1739718928551 0.02751015359639566 215
1739718928576 0.008946151972685765 216
1739718928602 0.015050335289075196 217
1739718928627 0.4256222341068867 218
1739718928652 0.00016502765078423853 219
1739718928678 0.03153285639237184 220
1739718928740 0.16973176577139623 221
1739718928766 0.27962605552612213 222
1739718928792 0.29863505015413394 223
1739718928818 0.0014736669325851157 224
1739718928843 0.7004878520276786 225
1739718928868 0.02823433619979085 226
1739718928894 0.16235475608933658 227
1739718928919 0.030846617835990332 228
1739718928945 0.033002174602642445 229
1739718928970 0.0008285933907820216 230
1739718928996 0.0028716296219339164 231
1739718929022 0.3847120065805931 232
1739718929047 0.0735188123779081 233
1739718929073 0.019305466422379052 234
1739718929098 0.3379235808914536 235
1739718929123 0.3267639308030954 236
1739718929150 0.6742877402171297 237
1739718929175 0.00426069870772452 238
1739718929200 0.08898823391720433 239
1739718929225 0.05835209265545585 240
1739718929251 0.09513940015633249 241
1739718929276 0.14256987472682736 242
1739718929302 0.25892807920242433 243
1739718929327 0.010507373666868526 244
1739718929353 0.120756111237547 245
1739718929378 0.8077535996847867 246
1739718929403 0.14253553086047066 247
1739718929429 0.09494968574177758 248
1739718929455 0.0008713055490186724 249
1739718929480 0.5436367047383296 250
1739718929506 0.3047158104784849 251
1739718929531 0.0400219739259606 252
1739718929557 0.2683497707492974 253
1739718929582 0.7754289035429169 254
1739718929608 0.017332761530724224 255
1739718929633 0.03656784210987022 256
1739718929659 0.11624423104291484 257
1739718929684 0.04055818772760891 258
1739718929710 0.12032331533651516 259
1739718929735 0.0016927576271998145 260
1739718929761 0.2023296841169038 261
1739718929786 0.9967833782010418 262
1739718929811 0.01048511176820655 263
1739718929836 0.015037114732745242 264
1739718929861 0.020884631839066962 265
1739718929887 0.21310118449411347 266
1739718929912 0.09735738499146392 267
1739718929939 0.0033101698462488422 268
1739718929964 1.2119531041604008 269
1739718929989 0.3487426402134597 270
1739718930015 0.1650121653470777 271
1739718930041 0.00029873208927669944 272
1739718930066 0.20036216675762886 273
1739718930091 0.14543447237819757 274
1739718930117 0.27335581536703674 275
1739718930143 0.18577683489766636 276
1739718930168 0.14284314096939899 277
1739718930194 0.004660236969845241 278
1739718930219 0.07373736377205223 279
1739718930244 1.1211117178529624 280
1739718930270 0.0362999724862289 281
1739718930295 0.06551094282141144 282
1739718930321 0.007965164495525028 283
1739718930347 0.083393696071884 284
1739718930372 0.1534459556171512 285
1739718930397 0.0021859974174072683 286
1739718930423 9.237312704724665e-06 287
1739718930448 0.032098151609044695 288
1739718930473 0.0006234427550981563 289
1739718930498 0.0029848532933318106 290
1739718930524 0.12984188217381243 291
1739718930550 0.00415210300949113 292
1739718930575 0.1111982355805842 293
1739718930600 0.24328008023825637 294
1739718930625 0.0034090603789266355 295
1739718930652 1.1221170912311502 296
