1739714615307 169.3217676079807 0
1739714615311 165.94732354862202 1
1739714615328 162.64699998464113 2
1739714615364 159.4190944868499 3
1739714615375 156.26194496847953 4
1739714615385 153.17392870093283 5
1739714615389 150.15346135449508 6
1739714615395 147.19899606333254 7
1739714615401 144.30902251412485 8
1739714615406 141.48206605769914 9
1739714615410 138.71668684305024 10
1739714615414 136.01147897315047 11
1739714615418 133.36506968196946 12
1739714615422 130.77611853214134 13
1739714615425 128.24331663273279 14
1739714615429 125.76538587658138 15
1739714615433 123.34107819668823 16
1739714615437 120.96917484116462 17
1739714615440 118.64848566624589 18
1739714615444 116.37784844689955 19
1739714615448 114.15612820456874 20
1739714615451 111.98221655160414 21
1739714615455 109.85503105195029 22
1739714615459 107.77351459766528 23
1739714615462 105.73663480086294 24
1739714615466 103.7433834006793 25
1739714615470 101.79277568487589 26
1739714615474 99.88384992570262 27
1739714615479 98.01566682965432 28
1739714615483 96.1873090007638 29
1739714615487 94.39788041708564 30
1739714615491 92.64650592003284 31
1739714615495 90.93233071623847 32
1739714615499 89.25451989162387 33
1739714615503 87.61225793736187 34
1739714615507 86.00474828743391 35
1739714615512 84.43121286748656 36
1739714615517 82.89089165470187 37
1739714615521 81.38304224840279 38
1739714615525 79.90693945112272 39
1739714615529 78.46187485987616 40
1739714615534 77.04715646737284 41
1739714615538 75.66210827292605 42
1739714615542 74.30606990281186 43
1739714615546 72.97839623984217 44
1739714615550 71.6784570619213 45
1739714615554 70.40563668936119 46
1739714615558 69.15933364073689 47
1739714615561 67.93896029706966 48
1739714615565 66.74394257412935 49
1739714615569 65.57371960265534 50
1739714615573 64.4277434162985 51
1739714615577 63.3054786470928 52
1739714615582 62.206402228270115 53
1739714615586 61.13000310423622 54
1739714615589 60.07578194753097 55
1739714615593 59.043250882599914 56
1739714615597 58.03193321620977 57
1739714615601 57.041363174343154 58
1739714615605 56.071085645413746 59
1739714615609 55.12065592964592 60
1739714615613 54.18963949446732 61
1739714615617 53.277611735767046 62
1739714615620 52.384157744875004 63
1739714615624 51.50887208112267 64
1739714615629 50.651358549848155 65
1739714615632 49.81122998571265 66
1739714615636 48.988108041198096 67
1739714615640 48.18162298015973 68
1739714615644 47.391413476309964 69
1739714615648 46.617126416513365 70
1739714615652 45.858416708775486 71
1739714615656 45.11494709481111 72
1739714615660 44.38638796708068 73
1739714615664 43.67241719018606 74
1739714615667 42.97271992651979 75
1739714615671 42.28698846606437 76
1739714615675 41.61492206024134 77
1739714615679 40.95622675971121 78
1739714615683 40.31061525602915 79
1739714615687 39.677806727062816 80
1739714615691 39.05752668608099 81
1739714615695 38.44950683442486 82
1739714615699 37.853484917674706 83
1739714615703 37.26920458522789 84
1739714615707 36.696415253205785 85
1739714615711 36.13487197060923 86
1739714615715 35.58433528864407 87
1739714615719 35.04457113314071 88
1739714615724 34.51535067999272 89
1739714615728 33.99645023354225 90
1739714615732 33.48765110784089 91
1739714615736 32.98873951071727 92
1739714615739 32.49950643058352 93
1739714615743 32.01974752591515 94
1739714615747 31.549263017339904 95
1739714615751 31.087857582273024 96
1739714615755 30.635340252037977 97
1739714615759 30.19152431141279 98
1739714615763 29.756227200544107 99
1739714615767 29.329270419172154 100
1739714615771 28.91047943311116 101
1739714615775 28.499683582931425 102
1739714615780 28.096715994790376 103
1739714615784 27.701413493360974 104
1739714615788 27.313616516807617 105
1739714615792 26.93316903376051 106
1739714615796 26.559918462240695 107
1739714615800 26.193715590489347 108
1739714615804 25.834414499655697 109
1739714615808 25.481872488299445 110
1739714615812 25.135949998664177 111
1739714615816 24.79651054467982 112
1739714615820 24.463420641652696 113
1739714615824 24.136549737603204 114
1739714615828 23.81577014621171 115
1739714615831 23.500956981334532 116
1739714615842 23.19198809305253 117
1739714615846 22.888744005215962 118
1739714615850 22.591107854449934 119
1739714615854 22.298965330585972 120
1739714615858 22.012204618485313 121
1739714615862 21.730716341221573 122
1739714615866 21.454393504589937 123
1739714615869 21.18313144291169 124
1739714615873 20.916827766103257 125
1739714615878 20.655382307979753 126
1739714615882 20.398697075763884 127
1739714615886 20.146676200771566 128
1739714615890 19.899225890246253 129
1739714615896 19.656254380315062 130
1739714615901 19.41767189003977 131
1739714615906 19.1833905765372 132
1739714615910 18.953324491143253 133
1739714615915 18.727389536596274 134
1739714615920 18.505503425215295 135
1739714615924 18.28758563805001 136
1739714615929 18.073557384979306 137
1739714615935 17.86334156573579 138
1739714615940 17.656862731834895 139
1739714615945 17.454047049386713 140
1739714615950 17.254822262770162 141
1739714615955 17.059117659148715 142
1739714615959 16.866864033808227 143
1739714615964 16.677993656297215 144
1739714615969 16.492440237350753 145
1739714615974 16.310138896579662 146
1739714615979 16.131026130906697 147
1739714615984 15.9550397837323 148
1739714615988 15.782119014812764 149
1739714615993 15.61220427083405 150
1739714615997 15.445237256664655 151
1739714616001 15.281160907271909 152
1739714616006 15.11991936028595 153
1739714616010 14.961457929195957 154
1739714616014 14.805723077164156 155
1739714616018 14.652662391442801 156
1739714616022 14.502224558380052 157
1739714616027 14.354359339000958 158
1739714616031 14.209017545150095 159
1739714616035 14.066151016182424 160
1739714616039 13.925712596189918 161
1739714616043 13.787656111750982 162
1739714616047 13.651936350190738 163
1739714616051 13.518509038339973 164
1739714616055 13.387330821781234 165
1739714616059 13.258359244570524 166
1739714616063 13.131552729423616 167
1739714616067 13.0068705583559 168
1739714616071 12.884272853765367 169
1739714616074 12.763720559948311 170
1739714616078 12.645175425037463 171
1739714616082 12.52859998335293 172
1739714616086 12.413957538156156 173
1739714616090 12.30121214479745 174
1739714616094 12.190328594248005 175
1739714616098 12.081272397007416 176
1739714616103 11.97400976737782 177
1739714616107 11.868507608096234 178
1739714616111 11.764733495316667 179
1739714616116 11.662655663933924 180
1739714616121 11.56224299324097 181
1739714616125 11.463464992912341 182
1739714616129 11.366291789305794 183
1739714616133 11.270694112074866 184
1739714616137 11.176643281085088 185
1739714616143 11.084111193626878 186
1739714616147 10.99307031191805 187
1739714616151 10.903493650889336 188
1739714616155 10.815354766246317 189
1739714616159 10.728627742801303 190
1739714616164 10.643287183068919 191
1739714616168 10.559308196119314 192
1739714616173 10.476666386682897 193
1739714616177 10.395337844500924 194
1739714616182 10.315299133916133 195
1739714616187 10.236527283697797 196
1739714616191 10.158999777096035 197
1739714616195 10.082694542119707 198
1739714616200 10.007589942032931 199
1739714616205 9.933664766065274 200
1739714616209 9.860898220330295 201
1739714616213 9.789269918948076 202
1739714616217 9.718759875366608 203
1739714616221 9.649348493877788 204
1739714616225 9.581016561323302 205
1739714616229 9.513745238986042 206
1739714616233 9.447516054662964 207
1739714616237 9.382310894914845 208
1739714616241 9.318111997489286 209
1739714616244 9.254901943912557 210
1739714616248 9.19266365224677 211
1739714616252 9.131380370008218 212
1739714616256 9.071035667243471 213
1739714616259 9.011613429759398 214
1739714616263 8.953097852503708 215
1739714616267 8.895473433092405 216
1739714616271 8.838724965480923 217
1739714616274 8.782837533775618 218
1739714616278 8.727796506182262 219
1739714616282 8.673587529088573 220
1739714616286 8.620196521277585 221
1739714616291 8.567609668268936 222
1739714616295 8.515813416785065 223
1739714616299 8.464794469339523 224
1739714616303 8.414539778944627 225
1739714616307 8.365036543935528 226
1739714616310 8.316272202908392 227
1739714616315 8.268234429769677 228
1739714616319 8.22091112889431 229
1739714616323 8.174290430390048 230
1739714616327 8.128360685465733 231
1739714616331 8.08311046190098 232
1739714616335 8.03852853961506 233
1739714616339 7.994603906332712 234
1739714616343 7.951325753344533 235
1739714616347 7.908683471360077 236
1739714616350 7.866666646451272 237
1739714616354 7.825265056084225 238
1739714616358 7.784468665237459 239
1739714616362 7.74426762260451 240
1739714616366 7.704652256879019 241
1739714616370 7.665613073120436 242
1739714616374 7.627140749198621 243
1739714616377 7.589226132315266 244
1739714616382 7.551860235600751 245
1739714616387 7.515034234784482 246
1739714616391 7.478739464937126 247
1739714616396 7.442967417283156 248
1739714616400 7.407709736082068 249
1739714616404 7.372958215576649 250
1739714616408 7.338704797007043 251
1739714616412 7.304941565688763 252
1739714616416 7.271660748153527 253
1739714616420 7.238854709351338 254
1739714616424 7.206515949912441 255
1739714616428 7.1746371034678695 256
1739714616431 7.143210934027223 257
1739714616435 7.112230333412396 258
1739714616439 7.081688318746012 259
1739714616443 7.051578029993298 260
1739714616447 7.02189272755629 261
1739714616451 6.9926257899190905 262
1739714616455 6.963770711343108 263
1739714616459 6.935321099611134 264
1739714616463 6.907270673819157 265
1739714616467 6.8796132622148525 266
1739714616470 6.85234280008178 267
1739714616474 6.825453327668103 268
1739714616478 6.798938988159019 269
1739714616482 6.772794025691795 270
1739714616486 6.747012783412547 271
1739714616490 6.721589701573763 272
1739714616494 6.696519315671756 273
1739714616497 6.6717962546230085 274
1739714616501 6.647415238978784 275
1739714616505 6.623371079176857 276
1739714616510 6.59965867382984 277
1739714616516 6.5762730080490615 278
1739714616520 6.5532091518033155 279
1739714616525 6.530462258311759 280
1739714616529 6.508027562470092 281
1739714616533 6.485900379309333 282
1739714616537 6.464076102486499 283
1739714616541 6.442550202806452 284
1739714616545 6.4213182267742965 285
1739714616549 6.400375795177477 286
1739714616553 6.379718601697161 287
1739714616557 6.359342411548109 288
1739714616560 6.33924306014643 289
1739714616564 6.3194164518046625 290
1739714616568 6.299858558453501 291
1739714616572 6.280565418389697 292
1739714616576 6.2615331350494525 293
1739714616579 6.242757875806838 294
1739714616583 6.224235870796587 295
1739714616588 6.205963411760839 296
1739714616592 6.1879368509192965 297
1739714616597 6.170152599862182 298
1739714616600 6.152607128465676 299
1739714616604 6.135296963829111 300
1739714616608 6.118218689233752 301
1739714616612 6.101368943122396 302
1739714616616 6.084744418099556 303
1739714616619 6.068341859951653 304
1739714616623 6.052158066686889 305
1739714616626 6.036189887594287 306
1739714616630 6.020434222321498 307
1739714616634 6.004888019971074 308
1739714616638 5.989548278214634 309
1739714616641 5.9744120424247225 310
1739714616645 5.9594764048238105 311
1739714616649 5.944738503650238 312
1739714616652 5.930195522340582 313
1739714616656 5.915844688728217 314
1739714616660 5.901683274257626 315
1739714616664 5.887708593214234 316
1739714616668 5.873918001969338 317
1739714616672 5.860308898239806 318
1739714616676 5.84687872036238 319
1739714616680 5.833624946582072 320
1739714616684 5.820545094354454 321
1739714616689 5.807636719661597 322
1739714616693 5.794897416341276 323
1739714616698 5.782324815429171 324
1739714616702 5.7699165845138864 325
1739714616706 5.757670427104384 326
1739714616711 5.745584082009703 327
1739714616715 5.733655322730525 328
1739714616719 5.72188195686258 329
1739714616723 5.710261825511435 330
1739714616728 5.698792802718522 331
1739714616732 5.687472794898144 332
1739714616736 5.676299740285299 333
1739714616741 5.665271608393914 334
1739714616745 5.654386399485545 335
1739714616749 5.643642144048056 336
1739714616753 5.633036902284234 337
1739714616757 5.622568763610107 338
1739714616761 5.61223584616269 339
1739714616764 5.60203629631708 340
1739714616768 5.59196828821261 341
1739714616772 5.582030023287891 342
1739714616776 5.572219729824627 343
1739714616780 5.562535662499952 344
1739714616785 5.552976101947107 345
1739714616789 5.543539354324336 346
1739714616794 5.534223750891834 347
1739714616798 5.5250276475965165 348
1739714616802 5.5159494246644964 349
1739714616806 5.506987486201144 350
1739714616810 5.498140259798494 351
1739714616814 5.489406196149904 352
1739714616818 5.480783768671827 353
1739714616823 5.47227147313251 354
1739714616826 5.463867827287528 355
1739714616830 5.455571370521942 356
1739714616833 5.447380663499033 357
1739714616837 5.439294287815438 358
1739714616841 5.431310845662531 359
1739714616853 5.423428959493987 360
1739714616857 5.415647271699363 361
1739714616861 5.407964444283553 362
1739714616865 5.400379158552062 363
1739714616870 5.392890114801941 364
1739714616874 5.3854960320182865 365
1739714616878 5.378195647576165 366
1739714616882 5.3709877169479 367
1739714616886 5.363871013415536 368
1739714616889 5.356844327788561 369
1739714616894 5.349906468126471 370
1739714616897 5.3430562594664215 371
1739714616901 5.336292543555616 372
1739714616905 5.329614178588462 373
1739714616909 5.323020038948383 374
1739714616913 5.316509014954129 375
1739714616916 5.310080012610602 376
1739714616920 5.303731953364038 377
1739714616924 5.297463773861446 378
1739714616927 5.29127442571432 379
1739714616931 5.285162875266388 380
1739714616935 5.279128103365489 381
1739714616939 5.273169105139336 382
1739714616944 5.267284889775213 383
1739714616949 5.261474480303483 384
1739714616953 5.2557369133848235 385
1739714616958 5.250071239101128 386
1739714616962 5.244476520749979 387
1739714616965 5.238951834642709 388
1739714616970 5.2334962699058645 389
1739714616975 5.22810892828609 390
1739714616979 5.222788923958333 391
1739714616983 5.217535383337298 392
1739714616986 5.212347444892135 393
1739714616991 5.207224258964251 394
1739714616995 5.202164987588207 395
1739714616999 5.197168804315608 396
1739714617003 5.19223489404203 397
1739714617008 5.187362452836778 398
1739714617012 5.1825506877755565 399
1739714617015 5.17779881677594 400
1739714617019 5.17310606843552 401
1739714617022 5.168471681872867 402
1739714617026 5.1638949065710325 403
1739714617030 5.159375002223727 404
1739714617034 5.154911238583985 405
1739714617038 5.150502895315387 406
1739714617041 5.146149261845711 407
1739714617045 5.141849637222967 408
1739714617049 5.13760332997389 409
1739714617053 5.133409657964629 410
1739714617057 5.129267948263786 411
1739714617062 5.125177537007749 412
1739714617066 5.1211377692680875 413
1739714617070 5.117147998921193 414
1739714617074 5.113207588520042 415
1739714617077 5.109315909168008 416
1739714617081 5.105472340394702 417
1739714617085 5.101676270033847 418
1739714617089 5.097927094103116 419
1739714617093 5.094224216685886 420
1739714617097 5.090567049814895 421
1739714617101 5.086955013357777 422
1739714617105 5.083387534904384 423
1739714617109 5.079864049655985 424
1739714617112 5.0763840003161045 425
1739714617116 5.072946836983261 426
1739714617120 5.069552017045218 427
1739714617124 5.066199005075072 428
1739714617128 5.062887272728881 429
1739714617132 5.0596162986449285 430
1739714617135 5.0563855683446235 431
1739714617139 5.053194574134853 432
1739714617143 5.050042815011981 433
1739714617147 5.046929796567255 434
1739714617151 5.043855030893743 435
1739714617155 5.040818036494713 436
1739714617159 5.037818338193374 437
1739714617163 5.034855467044139 438
1739714617166 5.031928960245168 439
1739714617170 5.029038361052255 440
1739714617174 5.02618321869413 441
1739714617178 5.02336308828895 442
1739714617182 5.020577530762216 443
1739714617187 5.017826112765788 444
1739714617192 5.015108406598255 445
1739714617196 5.012423990126514 446
1739714617200 5.009772446708451 447
1739714617204 5.0071533651169196 448
1739714617208 5.004566339464814 449
1739714617212 5.0020109691312555 450
1739714617216 4.999486858688966 451
1739714617220 4.996993617832674 452
1739714617224 4.994530861308632 453
1739714617228 4.992098208845185 454
1739714617232 4.989695285084409 455
1739714617236 4.987321719514713 456
1739714617240 4.984977146404532 457
1739714617244 4.9826612047369405 458
1739714617248 4.9803735381452885 459
1739714617252 4.978113794849756 460
1739714617256 4.9758816275949025 461
1739714617260 4.973676693588094 462
1739714617263 4.971498654438864 463
1739714617267 4.96934717609919 464
1739714617271 4.967221928804585 465
1739714617275 4.965122587016162 466
1739714617279 4.9630488293634505 467
1739714617283 4.961000338588119 468
1739714617287 4.9589768014884905 469
1739714617291 4.95697790886486 470
1739714617296 4.955003355465682 471
1739714617300 4.953052839934437 472
1739714617304 4.951126064757349 473
1739714617307 4.949222736211849 474
1739714617311 4.947342564315757 475
1739714617315 4.94548526277724 476
1739714617319 4.943650548945474 477
1739714617323 4.941838143762004 478
1739714617327 4.940047771712842 479
1739714617331 4.938279160781227 480
1739714617334 4.936532042401055 481
1739714617339 4.934806151411039 482
1739714617342 4.933101226009439 483
1739714617346 4.931417007709499 484
1739714617350 4.929753241295489 485
1739714617354 4.928109674779426 486
1739714617358 4.926486059358323 487
1739714617362 4.924882149372156 488
1739714617366 4.923297702262296 489
1739714617370 4.921732478530685 490
1739714617374 4.920186241699441 491
1739714617377 4.918658758271139 492
1739714617381 4.917149797689593 493
1739714617385 4.915659132301229 494
1739714617389 4.914186537316987 495
1739714617393 4.912731790774723 496
1739714617398 4.911294673502212 497
1739714617402 4.909874969080626 498
1739714617406 4.9084724638084785 499
