1739719057137 0.025813329000851884 0
1739719057165 0.04187714535719077 1
1739719057193 0.45896921568124643 2
1739719057222 0.2836773812882636 3
1739719057249 0.034604343210848355 4
1739719057275 0.7422745137219935 5
1739719057302 0.1563997283026513 6
1739719057330 0.007060415402178948 7
1739719057358 0.1665383067042507 8
1739719057386 0.07881747971517429 9
1739719057414 0.1597300476649468 10
1739719057442 0.023825767878678055 11
1739719057470 0.07062509318334324 12
1739719057523 0.00028951358175014597 13
1739719057575 0.6076386663200558 14
1739719057604 0.01604823126991425 15
1739719057632 0.006847916183069667 16
1739719057661 0.37857327805193475 17
1739719057690 0.25713698427666876 18
1739719057718 0.9020813952895262 19
1739719057745 0.11973516372645969 20
1739719057773 0.03098368976298055 21
1739719057800 0.001927467289669704 22
1739719057828 0.03253784777410592 23
1739719057856 0.11371500639470748 24
1739719057884 0.022824708153878197 25
1739719057912 0.031687839509175725 26
1739719057940 0.2228539093405744 27
1739719057969 0.03879372626645372 28
1739719057997 0.11982399166718284 29
1739719058025 0.01697454265016539 30
1739719058054 0.004812480678390559 31
1739719058082 0.00047592990669064324 32
1739719058143 0.0006073987280572859 33
1739719058173 0.0026210513126806436 34
1739719058201 0.00452342858309455 35
1739719058230 0.02679869318386715 36
1739719058257 0.2917427019469921 37
1739719058285 0.19981902467974055 38
1739719058313 0.581389126111284 39
1739719058341 0.019342796124768635 40
1739719058370 0.0174313214039544 41
1739719058398 0.1633737216628838 42
1739719058426 0.00022764814329042548 43
1739719058453 0.022766270795406263 44
1739719058481 0.2816836426012719 45
1739719058511 0.12163859472563301 46
1739719058538 0.131900208379717 47
1739719058566 0.010693058276664157 48
1739719058592 0.13189786650405816 49
1739719058621 0.5790342068904576 50
1739719058649 0.07753967268848257 51
1739719058677 0.15173759580883697 52
1739719058703 0.10260480910591684 53
1739719058730 0.02397009024357869 54
1739719058757 0.010465954454859358 55
1739719058785 0.10673522845448961 56
1739719058812 0.00982459496838011 57
1739719058839 0.02932567490703403 58
1739719058866 0.5292984657548471 59
1739719058893 0.04116140406645755 60
1739719058919 0.042416958551769815 61
1739719058946 0.0007540931391109939 62
1739719058973 0.0014157963082785064 63
1739719059000 0.022197828645197426 64
1739719059028 0.09824831596301531 65
1739719059056 0.3140345949252542 66
1739719059083 0.21108221386733092 67
1739719059111 0.023373142027980683 68
1739719059142 0.004242614197534646 69
1739719059171 0.08866184452467828 70
1739719059202 0.4316276119562977 71
1739719059231 0.006113951882301421 72
1739719059260 0.3335700582267436 73
1739719059289 0.32559806764320587 74
1739719059318 0.6789022315047332 75
1739719059347 0.00036942746836033367 76
1739719059376 0.17389085275751942 77
1739719059404 0.00011980085083179136 78
1739719059433 0.03889083591451111 79
1739719059461 0.05073755442833723 80
1739719059490 0.06589622135487418 81
1739719059518 0.5672273337899341 82
1739719059545 0.18905690309579326 83
1739719059572 3.9909600775626725e-06 84
1739719059599 0.007451568996532549 85
1739719059626 0.0057773691664393095 86
1739719059663 0.17651676181489595 87
1739719059691 0.024859359381450463 88
1739719059717 0.19374395242750217 89
1739719059745 0.39189754400589666 90
1739719059773 0.40294715750837357 91
1739719059801 0.17732566266808655 92
1739719059829 0.07502681392963784 93
1739719059856 0.062270255887334196 94
1739719059884 0.05459847441535792 95
1739719059910 0.009946893507411106 96
1739719059937 0.010855552784263676 97
1739719059964 0.30612415582099894 98
1739719059992 0.03460462385741832 99
1739719060019 0.044968288805808054 100
1739719060046 0.1839261587028504 101
1739719060072 0.033243370475080136 102
1739719060099 0.36112055795787534 103
1739719060126 0.6588338775144664 104
1739719060152 0.08014247025134388 105
1739719060179 0.004901630923780711 106
1739719060207 0.01148460479258028 107
1739719060235 0.49647841528219755 108
1739719060264 0.011177527413503327 109
1739719060294 0.020324926190720172 110
1739719060324 0.17016792112238943 111
1739719060352 0.0015323532606166446 112
1739719060380 0.12008009653575652 113
1739719060407 0.023445072481971745 114
1739719060434 0.008515944270025463 115
1739719060461 0.06502462829777927 116
1739719060488 0.36873806962031613 117
1739719060517 0.7082371164867237 118
1739719060545 0.12409944381367216 119
1739719060574 0.37461218548115827 120
1739719060604 0.003519638335493413 121
1739719060632 0.012771799065992046 122
1739719060661 0.27672055947300606 123
1739719060688 0.014275125610725121 124
1739719060716 0.022700213122388648 125
1739719060745 8.403180651253037e-05 126
1739719060773 0.26370018469863843 127
1739719060801 0.15745311730295014 128
1739719060828 0.0013045389688371575 129
1739719060856 0.24292435565443915 130
1739719060884 0.26782296434293623 131
1739719060911 0.029564997622927896 132
1739719060938 0.0002916135294284453 133
1739719060967 0.10147800372347912 134
1739719060997 0.08910724776459547 135
1739719061025 0.014368044712461428 136
1739719061055 0.2873856394606823 137
1739719061083 0.06874942011216774 138
1739719061111 0.2037355799074045 139
1739719061137 0.0389620722483689 140
1739719061164 0.04671588000067263 141
1739719061192 0.2599880578199618 142
1739719061219 0.26854633272713674 143
1739719061245 0.08680451204116425 144
1739719061272 0.0024956179503250655 145
1739719061299 0.06473442461424576 146
1739719061326 0.07814355791996964 147
1739719061353 0.0005175208660475287 148
1739719061380 0.1992050625165545 149
1739719061406 0.38406644320573724 150
1739719061433 0.13117958198964227 151
1739719061460 0.00032388842113485777 152
1739719061487 0.148762367028357 153
1739719061516 1.3490598316831732e-06 154
1739719061546 0.04006646939171084 155
1739719061575 0.01637735436269177 156
1739719061604 0.005168854832724973 157
1739719061632 0.02106159089193349 158
1739719061660 0.004756552011775669 159
1739719061689 0.14762396159169414 160
1739719061717 0.023791695240520497 161
1739719061744 0.3217356245982239 162
1739719061771 0.015222080141482004 163
1739719061798 0.018231284204119735 164
1739719061825 0.14270764516957957 165
1739719061851 0.019382422764115628 166
1739719061878 0.003740733751295314 167
1739719061904 0.0930386822391215 168
1739719061931 0.0069943254724626515 169
1739719061957 0.007553026349051201 170
1739719061984 0.06493461058049767 171
1739719062011 0.16297100591208882 172
1739719062037 0.272018211297887 173
1739719062064 0.003661726165473431 174
1739719062093 0.0017287379199255842 175
1739719062121 0.01759604333740411 176
1739719062149 0.08823903106533795 177
1739719062178 0.045588485854733136 178
1739719062206 0.0009535729110433667 179
1739719062234 0.05133820234424255 180
1739719062261 0.038450573634679186 181
1739719062289 0.038229141961420236 182
1739719062315 0.009012315553701234 183
1739719062342 0.2985961962412005 184
1739719062368 0.5950735616273101 185
1739719062396 0.07936995390309091 186
1739719062424 0.05578519120965264 187
1739719062451 0.23557804525114037 188
1739719062478 0.11658733061169411 189
1739719062506 0.04560833875458762 190
1739719062533 0.016166295878998548 191
1739719062560 0.010486701027799984 192
1739719062587 0.4291359428338642 193
1739719062614 0.1295354468379755 194
1739719062641 0.08181908977503839 195
1739719062668 0.05543189107978627 196
1739719062695 0.027730673704179132 197
1739719062722 0.03923952404067339 198
1739719062749 2.128298792243812e-05 199
1739719062775 0.08189434848801797 200
1739719062802 0.1516915672519394 201
1739719062828 0.6342142771372014 202
1739719062855 0.031401881510591596 203
1739719062881 0.019818945402966043 204
1739719062908 0.010916714534487641 205
1739719062935 0.028869163737061807 206
1739719062961 0.018537911666340577 207
1739719062988 0.1842112905419248 208
1739719063016 0.01331370183353167 209
1739719063044 0.2447028133216733 210
1739719063072 0.5437714463810206 211
1739719063102 0.012197019190473663 212
1739719063131 0.041802528650083694 213
1739719063162 0.07040770555178479 214
1739719063192 0.0230808892927485 215
1739719063221 0.06323747719160049 216
1739719063250 0.0030226601785357473 217
1739719063278 0.15843139844358986 218
1739719063306 0.05085254575477489 219
1739719063334 0.007882587887260206 220
1739719063361 0.08037624217730581 221
1739719063388 0.007586945877838485 222
1739719063415 0.006118018903103567 223
1739719063442 0.003290845874840546 224
1739719063469 0.0890808583442829 225
1739719063496 0.007076752522861581 226
1739719063522 0.13091395851515297 227
1739719063551 0.0707308253304874 228
1739719063579 0.1526904040577232 229
1739719063608 0.035402665170045616 230
1739719063636 0.6466395820206117 231
1739719063664 0.2166353036606304 232
1739719063693 0.006449348468052513 233
1739719063721 0.10763898832633562 234
1739719063749 0.0010738039137333714 235
1739719063777 0.19255277063304024 236
1739719063805 0.30188934089843256 237
1739719063832 0.008786321998232104 238
1739719063859 0.054377612699589774 239
1739719063886 0.05645847021201244 240
1739719063913 0.0021843584207442515 241
1739719063941 0.008578958024668834 242
1739719063967 0.4325768130530667 243
1739719063994 0.0030355654170231643 244
1739719064022 0.036533257161947434 245
1739719064049 0.44622049159253807 246
1739719064076 0.14012344294511128 247
1739719064105 0.15646777265104939 248
1739719064132 0.054382286196837146 249
1739719064159 0.12966499730700465 250
1739719064186 0.06391890835371043 251
1739719064213 0.05698185853513904 252
1739719064240 0.00033655590395836497 253
1739719064266 0.032161954071961915 254
1739719064293 0.19007410063742655 255
1739719064320 0.05672185145223911 256
1739719064347 0.0007805143714557914 257
1739719064373 0.006754251080262301 258
1739719064400 0.019827665896985456 259
1739719064427 0.04117296217131949 260
1739719064454 0.0016992235039533475 261
1739719064481 0.024530320131421673 262
1739719064509 0.21941115349935417 263
1739719064537 0.03880740292946405 264
1739719064565 0.21576804200403377 265
1739719064592 0.2592898503373299 266
1739719064619 0.08459856911337224 267
1739719064646 0.040466775020765754 268
1739719064673 0.19180275899980048 269
1739719064700 0.0008867941135006194 270
1739719064726 0.005959907755095769 271
1739719064753 0.08310388885738343 272
1739719064780 0.0082312136462887 273
1739719064807 0.013002799835709006 274
1739719064835 0.10088912675506784 275
1739719064880 0.07439006042625451 276
1739719064911 0.09696918488008267 277
1739719064939 0.25114775362985137 278
1739719064968 0.008359098998001845 279
1739719064995 0.21144570906120796 280
1739719065023 0.2336812656473027 281
1739719065049 1.0016518789338453 282
1739719065076 2.295241393016449 283
1739719065103 0.013723804580215751 284
1739719065130 0.09504971814079168 285
1739719065157 0.05128583931094958 286
1739719065183 0.04233473412825907 287
1739719065210 0.2773013443005762 288
1739719065239 0.20637286069039265 289
1739719065266 0.06571170183550175 290
1739719065293 0.015594585946163688 291
1739719065320 0.05037730678819076 292
1739719065347 0.0504077846509089 293
1739719065374 0.008386828459197632 294
1739719065401 0.03246615950949102 295
1739719065428 0.022829506510727564 296
1739719065455 0.34327772514063465 297
1739719065482 0.15787591211080285 298
1739719065508 1.102550306029014 299
1739719065535 0.04450177131277941 300
1739719065561 0.22356066854451806 301
1739719065588 0.023276084554866832 302
1739719065615 0.02709724334104356 303
1739719065642 0.06501666291238502 304
1739719065669 0.2529680465557969 305
1739719065696 0.40593131920265213 306
1739719065723 0.05118474776207217 307
1739719065750 0.025223793901891008 308
1739719065776 0.015380773542884009 309
1739719065804 0.002790422725539013 310
1739719065833 0.00809209403888198 311
1739719065861 0.06462240293805249 312
1739719065890 0.07946700594018566 313
1739719065918 0.006276094768932617 314
1739719065946 0.03286500144973636 315
1739719065974 0.39161758414067727 316
1739719066001 0.12945562157201349 317
1739719066028 0.11473891665221464 318
1739719066055 0.004505615936949389 319
1739719066083 0.644383307528213 320
1739719066111 0.015231135472414373 321
1739719066138 0.0003672298867087279 322
1739719066165 0.39665191537890665 323
1739719066193 0.007799920930172466 324
1739719066221 0.007584199114914162 325
1739719066249 0.007315637956745589 326
1739719066275 0.006039455177122839 327
1739719066302 0.015126926091220554 328
1739719066329 0.02655014123455214 329
1739719066356 0.14638885492861836 330
1739719066383 0.0003456016931901307 331
1739719066410 0.01057661693203345 332
1739719066437 0.012630643321995602 333
1739719066465 0.1554704744142833 334
1739719066491 0.038840512174548904 335
1739719066520 0.36259464888768306 336
1739719066550 0.10413611707884778 337
1739719066579 0.1285378515697454 338
1739719066607 0.011342373483766998 339
1739719066637 0.004436747344180277 340
1739719066665 0.09214715453893099 341
1739719066694 0.055705634319143854 342
1739719066723 0.03025900695484827 343
1739719066751 0.027067664059093773 344
1739719066780 0.04871125450702286 345
1739719066809 0.20650699428613245 346
1739719066837 0.0005457725181922633 347
1739719066864 0.053256789353503274 348
1739719066891 8.786970600465598e-05 349
1739719066917 0.0949843318954717 350
1739719066945 3.391289490237306e-06 351
1739719066971 0.06139506983498172 352
1739719066999 0.11798993157241287 353
1739719067026 0.26754115164699294 354
1739719067053 0.04930043591097725 355
1739719067080 0.13191348899742839 356
1739719067107 0.01836918699988162 357
1739719067134 0.014787555273588162 358
1739719067161 0.09324879461474764 359
1739719067188 3.120065788623016e-06 360
1739719067265 0.023697572443808487 361
1739719067295 0.002267816675745032 362
1739719067324 0.02830648342028895 363
1739719067354 0.1457626351683198 364
1739719067383 0.03854211045829901 365
1739719067413 0.20328954669511165 366
1739719067443 0.0024831541250855318 367
1739719067473 0.015055292087821344 368
1739719067503 0.3410721237157061 369
1739719067532 1.4023333801533107 370
1739719067560 0.09103874227052317 371
1739719067590 0.07949253887662516 372
1739719067620 0.08175901306856345 373
1739719067650 0.01861147754514346 374
1739719067679 0.13465061989039653 375
1739719067709 0.0007511849589927003 376
1739719067738 0.005137922815154862 377
1739719067766 0.07760512657698929 378
1739719067793 0.05861839091871512 379
1739719067820 0.16037933650312813 380
1739719067847 0.243380268001376 381
1739719067875 0.30593975068534984 382
1739719067903 0.028864507419010147 383
1739719067930 0.09857514903767112 384
1739719067957 0.28849237512231063 385
1739719067984 0.47066604251663136 386
1739719068012 0.1936122120718483 387
1739719068039 0.21550469192428234 388
1739719068067 0.03903095933424451 389
1739719068093 0.004629004270259379 390
1739719068121 0.16554962016332378 391
1739719068148 0.06774467332861066 392
1739719068175 0.31902099292405367 393
1739719068204 0.1736846417284522 394
1739719068233 0.0005152101331982456 395
1739719068261 0.09148205853805859 396
1739719068289 0.014978893951831692 397
1739719068318 0.0004893778465044888 398
1739719068346 0.0001031088359875465 399
1739719068374 0.27638932281871864 400
1739719068401 0.10017725883366502 401
1739719068429 0.00967732929497591 402
1739719068457 0.08079058098440266 403
1739719068485 0.07152722024348601 404
1739719068512 0.0018974704390247795 405
1739719068539 0.3941763695457715 406
1739719068566 0.00754581089813671 407
1739719068593 0.041545451851796755 408
1739719068620 0.9044983779976526 409
1739719068647 0.1696588440996269 410
1739719068673 0.05166124833737959 411
1739719068700 0.0057212234835334825 412
1739719068729 0.006724420199125941 413
1739719068785 0.0444059770836594 414
1739719068814 4.815019121769354e-05 415
1739719068842 0.026401656915718864 416
1739719068870 0.005050645522143788 417
1739719068899 0.021263672997712365 418
1739719068927 0.11985716642634452 419
1739719068956 0.1587455124743455 420
1739719068984 0.06409049063767464 421
1739719069012 0.06926501313029489 422
1739719069040 0.020746306591847168 423
1739719069068 0.09585486022889095 424
1739719069096 3.309193382718797e-05 425
1739719069125 0.014173114408805037 426
1739719069153 0.03905124065022932 427
1739719069181 0.018702121626454366 428
1739719069209 0.004342166062093519 429
1739719069237 0.18895820485615686 430
1739719069264 0.016558394422299144 431
1739719069291 0.17135011021184857 432
1739719069318 0.061349738151772706 433
1739719069345 0.00016091709090052298 434
1739719069371 0.013297037846343882 435
1739719069398 0.04991760320850875 436
1739719069425 0.037845499352122426 437
1739719069452 0.03315690473891174 438
1739719069478 0.0001225306340762945 439
1739719069504 0.2253112724039063 440
1739719069531 0.007476369723480536 441
1739719069557 0.0007104580698220706 442
1739719069584 0.06487081258847273 443
1739719069612 0.018919494524063676 444
1739719069640 0.05007323764320502 445
1739719069667 0.020606121199768675 446
1739719069696 0.15697367808949442 447
1739719069723 0.04054739152917442 448
1739719069751 0.0037650243514570332 449
1739719069780 0.20828688565317216 450
1739719069808 0.11911400305288782 451
1739719069837 0.00040279812550342027 452
1739719069865 0.00011708756472799119 453
1739719069894 9.546368241828806e-05 454
1739719069922 0.11203804393764275 455
1739719069950 0.034425335710236205 456
1739719069979 0.005784960737850632 457
1739719070008 0.28766113762447815 458
1739719070036 0.10312409918639297 459
1739719070065 0.15224464019536893 460
1739719070093 0.004398998409976109 461
1739719070123 0.00591105442435292 462
1739719070152 0.002168251430924165 463
1739719070179 0.5453339349481159 464
1739719070207 0.02658409949807759 465
1739719070236 0.025599293407260353 466
1739719070263 0.05717862723744598 467
1739719070291 0.2840177480251162 468
1739719070319 0.00018635378297640715 469
1739719070348 0.05624870756347407 470
1739719070376 0.043137660384381486 471
1739719070404 0.18004803729493443 472
1739719070432 0.5646623441504994 473
1739719070459 0.2533450015298354 474
1739719070485 1.227392720630161 475
1739719070511 0.4573981866085854 476
1739719070539 0.031101070677244613 477
1739719070566 0.007751975056214842 478
1739719070593 0.07390796035870015 479
1739719070621 0.3257045911459514 480
1739719070647 0.01752541382860725 481
1739719070674 0.00665599032669459 482
1739719070701 0.018072154764102972 483
1739719070728 1.5469375434698556 484
1739719070755 0.10853282618038251 485
1739719070784 0.014894857034824183 486
1739719070811 0.021245673325530946 487
1739719070839 0.23551522929938382 488
1739719070867 0.8204707329853743 489
1739719070896 0.14487116224033983 490
1739719070924 0.3889118760875624 491
1739719070953 0.035676282702622394 492
1739719070981 0.039167252945205344 493
1739719071009 1.4375843513132154e-05 494
1739719071036 0.29462498430356926 495
1739719071064 0.0898718150861714 496
1739719071092 0.012100232380143029 497
1739719071120 0.09367552124926533 498
1739719071147 0.2054678458325621 499
