1739716156173 44.016268200342715 0
1739716156178 15.518227924290917 1
1739716156185 8.454800161968294 2
1739716156191 5.846095294788351 3
1739716156197 5.306937610914118 4
1739716156202 4.920131336078998 5
1739716156208 4.889639526823451 6
1739716156215 4.900829515671444 7
1739716156221 4.774028438350732 8
1739716156227 5.116389047569668 9
1739716156233 4.855206398737533 10
1739716156238 4.709000251129846 11
1739716156243 4.969311177494834 12
1739716156249 4.7690558282244435 13
1739716156253 4.865402021665382 14
1739716156259 4.786640750390025 15
1739716156264 4.84843758816357 16
1739716156269 5.449855819652463 17
1739716156274 4.923606460382723 18
1739716156279 4.630042560795956 19
1739716156284 4.457243938257099 20
1739716156288 4.770359055827539 21
1739716156293 4.627560968156212 22
1739716156298 4.68304073053666 23
1739716156304 4.7700104467493825 24
1739716156309 4.849883365465618 25
1739716156314 4.589865389768588 26
1739716156320 5.085267509703547 27
1739716156325 4.564480193468214 28
1739716156330 4.970154353345069 29
1739716156334 4.651230798048483 30
1739716156339 5.230515903693219 31
1739716156345 4.763917038751865 32
1739716156350 4.646989570766412 33
1739716156357 4.516621989301641 34
1739716156363 4.925494293483199 35
1739716156368 4.945333445492997 36
1739716156374 4.447994872092136 37
1739716156379 4.789329477793143 38
1739716156385 5.178453103702682 39
1739716156391 4.899627994175746 40
1739716156397 5.108402408852245 41
1739716156403 4.53122378195204 42
1739716156409 4.586420093439711 43
1739716156414 5.060189117910856 44
1739716156421 4.64560426950409 45
1739716156427 5.068802900010457 46
1739716156432 5.0750682672207175 47
1739716156437 4.7115323652227366 48
1739716156442 4.934463028769201 49
1739716156449 4.641741540323577 50
1739716156455 4.840114989337297 51
1739716156460 4.683069407898785 52
1739716156466 4.922594620447059 53
1739716156472 4.726285647284988 54
1739716156478 4.689163420495008 55
1739716156484 4.552331243282077 56
1739716156489 4.686876061580279 57
1739716156494 4.850027622234702 58
1739716156499 4.822497848839905 59
1739716156504 5.011866828795521 60
1739716156508 4.692947426482523 61
1739716156513 4.9250255609717755 62
1739716156518 4.929733048450892 63
1739716156523 4.259672561593587 64
1739716156528 5.164272580890098 65
1739716156533 5.002009017418876 66
1739716156537 4.749635465193782 67
1739716156542 5.144439326803616 68
1739716156548 4.601294884200725 69
1739716156554 4.4949367937072475 70
1739716156560 4.9628039702437095 71
1739716156566 4.791171213863222 72
1739716156571 5.252683984392908 73
1739716156577 4.715613211221707 74
1739716156583 5.098794419474513 75
1739716156588 4.762691247905471 76
1739716156594 4.919686886904657 77
1739716156599 4.6911760158943325 78
1739716156605 4.794431399759736 79
1739716156610 4.585976823494031 80
1739716156615 4.572687701946883 81
1739716156620 4.634300959598038 82
1739716156626 4.81446178386516 83
1739716156632 4.616687653865466 84
1739716156637 5.248459781643603 85
1739716156641 4.932793541701952 86
1739716156646 5.05786202880378 87
1739716156651 4.926150883727318 88
1739716156656 4.855148569860776 89
1739716156661 4.939422816138511 90
1739716156667 4.3048987881315455 91
1739716156672 4.609152441282012 92
1739716156677 4.5469709221905 93
1739716156683 4.710239876210421 94
1739716156689 4.821050437382121 95
1739716156694 4.979778213343593 96
1739716156700 4.602376778423248 97
1739716156705 4.793522061315639 98
1739716156711 4.7893712858616775 99
1739716156716 5.0013005046871495 100
1739716156721 4.6422176450956485 101
1739716156726 4.562873806799185 102
1739716156730 4.604651735453479 103
1739716156736 4.903991319428076 104
1739716156743 4.641419079273521 105
1739716156748 4.829826432254419 106
1739716156754 5.099999018274077 107
1739716156761 4.658076420561521 108
1739716156767 4.901551326694374 109
1739716156772 4.832072171361555 110
1739716156779 4.689605054937957 111
1739716156785 4.91636532937816 112
1739716156790 4.82018476846598 113
1739716156795 4.77818312414114 114
1739716156801 4.828675915896543 115
1739716156806 5.139289064156592 116
1739716156813 4.9152234497212 117
1739716156819 4.840280359693592 118
1739716156823 4.913528609532306 119
1739716156828 4.681684672372457 120
1739716156833 4.72147291051435 121
1739716156837 4.554778313233943 122
1739716156842 4.841393913476457 123
1739716156847 4.827664788851126 124
1739716156851 4.746067066246004 125
1739716156856 4.485207402647083 126
1739716156861 4.8460689239127985 127
1739716156866 4.811477109047226 128
1739716156870 4.594353434599529 129
1739716156875 4.990488446041217 130
1739716156880 4.527379947924085 131
1739716156884 4.758508875074752 132
1739716156889 4.987468875804053 133
1739716156893 4.73358706943497 134
1739716156898 4.712715231191347 135
1739716156903 4.701129819376131 136
1739716156908 4.89789299433472 137
1739716156913 4.731957857143511 138
1739716156917 4.839829245820146 139
1739716156922 4.833092116749042 140
1739716156927 4.58894086413837 141
1739716156931 4.8715075747311305 142
1739716156936 4.548047674979355 143
1739716156941 4.838187995659879 144
1739716156945 4.791438646289836 145
1739716156950 4.5725062105789736 146
1739716156955 4.763057607308369 147
1739716156959 4.498448165576435 148
1739716156964 4.979119132086852 149
1739716156968 4.811853429665408 150
1739716156974 4.906693676923381 151
1739716156981 4.963249857394196 152
1739716156987 5.144473542889971 153
1739716156994 4.622962515579443 154
1739716157000 5.300983352721484 155
1739716157006 4.912761773998741 156
1739716157012 4.589174908913011 157
1739716157018 4.654560234974924 158
1739716157024 4.682719705384127 159
1739716157030 4.9011711190273335 160
1739716157036 4.973533798513685 161
1739716157042 4.616685993403513 162
1739716157048 4.81617992816471 163
1739716157056 4.608038171387695 164
1739716157064 4.8155555863348924 165
1739716157071 4.565317402171301 166
1739716157076 4.732582079264695 167
1739716157082 4.779216136380912 168
1739716157088 4.72524528771368 169
1739716157094 4.764439885884917 170
1739716157101 5.159187544630698 171
1739716157107 4.876999521074703 172
1739716157114 4.825353498722613 173
1739716157120 4.626944094312231 174
1739716157126 4.681686663082929 175
1739716157132 4.689132929911556 176
1739716157138 4.803074902908943 177
1739716157144 4.714957703937001 178
1739716157148 4.876008439810232 179
1739716157153 4.694169977838668 180
1739716157159 5.144269314505766 181
1739716157165 4.561434139669434 182
1739716157171 4.6669480458918455 183
1739716157178 4.482285053212425 184
1739716157184 4.850940506481157 185
1739716157190 4.7951991327707715 186
1739716157196 4.658517120146015 187
1739716157202 4.937633956897117 188
1739716157207 4.523105524279455 189
1739716157212 4.795560615658777 190
1739716157217 4.879389214265789 191
1739716157223 4.96610234116882 192
1739716157229 4.8411231342238015 193
1739716157235 4.625563098827991 194
1739716157241 4.827235333898842 195
1739716157247 4.759440178796775 196
1739716157252 4.848780427907249 197
1739716157257 4.617651772657746 198
1739716157267 4.431600044879934 199
1739716157273 4.7553832246204015 200
1739716157279 4.5213003814565305 201
1739716157284 5.032796459147562 202
1739716157288 4.638332609821202 203
1739716157293 4.784705335123653 204
1739716157298 4.72101081820817 205
1739716157302 4.802678443985301 206
1739716157307 4.964839432525436 207
1739716157311 4.819411074550539 208
1739716157316 5.023045881076376 209
1739716157321 4.794919536161037 210
1739716157326 4.850212375387488 211
1739716157330 4.720704972557414 212
1739716157335 4.658228863743485 213
1739716157339 4.601892472888911 214
1739716157344 4.881064802647632 215
1739716157348 4.63874123238792 216
1739716157353 4.6569287110522195 217
1739716157358 5.06066865622272 218
1739716157362 4.588752223478977 219
1739716157367 4.882504093305301 220
1739716157372 4.663402403312023 221
1739716157377 4.861313679208647 222
1739716157382 5.086763140307198 223
1739716157387 4.458704315345491 224
1739716157393 4.853073854722945 225
1739716157397 4.656400161581708 226
1739716157402 4.6501933342587 227
1739716157407 4.543948730112162 228
1739716157411 4.818545214032662 229
1739716157416 4.630459479826254 230
1739716157421 4.842541860706164 231
1739716157425 4.600829457965339 232
1739716157431 4.661181376764497 233
1739716157435 4.798294726962481 234
1739716157440 4.825180091900756 235
1739716157444 4.8002932058279955 236
1739716157449 4.750854585468055 237
1739716157454 4.431146084512044 238
1739716157458 4.803497998056551 239
1739716157463 4.335915724491003 240
1739716157467 4.607713184412469 241
1739716157472 4.801467445095428 242
1739716157477 4.997996091059975 243
1739716157482 4.820895226519963 244
1739716157487 4.702441644172634 245
1739716157491 5.011800261450665 246
1739716157496 4.691767625328482 247
1739716157500 4.668064426071661 248
1739716157505 5.014618873817597 249
1739716157510 4.90273684153261 250
1739716157514 4.728395277541664 251
1739716157519 4.542073008982709 252
1739716157524 4.818068380284636 253
1739716157528 5.096264580684972 254
1739716157533 4.809695984049905 255
1739716157538 4.65267126673302 256
1739716157542 4.685683075995173 257
1739716157547 4.835399218325928 258
1739716157551 4.744675876159703 259
1739716157556 5.215618492645237 260
1739716157561 4.612995452699503 261
1739716157565 4.770922856156717 262
1739716157570 5.158443784610278 263
1739716157575 4.391104423745156 264
1739716157580 4.724931843595675 265
1739716157586 5.099754718434483 266
1739716157591 4.7443292733419264 267
1739716157597 4.846945412601157 268
1739716157603 4.333166619741267 269
1739716157609 4.967203689615131 270
1739716157615 4.679781208879044 271
1739716157621 4.901482594724122 272
1739716157627 4.707879866824368 273
1739716157633 4.362632011506916 274
1739716157639 5.040454267843276 275
1739716157645 4.890910340726785 276
1739716157650 4.696736658138311 277
1739716157657 5.138565197236452 278
1739716157662 4.499789477274482 279
1739716157669 4.373766894329668 280
1739716157675 4.7293383412068914 281
1739716157681 4.665580969436641 282
1739716157687 4.851566594729238 283
1739716157693 4.98441647317215 284
1739716157699 5.150935182523135 285
1739716157705 4.779991089591728 286
1739716157711 4.658381577362084 287
1739716157717 4.662409009805011 288
1739716157723 5.10237226083375 289
1739716157729 4.7650096199158 290
1739716157735 4.946840528301714 291
1739716157741 4.613121634140183 292
1739716157746 4.640864164720758 293
1739716157752 4.998060842384237 294
1739716157758 4.64580241095656 295
1739716157763 4.747444159468774 296
1739716157769 4.703994913508071 297
1739716157775 4.66953406981185 298
1739716157782 4.8769838136799555 299
1739716157790 4.822188702922374 300
1739716157797 5.232228455604198 301
1739716157803 4.7405437913283865 302
1739716157809 4.6438053475980015 303
1739716157816 4.772036976083829 304
1739716157822 4.733037961210144 305
1739716157828 4.566203812269881 306
1739716157834 4.50949348300973 307
1739716157841 4.8068172905652595 308
1739716157847 4.6264138389396505 309
1739716157853 4.4797015570724765 310
1739716157858 4.85453440611792 311
1739716157864 5.082398097763665 312
1739716157870 4.6463176712726195 313
1739716157875 4.394079557615118 314
1739716157880 4.8954569933217815 315
1739716157885 4.59615265129696 316
1739716157891 5.107078570833046 317
1739716157897 5.079645634618182 318
1739716157903 4.622599965678833 319
1739716157908 4.5451081847569155 320
1739716157914 4.627461197853765 321
1739716157919 4.806617460244836 322
1739716157925 4.377425966189732 323
1739716157930 5.130040818619364 324
1739716157936 4.872895264496573 325
1739716157942 4.804028408840439 326
1739716157947 5.02657939678098 327
1739716157952 4.715108923254516 328
1739716157958 4.930463911632093 329
1739716157962 4.588183284784209 330
1739716157967 4.626048768327322 331
1739716157973 5.022047024947102 332
1739716157978 4.790932557341392 333
1739716157984 4.912643685116978 334
1739716157989 4.673641085052696 335
1739716157993 4.502507684215956 336
1739716157998 4.61562766304635 337
1739716158002 5.195648831619637 338
1739716158007 4.832301116009798 339
1739716158011 4.584807210394949 340
1739716158016 4.723039517508463 341
1739716158021 4.71502723826614 342
1739716158025 4.4091083986371755 343
1739716158030 4.95850580939481 344
1739716158034 4.542079903146997 345
1739716158039 4.828509271882793 346
1739716158044 4.590360263563703 347
1739716158048 4.6335887778324505 348
1739716158053 4.6756811645070515 349
1739716158057 4.7933490478865455 350
1739716158062 4.424850536937118 351
1739716158067 4.980600798213009 352
1739716158072 4.7775370232975805 353
1739716158077 4.885721156917863 354
1739716158082 4.914349544972292 355
1739716158087 4.663844320670889 356
1739716158091 5.158572778781871 357
1739716158096 4.479052919741042 358
1739716158101 4.46461743930037 359
1739716158105 5.1124873794507275 360
1739716158115 4.7279114521814884 361
1739716158124 4.780696905911646 362
1739716158128 5.146089508465885 363
1739716158133 4.520965456245196 364
1739716158137 4.796521987267824 365
1739716158142 4.70560569476259 366
1739716158147 4.451117008254632 367
1739716158152 4.755379259633456 368
1739716158156 4.891066308405329 369
1739716158161 4.67221130577793 370
1739716158166 4.762046015651016 371
1739716158171 4.864733184428601 372
1739716158175 4.542605277700597 373
1739716158180 4.607113374333097 374
1739716158185 4.959326269570087 375
1739716158190 5.084496566580202 376
1739716158195 5.029933546794885 377
1739716158200 4.705942119850987 378
1739716158204 4.672795218895546 379
1739716158209 4.940155279603743 380
1739716158214 5.1147230680981055 381
1739716158218 5.059983016819669 382
1739716158223 4.822405267776287 383
1739716158228 4.649436972308454 384
1739716158234 4.65774700081527 385
1739716158240 4.659596403984481 386
1739716158245 4.72181324872654 387
1739716158250 4.995285084652143 388
1739716158255 5.148410661618835 389
1739716158260 5.0340351685448965 390
1739716158264 4.676472922816106 391
1739716158269 4.568652654964449 392
1739716158274 4.84137976242076 393
1739716158278 4.380643720428019 394
1739716158283 4.644756853872692 395
1739716158288 4.739199904256058 396
1739716158293 4.729436048677567 397
1739716158298 5.079793018346667 398
1739716158302 4.918816533240153 399
1739716158307 4.903720098760216 400
1739716158312 4.406758105096796 401
1739716158317 4.789914369462389 402
1739716158321 5.0152687356121035 403
1739716158326 4.9956980117900756 404
1739716158331 4.847349206421363 405
1739716158336 4.764708055351564 406
1739716158341 4.90649898308136 407
1739716158345 4.500512998186521 408
1739716158350 4.838966124666711 409
1739716158355 4.765828699948125 410
1739716158360 4.69369970934688 411
1739716158364 4.8113170375060585 412
1739716158369 4.9713893060206855 413
1739716158374 4.726520806340585 414
1739716158378 4.723986502691562 415
1739716158383 5.103801974218613 416
1739716158388 4.704070630167948 417
1739716158393 4.813187553133262 418
1739716158398 4.823290516307581 419
1739716158403 4.959906895653728 420
1739716158407 4.540433037162148 421
1739716158412 4.921043780509183 422
1739716158417 4.591354429219357 423
1739716158421 4.627163108980196 424
1739716158426 4.744613851102212 425
1739716158431 4.972647787359958 426
1739716158435 4.682726460037077 427
1739716158440 4.874456910927794 428
1739716158444 5.208353875821071 429
1739716158449 5.028907438278336 430
1739716158454 4.822798372234325 431
1739716158458 4.992420416480019 432
1739716158463 4.472612317553535 433
1739716158467 4.874353135540501 434
1739716158472 4.409581585306235 435
1739716158477 4.867420421100078 436
1739716158481 4.279282792450612 437
1739716158486 4.7959812437548095 438
1739716158491 4.824953671390118 439
1739716158496 4.6091753082091715 440
1739716158501 4.8015017792367365 441
1739716158506 4.284782510146267 442
1739716158511 4.7446858643858985 443
1739716158516 4.69480590316945 444
1739716158521 4.650553429066806 445
1739716158526 4.695464129888893 446
1739716158531 4.906980437101963 447
1739716158536 4.951527029308323 448
1739716158541 4.941959255228971 449
1739716158546 4.6692922895537645 450
1739716158551 4.822850914143281 451
