1739719386672 2.7379886434784235 0
1739719386698 2.6307501859685134 1
1739719386724 2.8130728127831217 2
1739719386750 7.437041489958168 3
1739719386776 7.9795259628573785 4
1739719386802 7.867723308516518 5
1739719386827 7.8071206428546285 6
1739719386854 4.663581599383012 7
1739719386881 5.67010066607912 8
1739719386907 8.850525860066217 9
1739719386933 1.6830104862769897 10
1739719386959 6.242933940736612 11
1739719386985 1.92107298962423 12
1739719387011 4.776851428085481 13
1739719387037 5.4099051207429465 14
1739719387062 6.16733193779454 15
1739719387089 7.135905489581046 16
1739719387115 3.173825754810512 17
1739719387140 2.517251414910128 18
1739719387166 5.854128820823961 19
1739719387192 6.0416035263551295 20
1739719387218 7.822121754562265 21
1739719387244 6.764191243460412 22
1739719387270 11.256566708207547 23
1739719387295 3.0286608358902565 24
1739719387321 1.696844374604568 25
1739719387346 4.83515882766041 26
1739719387372 9.392915665577139 27
1739719387397 4.152817857451962 28
1739719387422 2.6029941497849958 29
1739719387448 4.653920821128661 30
1739719387473 6.600933614513432 31
1739719387500 4.7426523154722755 32
1739719387525 3.145868165470691 33
1739719387551 2.3748091101404083 34
1739719387576 3.9305301192431825 35
1739719387602 5.602197723324385 36
1739719387627 4.868898982863427 37
1739719387653 4.670538582011016 38
1739719387678 4.791111726300168 39
1739719387704 6.358031557822713 40
1739719387730 4.332844901170877 41
1739719387756 4.372923764206952 42
1739719387782 3.908580593211243 43
1739719387808 3.4516564583765312 44
1739719387833 6.546916794403198 45
1739719387860 5.858549936530356 46
1739719387887 3.6192342743569594 47
1739719387912 8.575316721311482 48
1739719387938 4.534921967898079 49
1739719387964 4.224599130725999 50
1739719387990 3.102284343864776 51
1739719388015 3.5655211145492105 52
1739719388041 5.5225209296267845 53
1739719388067 5.42504626585862 54
1739719388093 2.010273127060616 55
1739719388118 4.0014683881814115 56
1739719388144 4.260878181742625 57
1739719388170 1.5154262857904857 58
1739719388195 6.337430986979107 59
1739719388221 6.671267826778772 60
1739719388247 4.313888482065302 61
1739719388273 3.1935502333597974 62
1739719388299 0.27413748026090573 63
1739719388324 2.56983027635596 64
1739719388350 2.7672557476445814 65
1739719388376 3.6810962599697787 66
1739719388402 4.411119178504717 67
1739719388427 2.4862604563393913 68
1739719388453 7.443926050742234 69
1739719388479 6.68173140533716 70
1739719388505 4.144486224175064 71
1739719388531 3.4192695320150226 72
1739719388556 5.775217580618136 73
1739719388582 2.484998929596989 74
1739719388608 2.2011890416923268 75
1739719388634 1.3665753151740716 76
1739719388660 5.870293821118878 77
1739719388686 3.393776411675057 78
1739719388711 3.709138921494425 79
1739719388737 4.898802973986512 80
1739719388763 11.168389925023282 81
1739719388788 2.593617159151628 82
1739719388814 6.059560360059748 83
1739719388840 6.346698528329126 84
1739719388866 5.156981501337062 85
1739719388892 0.08446170817320801 86
1739719388918 4.694678237602824 87
1739719388944 4.280537492523626 88
1739719388970 4.9767469983366786 89
1739719388995 4.536176675017589 90
1739719389021 7.6114377849526935 91
1739719389046 12.06490121854588 92
1739719389072 3.3206343146296873 93
1739719389099 4.918361773639871 94
1739719389124 4.46141394543441 95
1739719389150 8.038468895809816 96
1739719389176 3.291322237160413 97
1739719389217 4.8505429957894135 98
1739719389245 3.550800861266475 99
1739719389274 5.020023192590141 100
1739719389304 5.180758898031592 101
1739719389334 5.6534257280889255 102
1739719389362 4.708872676978878 103
1739719389390 3.5042250612723365 104
1739719389416 2.0719617607419956 105
1739719389442 5.783467355557865 106
1739719389468 1.7219275620989296 107
1739719389493 6.738833026002015 108
1739719389518 5.950440919286705 109
1739719389544 6.483346490989655 110
1739719389569 2.8099385839961437 111
1739719389595 5.809659114890332 112
1739719389621 5.614270146553976 113
1739719389646 4.919011410251275 114
1739719389672 1.6719453211935171 115
1739719389698 2.778222645586877 116
1739719389724 9.11729376749594 117
1739719389751 4.015342414911137 118
1739719389780 6.044872287282373 119
1739719389809 1.350236851295347 120
1739719389836 3.5426873984121876 121
1739719389863 8.475907602321007 122
1739719389889 4.821056799503215 123
1739719389915 5.4189290272981765 124
1739719389941 6.765933782888244 125
1739719389966 5.172329482780799 126
1739719389995 7.621595211945046 127
1739719390022 3.538095062224024 128
1739719390050 3.6800158403604084 129
1739719390078 3.5044555757026035 130
1739719390107 10.36023718633366 131
1739719390134 4.042739970246035 132
1739719390161 4.964127344087242 133
1739719390190 3.126460083861365 134
1739719390218 5.245420360995724 135
1739719390245 4.454653659588164 136
1739719390272 5.347237611822214 137
1739719390300 6.568659941043319 138
1739719390328 5.161547427155912 139
1739719390354 5.151671387148433 140
1739719390380 1.5935135149865756 141
1739719390406 4.30883885307065 142
1739719390432 9.61945366513026 143
1739719390457 6.723381915753585 144
1739719390483 4.398283061366331 145
1739719390508 20.210145178388174 146
1739719390534 6.068681092808156 147
1739719390560 3.461561696072539 148
1739719390585 6.392536721904903 149
1739719390611 3.6015771328002417 150
1739719390636 4.589389829517604 151
1739719390662 5.984673473405325 152
1739719390688 7.4301499952225285 153
1739719390714 3.588222822149197 154
1739719390740 2.8667176833209917 155
1739719390765 5.021448006563008 156
1739719390791 5.164688682832416 157
1739719390817 4.997127987295019 158
1739719390843 5.8810907168169955 159
1739719390871 4.1110349486012705 160
1739719390898 2.6753657711908176 161
1739719390923 3.725984619413348 162
1739719390949 5.0908530634639435 163
1739719390974 6.695343536707589 164
1739719391000 4.47320226519812 165
1739719391026 6.301089298891666 166
1739719391052 4.135239055479294 167
1739719391077 5.9604753008725115 168
1739719391103 0.5923568537379684 169
1739719391129 7.964796977332516 170
1739719391155 4.243637829512863 171
1739719391180 4.921677681593226 172
1739719391206 1.7805468874566983 173
1739719391232 2.8943113220243775 174
1739719391257 2.4499519830773493 175
1739719391283 11.624122170971832 176
1739719391308 6.768471125171467 177
1739719391334 8.547778641919226 178
1739719391360 2.5018755754262285 179
1739719391386 5.88398311151936 180
1739719391412 9.816724687714382 181
1739719391438 4.273491075624067 182
1739719391463 5.426428787149893 183
1739719391489 3.604136801187163 184
1739719391515 5.0236698150444115 185
1739719391541 2.040876393716803 186
1739719391567 1.557234114646739 187
1739719391593 2.9715494015411257 188
1739719391619 8.288936952129202 189
1739719391645 5.935291774004038 190
1739719391671 7.203865282071214 191
1739719391697 2.317740933581661 192
1739719391722 5.80134558408471 193
1739719391748 2.549524947536535 194
1739719391774 6.219464895605176 195
1739719391800 4.8565457453831735 196
1739719391826 2.056734146922887 197
1739719391852 7.548710888865925 198
1739719391877 4.850527492474844 199
1739719391903 5.5075697609319505 200
1739719391929 4.977156615780263 201
1739719391955 6.552699843670513 202
1739719391980 3.884516490514356 203
1739719392005 5.737543665434915 204
1739719392032 6.058821130580384 205
1739719392057 2.2354686125100387 206
1739719392083 4.529015017412382 207
1739719392110 14.100511540711365 208
1739719392136 3.753234781898249 209
1739719392162 8.64125843876513 210
1739719392188 4.6403205286747085 211
1739719392214 4.197152723594709 212
1739719392240 3.2659382796523975 213
1739719392266 2.731246241575564 214
1739719392291 1.3846786337731678 215
1739719392317 2.9751921201920672 216
1739719392342 4.960651606157342 217
1739719392368 5.13423610122328 218
1739719392393 5.276347007876413 219
1739719392418 4.251148369501022 220
1739719392444 1.1979070406931414 221
1739719392469 1.8766981572470829 222
1739719392495 4.3772330576497955 223
1739719392520 2.7802571832663383 224
1739719392547 8.830383573360628 225
1739719392572 4.50579082857651 226
1739719392598 2.687080625620691 227
1739719392624 5.537741860367537 228
1739719392650 3.4173380469140175 229
1739719392676 3.7265680768293428 230
1739719392702 4.988530763464195 231
1739719392728 1.540741899025222 232
1739719392755 6.590014049908036 233
1739719392782 4.3592736940069905 234
1739719392808 4.37998558370547 235
1739719392835 5.848601333505867 236
1739719392862 2.3696819584297106 237
1739719392889 4.045407276420754 238
1739719392916 6.615096809252277 239
1739719392943 3.981030149246303 240
1739719392971 5.216898454509756 241
1739719392998 9.628665719962836 242
1739719393025 1.7775103364476184 243
1739719393052 4.464656865948651 244
1739719393079 5.91515407510147 245
1739719393106 3.3323400284698814 246
1739719393133 6.924272724057879 247
1739719393160 4.825149698735765 248
1739719393187 6.700416305042489 249
1739719393213 5.203792273584763 250
1739719393240 2.938775633793545 251
1739719393267 5.0794212429500645 252
1739719393294 4.99593894620575 253
1739719393321 6.425740082600731 254
1739719393348 3.003695890266796 255
1739719393375 5.479625231348429 256
1739719393402 5.769633096048265 257
1739719393429 4.5402844089393035 258
1739719393456 6.3091780065155945 259
1739719393483 4.965328307708075 260
1739719393510 5.072982919857353 261
1739719393537 3.809185137572058 262
1739719393564 2.6313282603327366 263
1739719393591 5.357427907851819 264
1739719393617 4.413310498352792 265
1739719393646 3.907641085361727 266
1739719393673 2.370439927141797 267
1739719393700 6.045890247776871 268
1739719393726 4.334988302046337 269
1739719393754 5.168872276103388 270
1739719393780 4.85047677321293 271
1739719393807 6.009854727566328 272
1739719393834 7.777920717480552 273
1739719393861 6.922788966104989 274
1739719393888 1.6754835693875172 275
1739719393915 6.319723884526317 276
1739719393942 2.5609186257073637 277
1739719393969 3.5075065732446205 278
1739719393998 7.456180319300496 279
1739719394024 9.009473944628896 280
1739719394051 4.1963744205944 281
1739719394078 3.1058889939823535 282
1739719394105 5.592223439401903 283
1739719394132 4.40900564636546 284
1739719394158 7.518832344804548 285
1739719394185 4.14181309651858 286
1739719394212 6.888031640820183 287
1739719394245 1.338920709957205 288
1739719394277 5.188051081327135 289
1739719394302 8.333684009501294 290
1739719394327 1.5435722651266273 291
1739719394354 3.6020030566982975 292
1739719394379 1.9781583103738283 293
1739719394405 3.268534363421102 294
1739719394430 6.876433363076705 295
1739719394456 5.809494688202071 296
1739719394482 3.370695730971779 297
1739719394507 6.129821055463138 298
1739719394533 11.440304220148983 299
1739719394559 3.477566251981526 300
1739719394584 7.202062111787223 301
1739719394609 5.272641222638582 302
1739719394635 5.786229483197953 303
1739719394661 10.665993132206914 304
1739719394687 6.376812409799538 305
1739719394712 1.0040067772331867 306
1739719394738 8.019776168414634 307
1739719394764 6.895400263148716 308
1739719394789 6.089894172356933 309
1739719394814 6.6158357673956925 310
1739719394840 3.582189884849202 311
1739719394866 4.8386173493256 312
1739719394891 3.61269426100578 313
1739719394917 5.459395272242543 314
1739719394942 2.8552746478733977 315
1739719394968 4.929275917973215 316
1739719394993 5.909958560856397 317
1739719395019 6.139513026228821 318
1739719395044 3.606606341003819 319
1739719395070 1.4554031441865232 320
1739719395095 5.443967031546987 321
1739719395121 3.2864915621624213 322
1739719395147 3.7625534735665767 323
1739719395172 4.101260183259696 324
1739719395198 5.88172597121056 325
1739719395224 5.778529988329497 326
1739719395249 5.121878787831677 327
1739719395275 3.4158241705329253 328
1739719395301 6.333930809084387 329
1739719395327 7.457432258284856 330
1739719395353 6.883168240416232 331
1739719395379 7.5859075506208855 332
1739719395405 5.921470617746039 333
1739719395430 4.0597612979665785 334
1739719395456 3.1742457367653474 335
1739719395482 2.3038540521527575 336
1739719395508 5.175651393146701 337
1739719395533 5.068138405702938 338
1739719395560 5.709210102644159 339
1739719395585 2.6362589275398696 340
1739719395611 3.6501544416985867 341
1739719395636 9.940082831781318 342
1739719395662 3.5490017562980376 343
1739719395688 3.629967719048492 344
1739719395714 4.409821770854549 345
1739719395739 6.1455398720526695 346
1739719395765 1.3581053797690281 347
1739719395791 5.427833769051261 348
1739719395816 7.064073566985321 349
1739719395842 6.807218563597666 350
1739719395868 3.493801536594622 351
1739719395894 4.6470237147888716 352
1739719395920 1.6953138001417407 353
1739719395946 3.594392925112991 354
1739719395972 5.849762495844533 355
1739719395998 8.3170949597813 356
1739719396023 8.034397105260053 357
1739719396049 4.4063174828104295 358
1739719396075 5.692829407539549 359
1739719396100 2.480819750354946 360
1739719396126 7.984265184071222 361
1739719396152 2.8368375346567882 362
1739719396178 1.969958292017995 363
1739719396203 5.126363257131154 364
1739719396229 4.3938035950207865 365
1739719396255 2.22496869632546 366
1739719396281 2.6404381496372324 367
1739719396307 4.550947727013701 368
1739719396333 4.30541680739275 369
1739719396360 4.487467689943718 370
1739719396386 6.994636982475489 371
1739719396412 3.267858859503906 372
1739719396437 3.452292313697223 373
1739719396463 1.6814296656733665 374
1739719396489 8.193856629376963 375
1739719396515 5.687466018531247 376
1739719396540 7.275638763003369 377
1739719396565 3.9546965832807555 378
1739719396592 6.421585994905915 379
1739719396617 1.9503781727058564 380
1739719396643 1.0547423480871942 381
1739719396669 7.260398700274155 382
1739719396695 2.6407985802301472 383
1739719396720 4.399683768958493 384
1739719396746 5.330632073500258 385
1739719396771 2.0021395480473636 386
1739719396797 4.6369524612270645 387
1739719396823 5.031540632062502 388
1739719396849 2.519794952623537 389
1739719396876 4.158968607535547 390
1739719396902 7.420370972882167 391
1739719396928 8.42029977027431 392
1739719396954 2.544459369492552 393
1739719396979 2.9257507360707695 394
1739719397005 5.816023723961339 395
1739719397031 2.9411548698179533 396
1739719397057 5.733108151050179 397
1739719397082 2.3263814113817958 398
1739719397108 2.986163984988606 399
1739719397134 4.791113763573988 400
1739719397160 6.137379819545131 401
1739719397185 5.620741799548767 402
1739719397211 5.259100561529225 403
1739719397236 3.5753368215190044 404
1739719397262 3.4869052123587814 405
1739719397288 7.273212618461951 406
1739719397314 5.247751767809929 407
1739719397339 4.74658907649566 408
1739719397365 7.4205504717263935 409
1739719397391 3.9226219680707315 410
1739719397417 3.921655003204702 411
1739719397443 7.936614549440409 412
1739719397468 3.4228948086884508 413
1739719397494 0.5833764154691022 414
1739719397520 6.453003781246502 415
1739719397545 6.393009871352137 416
1739719397571 5.979827489130771 417
1739719397597 9.254030329495821 418
1739719397623 7.766855890911229 419
1739719397649 3.114316989762262 420
1739719397674 6.8665062521447435 421
1739719397700 8.654453880997727 422
1739719397726 0.32018472005671744 423
1739719397751 3.3014400707511693 424
1739719397777 3.9370569558900637 425
1739719397802 7.021273913327951 426
1739719397828 4.1826618402006535 427
1739719397854 4.769455846041385 428
1739719397879 6.462533231455023 429
1739719397905 0.4572294790958497 430
1739719397931 6.384387121864824 431
1739719397957 5.034867104004081 432
1739719397983 2.4065192130221815 433
1739719398009 5.34064578042251 434
1739719398034 4.678027778189334 435
1739719398060 2.9958505386399286 436
1739719398086 14.937987400808712 437
1739719398112 4.05711631017025 438
1739719398137 6.527640723779801 439
1739719398162 5.965909600277094 440
1739719398188 6.925157754832753 441
1739719398214 7.251675499882301 442
1739719398239 4.064793767721271 443
1739719398265 5.280002762954635 444
1739719398292 4.4546636011537375 445
1739719398318 6.828830105759999 446
1739719398343 7.821240803667201 447
1739719398369 3.996468105442835 448
1739719398395 4.311433027788143 449
1739719398421 4.718454302998941 450
1739719398447 1.8895519958751328 451
1739719398474 3.5265788749728766 452
1739719398500 4.928760762018387 453
1739719398526 4.573916758092485 454
1739719398552 7.106980832408352 455
1739719398580 7.791246982373521 456
1739719398605 1.7763461953525896 457
1739719398631 7.316710747466746 458
1739719398656 5.880550558620411 459
1739719398681 5.801772736234773 460
1739719398707 6.389268829240633 461
1739719398732 4.526389454668667 462
1739719398758 5.827119477553949 463
1739719398784 3.0547020338702473 464
1739719398810 4.143406457956479 465
1739719398835 3.3497372194631936 466
1739719398861 4.527025253868599 467
1739719398887 8.125027598354071 468
1739719398913 3.8703677244233092 469
1739719398938 1.994116643289341 470
1739719398964 3.9413643655563457 471
1739719398989 4.0669334146006415 472
1739719399015 4.075357353299067 473
1739719399040 3.7560852728921037 474
1739719399065 8.136586419199626 475
1739719399091 5.733602784424125 476
1739719399117 1.3424697032470745 477
1739719399142 4.493138425915245 478
1739719399168 5.827657120812932 479
1739719399193 4.412012719007561 480
1739719399219 2.697368128855782 481
1739719399245 3.4474832667033084 482
1739719399270 5.264517654830064 483
1739719399297 1.182544181720911 484
1739719399322 3.2311634111785263 485
1739719399348 3.683955491723008 486
1739719399374 19.53374432389621 487
1739719399400 4.429330309110285 488
1739719399426 6.733850250844288 489
1739719399451 6.712683236102605 490
1739719399477 4.488050067701847 491
1739719399503 6.425393495064624 492
1739719399529 6.600791925043404 493
1739719399555 4.458594236561772 494
1739719399581 6.024307565926737 495
1739719399607 5.9190577162000135 496
1739719399633 2.723674694082949 497
1739719399658 3.1511140191831393 498
1739719399684 6.250336759386238 499
