1739716030837 147.9061373608463 0
1739716030843 126.38827676357676 1
1739716030850 110.48630243202342 2
1739716030856 95.22824194278321 3
1739716030861 79.07345236819289 4
1739716030866 69.9931250558695 5
1739716030871 59.49539041314276 6
1739716030876 51.26391956408242 7
1739716030881 43.56934123788608 8
1739716030885 38.68903128537967 9
1739716030890 33.4961155140595 10
1739716030895 29.091235489077167 11
1739716030900 25.086078656804855 12
1739716030905 21.174758066198184 13
1739716030910 18.24983018946508 14
1739716030915 15.592298068310065 15
1739716030919 13.89861257243411 16
1739716030924 12.23810848040924 17
1739716030928 10.217742383941545 18
1739716030933 9.21915236918904 19
1739716030937 8.435194202572257 20
1739716030942 6.6884165507035105 21
1739716030947 5.482339060266885 22
1739716030951 5.365600570250888 23
1739716030956 4.917892392260777 24
1739716030961 3.9032343235711697 25
1739716030965 3.7955970754229567 26
1739716030970 3.227977495487366 27
1739716030974 2.6160552022178436 28
1739716030979 2.202751969988086 29
1739716030983 1.8710185928322287 30
1739716030988 1.8067183931011406 31
1739716030992 1.5762238033113223 32
1739716030997 1.3876088598716148 33
1739716031001 1.287448241042496 34
1739716031006 1.119551900109573 35
1739716031011 0.9414460923915853 36
1739716031015 0.7693026403196993 37
1739716031020 0.7066777339649883 38
1739716031025 0.6342409882388 39
1739716031030 0.4535979895729996 40
1739716031034 0.6801356385495319 41
1739716031040 0.5256757736125514 42
1739716031045 0.5362813272094783 43
1739716031050 0.4287398871013868 44
1739716031055 0.4440249754828032 45
1739716031060 0.3097791437453124 46
1739716031065 0.3380132723510975 47
1739716031069 0.40647675521879184 48
1739716031074 0.2978899184655207 49
1739716031078 0.29806216943016617 50
1739716031083 0.21829127051049885 51
1739716031088 0.22062587340461376 52
1739716031093 0.24479349844735215 53
1739716031097 0.24010855866726324 54
1739716031102 0.363885896337138 55
1739716031106 0.21144870666667448 56
1739716031111 0.15715264723663475 57
1739716031115 0.19850805808723682 58
1739716031120 0.2850900445404844 59
1739716031125 0.19636835413452242 60
1739716031130 0.17275342200457622 61
1739716031134 0.22579454195027507 62
1739716031139 0.1039614388794153 63
1739716031144 0.15715732909980548 64
1739716031149 0.13878874528138585 65
1739716031154 0.1712393750923639 66
1739716031158 0.15967339750916126 67
1739716031163 0.16974752759747072 68
1739716031168 0.15143672721001417 69
1739716031172 0.16190824342858004 70
1739716031177 0.15793974773048608 71
1739716031182 0.20402438631066785 72
1739716031187 0.31783059170880346 73
1739716031191 0.09606483208387594 74
1739716031196 0.09688700797383241 75
1739716031200 0.16993851363209714 76
1739716031205 0.07971444014290409 77
1739716031211 0.1599807066872145 78
1739716031216 0.1298639633800228 79
1739716031221 0.1608088098887346 80
1739716031226 0.120529844941035 81
1739716031231 0.15376149296023578 82
1739716031235 0.12551651325874918 83
1739716031240 0.11853020258887763 84
1739716031247 0.19685170766441484 85
1739716031252 0.12409231776154299 86
1739716031258 0.1967063985987859 87
1739716031263 0.22200754993066302 88
1739716031269 0.17256287568856357 89
1739716031274 0.14577715417450673 90
1739716031281 0.09836475734615051 91
1739716031287 0.16296619585640207 92
1739716031292 0.1716588401802229 93
1739716031297 0.18605914744882265 94
1739716031303 0.13182205243471526 95
1739716031309 0.1163777376029553 96
1739716031315 0.17697700337553907 97
1739716031321 0.09800775970652588 98
1739716031326 0.10469529646331703 99
1739716031332 0.09079677202245443 100
1739716031337 0.11685019880514445 101
1739716031343 0.14878802840290745 102
1739716031350 0.15361989005685067 103
1739716031356 0.1601984090239756 104
1739716031362 0.12937743401895938 105
1739716031368 0.1200891816188042 106
1739716031374 0.1931590542177835 107
1739716031379 0.1803061061271465 108
1739716031385 0.15642911666162362 109
1739716031390 0.18843980392235532 110
1739716031396 0.10187033809395614 111
1739716031401 0.12797178996091588 112
1739716031409 0.13789471264618558 113
1739716031415 0.14791362766862517 114
1739716031420 0.20810625118120274 115
1739716031425 0.11708706697894403 116
1739716031430 0.19329205088808118 117
1739716031436 0.1325285280142951 118
1739716031440 0.13132042949497794 119
1739716031445 0.10772914786759083 120
1739716031449 0.12313370136594712 121
1739716031454 0.1172380295665999 122
1739716031459 0.07854375670851486 123
1739716031464 0.11378626146177133 124
1739716031469 0.17376259370426392 125
1739716031474 0.07457346294971715 126
1739716031479 0.10008929172881507 127
1739716031483 0.11267662495976852 128
1739716031488 0.13211401988753255 129
1739716031493 0.16750119924384127 130
1739716031497 0.12510414324023147 131
1739716031502 0.1157531836935092 132
1739716031507 0.13946552674385287 133
1739716031512 0.17154971977207453 134
1739716031516 0.12546246032903574 135
1739716031521 0.12126213924726315 136
1739716031526 0.09869052293294231 137
1739716031531 0.11003753067599137 138
1739716031536 0.1511119986577994 139
1739716031540 0.1390723146063836 140
1739716031546 0.15250356208246 141
1739716031550 0.11843206438962067 142
1739716031555 0.12524200713272043 143
1739716031560 0.09469865557029339 144
1739716031565 0.13091033494877236 145
1739716031569 0.15895719363377514 146
1739716031574 0.10946844276037805 147
1739716031579 0.15671228973025766 148
1739716031583 0.12424395643248647 149
1739716031588 0.1319151493411668 150
1739716031592 0.10537927823629545 151
1739716031597 0.1287841253864807 152
1739716031602 0.07927152951641345 153
1739716031606 0.126394587966955 154
1739716031611 0.11982341671658019 155
1739716031616 0.12230597520042642 156
1739716031620 0.10214862144345468 157
1739716031625 0.15317486334669536 158
1739716031630 0.19175891357636773 159
1739716031635 0.09995259731215234 160
1739716031639 0.12111051906800904 161
1739716031644 0.11888147869551283 162
1739716031648 0.11897554863399229 163
1739716031653 0.11509444146935692 164
1739716031658 0.14687894520730876 165
1739716031663 0.14186747599828675 166
1739716031668 0.07674526263568174 167
1739716031673 0.10445887189115158 168
1739716031678 0.16023184251158465 169
1739716031682 0.27970439757426985 170
1739716031687 0.13629495159394303 171
1739716031692 0.13020122588924757 172
1739716031697 0.14112158155620955 173
1739716031701 0.12145282670666645 174
1739716031707 0.1237304601163365 175
1739716031714 0.17896354940742606 176
1739716031720 0.15802546175121315 177
1739716031754 0.21538239381835284 178
1739716031766 0.12039699195802954 179
1739716031771 0.12674654396153695 180
1739716031777 0.16189080574472828 181
1739716031782 0.14631944978430617 182
1739716031787 0.11206095073534106 183
1739716031791 0.14190556520451805 184
1739716031796 0.10270916016242344 185
1739716031800 0.14647538938704996 186
1739716031804 0.1623198124141732 187
1739716031809 0.11088994715742374 188
1739716031814 0.14413298368526706 189
1739716031819 0.12449257611931394 190
1739716031824 0.12005683893801732 191
1739716031828 0.13915165258725146 192
1739716031833 0.14175456585988422 193
1739716031837 0.08980296927046036 194
1739716031842 0.14739430744004367 195
1739716031846 0.192326281177456 196
1739716031851 0.09770270816878546 197
1739716031855 0.09206674221969276 198
1739716031860 0.12966059053230208 199
1739716031865 0.14290984377676552 200
