1739715873481 150.4430763074726 0
1739715873488 132.77001731604565 1
1739715873494 109.86539732877374 2
1739715873500 97.33761405453097 3
1739715873507 81.40277060901548 4
1739715873513 71.14553533878528 5
1739715873519 63.01977560242613 6
1739715873528 52.5325148323655 7
1739715873535 47.57135369900149 8
1739715873542 40.88954006797412 9
1739715873549 32.68400200621825 10
1739715873554 29.83771240366095 11
1739715873562 25.599563430939924 12
1739715873570 21.452091895453062 13
1739715873576 19.528359118128837 14
1739715873582 16.711013533849012 15
1739715873589 14.120104220623185 16
1739715873595 12.525279204088552 17
1739715873600 10.335978166079737 18
1739715873605 8.794958183936085 19
1739715873611 8.043127089435504 20
1739715873616 6.699079592215395 21
1739715873624 6.027608558002887 22
1739715873631 5.422985994077971 23
1739715873636 4.454944821610754 24
1739715873641 4.2897049806182 25
1739715873647 3.419818004587404 26
1739715873652 3.54840804215218 27
1739715873657 2.313577318878215 28
1739715873663 2.3201140607942508 29
1739715873668 2.1627449834783055 30
1739715873673 1.9145297464299305 31
1739715873680 1.1964950417103069 32
1739715873687 1.29883294451998 33
1739715873694 1.406445721719426 34
1739715873701 1.2096338387904206 35
1739715873706 0.8640550879259389 36
1739715873711 0.8570297653666777 37
1739715873717 0.8356310326757791 38
1739715873724 0.6335336587826955 39
1739715873730 0.6211092425453358 40
1739715873735 0.7163863324293281 41
1739715873740 0.47841107088883383 42
1739715873746 0.473034403366707 43
1739715873750 0.5139169337062386 44
1739715873756 0.4029952034177933 45
1739715873760 0.3010238808500664 46
1739715873765 0.34277259322768444 47
1739715873770 0.27543191196500216 48
1739715873776 0.2769140870070953 49
1739715873782 0.2286582322224052 50
1739715873787 0.25782398197657586 51
1739715873793 0.32713283439585145 52
1739715873798 0.22775427155757666 53
1739715873803 0.24030567270514325 54
1739715873808 0.2953896101471534 55
1739715873812 0.1444579848227425 56
1739715873818 0.1614058395183857 57
1739715873822 0.16277669077190868 58
1739715873830 0.19522959609899604 59
1739715873837 0.13306579936553498 60
1739715873843 0.15247687834677465 61
1739715873849 0.1544245315190655 62
1739715873858 0.1606134075190473 63
1739715873868 0.14412020294628172 64
1739715873875 0.24181591220618265 65
1739715873880 0.12880863567049186 66
1739715873885 0.22530325262571385 67
1739715873890 0.15639086525567736 68
1739715873895 0.1430203647356401 69
1739715873900 0.2123674097812836 70
1739715873905 0.15232586759219074 71
1739715873910 0.11140506822194073 72
1739715873915 0.1897059215715779 73
1739715873920 0.11797153340040722 74
1739715873925 0.30231569296990807 75
1739715873931 0.13724573866764211 76
1739715873936 0.1587427148704703 77
1739715873941 0.13745456238397127 78
1739715873946 0.22123574716761724 79
1739715873951 0.16013584743143913 80
1739715873956 0.10527613972972234 81
1739715873960 0.1989016399650164 82
1739715873965 0.17981338561570603 83
1739715873970 0.13119098414085995 84
1739715873975 0.09303151213796128 85
1739715873980 0.19361265648671366 86
1739715873985 0.1269663370854374 87
1739715873989 0.1184122727821338 88
1739715873995 0.10540087865128625 89
1739715873999 0.10649903260875469 90
1739715874004 0.1068375330543546 91
1739715874009 0.1612789820797842 92
1739715874014 0.12184878328340372 93
1739715874019 0.10543249600780108 94
1739715874024 0.11547142200517943 95
1739715874029 0.0898489343633256 96
1739715874034 0.1439774014560494 97
1739715874039 0.11907766385227776 98
1739715874044 0.11498169118316948 99
1739715874049 0.16817537726623297 100
1739715874054 0.16283355020723314 101
1739715874058 0.12403209485545061 102
1739715874063 0.14415118680734412 103
1739715874068 0.10460683937192373 104
1739715874073 0.11216168374692788 105
1739715874077 0.18057628852347135 106
1739715874082 0.16041001763817636 107
1739715874087 0.11324507425909623 108
1739715874092 0.12469853523878863 109
1739715874096 0.12879256244398057 110
1739715874101 0.06241967805722059 111
1739715874106 0.1292397315338122 112
1739715874111 0.08088490237222097 113
1739715874115 0.15425863486021457 114
1739715874120 0.12436735175995997 115
1739715874125 0.14494789902949073 116
1739715874129 0.1347705523745173 117
1739715874134 0.15027349008497215 118
1739715874140 0.1284826753849054 119
1739715874146 0.16507411097961314 120
1739715874151 0.12144132258889723 121
1739715874156 0.1384085269935236 122
1739715874161 0.12952156196983464 123
1739715874166 0.08478365752053531 124
1739715874170 0.12038264388072263 125
1739715874175 0.10190630505547234 126
1739715874180 0.12045509760383905 127
1739715874184 0.13475679247318598 128
1739715874190 0.15119339325640707 129
1739715874196 0.15757808318329156 130
1739715874201 0.12259310783023257 131
1739715874206 0.12767048493476854 132
1739715874211 0.1386510613955394 133
1739715874215 0.10355576124006237 134
1739715874220 0.12569148365620772 135
1739715874226 0.10075204998783002 136
1739715874231 0.15029947001003835 137
1739715874236 0.12146137300339198 138
1739715874241 0.06973072827603449 139
1739715874246 0.11064223228882696 140
1739715874251 0.15343631194356558 141
1739715874256 0.13335541990644517 142
1739715874261 0.15985659321801113 143
1739715874266 0.1245972643650788 144
1739715874271 0.11246750476305406 145
1739715874275 0.14967725128908974 146
1739715874280 0.10815911963322863 147
1739715874284 0.11673514839058012 148
1739715874289 0.09778402860976036 149
1739715874293 0.14838071393742042 150
1739715874297 0.12204737288642539 151
1739715874302 0.13594442749345417 152
1739715874307 0.2879527685631359 153
1739715874311 0.21000156183053806 154
1739715874317 0.1422189820344213 155
1739715874322 0.08528282636664687 156
1739715874327 0.09117716138863076 157
1739715874332 0.1398577269586465 158
1739715874336 0.10468749330611017 159
1739715874341 0.11066720416646261 160
1739715874345 0.10052381591946037 161
1739715874350 0.16211370656335866 162
1739715874354 0.07508256367828647 163
1739715874358 0.11260370115008367 164
1739715874363 0.19344092812472918 165
1739715874368 0.13806753713160277 166
1739715874373 0.13017116367050663 167
1739715874377 0.15384433285411572 168
1739715874382 0.08639296512266881 169
1739715874387 0.10691352941481469 170
1739715874392 0.12385549502975228 171
1739715874397 0.10658668120732549 172
1739715874401 0.11831901743906532 173
1739715874406 0.12939743737221196 174
1739715874411 0.1723650609071816 175
1739715874416 0.17255191338560144 176
1739715874421 0.12176501174444565 177
1739715874426 0.12020681300020176 178
1739715874431 0.12677754532822072 179
1739715874436 0.12322076103703909 180
1739715874441 0.1535578187169682 181
1739715874447 0.09482552017193714 182
1739715874452 0.11988439437423846 183
1739715874457 0.09085620104076696 184
1739715874461 0.1063934689710554 185
1739715874466 0.07848437516873454 186
1739715874471 0.14931055068491997 187
1739715874476 0.11081394732265144 188
1739715874480 0.31982513865846335 189
1739715874485 0.1775819634748951 190
