1739716286672 173.10804491310083 0
1739716286677 161.0988982810742 1
1739716286683 162.28078016114878 2
1739716286688 158.89440769056765 3
1739716286693 163.65651749289358 4
1739716286698 156.70419771102095 5
1739716286703 157.15898507536266 6
1739716286708 152.38535526977745 7
1739716286712 150.81302511765008 8
1739716286717 144.58694151034896 9
1739716286722 145.61794100293338 10
1739716286727 143.10139654954736 11
1739716286732 138.25644518472174 12
1739716286737 138.60254793564818 13
1739716286741 133.3146915640974 14
1739716286746 129.21927358790614 15
1739716286751 129.79705915202172 16
1739716286756 130.35077110094858 17
1739716286760 128.75277575440387 18
1739716286765 125.43620827742293 19
1739716286769 124.9938746113324 20
1739716286774 122.01873053867395 21
1739716286779 119.7214358758757 22
1739716286784 118.68667010778691 23
1739716286788 116.69885717432786 24
1739716286793 114.18474072288726 25
1739716286798 114.4069936429019 26
1739716286802 110.29320754448952 27
1739716286807 109.48516794939032 28
1739716286811 108.0985855557794 29
1739716286816 102.74594719352797 30
1739716286821 106.11566516603958 31
1739716286826 103.2546051960629 32
1739716286831 102.46239838213064 33
1739716286835 100.47211616132724 34
1739716286840 99.47557416081936 35
1739716286845 97.42197213733434 36
1739716286849 96.32471823180404 37
1739716286854 94.00305982039198 38
1739716286859 96.58259588541934 39
1739716286864 92.58715115169944 40
1739716286869 89.28276430668775 41
1739716286889 87.28591616282574 42
1739716286895 86.66816500044294 43
1739716286900 87.31367981276922 44
1739716286905 86.38941469775952 45
1739716286910 82.52030514836189 46
1739716286915 82.85717585705294 47
1739716286919 81.19821486501598 48
1739716286924 80.1610545257706 49
1739716286929 79.16799028013924 50
1739716286934 78.8998351599413 51
1739716286939 78.80103535325814 52
1739716286944 74.10930080859013 53
1739716286948 74.9577088952155 54
1739716286953 73.69956715273365 55
1739716286958 72.65200891912883 56
1739716286962 72.86840341481124 57
1739716286967 71.18485494262421 58
1739716286972 70.22206800774684 59
1739716286977 69.1731155307292 60
1739716286982 67.65855796593618 61
1739716286987 67.38581321329757 62
1739716286992 63.949805835087226 63
1739716286997 63.68684227505487 64
1739716287002 63.707737719845866 65
1739716287007 62.28363202431542 66
1739716287011 61.12469759023611 67
1739716287016 61.887936017132716 68
1739716287020 58.82741436310099 69
1739716287025 59.91910974028901 70
1739716287029 58.32803343783517 71
1739716287034 56.9579552128542 72
1739716287039 57.783138900352235 73
1739716287044 54.93427474410921 74
1739716287049 54.78654198448707 75
1739716287054 54.56187429838309 76
1739716287058 51.358275981848145 77
1739716287063 52.993112277690486 78
1739716287068 51.93779017354558 79
1739716287072 50.813244436555905 80
1739716287077 49.890410227299604 81
1739716287082 49.41079985704962 82
1739716287087 48.64065990806842 83
1739716287092 47.778348902328055 84
1739716287098 46.60107771417026 85
1739716287103 46.978581853332265 86
1739716287107 46.049636315314636 87
1739716287112 44.48797438416767 88
1739716287117 45.47193388599267 89
1739716287122 44.399495223810156 90
1739716287126 43.864579857223 91
1739716287131 42.75139317655686 92
1739716287136 42.641504472261865 93
1739716287141 42.102228904852254 94
1739716287152 40.9072560141689 95
1739716287157 40.07853983655789 96
1739716287161 40.53397152147299 97
1739716287166 39.56292065627918 98
1739716287171 37.977946113536525 99
1739716287176 37.63937519788743 100
1739716287180 37.04411548654463 101
1739716287185 38.149868210768425 102
1739716287190 35.854297436019806 103
1739716287195 36.633531774076125 104
1739716287199 36.116638806579196 105
1739716287204 34.44125230792479 106
1739716287209 34.68618633674807 107
1739716287214 33.69653426706114 108
1739716287219 32.54035111311433 109
1739716287223 32.06259826311307 110
1739716287228 33.0056969652832 111
1739716287233 32.06234407391669 112
1739716287237 31.037369764427567 113
1739716287242 30.798651479836007 114
1739716287247 30.693750772088254 115
1739716287251 29.967928060810966 116
1739716287256 29.388145293497956 117
1739716287261 29.973229683259664 118
1739716287265 27.873898070845193 119
1739716287270 29.070088207062103 120
1739716287275 27.28497462737375 121
1739716287279 26.50657776065565 122
1739716287285 27.300055055864895 123
1739716287290 27.196176922384435 124
1739716287296 25.908699791979622 125
1739716287301 26.194269029859125 126
1739716287306 24.135209375228445 127
1739716287310 25.20579653387765 128
1739716287315 24.8594483322435 129
1739716287320 24.227427885546426 130
1739716287324 24.394609226656172 131
1739716287329 23.95176301849406 132
1739716287334 22.827024558856966 133
1739716287339 23.586920162698867 134
1739716287344 23.35267446949577 135
1739716287349 21.714641638826553 136
1739716287354 21.32001567319701 137
1739716287358 22.433242288186925 138
1739716287363 21.792001071884602 139
1739716287367 20.584988024795425 140
1739716287372 20.960007697875795 141
1739716287377 20.845422663926257 142
1739716287381 20.594931309890324 143
1739716287386 19.409973204476643 144
1739716287390 19.424747040575465 145
1739716287395 20.169954465532754 146
1739716287400 19.119943938732874 147
1739716287404 18.269646058191533 148
1739716287409 17.97530987746572 149
1739716287414 17.47637921137118 150
1739716287418 18.722304410616477 151
1739716287423 17.96240991783125 152
1739716287427 17.66150813929595 153
1739716287432 17.060033403888347 154
1739716287437 17.009891895715363 155
1739716287441 15.523788373524495 156
1739716287446 16.36311520291007 157
1739716287450 16.012373630900083 158
1739716287455 15.873874133032714 159
1739716287460 15.371080184403786 160
1739716287465 15.284026239094242 161
1739716287469 15.406553683500523 162
1739716287474 15.027652353889469 163
1739716287479 14.867164173793572 164
1739716287483 14.701089213670139 165
1739716287488 14.836236250369742 166
1739716287493 14.245614497424395 167
1739716287498 13.286969980732204 168
1739716287502 14.170503151119203 169
1739716287507 13.721227086918304 170
1739716287512 13.214109764089338 171
1739716287517 12.887867676128154 172
1739716287521 13.3212131874198 173
1739716287526 13.267564741542355 174
1739716287530 11.910360559084584 175
1739716287535 12.486166423078773 176
1739716287546 12.806904603118996 177
1739716287551 11.559177565012783 178
1739716287556 12.295463943475088 179
1739716287560 11.79892987679123 180
1739716287565 11.822581436007585 181
1739716287569 11.361410225120142 182
1739716287574 11.369004730435325 183
1739716287579 11.037808332728956 184
1739716287584 10.399086069019756 185
1739716287588 11.224369229520567 186
1739716287593 11.055138591313682 187
1739716287598 10.405764775969521 188
1739716287602 10.688745389729627 189
1739716287607 10.303609044483649 190
1739716287612 10.084264950690988 191
1739716287617 9.816244181012035 192
1739716287621 9.794788023820235 193
1739716287626 9.823405689449322 194
1739716287631 9.568903778436106 195
1739716287636 9.055932668333297 196
1739716287640 9.337904215209402 197
1739716287645 9.505678646441654 198
1739716287651 8.98292870831634 199
1739716287656 8.989867193597068 200
1739716287661 9.1003864352418 201
1739716287666 8.47242492973927 202
1739716287671 7.905944256884241 203
1739716287676 8.520364925725957 204
1739716287681 8.538632430825823 205
1739716287685 8.298991062442806 206
1739716287690 7.817531227072293 207
1739716287695 7.564345191137845 208
1739716287700 8.006479321957523 209
1739716287704 7.685277222652761 210
1739716287709 7.9833897797997535 211
1739716287714 7.3383048700226885 212
1739716287719 7.547456087378675 213
1739716287724 6.9464891293955295 214
1739716287728 7.598608119949764 215
1739716287733 7.451681511289008 216
1739716287738 7.165264557863252 217
1739716287743 6.554138863994657 218
1739716287748 7.088882805997669 219
1739716287753 6.776058527771116 220
1739716287757 7.2362117549837395 221
1739716287762 6.517465984123446 222
1739716287767 5.999906457391076 223
1739716287772 6.124395512100121 224
1739716287776 6.209925934457978 225
1739716287781 6.146279823738312 226
1739716287786 6.00853102385734 227
1739716287791 6.221661558123461 228
1739716287796 6.134957848725217 229
1739716287801 5.423429591273191 230
1739716287806 5.665560494700104 231
1739716287811 5.742858115689025 232
1739716287815 5.4559231975049105 233
1739716287820 5.601533824662439 234
1739716287824 5.811747155253704 235
1739716287829 5.7868148964466855 236
1739716287834 5.907523140129386 237
1739716287839 4.749072174567487 238
1739716287843 4.9998622837799385 239
1739716287848 4.666113795227488 240
1739716287853 5.094058713726417 241
1739716287857 4.812615560886866 242
1739716287862 4.781282704968519 243
1739716287867 4.597303395751707 244
1739716287872 4.811731190452848 245
1739716287880 4.546093524095773 246
1739716287885 4.5276969449897475 247
1739716287890 4.51383069959297 248
1739716287895 4.173071743660791 249
1739716287900 4.114294393352926 250
1739716287905 4.515337485834878 251
1739716287909 4.667026420841741 252
1739716287914 3.965831689088808 253
1739716287919 4.365608265378172 254
1739716287923 3.5998889273398307 255
1739716287928 4.132158844610317 256
1739716287932 3.7078157657354835 257
1739716287937 3.8976268499887667 258
1739716287942 4.022492979573265 259
1739716287947 3.308580984996525 260
1739716287951 3.714125298280223 261
1739716287956 3.9755054110974393 262
1739716287961 3.63266925214784 263
1739716287965 3.9024216813456754 264
1739716287970 3.4717046478166607 265
1739716287975 3.359638257063194 266
1739716287979 3.3567991922074483 267
1739716287984 3.542913926205074 268
1739716287988 3.465411582051361 269
1739716287993 3.1091305092347863 270
1739716287998 2.8714422051226953 271
1739716288002 3.1711725864055658 272
1739716288007 3.31909395769424 273
1739716288011 3.1676685671678997 274
1739716288016 2.794102005465341 275
1739716288020 2.9929275338565984 276
1739716288025 2.9803813788275364 277
1739716288030 2.8019088871231714 278
1739716288035 2.5368398672338075 279
1739716288039 2.6804843455200116 280
1739716288044 2.6392470057288615 281
1739716288049 3.0269698675078733 282
1739716288053 2.8312397267699665 283
1739716288058 2.7830933785925502 284
1739716288063 2.791951368781762 285
1739716288067 2.8064934589046766 286
1739716288072 2.7020338979970346 287
1739716288077 2.9119069661089942 288
1739716288081 2.6304705549445973 289
1739716288086 2.563220434409504 290
1739716288090 2.5198190738608703 291
1739716288095 2.4108526699463617 292
1739716288100 2.3145912388665115 293
1739716288105 2.3812693918367245 294
1739716288110 2.5522832695268223 295
1739716288115 2.417914406969393 296
1739716288119 2.349245465111866 297
1739716288124 2.7739176555222924 298
1739716288129 2.3660346745897685 299
1739716288133 2.26769248185568 300
1739716288138 2.286042221812838 301
1739716288143 2.1778113847011715 302
1739716288148 2.4386079561875538 303
1739716288152 2.0852997082072697 304
1739716288157 1.7530525511784791 305
1739716288161 2.181539122634229 306
1739716288166 2.12185223978039 307
1739716288171 2.013797452881864 308
1739716288175 2.0704741681633267 309
1739716288180 1.9897651438566197 310
1739716288185 1.8799433016984568 311
1739716288189 2.0835030703195123 312
1739716288194 1.5908846937756267 313
1739716288199 1.8417368435885018 314
1739716288203 1.8057585850343227 315
1739716288208 1.7409196002305851 316
1739716288213 2.032614064422728 317
1739716288217 1.5233011108599097 318
1739716288222 1.6153653814672904 319
1739716288227 1.8011363264685714 320
1739716288231 1.5857726640927674 321
1739716288236 1.7789279356684033 322
1739716288240 1.597781846518721 323
1739716288245 1.3696839782956478 324
1739716288250 1.616091947113585 325
1739716288254 1.7388026377236507 326
1739716288259 1.8059638563299434 327
1739716288264 1.6915356740227099 328
1739716288269 1.4208888440798166 329
1739716288273 1.5873173912813505 330
1739716288278 1.867436696845155 331
1739716288283 1.327813277292949 332
1739716288288 1.607942937516084 333
1739716288292 1.6406036301181406 334
1739716288297 1.7106825463987372 335
1739716288302 1.1584310247570626 336
1739716288307 1.575506455007315 337
1739716288311 1.3321462447474177 338
1739716288316 1.3666023465710675 339
1739716288320 1.2788211015073554 340
1739716288325 1.6859682760402437 341
1739716288330 1.5255440485266012 342
1739716288335 1.3632533764609054 343
1739716288340 1.3389279443978723 344
1739716288344 1.1864696392497307 345
1739716288349 1.2125978331310505 346
1739716288354 1.235426761669802 347
1739716288358 1.192873938635254 348
1739716288363 1.3365224677867644 349
1739716288368 1.4744439554466586 350
1739716288372 1.2860622370682455 351
1739716288377 1.176542273120155 352
1739716288381 1.1581916520798239 353
1739716288386 1.1806470171364136 354
1739716288391 0.9990314595179395 355
1739716288396 0.9973541727825118 356
1739716288401 1.1488729955073116 357
1739716288405 1.1248231859094682 358
1739716288410 1.0947978568368675 359
1739716288415 1.0590566640041856 360
1739716288420 1.1129368065579 361
1739716288424 0.9888544088926416 362
1739716288429 1.1242446228942278 363
1739716288433 1.0161531668039316 364
1739716288438 0.9201301829512825 365
1739716288443 0.9521442189370625 366
1739716288447 0.8358691326019002 367
1739716288452 0.9040971841122115 368
1739716288457 0.8902445132530876 369
1739716288461 1.1172313818270545 370
1739716288466 0.8296007890772183 371
1739716288471 1.0856029732137946 372
1739716288475 0.78775030327498 373
1739716288480 0.9596719541249202 374
1739716288485 0.9161784745752692 375
1739716288490 0.8845807739371736 376
1739716288494 1.1181951196345146 377
1739716288499 0.7868024234188088 378
1739716288504 0.9616488993393505 379
1739716288509 0.7541195657263648 380
1739716288514 0.8656213487202247 381
1739716288519 0.7746910939575278 382
1739716288524 0.6764603615356567 383
1739716288528 0.7444604723697318 384
1739716288533 0.6873466837207405 385
1739716288537 0.8976336422095251 386
1739716288542 0.9658897562688505 387
1739716288559 0.788175772917844 388
1739716288564 0.6604426806274245 389
1739716288569 0.8971987736780531 390
1739716288574 0.7586366256122894 391
1739716288579 0.7908385387692624 392
1739716288583 0.7660648970938793 393
1739716288588 0.6852616814499125 394
1739716288592 0.6725259572970927 395
1739716288597 0.7141169664657379 396
1739716288602 0.7824654592134435 397
1739716288607 0.7380951616175954 398
1739716288611 0.7289437837722738 399
1739716288616 0.669267217604199 400
1739716288621 0.6815984296859788 401
1739716288626 0.6195325291197608 402
1739716288630 0.6328789703398475 403
1739716288635 0.528209231995851 404
1739716288640 0.710289024976082 405
1739716288644 0.5794675697372402 406
1739716288649 0.6303494986842748 407
1739716288654 0.6262564335938164 408
1739716288658 0.6236535516664687 409
1739716288663 0.6028699558823614 410
1739716288668 0.6970907579334081 411
1739716288673 0.5048771047742499 412
1739716288677 0.6798988300260845 413
1739716288682 0.6523050348760779 414
1739716288687 0.6764782591081359 415
1739716288692 0.5138707107336662 416
1739716288696 0.48464540346082646 417
1739716288701 0.6969280145454028 418
1739716288706 0.5428047881903604 419
1739716288711 0.5829558158259165 420
1739716288715 0.6588755519161744 421
1739716288720 0.44847479813483265 422
1739716288725 0.5274114741838154 423
1739716288730 0.6254256533509945 424
1739716288734 0.5532203535468693 425
1739716288739 0.5734337646285553 426
1739716288743 0.7508891057267277 427
1739716288748 0.5812336391431289 428
1739716288753 0.5433345852275202 429
1739716288757 0.500967334895052 430
1739716288762 0.5045257911490314 431
1739716288766 0.5271819798369642 432
1739716288771 0.6756182544426768 433
1739716288776 0.4412447750864934 434
1739716288780 0.5932533742157428 435
1739716288785 0.5525924854244931 436
1739716288790 0.4693058307010289 437
1739716288794 0.628082297799228 438
1739716288799 0.4240424764027713 439
1739716288804 0.38418849515803505 440
1739716288808 0.5169389847188776 441
1739716288813 0.477135112572098 442
1739716288818 0.421284702628914 443
1739716288823 0.5746929406419072 444
1739716288828 0.4429005422143839 445
1739716288832 0.42726865650689616 446
1739716288837 0.4301570291143183 447
1739716288842 0.4253100775915972 448
1739716288847 0.6089964505948927 449
1739716288851 0.4169310346005625 450
1739716288856 0.3778699844185093 451
1739716288861 0.4586076146676458 452
1739716288865 0.3852435699781229 453
1739716288870 0.42347200252827305 454
1739716288875 0.45158463473297317 455
1739716288879 0.5707511945566334 456
1739716288884 0.3484618431788172 457
1739716288889 0.35665656877304036 458
1739716288894 0.3662927589435806 459
1739716288898 0.34706054160632677 460
1739716288903 0.4157174626476632 461
1739716288908 0.44241581579914063 462
1739716288913 0.3550306939780101 463
1739716288917 0.4326872381234485 464
1739716288922 0.47373666512524876 465
1739716288927 0.46441085382200464 466
1739716288931 0.30305434028814365 467
1739716288950 0.41294623527537583 468
1739716288965 0.28704082838941075 469
1739716288976 0.3934073101346362 470
1739716288982 0.32587577958467356 471
1739716288987 0.40099216190277825 472
1739716288992 0.3675709429942881 473
1739716288996 0.3427302887173408 474
1739716289001 0.41943067304607184 475
1739716289006 0.47194713641219144 476
1739716289011 0.3688004442680636 477
1739716289015 0.5134470976312814 478
1739716289020 0.32481723360961545 479
1739716289024 0.3517175755520472 480
1739716289029 0.35212914594639383 481
1739716289034 0.3608718099833117 482
1739716289039 0.43822542042714674 483
1739716289044 0.37461475424281276 484
1739716289049 0.3631831153979288 485
1739716289054 0.34103699221153805 486
1739716289058 0.3235236674184045 487
1739716289063 0.363433832647078 488
1739716289068 0.447753006200073 489
1739716289073 0.320202148038248 490
1739716289077 0.27372285060996876 491
1739716289082 0.34294636184103533 492
1739716289087 0.3401905959730097 493
1739716289091 0.3497747240989753 494
1739716289096 0.27438061306024997 495
1739716289101 0.3048238916857379 496
1739716289105 0.43651123554440635 497
1739716289110 0.27735974899745147 498
1739716289115 0.34167478677585 499
