1739714926427 171.43634254845503 0
1739714926434 167.73608178025106 1
1739714926441 164.25830836811207 2
1739714926446 160.9162781369953 3
1739714926452 157.67187117330334 4
1739714926458 154.50747555783929 5
1739714926464 151.41431474820666 6
1739714926469 148.3875231683083 7
1739714926475 145.42402861876616 8
1739714926481 142.521620301008 9
1739714926487 139.67852679805233 10
1739714926492 136.89321818877963 11
1739714926498 134.1643092684649 12
1739714926504 131.49050982408968 13
1739714926510 128.87059762970262 14
1739714926516 126.30340288336885 15
1739714926521 123.78779867838475 16
1739714926526 121.3226948149791 17
1739714926531 118.90703355346074 18
1739714926536 116.53978655010019 19
1739714926541 114.21995254623707 20
1739714926546 111.94655555725292 21
1739714926551 109.71864340609125 22
1739714926556 107.53528650264242 23
1739714926562 105.3955768041774 24
1739714926568 103.29862691290784 25
1739714926573 101.24356928002338 26
1739714926578 99.2295554942203 27
1739714926583 97.25575563854258 28
1739714926588 95.32135770334732 29
1739714926593 93.42556704601975 30
1739714926598 91.56760589009603 31
1739714926603 89.74671285795155 32
1739714926609 87.96214253234592 33
1739714926614 86.21316504298659 34
1739714926620 84.4990656749536 35
1739714926626 82.81914449636962 36
1739714926631 81.17271600312998 37
1739714926637 79.559108778862 38
1739714926642 77.97766516856653 39
1739714926647 76.42774096463349 40
1739714926652 74.9087051041151 41
1739714926658 73.41993937630515 42
1739714926663 71.96083813980533 43
1739714926668 70.5308080483728 44
1739714926673 69.1292677849392 45
1739714926678 67.75564780326714 46
1739714926684 66.40939007678121 47
1739714926689 65.08994785416311 48
1739714926695 63.79678542135076 49
1739714926700 62.52937786962063 50
1739714926705 61.28721086946695 51
1739714926710 60.069780450020566 52
1739714926716 58.8765927837762 53
1739714926721 57.707163976417526 54
1739714926726 56.56101986154732 55
1739714926732 55.43769580014807 56
1739714926738 54.33673648460923 57
1739714926743 53.257695747172676 58
1739714926748 52.200136372654555 59
1739714926753 51.16362991531502 60
1739714926757 50.14775651975161 61
1739714926763 49.152104745702275 62
1739714926767 48.17627139664799 63
1739714926773 47.21986135211242 64
1739714926778 46.28248740355997 65
1739714926783 45.36377009379853 66
1739714926787 44.463337559797935 67
1739714926792 43.58082537883776 68
1739714926797 42.71587641790256 69
1739714926802 41.86814068624562 70
1739714926807 41.03727519104463 71
1739714926812 40.222943796076294 72
1739714926818 39.42481708333877 73
1739714926823 38.64257221755349 74
1739714926828 37.87589281347971 75
1739714926833 37.12446880597822 76
1739714926838 36.38799632276121 77
1739714926843 35.66617755976819 78
1739714926848 34.95872065910934 79
1739714926854 34.265339589519 80
1739714926859 33.58575402926432 81
1739714926864 32.919689251454436 82
1739714926869 32.26687601169854 83
1739714926875 31.627050438061055 84
1739714926879 30.999953923264727 85
1739714926884 30.385333019092702 86
1739714926889 29.782939332942487 87
1739714926894 29.19252942648614 88
1739714926899 28.61386471639106 89
1739714926904 28.046711377057907 90
1739714926909 27.490840245333192 91
1739714926914 26.946026727154386 92
1739714926919 26.412050706086767 93
1739714926924 25.888696453712612 94
1739714926929 25.375752541833695 95
1739714926934 24.873011756448918 96
1739714926939 24.380271013470537 97
1739714926944 23.897331276142335 98
1739714926949 23.423997474124338 99
1739714926954 22.960078424209883 100
1739714926959 22.505386752641034 101
1739714926964 22.059738818988837 102
1739714926968 21.622954641567038 103
1739714926974 21.194857824346784 104
1739714926980 20.775275485342036 105
1739714926996 20.364038186434836 106
1739714927002 19.9609798646118 107
1739714927007 19.56593776458177 108
1739714927013 19.178752372747468 109
1739714927019 18.799267352502522 110
1739714927024 18.427329480827407 111
1739714927030 18.0627885861577 112
1739714927035 17.705497487498516 113
1739714927041 17.355311934759783 114
1739714927046 17.012090550287695 115
1739714927052 16.675694771567986 116
1739714927057 16.345988795077172 117
1739714927062 16.02283952125822 118
1739714927067 15.706116500598537 119
1739714927072 15.39569188078723 120
1739714927078 15.091440354930048 121
1739714927083 14.793239110800883 122
1739714927088 14.500967781108322 123
1739714927094 14.214508394757333 124
1739714927099 13.933745329085411 125
1739714927104 13.658565263054154 126
1739714927110 13.388857131376312 127
1739714927115 13.124512079560017 128
1739714927120 12.865423419851389 129
1739714927125 12.61148658805761 130
1739714927130 12.362599101232544 131
1739714927135 12.118660516207843 132
1739714927140 11.879572388952038 133
1739714927146 11.64523823474176 134
1739714927151 11.415563489127733 135
1739714927156 11.19045546968067 136
1739714927162 10.969823338500412 137
1739714927167 10.753578065473874 138
1739714927172 10.54163239226588 139
1739714927178 10.333900797029093 140
1739714927183 10.130299459817945 141
1739714927188 9.930746228692627 142
1739714927193 9.73516058649954 143
1739714927198 9.543463618314224 144
1739714927203 9.355577979534141 145
1739714927208 9.171427864607324 146
1739714927214 8.990938976385246 147
1739714927219 8.814038496086607 148
1739714927224 8.640655053860169 149
1739714927230 8.47071869993459 150
1739714927235 8.30416087634341 151
1739714927241 8.140914389213945 152
1739714927246 7.980913381608498 153
1739714927252 7.824093306906874 154
1739714927257 7.670390902719848 155
1739714927262 7.519744165322285 156
1739714927267 7.372092324595781 157
1739714927272 7.227375819471147 158
1739714927277 7.085536273859737 159
1739714927282 6.946516473064952 160
1739714927287 6.810260340663401 161
1739714927292 6.676712915846946 162
1739714927297 6.545820331216174 163
1739714927302 6.417529791016262 164
1739714927308 6.291789549806572 165
1739714927313 6.168548891555118 166
1739714927318 6.047758109149549 167
1739714927323 5.929368484316282 168
1739714927328 5.813332267939705 169
1739714927333 5.699602660773399 170
1739714927338 5.5881337945354135 171
1739714927343 5.478880713380397 172
1739714927348 5.37179935574051 173
1739714927353 5.26684653652816 174
1739714927358 5.163979929692999 175
1739714927363 5.063158051126632 176
1739714927368 4.964340241907391 177
1739714927373 4.867486651879163 178
1739714927378 4.772558223556885 179
1739714927383 4.679516676352831 180
1739714927388 4.588324491116792 181
1739714927393 4.498944894984132 182
1739714927398 4.411341846525701 183
1739714927403 4.325480021193231 184
1739714927408 4.241324797054629 185
1739714927413 4.158842240813292 186
1739714927418 4.077999094105722 187
1739714927423 3.998762760072016 188
1739714927428 3.9211012901936084 189
1739714927433 3.844983371393289 190
1739714927439 3.7703783133917113 191
1739714927444 3.697256036315905 192
1739714927449 3.62558705855424 193
1739714927454 3.555342484853361 194
1739714927459 3.4864939946519184 195
1739714927464 3.419013830646575 196
1739714927469 3.3528747875856784 197
1739714927475 3.288050201285897 198
1739714927481 3.224513937867542 199
1739714927486 3.1622403832042423 200
1739714927491 3.1012044325823886 201
1739714927497 3.0413814805666157 202
1739714927502 2.982747411066933 203
1739714927507 2.9252785876034966 204
1739714927512 2.8689518437652213 205
1739714927517 2.8137444738582724 206
1739714927522 2.759634223740636 207
1739714927527 2.7065992818391758 208
1739714927532 2.654618270345379 209
1739714927537 2.603670236586399 210
1739714927542 2.553734644567841 211
1739714927547 2.5047913666847377 212
1739714927552 2.456820675597597 213
1739714927558 2.4098032362701516 214
1739714927563 2.363720098165388 215
1739714927569 2.3185526875970517 216
1739714927574 2.2742828002332938 217
1739714927578 2.2308925937494766 218
1739714927583 2.188364580627212 219
1739714927589 2.1466816210966475 220
1739714927594 2.105826916219274 221
1739714927599 2.065784001108311 222
1739714927604 2.0265367382840007 223
1739714927609 1.9880693111611818 224
1739714927614 1.950366217666355 225
1739714927624 1.913412263981839 226
1739714927632 1.8771925584143503 227
1739714927639 1.8416925053856108 228
1739714927645 1.8068977995425488 229
1739714927651 1.7727944199845662 230
1739714927657 1.73936862460588 231
1739714927662 1.7066069445502339 232
1739714927668 1.6744961787760253 233
1739714927673 1.6430233887295995 234
1739714927679 1.6121758931244348 235
1739714927684 1.5819412628243235 236
1739714927689 1.5523073158281666 237
1739714927695 1.5232621123548218 238
1739714927700 1.4947939500254572 239
1739714927705 1.4668913591419543 240
1739714927710 1.4395430980591428 241
1739714927715 1.4127381486491584 242
1739714927720 1.3864657118560098 243
1739714927726 1.360715203338579 244
1739714927732 1.3354762492003287 245
1739714927738 1.3107386818039368 246
1739714927743 1.2864925356692596 247
1739714927748 1.2627280434527468 248
1739714927754 1.239435632007037 249
1739714927759 1.2166059185188325 250
1739714927764 1.1942297067235805 251
1739714927769 1.172297983195496 252
1739714927774 1.1508019137114869 253
1739714927780 1.129732839687186 254
1739714927785 1.1090822746840883 255
1739714927790 1.0888419009860835 256
1739714927795 1.0690035662440753 257
1739714927801 1.049559280187381 258
1739714927806 1.0305012114005518 259
1739714927811 1.0118216841642753 260
1739714927816 0.9935131753591621 261
1739714927822 0.9755683114310935 262
1739714927827 0.9579798654169108 263
1739714927832 0.9407407540293514 264
1739714927837 0.9238440347998639 265
1739714927842 0.9072829032783524 266
1739714927848 0.8910506902885519 267
1739714927853 0.8751408592380195 268
1739714927858 0.859547003481659 269
1739714927863 0.8442628437376533 270
1739714927868 0.829282225554795 271
1739714927873 0.8145991168302305 272
1739714927878 0.8002076053765196 273
1739714927883 0.7861018965371536 274
1739714927888 0.7722763108494447 275
1739714927893 0.7587252817539337 276
1739714927898 0.7454433533493418 277
1739714927903 0.7324251781921801 278
1739714927908 0.7196655151401289 279
1739714927913 0.707159227238313 280
1739714927917 0.694901279647607 281
1739714927923 0.6828867376141422 282
1739714927928 0.6711107644792312 283
1739714927933 0.6595686197288347 284
1739714927938 0.6482556570818093 285
1739714927943 0.6371673226162822 286
1739714927948 0.6262991529331254 287
1739714927953 0.6156467733561173 288
1739714927958 0.60520589616778 289
1739714927963 0.5949723188803624 290
1739714927968 0.5849419225412227 291
1739714927974 0.575110670071857 292
1739714927979 0.5654746046400229 293
1739714927985 0.5560298480641866 294
1739714927990 0.5467725992497251 295
1739714927995 0.537699132656266 296
1739714928001 0.5288057967954345 297
1739714928006 0.5200890127585195 298
1739714928011 0.511545272773426 299
1739714928020 0.50317113879031 300
1739714928025 0.4949632410953528 301
1739714928030 0.4869182769520816 302
1739714928036 0.47903300926974796 303
1739714928041 0.4713042652981278 304
1739714928046 0.46372893534837606 305
1739714928051 0.4563039715391933 306
1739714928057 0.44902638656803734 307
1739714928062 0.441893252506713 308
1739714928067 0.43490169962091263 309
1739714928072 0.4280489152132818 310
1739714928077 0.4213321424893997 311
1739714928082 0.41474867944643523 312
1739714928088 0.4082958777837829 313
1739714928093 0.401971141835425 314
1739714928098 0.3957719275235335 315
1739714928103 0.3896957413328396 316
1739714928108 0.3837401393054283 317
1739714928114 0.37790272605550407 318
1739714928119 0.3721811538037849 319
1739714928124 0.36657312143102794 320
1739714928129 0.3610763735504536 321
1739714928134 0.35568869959855964 322
1739714928139 0.3504079329440456 323
1739714928144 0.3452319500144349 324
1739714928149 0.34015866944009043 325
1739714928155 0.3351860512152043 326
1739714928160 0.3303120958755428 327
1739714928165 0.32553484369245517 328
1739714928170 0.3208523738829858 329
1739714928175 0.31626280383565764 330
1739714928179 0.3117642883516365 331
1739714928184 0.3073550189010151 332
1739714928190 0.3030332228938738 333
1739714928195 0.2987971629658139 334
1739714928199 0.2946451362777455 335
1739714928204 0.29057547382955196 336
1739714928209 0.2865865397874099 337
1739714928214 0.28267673082450673 338
1739714928219 0.27884447547487073 339
1739714928225 0.2750882334999835 340
1739714928230 0.27140649526807903 341
1739714928235 0.2677977811457237 342
1739714928240 0.2642606409015146 343
1739714928245 0.26079365312161273 344
1739714928251 0.2573954246369325 345
1739714928256 0.254064589961706 346
1739714928261 0.2507998107431807 347
1739714928266 0.24759977522230828 348
1739714928272 0.24446319770511704 349
1739714928277 0.24138881804461343 350
1739714928282 0.23837540113299002 351
1739714928287 0.2354217364039094 352
1739714928292 0.23252663734469584 353
1739714928297 0.22968894101821904 354
1739714928302 0.2269075075943139 355
1739714928307 0.22418121989045886 356
1739714928312 0.22150898292164034 357
1739714928317 0.21888972345913857 358
1739714928322 0.21632238959809652 359
1739714928327 0.21380595033367808 360
1739714928332 0.21133939514566233 361
1739714928337 0.20892173359128585 362
1739714928342 0.2065519949061765 363
1739714928347 0.2042292276132604 364
1739714928353 0.20195249913938498 365
1739714928358 0.1997208954396012 366
1739714928364 0.19753352062890717 367
1739714928369 0.1953894966213182 368
1739714928375 0.19328796277609983 369
1739714928381 0.19122807555104665 370
1739714928386 0.1892090081626449 371
1739714928391 0.18722995025298933 372
1739714928397 0.18529010756334904 373
1739714928402 0.1833887016141743 374
1739714928407 0.18152496939150556 375
1739714928412 0.17969816303961406 376
1739714928417 0.17790754955970856 377
1739714928421 0.1761524105147061 378
1739714928426 0.1744320417397996 379
1739714928431 0.1727457530588241 380
1739714928437 0.1710928680062456 381
1739714928442 0.16947272355467788 382
1739714928447 0.1678846698478209 383
1739714928455 0.166328069938692 384
1739714928466 0.16480229953309475 385
1739714928473 0.16330674673814818 386
1739714928479 0.16184081181584 387
1739714928485 0.16040390694146278 388
1739714928490 0.15899545596687722 389
1739714928496 0.15761489418845662 390
1739714928501 0.15626166811964745 391
1739714928507 0.15493523526806596 392
1739714928513 0.153635063917012 393
1739714928518 0.15236063291132976 394
1739714928524 0.1511114314475283 395
1739714928529 0.14988695886807507 396
1739714928534 0.1486867244597692 397
1739714928539 0.14751024725612205 398
1739714928544 0.14635705584369205 399
1739714928550 0.14522668817223508 400
1739714928556 0.14411869136864652 401
1739714928562 0.1430326215545991 402
1739714928567 0.14196804366780985 403
1739714928572 0.140924531286841 404
1739714928578 0.13990166645941823 405
1739714928584 0.13889903953412036 406
1739714928589 0.1379162489954503 407
1739714928594 0.13695290130215607 408
1739714928600 0.13600861072879286 409
1739714928606 0.13508299921040567 410
1739714928611 0.13417569619032185 411
1739714928617 0.1332863384709546 412
1739714928622 0.13241457006759044 413
1739714928628 0.13156004206504912 414
1739714928633 0.13072241247723554 415
1739714928638 0.1299013461094482 416
1739714928643 0.1290965144234362 417
1739714928649 0.12830759540515826 418
1739714928654 0.127534273435124 419
1739714928660 0.12677623916136244 420
1739714928666 0.12603318937488744 421
1739714928672 0.1253048268876348 422
1739714928678 0.12459086041284609 423
1739714928684 0.123891004447816 424
1739714928690 0.12320497915896438 425
1739714928696 0.12253251026920871 426
1739714928701 0.12187332894756753 427
1739714928706 0.12122717170095487 428
1739714928712 0.12059378026812374 429
1739714928717 0.11997290151572826 430
1739714928723 0.11936428733644384 431
1739714928728 0.11876769454910624 432
1739714928734 0.11818288480085609 433
1739714928739 0.11760962447120087 434
1739714928745 0.11704768457799901 435
1739714928750 0.11649684068532179 436
1739714928756 0.11595687281312292 437
1739714928762 0.11542756534872058 438
1739714928767 0.11490870696003429 439
1739714928773 0.11440009051054538 440
1739714928778 0.11390151297594586 441
1739714928784 0.11341277536244769 442
1739714928789 0.11293368262670896 443
1739714928794 0.11246404359736757 444
1739714928799 0.11200367089810663 445
1739714928804 0.11155238087227466 446
1739714928810 0.11110999350899782 447
1739714928815 0.11067633237074334 448
1739714928820 0.11025122452234706 449
1739714928825 0.10983450046143739 450
1739714928830 0.10942599405024091 451
1739714928835 0.10902554244874982 452
1739714928841 0.10863298604921727 453
1739714928846 0.10824816841194791 454
1739714928850 0.10787093620236848 455
1739714928855 0.10750113912934707 456
1739714928863 0.10713862988474801 457
1739714928870 0.10678326408416838 458
1739714928876 0.10643490020887199 459
1739714928881 0.10609339954886375 460
1739714928886 0.10575862614710259 461
1739714928892 0.10543044674482088 462
1739714928899 0.10510873072792848 463
1739714928905 0.10479335007448344 464
1739714928910 0.10448417930320732 465
1739714928916 0.10418109542302408 466
1739714928921 0.10388397788359603 467
1739714928926 0.1035927085268491 468
1739714928931 0.10330717153946369 469
1739714928937 0.10302725340629873 470
1739714928943 0.10275284286474835 471
1739714928948 0.10248383086000835 472
1739714928954 0.1022201105012246 473
1739714928959 0.10196157701851545 474
1739714928966 0.10170812772085243 475
1739714928972 0.10145966195476959 476
1739714928977 0.10121608106390337 477
1739714928984 0.10097728834932425 478
1739714928990 0.10074318903066566 479
1739714928996 0.10051369020802532 480
1739714929001 0.10028870082461745 481
1739714929007 0.10006813163017317 482
1739714929012 0.09985189514506246 483
1739714929017 0.09963990562513379 484
1739714929026 0.09943207902725125 485
1739714929031 0.09922833297551244 486
1739714929036 0.09902858672814695 487
1739714929041 0.09883276114505739 488
1739714929047 0.0986407786560231 489
1739714929051 0.09845256322951981 490
1739714929057 0.09826804034217052 491
1739714929063 0.09808713694879581 492
1739714929069 0.0979097814530622 493
1739714929074 0.09773590367871411 494
1739714929079 0.09756543484137743 495
1739714929085 0.09739830752091899 496
1739714929090 0.09723445563436141 497
1739714929095 0.09707381440933364 498
1739714929101 0.09691632035804609 499
