1739718731804 5.866356738444541 0
1739718731830 5.607732741598837 1
1739718731856 4.234394089157366 2
1739718731883 2.940887794281686 3
1739718731909 6.345257262912795 4
1739718731936 5.794778609820501 5
1739718731961 5.273020741752838 6
1739718731988 6.382756975290498 7
1739718732015 7.284282112374184 8
1739718732041 5.971641391149858 9
1739718732067 5.847997269609287 10
1739718732093 0.8233883452553745 11
1739718732119 5.042899747729585 12
1739718732145 3.597825020447575 13
1739718732171 4.663893200320894 14
1739718732197 3.663480554086159 15
1739718732223 5.470340062427392 16
1739718732249 5.465083265315312 17
1739718732275 4.719220768233443 18
1739718732301 4.793177649705705 19
1739718732326 3.5681187793891374 20
1739718732352 5.500500399848901 21
1739718732429 4.364047302040556 22
1739718732499 3.945301491542139 23
1739718732528 4.049822495477927 24
1739718732558 4.446848404712688 25
1739718732587 4.146988044956833 26
1739718732616 7.467712594951251 27
1739718732643 3.7157740022962855 28
1739718732671 6.195402420209634 29
1739718732698 3.6219218418452597 30
1739718732725 2.5212889798134697 31
1739718732753 6.935418644661491 32
1739718732780 5.154451650721602 33
1739718732808 5.493566341041406 34
1739718732836 4.778176173348714 35
1739718732863 5.473342204537801 36
1739718732892 4.339333960715467 37
1739718732920 4.552210032911035 38
1739718732948 4.622481863009781 39
1739718732975 3.6574552397463425 40
1739718733006 5.14462289860113 41
1739718733033 4.9647392627744305 42
1739718733061 4.884958877885704 43
1739718733088 3.4588318195473686 44
1739718733115 3.1553260605481066 45
1739718733143 3.8000540019161813 46
1739718733170 4.624610908409682 47
1739718733196 3.4675874916357414 48
1739718733223 2.2081095329465215 49
1739718733248 4.714738004271716 50
1739718733274 3.9885722951657434 51
1739718733301 3.257887790227654 52
1739718733326 5.9741606950962085 53
1739718733352 5.521372546763183 54
1739718733378 4.644564787737934 55
1739718733404 9.39961035139104 56
1739718733430 3.772743536699858 57
1739718733456 6.198583276703697 58
1739718733483 2.986124129360735 59
1739718733509 6.156660630652852 60
1739718733535 5.4590868935851855 61
1739718733562 3.7999290365439755 62
1739718733589 3.264027387047228 63
1739718733615 6.319932915406239 64
1739718733641 3.1598566038699363 65
1739718733667 7.291840572981649 66
1739718733694 4.689115006922932 67
1739718733720 5.774013719147819 68
1739718733755 5.533084657512688 69
1739718733786 5.472857123054024 70
1739718733817 5.238642259998281 71
1739718733844 3.0872977177516407 72
1739718733872 4.9163271922174685 73
1739718733899 6.435854538194613 74
1739718733926 3.588168816737706 75
1739718733953 3.6679146463490615 76
1739718733980 4.958242764988211 77
1739718734007 3.316456052251699 78
1739718734034 5.283735571812025 79
1739718734060 3.1541640373050783 80
1739718734086 5.549290343258285 81
1739718734113 5.2070149741983345 82
1739718734140 4.4254470904735035 83
1739718734167 3.9791919233901107 84
1739718734194 2.364062810984367 85
1739718734221 4.7463459804618715 86
1739718734247 4.724657364126602 87
1739718734274 0.9069242137164133 88
1739718734300 3.6741193961935403 89
1739718734326 5.923030187773946 90
1739718734354 5.603153108575599 91
1739718734381 6.404975166877916 92
1739718734409 6.333907362378417 93
1739718734437 6.216896711471193 94
1739718734464 1.2413739841903124 95
1739718734490 5.565206951753058 96
1739718734517 4.891606279974911 97
1739718734543 4.0396361761667405 98
1739718734569 3.6382496023973316 99
1739718734595 3.761230356399476 100
1739718734621 1.9640725537298227 101
1739718734647 3.8797172334203798 102
1739718734673 2.695892145517752 103
1739718734700 3.3440520084573815 104
1739718734726 5.051219614308877 105
1739718734752 4.010661535740503 106
1739718734778 1.4069816466507208 107
1739718734804 7.005241149211482 108
1739718734830 6.243039311183986 109
1739718734856 4.612324232225895 110
1739718734882 4.418837162892398 111
1739718734908 4.577364345645775 112
1739718734934 3.454119400234283 113
1739718734959 4.781296368422306 114
1739718734986 6.614547774271054 115
1739718735011 6.365684468439943 116
1739718735037 5.513681338746576 117
1739718735063 5.2652448950034625 118
1739718735089 3.3646731857368315 119
1739718735119 3.703107552997591 120
1739718735151 4.148993650257439 121
1739718735178 4.174382726517276 122
1739718735204 2.045785717692532 123
1739718735230 5.483436489067372 124
1739718735255 3.805845496238497 125
1739718735281 3.6130120949345375 126
1739718735307 5.0708304210187976 127
1739718735334 10.012115298514535 128
1739718735361 5.674374901189805 129
1739718735389 5.159623176766726 130
1739718735419 4.020286706813296 131
1739718735448 3.223971637309969 132
1739718735475 3.4301179352215128 133
1739718735502 6.316539178588135 134
1739718735529 7.042652727505186 135
1739718735556 5.735499481286891 136
1739718735582 5.0460128444102805 137
1739718735608 4.946590211780643 138
1739718735635 4.233599122114631 139
1739718735662 6.857807850874756 140
1739718735688 5.864530899897297 141
1739718735714 6.3863625641066015 142
1739718735740 5.026950374226724 143
1739718735766 2.940143504888344 144
1739718735793 5.4390186326695185 145
1739718735819 5.0832965106808885 146
1739718735846 5.142077411650578 147
1739718735871 5.958373170717057 148
1739718735897 3.810603053275739 149
1739718735924 3.307832653344792 150
1739718735951 5.928617790456698 151
1739718735977 4.931435448327123 152
1739718736003 3.001036608013704 153
1739718736030 6.736979405842023 154
1739718736055 6.00509036910196 155
1739718736081 2.8237958626917194 156
1739718736107 4.464877763488259 157
1739718736136 5.556351197886758 158
1739718736162 5.082702896423342 159
1739718736187 5.929534344724107 160
1739718736213 7.509574934540442 161
1739718736238 4.207968675773163 162
1739718736264 4.634551088076005 163
1739718736290 5.596154700211203 164
1739718736316 4.99074383383643 165
1739718736342 4.505074239611772 166
1739718736367 4.5773810223952225 167
1739718736393 5.2145027732972355 168
1739718736419 4.3017653940065195 169
1739718736445 4.626763298385171 170
1739718736471 4.618813791428955 171
1739718736497 6.547472551827671 172
1739718736523 6.1501781281451695 173
1739718736549 4.5666435473458 174
1739718736575 4.194720459593248 175
1739718736600 5.194702086764289 176
1739718736626 6.389549593628572 177
1739718736653 3.7066176520926755 178
1739718736679 4.342230564770545 179
1739718736705 6.626050702216174 180
1739718736732 4.683637462670953 181
1739718736758 4.205716690288529 182
1739718736784 5.19109101880242 183
1739718736810 3.764479822342544 184
1739718736836 3.0558940559091736 185
1739718736862 6.025585648084856 186
1739718736888 7.289073240836337 187
1739718736915 5.877558567390367 188
1739718736941 3.624311497375368 189
1739718736967 6.355544940431232 190
1739718736994 5.156501627024048 191
1739718737020 4.766901509899941 192
1739718737047 5.303330282060724 193
1739718737073 6.501363004594346 194
1739718737099 4.507741084626551 195
1739718737125 4.860281462745182 196
1739718737152 4.995447281464447 197
1739718737178 3.9679567660041943 198
1739718737204 3.7116860300506223 199
1739718737230 3.7432265767658777 200
1739718737256 6.148697069134684 201
1739718737282 4.114082793237727 202
1739718737308 5.905452569499188 203
1739718737335 5.449538981685812 204
1739718737361 5.353866696571219 205
1739718737387 4.6983711338243195 206
1739718737413 4.52909119859201 207
1739718737439 4.124147423950965 208
1739718737466 5.655599780326063 209
1739718737491 7.022698650658231 210
1739718737517 4.1529060674626015 211
1739718737543 4.693918339800453 212
1739718737569 4.205870232412648 213
1739718737595 5.92534432217512 214
1739718737621 4.632858317916928 215
1739718737648 6.966209233756366 216
1739718737674 1.8203815690879386 217
1739718737700 4.621797702705485 218
1739718737727 6.718000420169052 219
1739718737753 5.327345640725577 220
1739718737779 5.230745821335032 221
1739718737805 1.89339835103555 222
1739718737831 5.069045811057772 223
1739718737857 4.9231418850924635 224
1739718737883 4.271477953303715 225
1739718737909 2.893010146333009 226
1739718737936 2.3578757630897402 227
1739718737962 3.17489371995418 228
1739718737988 4.7893581455636856 229
1739718738014 5.201418700156209 230
1739718738040 2.2490439008033345 231
1739718738067 5.290192777021999 232
1739718738093 6.739183769059009 233
1739718738119 6.09894945535313 234
1739718738146 6.912424429398088 235
1739718738172 3.2971812679422614 236
1739718738198 6.888469972865297 237
1739718738224 3.616683568482537 238
1739718738250 6.180764525684801 239
1739718738275 3.253180642065429 240
1739718738301 4.963274339492334 241
1739718738328 3.51612604200374 242
1739718738354 4.655866210516375 243
1739718738379 3.6750470264000783 244
1739718738406 3.1146629236729053 245
1739718738432 2.6018977255408764 246
1739718738458 5.427613046665991 247
1739718738485 5.418667980871986 248
1739718738511 2.8292684495732954 249
1739718738537 4.8217909441228315 250
1739718738563 4.479102728209026 251
1739718738589 3.8935775794691625 252
1739718738615 4.746840958797413 253
1739718738642 3.042389355072425 254
1739718738668 4.8967922765410155 255
1739718738694 5.713254906901417 256
1739718738720 14.413579127333056 257
1739718738747 1.7302579018534912 258
1739718738773 5.923151008786478 259
1739718738799 5.315433378741523 260
1739718738825 5.3181487113078 261
1739718738851 6.394300170353938 262
1739718738877 5.228625267834584 263
1739718738903 5.258943808817499 264
1739718738930 4.471340971030833 265
1739718738956 4.064991384157483 266
1739718738983 4.904832366657296 267
1739718739009 2.82869592241898 268
1739718739036 6.60914057921264 269
1739718739063 5.546345028751402 270
1739718739089 4.942533045227552 271
1739718739115 5.069488007930759 272
1739718739142 4.5571937990775915 273
1739718739169 3.8943765352007755 274
1739718739195 4.65635132268571 275
1739718739221 5.303042444467552 276
1739718739248 2.754617715750744 277
1739718739274 5.906777449357785 278
1739718739300 3.9174039319349423 279
1739718739326 8.265450585941453 280
1739718739353 7.087618290056646 281
1739718739379 5.44584602713734 282
1739718739405 4.138925555483519 283
1739718739432 4.117670771151598 284
1739718739458 5.084918490885685 285
1739718739484 3.727446079254307 286
1739718739510 3.2392107045213896 287
1739718739537 7.579242893695191 288
1739718739563 5.465762180917973 289
1739718739590 4.824598330039594 290
1739718739615 2.920160350780235 291
1739718739642 4.769987646707462 292
1739718739668 4.794308360833617 293
1739718739694 3.705302853953219 294
1739718739720 3.0816469528253982 295
1739718739747 2.9932699934868636 296
1739718739773 4.719599258645264 297
1739718739799 3.2544377236902764 298
1739718739825 4.244380799821164 299
1739718739851 4.997374067775954 300
1739718739878 5.8112739352812355 301
1739718739903 3.000289685520629 302
1739718739929 6.09801851893252 303
1739718739956 3.8545642583262216 304
1739718739981 4.602693401110119 305
1739718740007 3.5585703520903795 306
1739718740033 6.741138042626058 307
1739718740059 3.2505844727278275 308
1739718740085 3.0950273128110286 309
1739718740111 2.2954323210657583 310
1739718740138 1.0179974251590869 311
1739718740164 3.221159398167842 312
1739718740191 5.2334368876468496 313
1739718740217 4.180161034095214 314
1739718740243 4.32900150236719 315
1739718740269 5.553126449662725 316
1739718740295 4.099838738715291 317
1739718740321 5.947555720324859 318
1739718740348 4.273931751316948 319
1739718740374 4.797574509460798 320
1739718740400 6.391775252683198 321
1739718740425 5.547942127173909 322
1739718740452 5.432578640488137 323
1739718740478 3.51143676938669 324
1739718740504 5.674718601520415 325
1739718740531 6.102598714580173 326
1739718740558 5.434768561652029 327
1739718740585 4.286990361998615 328
1739718740611 5.553895653885728 329
1739718740638 5.7079830726143195 330
1739718740664 4.723727816722515 331
1739718740690 3.1127349300686307 332
1739718740716 4.076230946791702 333
1739718740742 4.044730165175582 334
1739718740770 1.6747216902968063 335
1739718740797 5.14952308625318 336
1739718740824 3.9641276806798276 337
1739718740851 6.5713508150276985 338
1739718740878 3.87148505176576 339
1739718740905 5.103492187419838 340
1739718740933 4.846055101306316 341
1739718740960 3.929652457830698 342
1739718740987 4.128352329132952 343
1739718741014 5.473836141131667 344
1739718741041 4.748460191743388 345
1739718741069 3.3401761113405297 346
1739718741096 4.524131440977933 347
1739718741123 5.245287238039591 348
1739718741150 5.277531351734617 349
1739718741178 6.4165104039709115 350
1739718741205 3.910229167738878 351
1739718741232 6.867562720131461 352
1739718741259 8.430485441444388 353
1739718741288 6.017079646383344 354
1739718741315 6.154483394499387 355
1739718741343 4.279312680728164 356
1739718741370 3.592262522745298 357
1739718741398 5.3676911889626995 358
1739718741425 3.318980722648429 359
1739718741452 5.09335226904903 360
1739718741479 4.2520732041005775 361
1739718741506 5.526308117994175 362
1739718741534 5.114742918776822 363
1739718741561 5.755545029264095 364
1739718741589 5.444034108806355 365
1739718741616 4.493448782754619 366
1739718741644 5.604006644712211 367
1739718741671 5.961256161620626 368
1739718741698 4.6553542350282 369
1739718741726 6.058103340913549 370
1739718741753 4.117570709697719 371
1739718741780 3.1733521389976587 372
1739718741807 4.506170664195897 373
1739718741834 4.972150816728739 374
1739718741861 5.711164366175601 375
1739718741888 4.51928477265239 376
1739718741916 3.611690414503806 377
1739718741943 7.263273057889803 378
1739718741971 4.293878994124913 379
1739718741998 7.320790796895869 380
1739718742025 5.5011255826343675 381
1739718742051 4.60563599040891 382
1739718742078 6.256174032450767 383
1739718742104 5.4926798299091155 384
1739718742131 5.397097481106613 385
1739718742158 7.735909283439516 386
1739718742184 4.935000396199161 387
1739718742211 4.9714009681103475 388
1739718742237 6.174759709229218 389
1739718742264 3.3289348129563727 390
1739718742291 3.394231313783867 391
1739718742318 5.790490347102834 392
1739718742344 4.528852920626967 393
1739718742370 4.289511005446979 394
1739718742396 4.024150108286479 395
1739718742423 3.986806377783492 396
1739718742448 5.90031205240152 397
1739718742475 3.134860289257839 398
1739718742502 4.5799430942314245 399
1739718742529 3.9619337045824214 400
1739718742555 4.246829083496365 401
1739718742581 3.250644276717299 402
1739718742607 5.489294015258014 403
1739718742633 5.452048096621627 404
1739718742660 5.414556348987324 405
1739718742688 3.673315372701862 406
1739718742714 5.371483699778224 407
1739718742740 5.796814545738159 408
1739718742766 3.615474553024814 409
1739718742793 2.712175695145599 410
1739718742818 3.330226920829202 411
1739718742845 4.353296278147381 412
1739718742872 2.4589477068059904 413
1739718742899 2.472463035264197 414
1739718742925 6.860555111793162 415
1739718742952 4.492309072930357 416
1739718742978 6.8520933910041535 417
1739718743004 4.978057003543756 418
1739718743030 6.142812785238499 419
1739718743056 5.3769261215779 420
1739718743083 4.649097174481464 421
1739718743109 3.8172878427881276 422
1739718743135 5.148184908539075 423
1739718743162 4.552546384767371 424
1739718743188 6.2094431357232045 425
1739718743214 3.333037920798979 426
1739718743241 3.8553236773399795 427
1739718743267 2.9743624176720225 428
1739718743293 4.96252241708431 429
1739718743319 3.1445295236727957 430
1739718743345 6.912139208224305 431
1739718743372 3.117196265654922 432
1739718743398 6.040744707828575 433
1739718743424 6.012917286371905 434
1739718743450 3.5699270019881313 435
1739718743476 4.020192382052337 436
1739718743502 5.6060198396340795 437
1739718743528 4.6040371971144936 438
1739718743554 2.8705958327664276 439
1739718743580 6.3542913198546875 440
1739718743607 5.846390445845623 441
1739718743633 6.944087159924159 442
1739718743704 2.811544975620171 443
1739718743730 4.1282483936215115 444
1739718743756 7.491544028433339 445
1739718743783 4.802580681444272 446
1739718743809 4.920724804333497 447
1739718743835 2.3606698016227643 448
1739718743861 4.976005044637655 449
1739718743887 5.061340897849819 450
1739718743913 3.9540675183612994 451
1739718743939 3.0641420593610866 452
1739718743965 4.824059463853202 453
1739718743992 2.142349034134681 454
1739718744017 4.736544717730325 455
1739718744043 3.5287505777090873 456
1739718744069 5.840844253454736 457
1739718744095 7.223596074884022 458
1739718744121 8.894240990237895 459
1739718744147 6.051856332180376 460
1739718744173 1.9197626595576833 461
1739718744199 5.232370722495533 462
1739718744228 6.698038002124667 463
1739718744254 5.119089554367721 464
1739718744280 5.966881801892852 465
1739718744307 4.8280394310294295 466
1739718744333 4.02743893136323 467
1739718744358 5.619692041269731 468
1739718744384 5.6578595185012155 469
1739718744413 4.097726509188006 470
1739718744440 5.977513222829009 471
1739718744467 5.385691452245427 472
1739718744493 4.595917265133504 473
1739718744519 4.263079130333283 474
1739718744545 4.084298346601555 475
1739718744571 4.769711735278484 476
1739718744598 4.52330343741378 477
1739718744625 2.875458007182571 478
1739718744651 6.109709738813341 479
1739718744678 3.918055777933594 480
1739718744704 2.369880467491005 481
1739718744730 2.2102793381899333 482
1739718744756 2.9143358373133346 483
1739718744782 4.646163593056952 484
1739718744808 2.5706437483363134 485
1739718744834 3.962027932848871 486
1739718744860 4.356802788299813 487
1739718744886 5.285876807170533 488
1739718744912 5.8808276208443155 489
1739718744938 3.2478671639904695 490
1739718744964 4.492124430251403 491
1739718744990 4.406072978860033 492
1739718745016 5.194775456150627 493
1739718745042 5.10883654237135 494
1739718745068 5.264035669827781 495
1739718745095 2.8734979908954745 496
1739718745121 5.7522263228791966 497
1739718745147 8.711287028086348 498
1739718745174 4.168320822005907 499
