1739715317879 162.7000081476987 0
1739715317885 162.4729277997232 1
1739715317890 162.1781522699458 2
1739715317894 161.86355832971265 3
1739715317899 161.5435155395427 4
1739715317904 161.2223349279511 5
1739715317908 160.90130896014225 6
1739715317912 160.58082431461537 7
1739715317917 160.26099587775494 8
1739715317921 159.9418569840251 9
1739715317926 159.62341649997828 10
1739715317931 159.3056759529874 11
1739715317935 158.98863467091607 12
1739715317940 158.67229132433062 13
1739715317944 158.35664438925173 14
1739715317948 158.04169228600236 15
1739715317953 157.72743342086406 16
1739715317958 157.4138661985698 17
1739715317962 157.1009890260459 18
1739715317967 156.78880031352875 19
1739715317972 156.477298474893 20
1739715317976 156.16648192774363 21
1739715317980 155.85634909343727 22
1739715317985 155.54689839708192 23
1739715317989 155.23812826753058 24
1739715317994 154.93003713737278 25
1739715317998 154.62262344292583 26
1739715318003 154.31588562422553 27
1739715318007 154.00982212501725 28
1739715318012 153.7044313927468 29
1739715318017 153.3997118785513 30
1739715318022 153.0956620372502 31
1739715318026 152.79228032733616 32
1739715318031 152.48956521096616 33
1739715318035 152.1875151539525 34
1739715318040 151.88612862575374 35
1739715318044 151.5854040994659 36
1739715318049 151.28534005181345 37
1739715318054 150.98593496314052 38
1739715318059 150.68718731740185 39
1739715318063 150.38909560215419 40
1739715318068 150.09165830854727 41
1739715318074 149.7948739313152 42
1739715318080 149.4987409687675 43
1739715318086 149.20325792278052 44
1739715318091 148.9084232987884 45
1739715318096 148.6142356057749 46
1739715318100 148.32069335626414 47
1739715318104 148.02779506631234 48
1739715318109 147.735539255499 49
1739715318114 147.4439244469183 50
1739715318118 147.15294916717042 51
1739715318122 146.86261194635324 52
1739715318127 146.5729113180535 53
1739715318131 146.2838458193383 54
1739715318135 145.9954139907468 55
1739715318140 145.70761437628155 56
1739715318144 145.42044552340002 57
1739715318148 145.1339059830062 58
1739715318153 144.84799430944224 59
1739715318158 144.56270906047993 60
1739715318162 144.27804879731232 61
1739715318167 143.9940120845455 62
1739715318171 143.71059749019014 63
1739715318175 143.4278035856532 64
1739715318182 143.14562894572964 65
1739715318187 142.86407214859412 66
1739715318191 142.58313177579282 67
1739715318196 142.30280641223501 68
1739715318200 142.02309464618523 69
1739715318205 141.74399506925465 70
1739715318209 141.4655062763931 71
1739715318213 141.18762686588107 72
1739715318217 140.91035543932125 73
1739715318222 140.63369060163078 74
1739715318227 140.3576309610328 75
1739715318231 140.08217512904875 76
1739715318236 139.80732172049 77
1739715318240 139.53306935345 78
1739715318244 139.25941664929627 79
1739715318249 138.98636223266234 80
1739715318253 138.7139047314399 81
1739715318257 138.44204277677065 82
1739715318262 138.1707750030386 83
1739715318266 137.90010004786208 84
1739715318270 137.63001655208578 85
1739715318274 137.36052315977298 86
1739715318279 137.09161851819775 87
1739715318283 136.8233012778369 88
1739715318287 136.55557009236242 89
1739715318292 136.28842361863354 90
1739715318296 136.02186051668917 91
1739715318300 135.75587944973978 92
1739715318304 135.4904790841601 93
1739715318309 135.22565808948107 94
1739715318314 134.96141513838242 95
1739715318318 134.69774890668478 96
1739715318322 134.43465807334212 97
1739715318326 134.17214132043415 98
1739715318331 133.9101973331588 99
1739715318335 133.64882479982438 100
1739715318339 133.38802241184214 101
1739715318343 133.12778886371882 102
1739715318347 132.86812285304896 103
1739715318352 132.60902308050743 104
1739715318356 132.350488249842 105
1739715318360 132.09251706786577 106
1739715318365 131.8351082444498 107
1739715318369 131.57826049251557 108
1739715318373 131.3219725280277 109
1739715318378 131.06624306998634 110
1739715318382 130.81107084042003 111
1739715318392 130.55645456437819 112
1739715318396 130.30239296992374 113
1739715318400 130.04888478812597 114
1739715318405 129.79592875305295 115
1739715318409 129.54352360176446 116
1739715318413 129.29166807430465 117
1739715318417 129.0403609136948 118
1739715318422 128.78960086592602 119
1739715318427 128.53938667995214 120
1739715318431 128.2897171076824 121
1739715318436 128.0405909039744 122
1739715318440 127.7920068266267 123
1739715318445 127.54396363637206 124
1739715318449 127.29646009686992 125
1739715318453 127.04949497469957 126
1739715318457 126.80306703935288 127
1739715318463 126.55717506322732 128
1739715318467 126.31181782161889 129
1739715318472 126.06699409271512 130
1739715318476 125.82270265758793 131
1739715318480 125.5789423001868 132
1739715318484 125.33571180733159 133
1739715318488 125.09300996870577 134
1739715318492 124.85083557684932 135
1739715318497 124.60918742715188 136
1739715318501 124.36806431784582 137
1739715318505 124.12746504999933 138
1739715318509 123.88738842750955 139
1739715318513 123.64783325709573 140
1739715318517 123.40879834829228 141
1739715318521 123.17028251344209 142
1739715318525 122.93228456768969 143
1739715318530 122.6948033289743 144
1739715318534 122.45783761802332 145
1739715318540 122.22138625834526 146
1739715318544 121.98544807622335 147
1739715318549 121.75002190070846 148
1739715318553 121.51510656361268 149
1739715318557 121.2807008995024 150
1739715318561 121.0468037456918 151
1739715318566 120.81341394223621 152
1739715318570 120.5805303319252 153
1739715318574 120.34815176027632 154
1739715318579 120.1162770755283 155
1739715318583 119.88490512863439 156
1739715318587 119.6540347732559 157
1739715318591 119.4236648657557 158
1739715318596 119.19379426519149 159
1739715318600 118.96442183330942 160
1739715318604 118.73554643453754 161
1739715318608 118.50716693597933 162
1739715318613 118.27928220740714 163
1739715318617 118.0518911212558 164
1739715318621 117.82499255261621 165
1739715318626 117.59858537922884 166
1739715318630 117.37266848147729 167
1739715318634 117.14724074238201 168
1739715318638 116.92230104759388 169
1739715318642 116.6978482853877 170
1739715318647 116.4738813466561 171
1739715318651 116.25039912490303 172
1739715318655 116.02740051623739 173
1739715318659 115.80488441936701 174
1739715318663 115.58284973559199 175
1739715318668 115.36129536879875 176
1739715318672 115.14022022545358 177
1739715318676 114.91962321459647 178
1739715318681 114.69950324783494 179
1739715318686 114.47985923933774 180
1739715318690 114.26069010582867 181
1739715318694 114.04199476658049 182
1739715318699 113.82377214340866 183
1739715318703 113.60602116066528 184
1739715318707 113.38874074523285 185
1739715318711 113.17192982651828 186
1739715318717 112.95558733644673 187
1739715318721 112.73971220945546 188
1739715318726 112.52430338248796 189
1739715318730 112.30935979498763 190
1739715318735 112.09488038889197 191
1739715318739 111.88086410862641 192
1739715318744 111.66730990109839 193
1739715318748 111.45421671569135 194
1739715318753 111.24158350425868 195
1739715318757 111.02940922111783 196
1739715318761 110.81769282304438 197
1739715318765 110.60643326926608 198
1739715318769 110.3956295214568 199
1739715318774 110.18528054373085 200
1739715318778 109.97538530263701 201
1739715318782 109.76594276715254 202
1739715318786 109.55695190867743 203
1739715318790 109.34841170102861 204
1739715318795 109.14032112043398 205
1739715318799 108.93267914552663 206
1739715318803 108.72548475733915 207
1739715318807 108.51873693929767 208
1739715318811 108.31243467721625 209
1739715318816 108.10657695929098 210
1739715318821 107.90116277609432 211
1739715318825 107.69619112056937 212
1739715318829 107.49166098802414 213
1739715318834 107.2875713761258 214
1739715318838 107.08392128489506 215
1739715318843 106.88070971670042 216
1739715318847 106.6779356762527 217
1739715318852 106.47559817059907 218
1739715318856 106.27369620911774 219
1739715318861 106.07222880351217 220
1739715318865 105.87119496780548 221
1739715318870 105.6705937183349 222
1739715318875 105.4704240737462 223
1739715318879 105.27068505498804 224
1739715318884 105.07137568530658 225
1739715318888 104.87249499023979 226
1739715318893 104.674041997612 227
1739715318897 104.4760157375284 228
1739715318902 104.27841524236958 229
1739715318906 104.08123954678591 230
1739715318911 103.88448768769226 231
1739715318915 103.68815870426239 232
1739715318920 103.4922516379236 233
1739715318924 103.29676553235129 234
1739715318929 103.10169943346357 235
1739715318933 102.90705238941577 236
1739715318937 102.71282345059517 237
1739715318942 102.51901166961555 238
1739715318946 102.32561610131188 239
1739715318951 102.13263580273491 240
1739715318955 101.94006983314596 241
1739715318960 101.74791725401145 242
1739715318964 101.55617712899769 243
1739715318968 101.36484852396555 244
1739715318972 101.1739305069653 245
1739715318977 100.98342214823104 246
1739715318981 100.79332252017585 247
1739715318986 100.60363069738625 248
1739715318990 100.41434575661707 249
1739715318994 100.22546677678625 250
1739715318999 100.03699283896964 251
1739715319003 99.84892302639577 252
1739715319008 99.66125642444072 253
1739715319013 99.47399212062297 254
1739715319018 99.28712920459816 255
1739715319023 99.10066676815403 256
1739715319027 98.91460390520531 257
1739715319032 98.72893971178854 258
1739715319037 98.54367328605709 259
1739715319043 98.35880372827583 260
1739715319047 98.17433014081635 261
1739715319052 97.99025162815175 262
1739715319057 97.80656729685155 263
1739715319061 97.6232762555768 264
1739715319065 97.44037761507491 265
1739715319070 97.25787048817466 266
1739715319079 97.07575398978132 267
1739715319085 96.89402723687154 268
1739715319090 96.71268934848838 269
1739715319095 96.53173944573648 270
1739715319100 96.35117665177692 271
1739715319105 96.1710000918224 272
1739715319109 95.99120889313237 273
1739715319115 95.81180218500789 274
1739715319120 95.63277909878701 275
1739715319124 95.45413876783968 276
1739715319129 95.27588032756299 277
1739715319133 95.09800291537618 278
1739715319138 94.92050567071595 279
1739715319143 94.74338773503148 280
1739715319148 94.56664825177965 281
1739715319152 94.39028636642023 282
1739715319157 94.21430122641115 283
1739715319161 94.03869198120348 284
1739715319165 93.86345778223696 285
1739715319170 93.6885977829349 286
1739715319174 93.51411113869977 287
1739715319179 93.33999700690809 288
1739715319183 93.16625454690603 289
1739715319187 92.99288292000443 290
1739715319192 92.81988128947427 291
1739715319198 92.64724882054186 292
1739715319202 92.47498468038414 293
1739715319207 92.30308803812414 294
1739715319212 92.13155806482618 295
1739715319216 91.96039393349125 296
1739715319221 91.78959481905244 297
1739715319226 91.61915989837016 298
1739715319230 91.44908835022765 299
1739715319234 91.27937935532641 300
1739715319238 91.11003209628142 301
1739715319243 90.94104575761665 302
1739715319247 90.77241952576061 303
1739715319252 90.60415258904158 304
1739715319256 90.43624413768319 305
1739715319261 90.26869336379985 306
1739715319266 90.10149946139218 307
1739715319271 89.93466162634262 308
1739715319276 89.76817905641064 309
1739715319280 89.60205095122865 310
1739715319284 89.43627651229717 311
1739715319289 89.27085494298052 312
1739715319293 89.10578544850233 313
1739715319298 88.94106723594109 314
1739715319303 88.77669951422568 315
1739715319307 88.612681494131 316
1739715319312 88.44901238827346 317
1739715319316 88.28569141110664 318
1739715319321 88.12271777891692 319
1739715319325 87.96009070981903 320
1739715319329 87.79780942375166 321
1739715319333 87.63587314247317 322
1739715319337 87.47428108955722 323
1739715319342 87.31303249038837 324
1739715319346 87.15212657215775 325
1739715319352 86.99156256385885 326
1739715319356 86.8313396962831 327
1739715319360 86.67145720201555 328
1739715319364 86.51191431543064 329
1739715319370 86.35271027268799 330
1739715319377 86.19384431172799 331
1739715319383 86.03531567226757 332
1739715319388 85.877123595796 333
1739715319398 85.71926732557067 334
1739715319403 85.56174610661283 335
1739715319408 85.40455918570329 336
1739715319412 85.24770581137837 337
1739715319417 85.09118523392561 338
1739715319421 84.93499670537958 339
1739715319426 84.77913947951774 340
1739715319431 84.62361281185625 341
1739715319435 84.46841595964584 342
1739715319439 84.31354818186759 343
1739715319443 84.15900873922895 344
1739715319449 84.00479689415947 345
1739715319454 83.8509119108067 346
1739715319458 83.69735305503215 347
1739715319464 83.54411959440719 348
1739715319468 83.39121079820889 349
1739715319473 83.23862593741605 350
1739715319477 83.08636428470496 351
1739715319482 82.93442511444565 352
1739715319486 82.78280770269751 353
1739715319490 82.63151132720549 354
1739715319494 82.48053526739591 355
1739715319499 82.32987880437264 356
1739715319503 82.17954122091282 357
1739715319507 82.02952180146325 358
1739715319512 81.87981983213595 359
1739715319516 81.73043460070454 360
1739715319521 81.58136539660013 361
1739715319525 81.43261151090736 362
1739715319529 81.2841722363605 363
1739715319533 81.13604686733947 364
1739715319538 80.98823469986591 365
1739715319542 80.84073503159932 366
1739715319547 80.69354716183308 367
1739715319552 80.54667039149065 368
1739715319557 80.4001040231215 369
1739715319561 80.25384736089744 370
1739715319566 80.10789971060863 371
1739715319571 79.96226037965974 372
1739715319575 79.81692867706609 373
1739715319580 79.67190391344985 374
1739715319584 79.52718540103616 375
1739715319588 79.38277245364932 376
1739715319592 79.238664386709 377
1739715319596 79.09486051722642 378
1739715319601 78.95136016380053 379
1739715319605 78.80816264661424 380
1739715319609 78.6652672874307 381
1739715319614 78.5226734095894 382
1739715319618 78.38038033800262 383
1739715319622 78.23838739915139 384
1739715319627 78.09669392108209 385
1739715319631 77.95529923340239 386
1739715319636 77.81420266727778 387
1739715319640 77.67340355542773 388
1739715319644 77.532901232122 389
1739715319649 77.392695033177 390
1739715319653 77.25278429595205 391
1739715319658 77.11316835934572 392
1739715319663 76.97384656379215 393
1739715319667 76.8348182512574 394
1739715319671 76.69608276523584 395
1739715319676 76.55763945074645 396
1739715319680 76.41948765432923 397
1739715319684 76.28162672404152 398
1739715319688 76.14405600945447 399
1739715319692 76.00677486164939 400
1739715319697 75.86978263321409 401
1739715319701 75.73307867823941 402
1739715319705 75.59666235231562 403
1739715319709 75.46053301252876 404
1739715319713 75.32469001745713 405
1739715319718 75.18913272716783 406
1739715319722 75.05386050321296 407
1739715319726 74.91887270862642 408
1739715319731 74.78416870792016 409
1739715319735 74.64974786708069 410
1739715319740 74.5156095535656 411
1739715319746 74.38175313630009 412
1739715319750 74.24817798567346 413
1739715319754 74.11488347353553 414
1739715319758 73.9818689731933 415
1739715319763 73.84913385940746 416
1739715319767 73.71667750838881 417
1739715319771 73.58449929779498 418
1739715319776 73.45259860672685 419
1739715319780 73.3209748157252 420
1739715319784 73.18962730676724 421
1739715319788 73.05855546326326 422
1739715319793 72.92775867005311 423
1739715319797 72.79723631340288 424
1739715319801 72.6669877810015 425
1739715319805 72.53701246195735 426
1739715319809 72.4073097467949 427
1739715319814 72.2778790274512 428
1739715319818 72.14871969727285 429
1739715319823 72.01983115101228 430
1739715319827 71.89121278482463 431
1739715319831 71.7628639962644 432
1739715319835 71.63478418428197 433
1739715319840 71.50697274922045 434
1739715319845 71.37942909281239 435
1739715319849 71.25215261817625 436
1739715319853 71.12514272981335 437
1739715319858 70.99839883360448 438
1739715319862 70.87192033680661 439
1739715319866 70.74570664804962 440
1739715319871 70.61975717733313 441
1739715319875 70.49407133602308 442
1739715319880 70.36864853684868 443
1739715319884 70.24348819389895 444
1739715319889 70.11858972261972 445
1739715319894 69.99395253981025 446
1739715319898 69.86957606362002 447
1739715319902 69.74545971354563 448
1739715319906 69.62160291042747 449
1739715319910 69.49800507644665 450
1739715319915 69.37466563512173 451
1739715319919 69.25158401130554 452
1739715319923 69.12875963118212 453
1739715319927 69.00619192226341 454
1739715319931 68.8838803133862 455
1739715319936 68.76182423470897 456
1739715319940 68.64002311770871 457
1739715319944 68.5184763951778 458
1739715319949 68.39718350122097 459
1739715319953 68.27614387125203 460
1739715319957 68.15535694199092 461
1739715319962 68.03482215146053 462
1739715319966 67.91453893898358 463
1739715319970 67.79450674517963 464
1739715319974 67.67472501196191 465
1739715319978 67.55519318253428 466
1739715319983 67.4359107013882 467
1739715319987 67.31687701429965 468
1739715319991 67.19809156832603 469
1739715319995 67.07955381180327 470
1739715319999 66.96126319434262 471
1739715320004 66.84321916682771 472
1739715320008 66.72542118141156 473
1739715320012 66.6078686915135 474
1739715320016 66.49056115181624 475
1739715320020 66.3734980182628 476
1739715320025 66.25667874805356 477
1739715320029 66.14010279964327 478
1739715320033 66.02376963273812 479
1739715320037 65.90767870829272 480
1739715320042 65.79182948850708 481
1739715320046 65.67622143682382 482
1739715320050 65.5608540179251 483
1739715320055 65.44572669772973 484
1739715320060 65.33083894339015 485
1739715320065 65.2161902232897 486
1739715320069 65.1017800070395 487
1739715320073 64.98760776547563 488
1739715320078 64.87367297065624 489
1739715320082 64.75997509585862 490
1739715320086 64.64651361557635 491
1739715320090 64.53328800551633 492
1739715320094 64.42029774259603 493
1739715320098 64.30754230494051 494
1739715320103 64.19502117187969 495
1739715320107 64.08273382394526 496
1739715320112 63.970679742868136 497
1739715320116 63.85885841157538 498
1739715320121 63.74726931418751 499
