1739715968500 167.25786394041197 0
1739715968506 157.63195008348114 1
1739715968512 160.59872585988543 2
1739715968517 164.03675625167875 3
1739715968522 158.89554457893024 4
1739715968528 154.9075888538292 5
1739715968533 149.8097945018163 6
1739715968538 148.71451492995536 7
1739715968542 144.94196388387863 8
1739715968547 149.66162518872423 9
1739715968552 148.19594341754043 10
1739715968556 144.6897615110532 11
1739715968560 135.41459623193708 12
1739715968565 139.21798330105182 13
1739715968569 136.31802464225305 14
1739715968574 130.33414640008922 15
1739715968578 132.40064287443224 16
1739715968583 130.72290649703322 17
1739715968587 128.72612670678313 18
1739715968591 127.8445268080036 19
1739715968596 123.11862107693771 20
1739715968600 120.85503007703926 21
1739715968605 116.69515918140296 22
1739715968609 120.83909340070804 23
1739715968613 114.66791717551521 24
1739715968618 115.24308159416236 25
1739715968623 112.76756765142167 26
1739715968629 113.63496225252887 27
1739715968634 112.3331133517167 28
1739715968638 108.43972875908857 29
1739715968643 107.73209016831751 30
1739715968648 105.19326325636585 31
1739715968652 101.0012603917664 32
1739715968657 102.7405490213461 33
1739715968661 103.75831754244585 34
1739715968665 99.78235953052672 35
1739715968670 93.93582701799741 36
1739715968674 97.40934131642584 37
1739715968678 93.28920988727563 38
1739715968683 93.63632849364537 39
1739715968687 92.22012075148439 40
1739715968692 89.64482151690099 41
1739715968696 89.1146201368235 42
1739715968702 88.63975474414156 43
1739715968707 82.00548650752361 44
1739715968712 86.65068222026338 45
1739715968716 82.54925919626344 46
1739715968721 82.40920809390262 47
1739715968725 82.39471160160181 48
1739715968730 81.36325670342445 49
1739715968735 79.70107796197108 50
1739715968739 76.58337394036671 51
1739715968744 76.08982225093689 52
1739715968749 77.04820548699523 53
1739715968753 74.02097501092022 54
1739715968758 72.56970742717917 55
1739715968763 72.04618392837592 56
1739715968768 73.44998114929912 57
1739715968772 70.88804196163176 58
1739715968777 69.05850521836842 59
1739715968782 70.57322778293447 60
1739715968786 67.41396074902165 61
1739715968791 66.48487522491 62
1739715968796 64.10765036233902 63
1739715968800 65.95963709998323 64
1739715968805 63.7075742476864 65
1739715968810 63.66818320046086 66
1739715968815 61.23209259645714 67
1739715968820 62.44762040078621 68
1739715968824 60.2901708093134 69
1739715968830 59.772262414373394 70
1739715968835 58.68633586509063 71
1739715968840 57.50390602621445 72
1739715968846 56.39466358660469 73
1739715968851 55.271409904460874 74
1739715968856 53.685385953804804 75
1739715968861 54.68511977355651 76
1739715968867 51.73963928108096 77
1739715968872 52.811448538654524 78
1739715968877 50.388514448359835 79
1739715968882 50.69684323303202 80
1739715968888 51.21514814832437 81
1739715968894 48.4241436575784 82
1739715968899 48.459155155431084 83
1739715968905 48.71031451184604 84
1739715968910 47.76422126580455 85
1739715968915 45.02723550499039 86
1739715968920 46.24157094974064 87
1739715968926 44.658965264091094 88
1739715968931 43.852085029815605 89
1739715968936 43.85253003569844 90
1739715968941 43.10125031982279 91
1739715968946 41.86086576332837 92
1739715968952 42.33670066107136 93
1739715968957 41.11205334184422 94
1739715968962 40.92016153138186 95
1739715968967 41.225447608817774 96
1739715968972 39.47302568980091 97
1739715968977 38.891099931934555 98
1739715968983 38.81555902686472 99
1739715968988 37.793574575896976 100
1739715968992 36.8445151065605 101
1739715968997 36.991314851790236 102
1739715969002 36.823721734142204 103
1739715969007 36.31380868104344 104
1739715969012 34.615951055504965 105
1739715969018 35.579861023382946 106
1739715969024 35.14318707721463 107
1739715969029 34.609746258376916 108
1739715969034 33.64090973960506 109
1739715969042 32.50763262528876 110
1739715969048 33.299772003850855 111
1739715969054 30.908403077818445 112
1739715969060 32.03269046448829 113
1739715969068 31.361415345555677 114
1739715969075 30.26774148418459 115
1739715969081 29.66293484952362 116
1739715969086 30.109840457125 117
1739715969092 28.413161059745608 118
1739715969098 28.982493128885018 119
1739715969103 27.543960104167557 120
1739715969109 28.340941651088116 121
1739715969114 27.591958781277373 122
1739715969120 26.838367161463328 123
1739715969125 28.01906114668759 124
1739715969130 26.41524141898878 125
1739715969135 26.021069613454312 126
1739715969141 25.09434473961421 127
1739715969146 25.51696594633859 128
1739715969151 24.819592809134658 129
1739715969156 24.20284218925212 130
1739715969161 24.513095747838655 131
1739715969167 24.33387586920544 132
1739715969171 22.28231840422965 133
1739715969176 22.849779263525015 134
1739715969182 23.670190368553943 135
1739715969187 21.926159232282654 136
1739715969192 22.536460237454374 137
1739715969197 21.450089032015672 138
1739715969201 20.900570191540563 139
1739715969207 19.70537483239015 140
1739715969212 20.533212597806386 141
1739715969216 20.732852236760674 142
1739715969220 20.663891392221444 143
1739715969225 19.946424788660966 144
1739715969230 19.411832917287736 145
1739715969234 18.88007149132644 146
1739715969239 18.94813483021496 147
1739715969243 19.257805614926493 148
1739715969248 18.784283721763877 149
1739715969253 17.741334275672788 150
1739715969257 18.027306499597852 151
1739715969262 18.303034451213247 152
1739715969266 17.52320520456918 153
1739715969271 16.68516475950745 154
1739715969275 17.518588161070028 155
1739715969280 16.358905182634587 156
1739715969285 16.726078516794843 157
1739715969290 16.413994184267267 158
1739715969294 15.472610944344567 159
1739715969299 15.800410116095263 160
1739715969304 15.235578280565415 161
1739715969308 15.633088688868137 162
1739715969313 15.549918725966776 163
1739715969317 14.102304150849198 164
1739715969322 15.03276845020686 165
1739715969327 14.208218564845748 166
1739715969332 14.806500972987394 167
1739715969337 13.759469246333776 168
1739715969341 13.699684464659146 169
1739715969346 13.50177614647181 170
1739715969351 13.159027234079424 171
1739715969355 12.75260532010977 172
1739715969360 12.622689129216909 173
1739715969364 12.236313527569893 174
1739715969369 12.560546358437438 175
1739715969373 12.968579406966176 176
1739715969378 12.925158236748151 177
1739715969383 11.777782435872641 178
1739715969387 11.504267286803126 179
1739715969392 12.794327784744503 180
1739715969397 11.732989979141598 181
1739715969402 11.691596506895463 182
1739715969406 11.551635139417002 183
1739715969411 11.074364934820071 184
1739715969416 10.940575587313628 185
1739715969421 10.634897910931349 186
1739715969426 10.71924807638407 187
1739715969431 10.834244980038303 188
1739715969435 10.189666403623526 189
1739715969440 10.055297082423358 190
1739715969445 10.175783574567749 191
1739715969449 9.877271882718182 192
1739715969454 9.792073911525003 193
1739715969458 9.911427523216776 194
1739715969462 9.836345351981624 195
1739715969467 9.77337283190197 196
1739715969471 9.152519807613972 197
1739715969476 9.221240702354722 198
1739715969481 9.061562666095842 199
1739715969485 8.83649996493117 200
1739715969490 8.274483489113349 201
1739715969494 8.523956939182884 202
1739715969498 8.565608619581315 203
1739715969503 8.597973968575408 204
1739715969508 8.284802936884828 205
1739715969513 7.960039937768642 206
1739715969517 8.418998718390785 207
1739715969522 7.6339708172654 208
1739715969527 7.788686194104909 209
1739715969531 7.765802925321057 210
1739715969536 7.86272206176005 211
1739715969541 7.344014339707643 212
1739715969545 7.937130268142175 213
1739715969550 7.566322395888388 214
1739715969554 7.127325004717869 215
1739715969559 7.516527236898617 216
1739715969564 7.0725948700144015 217
1739715969568 6.328486285779781 218
1739715969573 6.600900950011416 219
1739715969579 6.690324567980478 220
1739715969584 6.055921849026296 221
1739715969588 6.556866327928577 222
1739715969593 5.979485872920152 223
1739715969598 6.249732927030831 224
1739715969602 6.273463408970797 225
1739715969607 6.2948085423115625 226
1739715969611 6.162755107712045 227
1739715969616 5.911100776920095 228
1739715969621 6.074622273072463 229
1739715969625 5.42040966135712 230
1739715969630 5.578697030843462 231
1739715969635 5.733183850981953 232
1739715969639 5.573001121731039 233
1739715969644 5.479815059673002 234
1739715969648 4.820540177568149 235
1739715969653 4.8134748991351435 236
1739715969658 5.254289387104263 237
1739715969662 5.172953952857561 238
1739715969667 5.545877777600053 239
1739715969672 5.109410737728353 240
1739715969676 5.092168151459147 241
1739715969681 4.620870287850754 242
1739715969686 4.58594861257956 243
1739715969691 4.855410662809895 244
1739715969695 4.572186259949107 245
1739715969700 4.571377077084863 246
1739715969707 4.6836632877342605 247
1739715969713 4.565582466125725 248
1739715969718 4.460622520837975 249
1739715969723 4.483554244971184 250
1739715969728 4.6208320949058965 251
1739715969732 4.730081213867865 252
1739715969737 4.131116112613936 253
1739715969742 4.053532690260347 254
1739715969747 4.077992081567645 255
1739715969752 4.351778648853356 256
1739715969756 3.9822412491840913 257
1739715969760 4.203209861130347 258
1739715969765 4.454987317133445 259
1739715969769 4.03292607135842 260
1739715969773 3.7799691294139244 261
1739715969778 3.4690039080443555 262
1739715969783 3.968732189016584 263
1739715969788 3.5840867153351343 264
1739715969792 3.5878512873665898 265
1739715969797 3.305078931210641 266
1739715969802 3.4293696400624443 267
1739715969806 3.9056924076002146 268
1739715969811 3.0167668180662797 269
1739715969816 3.3892167165601546 270
1739715969820 3.393658442637199 271
1739715969825 3.3454561332417554 272
1739715969830 3.5623475099158837 273
1739715969834 2.991518347860711 274
1739715969839 2.734369048431074 275
1739715969843 3.1361674900672103 276
1739715969848 2.9087892115228646 277
1739715969853 2.802842139723681 278
1739715969857 2.823865409335378 279
1739715969862 2.608684040351567 280
1739715969867 3.4330849309658173 281
1739715969871 2.696939356470116 282
1739715969876 3.0799811552516885 283
1739715969880 2.5556954812845656 284
1739715969885 2.9131155102807464 285
1739715969890 2.610730298659849 286
1739715969895 2.795214726923798 287
1739715969899 2.6665650614280345 288
1739715969904 2.3556568792063772 289
1739715969909 2.620905844188575 290
1739715969914 2.5332326282435975 291
1739715969918 2.7308445988865953 292
1739715969923 2.5877415383396793 293
1739715969927 2.4203235517414505 294
1739715969932 2.1472725441376106 295
1739715969936 2.2579162230160086 296
1739715969941 2.465660728408057 297
1739715969946 2.3892003658352694 298
1739715969951 2.085170246436139 299
1739715969956 2.134119598981348 300
1739715969960 2.4964861800450846 301
1739715969965 2.0890235668536796 302
1739715969970 2.266296700988625 303
1739715969974 2.203675087887872 304
1739715969979 1.9360984711233897 305
1739715969984 2.251963702715469 306
1739715969988 2.1826736284684527 307
1739715969993 1.8519729561886416 308
1739715969997 1.8338014931567372 309
1739715970002 2.029755839982962 310
1739715970006 2.0095156853348195 311
1739715970011 2.316002042684315 312
1739715970015 1.8777585127339564 313
1739715970020 1.7683080994282054 314
1739715970030 1.7096700822621833 315
1739715970035 1.8575622185404088 316
1739715970039 1.6421641258123107 317
1739715970044 1.932328826552738 318
1739715970049 1.5983896447070225 319
1739715970053 1.7823742223466739 320
1739715970058 1.8289969620267785 321
1739715970062 1.595027068083684 322
1739715970067 1.5472143453972451 323
1739715970071 1.962252141017221 324
1739715970076 1.9606117958236027 325
1739715970081 1.4936530297987454 326
1739715970086 1.6554680803646475 327
1739715970092 1.4004157269028608 328
1739715970096 1.6245347624236384 329
1739715970101 1.497315095158872 330
1739715970106 1.5152078754052511 331
1739715970111 1.5925373187338285 332
1739715970115 1.5746162340598437 333
1739715970119 1.4071893388215544 334
1739715970124 1.4733613188188084 335
1739715970128 1.4660360518276736 336
1739715970133 1.5039833616709843 337
1739715970138 1.3023398765031744 338
1739715970142 1.3629710178871464 339
1739715970147 1.3446227127832606 340
1739715970151 1.1089011232406008 341
1739715970156 1.2879930645658317 342
1739715970160 1.5022288250550317 343
1739715970164 1.4312857856990635 344
1739715970169 1.2609337452159608 345
1739715970173 1.322902177201332 346
1739715970178 1.272239567144222 347
1739715970182 1.3184176704605013 348
1739715970187 1.261896795911904 349
1739715970192 1.1049604935942818 350
1739715970196 0.916508671175663 351
1739715970201 1.1388089700075914 352
1739715970207 1.2353503275625246 353
1739715970248 1.1179551450401701 354
1739715970259 1.1538727563965931 355
1739715970264 1.133181786739125 356
1739715970270 1.0572126886834032 357
1739715970275 0.9404232951070489 358
1739715970280 1.0991296732957847 359
1739715970284 1.27511174268953 360
1739715970289 0.9946929782873333 361
1739715970293 1.0759653203259838 362
1739715970297 1.0920663700236535 363
1739715970302 1.068858291998857 364
1739715970307 0.9416756115717098 365
1739715970312 0.8630739118868572 366
1739715970317 1.0991646773015349 367
1739715970322 0.9185685365943692 368
1739715970328 1.055829988032231 369
1739715970332 0.8941962534259124 370
1739715970337 0.8775255752099045 371
1739715970342 1.0977660702316352 372
1739715970347 0.859811447556899 373
1739715970351 0.8577004329223754 374
1739715970356 0.9542824376757003 375
1739715970360 0.9305087258765741 376
1739715970365 0.7928384961670387 377
1739715970370 0.9093496317920485 378
1739715970374 0.7042062194230638 379
1739715970379 0.7508235289792241 380
1739715970384 0.8363295160731027 381
1739715970389 0.8212193903626313 382
1739715970393 0.7851728861823107 383
1739715970398 0.888992794692382 384
1739715970402 0.804601527551348 385
1739715970407 0.9071211681676491 386
1739715970414 0.8667669146516401 387
1739715970420 0.6977391514376478 388
1739715970425 0.6804468764199736 389
1739715970430 0.5438226015608187 390
1739715970435 0.9253494029637723 391
1739715970440 0.6803816941599957 392
1739715970445 0.8024179866902937 393
1739715970450 0.6954272231465396 394
1739715970455 0.7487569892086995 395
1739715970459 0.8567292828111172 396
1739715970464 0.6203245062403353 397
1739715970469 0.6981212117435512 398
1739715970474 0.6302460684241129 399
1739715970478 0.7375377444107718 400
1739715970483 0.6690949639405919 401
1739715970488 0.6247171637464498 402
1739715970492 0.7381113893091553 403
1739715970497 0.5861511698283042 404
1739715970501 0.6213123466463785 405
1739715970506 0.5350344646488193 406
1739715970510 0.6817290309437708 407
1739715970515 0.6634775358361239 408
1739715970519 0.6058759174661583 409
1739715970524 0.7338780423423394 410
1739715970528 0.6909099019068963 411
1739715970534 0.5895462897964461 412
1739715970538 0.6144407716943762 413
1739715970543 0.5643910411662137 414
1739715970548 0.6363791373741041 415
1739715970553 0.6917232003381848 416
1739715970558 0.5585039562217694 417
1739715970562 0.46524650417055957 418
1739715970567 0.5183091919191375 419
1739715970572 0.43664583171778326 420
1739715970577 0.3960896521438306 421
1739715970581 0.5137204868187224 422
1739715970586 0.5475429257062059 423
1739715970590 0.5567480262106134 424
1739715970595 0.46994179260088037 425
1739715970600 0.4706045796891712 426
1739715970604 0.45012368475473646 427
1739715970608 0.5641156697914688 428
1739715970613 0.5415834397452752 429
1739715970617 0.41466638732347566 430
1739715970622 0.428871564522403 431
1739715970626 0.5116251769785967 432
1739715970631 0.5350969004685002 433
1739715970636 0.417223903541466 434
1739715970641 0.3806908937096109 435
1739715970646 0.4897221169517795 436
1739715970651 0.42414925318012997 437
1739715970655 0.5235992903663668 438
1739715970660 0.45944585447864844 439
1739715970665 0.3916583784196699 440
1739715970670 0.4679623570715529 441
1739715970675 0.3966668948735755 442
1739715970679 0.5841816562273464 443
1739715970685 0.3578891843493994 444
1739715970690 0.39049819854788775 445
1739715970694 0.4200208466729164 446
1739715970699 0.43953044214631093 447
1739715970704 0.4050977255587683 448
1739715970709 0.5411408952967898 449
1739715970713 0.46370972277564393 450
1739715970718 0.5262702071076085 451
1739715970723 0.44853284935225274 452
1739715970727 0.42956682578105343 453
1739715970732 0.34822380596834496 454
1739715970737 0.3970720392049129 455
1739715970742 0.4280602301263063 456
1739715970746 0.5057276223614818 457
1739715970751 0.3308320599727512 458
1739715970755 0.4065849219985688 459
1739715970760 0.4225116332987682 460
1739715970765 0.4054676085844916 461
1739715970770 0.3653979405028137 462
1739715970775 0.3908789596138579 463
1739715970779 0.3623307875606342 464
1739715970784 0.3372687945545651 465
1739715970788 0.2905271541009094 466
1739715970792 0.3103959209853532 467
1739715970797 0.36722263411161576 468
1739715970802 0.38971707892607255 469
1739715970806 0.3691817056402091 470
1739715970811 0.30663158185898726 471
1739715970816 0.26336144584578264 472
1739715970821 0.2930869373121086 473
1739715970826 0.41222213046560574 474
1739715970831 0.31380887078512254 475
1739715970836 0.3974229480497085 476
1739715970841 0.39625610957907537 477
1739715970845 0.33678201192091656 478
1739715970850 0.322879240012545 479
1739715970854 0.29260709156699394 480
1739715970859 0.2562697632087558 481
1739715970864 0.30142498354666264 482
1739715970868 0.335131741242412 483
1739715970872 0.3486770640952546 484
1739715970877 0.5216391092036085 485
1739715970882 0.37366674998940747 486
1739715970886 0.4214120460958932 487
1739715970891 0.33019637496097065 488
1739715970895 0.2761709662026325 489
1739715970900 0.3040066171135138 490
1739715970905 0.2570786650567507 491
1739715970909 0.30678831852791366 492
1739715970914 0.2810062987391801 493
1739715970918 0.3082311967849058 494
1739715970923 0.27178511336105154 495
1739715970928 0.3493297231036981 496
1739715970933 0.27044814916040655 497
1739715970938 0.21095550926246026 498
1739715970942 0.24587314787744655 499
