1739718184473 6.1244195406363025 0
1739718184500 4.5846037219742275 1
1739718184527 5.123803209696839 2
1739718184553 5.5225920095396335 3
1739718184580 4.844067777948969 4
1739718184606 6.049696147306228 5
1739718184634 5.527986749678943 6
1739718184660 5.975926222958033 7
1739718184687 4.495414993278339 8
1739718184714 7.989193136184716 9
1739718184741 4.667313475095647 10
1739718184768 4.3091668683108 11
1739718184795 4.373862275980483 12
1739718184821 2.010955826500939 13
1739718184848 3.9069909349737046 14
1739718184875 3.2041563836017066 15
1739718184901 5.990181415206526 16
1739718184929 3.3459770435559553 17
1739718184965 2.8071615784480146 18
1739718185000 3.7220999902794256 19
1739718185028 6.123067519958851 20
1739718185055 4.534722129384931 21
1739718185082 4.825571651459905 22
1739718185109 5.609563771211756 23
1739718185136 5.501135753232667 24
1739718185162 4.499069663245514 25
1739718185189 6.0200376414957315 26
1739718185215 2.939307935829099 27
1739718185242 5.66470731491506 28
1739718185269 5.356651567583448 29
1739718185295 5.049208517732936 30
1739718185322 4.244844869620553 31
1739718185349 6.663759609416006 32
1739718185376 6.1706840517929225 33
1739718185402 4.362517639018264 34
1739718185429 6.562218079218863 35
1739718185455 7.387337417100108 36
1739718185481 5.900580054713869 37
1739718185508 3.9773587225920246 38
1739718185536 5.413499025838914 39
1739718185563 4.521040476513489 40
1739718185590 5.107321605533876 41
1739718185616 1.6968450444963057 42
1739718185643 4.710450067177564 43
1739718185673 5.264280057475953 44
1739718185701 4.588841972317819 45
1739718185727 11.782217206405104 46
1739718185754 3.5356431687610006 47
1739718185782 5.09317192762125 48
1739718185810 2.1244773987558556 49
1739718185837 4.486153026616516 50
1739718185865 4.7299154494442845 51
1739718185892 3.722597848894913 52
1739718185920 5.410730212021503 53
1739718185947 8.035040886942083 54
1739718185975 6.913679514445854 55
1739718186003 4.962778159309668 56
1739718186032 3.9465570180295373 57
1739718186060 4.444336701612232 58
1739718186088 4.498118880213524 59
1739718186115 5.99827767127358 60
1739718186143 4.802362174964197 61
1739718186171 5.666983235043291 62
1739718186198 4.52797338225483 63
1739718186226 5.723846062327967 64
1739718186254 3.962934490301188 65
1739718186282 4.264052918178605 66
1739718186310 5.6444733399760265 67
1739718186337 4.7784632040321835 68
1739718186365 2.3231872992091405 69
1739718186393 3.280871400212685 70
1739718186421 6.4227627383497365 71
1739718186449 4.309611705164308 72
1739718186476 4.457692659169739 73
1739718186504 6.010514337149085 74
1739718186532 3.1404030362492015 75
1739718186559 6.508051526854304 76
1739718186587 5.866411233318679 77
1739718186614 2.8100327276532284 78
1739718186642 4.894856272723653 79
1739718186669 4.496571458651316 80
1739718186697 2.2957615128191846 81
1739718186724 4.143563155580159 82
1739718186752 6.969206179673595 83
1739718186779 4.3257919120094215 84
1739718186806 4.139372913265472 85
1739718186833 5.880999487974321 86
1739718186860 4.869332573808303 87
1739718186886 4.358621899852766 88
1739718186913 5.379644131940811 89
1739718186939 6.112399002631513 90
1739718186966 4.144576247629186 91
1739718186992 2.2104552829570285 92
1739718187019 3.4607363853101782 93
1739718187046 4.386010533682664 94
1739718187075 5.582788205382519 95
1739718187102 3.481210296900576 96
1739718187129 0.8286475271837231 97
1739718187156 4.588540400811725 98
1739718187182 4.110145956601687 99
1739718187209 4.254640533262115 100
1739718187236 4.849144150299644 101
1739718187264 5.060327285373211 102
1739718187292 6.72653028904604 103
1739718187319 3.8636400624601497 104
1739718187346 5.753143740843104 105
1739718187372 4.8705766101810095 106
1739718187399 4.856142400846314 107
1739718187426 6.990914545841367 108
1739718187454 5.571572192660023 109
1739718187484 3.6528495572477944 110
1739718187513 6.34721651857645 111
1739718187541 6.814233323568563 112
1739718187570 6.452525964109445 113
1739718187598 4.328878842600327 114
1739718187626 3.097214086645245 115
1739718187654 5.105133943944561 116
1739718187682 2.841887257103127 117
1739718187710 3.465928217875486 118
1739718187738 5.903642288826195 119
1739718187766 5.028445208063697 120
1739718187793 0.8673170523787317 121
1739718187822 3.046378786452856 122
1739718187850 6.50012576242221 123
1739718187877 7.526635203475748 124
1739718187904 3.9927213079628188 125
1739718187931 6.3606427978944176 126
1739718187958 3.564949173984036 127
1739718187985 7.323828186002129 128
1739718188011 4.381777710790693 129
1739718188037 2.3042171050571345 130
1739718188064 3.555964685881124 131
1739718188091 3.835792177441139 132
1739718188117 4.459400902350365 133
1739718188144 5.506999918621993 134
1739718188171 7.02175833600288 135
1739718188197 3.737683235774896 136
1739718188224 2.038325932838627 137
1739718188251 4.692373380089202 138
1739718188279 5.346102792055948 139
1739718188307 5.812262103926463 140
1739718188335 5.472208074781385 141
1739718188362 2.5499247022984033 142
1739718188390 4.733175253945341 143
1739718188417 4.210485648679616 144
1739718188444 3.4300579219192047 145
1739718188472 4.185154827643155 146
1739718188498 1.4366592197169248 147
1739718188525 1.5585666820589266 148
1739718188551 3.57503339661515 149
1739718188578 4.529290141157024 150
1739718188605 2.877170700046987 151
1739718188634 5.208848172896128 152
1739718188663 9.27237715034039 153
1739718188692 6.232624419382808 154
1739718188720 3.740206034098026 155
1739718188748 4.760821395180432 156
1739718188776 5.422041828946981 157
1739718188805 1.86180421803197 158
1739718188834 4.6512638961241 159
1739718188862 5.502695264759441 160
1739718188890 4.681597305281473 161
1739718188917 3.7230572749623594 162
1739718188946 2.7952532617078023 163
1739718188974 5.437474724559391 164
1739718189001 2.7610683248171246 165
1739718189028 5.513324229073002 166
1739718189056 6.328365649261598 167
1739718189083 3.2147665176025138 168
1739718189109 7.8229012554156405 169
1739718189135 3.855294327251706 170
1739718189162 4.540251283673329 171
1739718189193 4.953146250151745 172
1739718189221 1.7508849853858974 173
1739718189249 6.023168513356267 174
1739718189277 5.0313023616345385 175
1739718189305 4.4062994455538655 176
1739718189333 5.54803178324038 177
1739718189361 4.886192401120869 178
1739718189390 4.381621095796328 179
1739718189418 5.728694346965358 180
1739718189446 4.181539227608973 181
1739718189476 7.067970911139672 182
1739718189503 4.622374986838449 183
1739718189531 4.847094462758418 184
1739718189557 4.108990784006327 185
1739718189584 2.6978345725942825 186
1739718189611 4.67020823814903 187
1739718189638 6.108580701763622 188
1739718189665 4.67538860113574 189
1739718189692 5.582536084418335 190
1739718189718 3.317561609446409 191
1739718189748 6.641792811664257 192
1739718189776 4.667717982118143 193
1739718189804 5.847222491574015 194
1739718189831 3.1244077542837276 195
1739718189858 4.964414095519885 196
1739718189885 2.6666128445892956 197
1739718189911 5.137516993939235 198
1739718189938 3.9156873635113403 199
1739718189966 4.127218010473494 200
1739718189994 3.446703776669198 201
1739718190035 4.0460359867897004 202
1739718190073 4.707219283853165 203
1739718190102 2.178653437310266 204
1739718190130 5.157963819466654 205
1739718190158 6.936282706923645 206
1739718190186 3.5009483407623425 207
1739718190214 4.5860692424531075 208
1739718190241 4.778517708306754 209
1739718190268 4.08559729910372 210
1739718190295 4.425775013484943 211
1739718190323 4.285368941533435 212
1739718190351 5.864482518129992 213
1739718190378 5.853295282988485 214
1739718190406 4.858145497861457 215
1739718190434 4.77590784139236 216
1739718190461 3.7625067733341035 217
1739718190488 5.354027839375204 218
1739718190516 4.867631070317684 219
1739718190543 6.888405664104916 220
1739718190570 4.758022587769624 221
1739718190597 3.5156345956144226 222
1739718190623 1.9347513132842797 223
1739718190650 6.494723385694003 224
1739718190677 4.178909663518249 225
1739718190704 5.945943172178193 226
1739718190731 5.0342179060551375 227
1739718190757 5.783076489926521 228
1739718190783 5.306625811343889 229
1739718190810 6.813553015798387 230
1739718190836 4.682467035708992 231
1739718190863 4.662972289470452 232
1739718190890 5.148226943787481 233
1739718190916 1.9861343845575756 234
1739718190943 3.969265475122518 235
1739718190969 3.465977052585941 236
1739718190996 5.101839479561075 237
1739718191022 3.3686200201947636 238
1739718191049 6.719660329299247 239
1739718191075 3.4293938926087537 240
1739718191102 4.457487246219636 241
1739718191129 5.009828644899902 242
1739718191155 4.837599984559772 243
1739718191182 5.592437884495087 244
1739718191208 3.1589998321716846 245
1739718191235 6.5608852479931095 246
1739718191261 5.415244287557526 247
1739718191288 4.819675234974434 248
1739718191316 3.1240379214614427 249
1739718191343 2.0880188020879817 250
1739718191371 3.290943016140323 251
1739718191399 1.667863788715819 252
1739718191426 4.897830105168861 253
1739718191454 3.402100747327748 254
1739718191483 5.271585490167394 255
1739718191511 5.252945745980748 256
1739718191538 4.777476607160541 257
1739718191565 6.277035455857875 258
1739718191592 3.3591902983348394 259
1739718191620 4.416466287430327 260
1739718191647 3.4028797542809115 261
1739718191674 4.7925155206223025 262
1739718191701 3.4608616203724636 263
1739718191727 4.310263007878832 264
1739718191754 5.586367495831558 265
1739718191782 3.6989661977934882 266
1739718191812 6.850805983776764 267
1739718191841 4.964949850920186 268
1739718191868 4.872751002539191 269
1739718191896 3.407495232388689 270
1739718191923 4.4150054108880346 271
1739718191950 5.107567558533219 272
1739718191976 5.513526763309786 273
1739718192003 5.1011122553117465 274
1739718192030 4.720169476005985 275
1739718192057 3.8319258699758287 276
1739718192083 7.007861724048225 277
1739718192110 3.8473217768374184 278
1739718192137 5.71275440328765 279
1739718192164 5.789443283982255 280
1739718192192 4.145271771487175 281
1739718192221 4.534730200939062 282
1739718192250 6.458044505892419 283
1739718192279 5.743108410116698 284
1739718192308 5.845659133611268 285
1739718192336 4.005588311315981 286
1739718192364 5.9080539240093835 287
1739718192392 4.620026294313369 288
1739718192420 4.625205129105662 289
1739718192447 6.039785087100793 290
1739718192474 4.872496417035056 291
1739718192501 4.770695750023586 292
1739718192528 5.12531316767754 293
1739718192555 6.114070787914642 294
1739718192582 3.587906940033931 295
1739718192610 4.1407723163717565 296
1739718192639 5.983507584075751 297
1739718192668 5.060498848492938 298
1739718192699 8.129418078073272 299
1739718192727 2.2803439868737208 300
1739718192756 2.922449249854467 301
1739718192784 4.535832990021963 302
1739718192812 5.774013137064665 303
1739718192841 5.73258246658075 304
1739718192868 5.510967074235189 305
1739718192897 4.991078300648392 306
1739718192924 7.033567927937439 307
1739718192953 5.3712445170197896 308
1739718192981 5.8819204538084495 309
1739718193008 7.046912160586385 310
1739718193036 3.812495993038711 311
1739718193063 6.456837896656466 312
1739718193090 2.43682915865742 313
1739718193116 2.883174028319522 314
1739718193143 4.490116452285 315
1739718193169 6.1625781717243 316
1739718193196 5.940349265478841 317
1739718193223 6.227278519932623 318
1739718193249 3.6357765143683585 319
1739718193276 4.512005772981741 320
1739718193302 4.945346100358027 321
1739718193330 1.7390265203494941 322
1739718193357 6.1632868062944715 323
1739718193384 5.938222124371457 324
1739718193412 4.866947766137824 325
1739718193441 4.523332989795309 326
1739718193479 5.4084390834302 327
1739718193508 5.6520971101737505 328
1739718193538 5.7227947999594155 329
1739718193568 4.776734203741829 330
1739718193597 2.3924133934968643 331
1739718193628 4.1724262058283825 332
1739718193655 5.450238261246956 333
1739718193682 4.688873993525281 334
1739718193710 0.1880379429936885 335
1739718193738 5.68603963706029 336
1739718193765 1.7749392072431094 337
1739718193792 6.018573150626421 338
1739718193820 4.584857262725965 339
1739718193847 4.549092971682879 340
1739718193873 6.659195218629709 341
1739718193900 4.369643109021875 342
1739718193927 5.379209552838483 343
1739718193954 7.435480895209907 344
1739718193980 6.9166031000159816 345
1739718194007 5.301316460904106 346
1739718194033 4.90901505261113 347
1739718194059 3.9562915482656535 348
1739718194085 3.9201565793887903 349
1739718194112 6.8421931137524155 350
1739718194138 4.724852615143363 351
1739718194165 5.776980556414132 352
1739718194191 2.473724368086546 353
1739718194218 4.3579523506319555 354
1739718194244 6.632111551298583 355
1739718194271 6.327580205519954 356
1739718194298 3.763817978641166 357
1739718194325 6.023070841640332 358
1739718194351 2.355644584879183 359
1739718194377 4.861953803262054 360
1739718194404 4.190607231588707 361
1739718194430 7.23770424403151 362
1739718194457 4.561235183994097 363
1739718194484 1.6158045226306537 364
1739718194510 2.1166994124060676 365
1739718194537 3.778657306670748 366
1739718194564 5.66323818614166 367
1739718194590 5.6051755935475684 368
1739718194617 5.393299220453488 369
1739718194644 4.046269600078731 370
1739718194671 4.954407897537998 371
1739718194698 7.000747123072188 372
1739718194725 3.8673064497464886 373
1739718194752 4.806682384313643 374
1739718194779 4.3878059895061385 375
1739718194806 6.1339077341735315 376
1739718194833 3.9876075308653984 377
1739718194859 6.971398633828855 378
1739718194885 8.340745802775984 379
1739718194911 4.869923160861075 380
1739718194939 5.470724663865681 381
1739718194966 4.75793242158072 382
1739718194993 7.038207336924605 383
1739718195021 2.2483696537698377 384
1739718195049 3.9866820376313616 385
1739718195076 5.494465697283603 386
1739718195103 4.7963081424104566 387
1739718195130 4.312551492712953 388
1739718195156 5.049393843255463 389
1739718195183 5.155672631291811 390
1739718195211 5.0705955003958545 391
1739718195238 2.3451983187547114 392
1739718195264 6.045836739000909 393
1739718195292 6.781939850929764 394
1739718195320 5.3725188848668335 395
1739718195347 5.405264415058543 396
1739718195374 5.535175468912084 397
1739718195400 2.5493651856754536 398
1739718195427 3.0165393484205496 399
1739718195454 5.8800634832916225 400
1739718195481 6.256697631541706 401
1739718195508 5.155252007990576 402
1739718195535 3.4199146310257085 403
1739718195563 2.4700810914573865 404
1739718195589 4.174438664026607 405
1739718195616 3.2983976009314366 406
1739718195643 3.236441883512006 407
1739718195670 4.824517402927412 408
1739718195697 4.244843636802259 409
1739718195724 5.69895783488215 410
1739718195751 5.357462236111617 411
1739718195778 4.911735702847984 412
1739718195804 4.585244217297991 413
1739718195831 5.196702126524383 414
1739718195858 4.630757292147424 415
1739718195885 5.659415541766738 416
1739718195911 5.652242800111578 417
1739718195938 3.8473508517646073 418
1739718195964 5.912329296504733 419
1739718195990 3.272879173906843 420
1739718196017 5.07451098705804 421
1739718196044 4.889245275372751 422
1739718196070 5.792386705960585 423
1739718196097 5.680915894050413 424
1739718196123 5.188897163150836 425
1739718196150 4.857436322281408 426
1739718196176 1.3785439443191743 427
1739718196203 4.794154349584757 428
1739718196230 3.5677962793060987 429
1739718196257 6.231753776570375 430
1739718196284 6.480915459912263 431
1739718196311 5.629869093109156 432
1739718196338 6.869799516780676 433
1739718196364 1.1311386821586868 434
1739718196390 5.75570478924816 435
1739718196416 6.804844299458074 436
1739718196443 2.6638792768974255 437
1739718196469 6.249729462034949 438
1739718196496 5.970130924231465 439
1739718196522 7.097811758925359 440
1739718196549 5.510873074704703 441
1739718196576 5.12622171131155 442
1739718196602 4.478885851775897 443
1739718196629 6.2438607548837775 444
1739718196656 3.0096571891141095 445
1739718196682 2.793559314519595 446
1739718196709 6.597594690720205 447
1739718196735 5.46419062483533 448
1739718196762 4.1020267373873045 449
1739718196788 6.744266372812342 450
1739718196815 2.4568252003501407 451
1739718196842 3.9942567912841667 452
1739718196868 4.3329716100901665 453
1739718196894 4.859401994505215 454
1739718196921 3.609239996875684 455
1739718196948 5.23693828151468 456
1739718196974 4.373876431303902 457
1739718197000 4.262123783666214 458
1739718197027 5.779341180046348 459
1739718197054 3.9094230898577296 460
1739718197083 6.4651923248651375 461
1739718197112 5.656341631476266 462
1739718197140 4.705454793846793 463
1739718197168 5.608068846525458 464
1739718197195 3.540205756896578 465
1739718197222 5.302351286622065 466
1739718197249 2.2614084812810957 467
1739718197275 4.6317689662707 468
1739718197302 3.713643531032875 469
1739718197328 5.082154231726265 470
1739718197355 6.623465687988476 471
1739718197381 5.076278962749586 472
1739718197408 5.199186635417943 473
1739718197434 4.854345736756177 474
1739718197460 4.575092371701429 475
1739718197487 4.218143780296655 476
1739718197513 1.5556615712205915 477
1739718197540 5.119855364618514 478
1739718197567 5.474865995790383 479
1739718197594 4.557435736539117 480
1739718197620 5.832449386533821 481
1739718197648 3.579074242633332 482
1739718197675 5.742663547155341 483
1739718197703 4.7373141336807905 484
1739718197730 4.055373015719637 485
1739718197757 5.676511253002463 486
1739718197784 6.239584935406357 487
1739718197811 4.271380659777992 488
1739718197837 4.29397094004147 489
1739718197864 5.052047801712321 490
1739718197891 4.888719533763084 491
1739718197917 2.7669708039882 492
1739718197944 4.607862973706829 493
1739718197971 4.46229726436442 494
1739718197997 4.157694719899119 495
1739718198024 4.366257501161407 496
1739718198050 4.211941628446661 497
1739718198077 3.8661805778604634 498
1739718198103 6.714684649307855 499
