1739714727215 169.5236607181885 0
1739714727220 169.4898094983821 1
1739714727225 169.45596513747432 2
1739714727229 169.4221276340405 3
1739714727234 169.38829698665623 4
1739714727239 169.3544731938974 5
1739714727243 169.32065625434024 6
1739714727247 169.2868461665614 7
1739714727251 169.25304292913756 8
1739714727255 169.21924654064597 9
1739714727259 169.1854569996641 10
1739714727263 169.15167430476978 11
1739714727268 169.11789845454098 12
1739714727272 169.0841294475562 13
1739714727276 169.05036728239418 14
1739714727280 169.01661195763387 15
1739714727284 168.98286347185464 16
1739714727288 168.94912182363615 17
1739714727292 168.9153870115584 18
1739714727296 168.88165903420156 19
1739714727300 168.84793789014628 20
1739714727304 168.81422357797348 21
1739714727308 168.78051609626428 22
1739714727312 168.74681544360027 23
1739714727317 168.7131216185632 24
1739714727321 168.67943461973525 25
1739714727325 168.64575444569888 26
1739714727329 168.61208109503679 27
1739714727333 168.57841456633207 28
1739714727337 168.54475485816812 29
1739714727341 168.51110196912856 30
1739714727345 168.47745589779743 31
1739714727349 168.443816642759 32
1739714727354 168.41018420259792 33
1739714727358 168.37655857589908 34
1739714727362 168.34293976124772 35
1739714727366 168.30932775722937 36
1739714727370 168.2757225624299 37
1739714727374 168.24212417543544 38
1739714727378 168.2085325948325 39
1739714727382 168.17494781920777 40
1739714727386 168.14136984714838 41
1739714727390 168.10779867724176 42
1739714727394 168.0742343080756 43
1739714727401 168.0406767382379 44
1739714727405 168.00712596631698 45
1739714727410 167.9735819909014 46
1739714727415 167.94004481058022 47
1739714727419 167.90651442394255 48
1739714727423 167.8729908295781 49
1739714727428 167.83947402607657 50
1739714727432 167.80596401202826 51
1739714727436 167.7724607860236 52
1739714727441 167.73896434665332 53
1739714727445 167.70547469250857 54
1739714727449 167.6719918221808 55
1739714727453 167.63851573426163 56
1739714727457 167.6050464273431 57
1739714727461 167.57158390001754 58
1739714727465 167.53812815087758 59
1739714727469 167.50467917851617 60
1739714727473 167.4712369815266 61
1739714727478 167.43780155850231 62
1739714727482 167.40437290803726 63
1739714727486 167.37095102872559 64
1739714727490 167.33753591916178 65
1739714727494 167.3041275779406 66
1739714727498 167.27072600365713 67
1739714727502 167.23733119490677 68
1739714727507 167.20394315028526 69
1739714727511 167.17056186838863 70
1739714727515 167.1371873478131 71
1739714727519 167.10381958715533 72
1739714727523 167.0704585850123 73
1739714727527 167.0371043399812 74
1739714727531 167.00375685065958 75
1739714727536 166.97041611564532 76
1739714727539 166.93708213353653 77
1739714727543 166.90375490293172 78
1739714727547 166.87043442242964 79
1739714727551 166.83712069062935 80
1739714727555 166.80381370613023 81
1739714727559 166.77051346753194 82
1739714727563 166.73721997343455 83
1739714727567 166.70393322243828 84
1739714727571 166.67065321314377 85
1739714727575 166.63737994415195 86
1739714727579 166.604113414064 87
1739714727582 166.57085362148143 88
1739714727586 166.53760056500607 89
1739714727591 166.50435424324004 90
1739714727595 166.47111465478585 91
1739714727599 166.4378817982462 92
1739714727603 166.40465567222407 93
1739714727607 166.37143627532288 94
1739714727611 166.33822360614627 95
1739714727615 166.3050176632982 96
1739714727619 166.27181844538288 97
1739714727623 166.23862595100496 98
1739714727627 166.20544017876935 99
1739714727631 166.1722611272811 100
1739714727635 166.1390887951458 101
1739714727639 166.10592318096917 102
1739714727643 166.07276428335734 103
1739714727647 166.03961210091666 104
1739714727652 166.00646663225388 105
1739714727656 165.97332787597597 106
1739714727659 165.94019583069033 107
1739714727664 165.90707049500443 108
1739714727668 165.87395186752627 109
1739714727672 165.8408399468641 110
1739714727676 165.80773473162637 111
1739714727680 165.77463622042197 112
1739714727684 165.74154441185993 113
1739714727688 165.7084593045498 114
1739714727692 165.67538089710123 115
1739714727696 165.64230918812433 116
1739714727700 165.60924417622945 117
1739714727704 165.57618586002718 118
1739714727708 165.54313423812852 119
1739714727713 165.51008930914466 120
1739714727717 165.47705107168724 121
1739714727721 165.44401952436806 122
1739714727725 165.4109946657993 123
1739714727729 165.37797649459344 124
1739714727733 165.34496500936322 125
1739714727737 165.31196020872173 126
1739714727741 165.27896209128235 127
1739714727745 165.24597065565877 128
1739714727749 165.2129859004649 129
1739714727753 165.1800078243151 130
1739714727757 165.14703642582393 131
1739714727761 165.11407170360621 132
1739714727766 165.08111365627727 133
1739714727770 165.04816228245247 134
1739714727774 165.01521758074765 135
1739714727778 164.9822795497789 136
1739714727782 164.94934818816262 137
1739714727786 164.9164234945155 138
1739714727790 164.8835054674545 139
1739714727794 164.85059410559703 140
1739714727798 164.8176894075606 141
1739714727802 164.7847913719631 142
1739714727806 164.7518999974228 143
1739714727810 164.7190152825582 144
1739714727813 164.68613722598806 145
1739714727817 164.65326582633153 146
1739714727821 164.620401082208 147
1739714727825 164.5875429922372 148
1739714727829 164.55469155503908 149
1739714727833 164.5218467692341 150
1739714727837 164.4890086334427 151
1739714727841 164.45617714628582 152
1739714727845 164.4233523063848 153
1739714727849 164.39053411236102 154
1739714727853 164.35772256283644 155
1739714727857 164.32491765643303 156
1739714727861 164.2921193917733 157
1739714727865 164.25932776747993 158
1739714727869 164.22654278217593 159
1739714727873 164.19376443448465 160
1739714727877 164.1609927230297 161
1739714727881 164.12822764643496 162
1739714727885 164.09546920332465 163
1739714727890 164.06271739232335 164
1739714727894 164.02997221205587 165
1739714727899 163.99723366114725 166
1739714727903 163.96450173822296 167
1739714727907 163.93177644190874 168
1739714727911 163.89905777083055 169
1739714727915 163.86634572361476 170
1739714727920 163.83364029888796 171
1739714727924 163.80094149527707 172
1739714727928 163.76824931140925 173
1739714727932 163.7355637459121 174
1739714727937 163.7028847974134 175
1739714727941 163.6702124645412 176
1739714727945 163.637546745924 177
1739714727949 163.6048876401905 178
1739714727953 163.57223514596964 179
1739714727957 163.5395892618908 180
1739714727961 163.50694998658344 181
1739714727965 163.4743173186777 182
1739714727969 163.44169125680355 183
1739714727972 163.40907179959166 184
1739714727977 163.37645894567277 185
1739714727981 163.34385269367795 186
1739714727985 163.31125304223863 187
1739714727990 163.27865998998647 188
1739714727994 163.24607353555348 189
1739714728002 163.21349367757193 190
1739714728007 163.18092041467446 191
1739714728011 163.14835374549392 192
1739714728015 163.1157936686635 193
1739714728020 163.08324018281664 194
1739714728024 163.0506932865872 195
1739714728029 163.01815297860918 196
1739714728033 162.98561925751704 197
1739714728037 162.95309212194533 198
1739714728041 162.92057157052912 199
1739714728045 162.88805760190363 200
1739714728048 162.85555021470446 201
1739714728052 162.82304940756742 202
1739714728056 162.7905551791287 203
1739714728060 162.75806752802475 204
1739714728064 162.72558645289232 205
1739714728069 162.6931119523684 206
1739714728074 162.66064402509048 207
1739714728078 162.62818266969606 208
1739714728082 162.59572788482313 209
1739714728086 162.56327966910993 210
1739714728090 162.530838021195 211
1739714728094 162.49840293971718 212
1739714728099 162.4659744233155 213
1739714728102 162.43355247062945 214
1739714728107 162.4011370802988 215
1739714728111 162.3687282509635 216
1739714728115 162.33632598126385 217
1739714728119 162.3039302698405 218
1739714728123 162.2715411153343 219
1739714728127 162.23915851638648 220
1739714728131 162.2067824716385 221
1739714728135 162.17441297973218 222
1739714728139 162.14205003930962 223
1739714728143 162.10969364901317 224
1739714728147 162.07734380748553 225
1739714728151 162.04500051336964 226
1739714728155 162.01266376530876 227
1739714728159 161.98033356194645 228
1739714728163 161.9480099019266 229
1739714728167 161.9156927838934 230
1739714728171 161.8833822064912 231
1739714728175 161.85107816836478 232
1739714728181 161.81878066815923 233
1739714728187 161.7864897045198 234
1739714728192 161.75420527609216 235
1739714728197 161.7219273815222 236
1739714728201 161.68965601945618 237
1739714728205 161.65739118854057 238
1739714728209 161.62513288742227 239
1739714728214 161.59288111474822 240
1739714728219 161.56063586916588 241
1739714728224 161.52839714932307 242
1739714728228 161.4961649538676 243
1739714728233 161.4639392814478 244
1739714728237 161.43172013071222 245
1739714728241 161.39950750030977 246
1739714728245 161.36730138888962 247
1739714728249 161.33510179510117 248
1739714728253 161.3029087175942 249
1739714728257 161.27072215501875 250
1739714728261 161.23854210602516 251
1739714728266 161.206368569264 252
1739714728271 161.17420154338626 253
1739714728276 161.14204102704312 254
1739714728281 161.10988701888613 255
1739714728285 161.077739517567 256
1739714728290 161.0455985217379 257
1739714728294 161.01346403005124 258
1739714728298 160.9813360411596 259
1739714728302 160.94921455371602 260
1739714728307 160.91709956637385 261
1739714728311 160.88499107778645 262
1739714728315 160.85288908660786 263
1739714728320 160.82079359149216 264
1739714728324 160.78870459109376 265
1739714728328 160.7566220840674 266
1739714728333 160.7245460690681 267
1739714728337 160.6924765447512 268
1739714728341 160.6604135097723 269
1739714728345 160.62835696278734 270
1739714728350 160.59630690245243 271
1739714728354 160.5642633274241 272
1739714728359 160.53222623635912 273
1739714728363 160.5001956279146 274
1739714728367 160.46817150074784 275
1739714728371 160.4361538535165 276
1739714728375 160.4041426848786 277
1739714728379 160.3721379934923 278
1739714728383 160.34013977801612 279
1739714728388 160.30814803710894 280
1739714728392 160.27616276942985 281
1739714728396 160.2441839736382 282
1739714728400 160.21221164839378 283
1739714728404 160.1802457923565 284
1739714728409 160.14828640418665 285
1739714728413 160.1163334825449 286
1739714728422 160.08438702609192 287
1739714728427 160.05244703348902 288
1739714728431 160.0205135033976 289
1739714728435 159.9885864344794 290
1739714728440 159.95666582539636 291
1739714728444 159.92475167481092 292
1739714728448 159.8928439813856 293
1739714728452 159.86094274378334 294
1739714728456 159.82904796066725 295
1739714728461 159.79715963070092 296
1739714728464 159.76527775254806 297
1739714728469 159.7334023248727 298
1739714728473 159.70153334633926 299
1739714728477 159.66967081561233 300
1739714728481 159.63781473135688 301
1739714728485 159.60596509223805 302
1739714728489 159.57412189692147 303
1739714728493 159.54228514407282 304
1739714728497 159.51045483235825 305
1739714728501 159.47863096044406 306
1739714728505 159.44681352699706 307
1739714728509 159.4150025306841 308
1739714728513 159.38319797017246 309
1739714728517 159.35139984412973 310
1739714728521 159.31960815122363 311
1739714728526 159.28782289012238 312
1739714728530 159.25604405949431 313
1739714728534 159.22427165800818 314
1739714728538 159.19250568433293 315
1739714728542 159.16074613713783 316
1739714728546 159.12899301509242 317
1739714728550 159.09724631686666 318
1739714728554 159.06550604113056 319
1739714728558 159.03377218655464 320
1739714728562 159.00204475180954 321
1739714728566 158.97032373556638 322
1739714728571 158.93860913649638 323
1739714728575 158.9069009532711 324
1739714728579 158.8751991845625 325
1739714728583 158.84350382904262 326
1739714728586 158.811814885384 327
1739714728591 158.7801323522594 328
1739714728595 158.74845622834178 329
1739714728599 158.71678651230448 330
1739714728603 158.6851232028211 331
1739714728607 158.65346629856552 332
1739714728611 158.62181579821197 333
1739714728615 158.59017170043484 334
1739714728619 158.55853400390893 335
1739714728623 158.5269027073093 336
1739714728627 158.4952778093112 337
1739714728631 158.46365930859034 338
1739714728635 158.43204720382258 339
1739714728639 158.40044149368413 340
1739714728644 158.36884217685147 341
1739714728647 158.3372492520013 342
1739714728651 158.3056627178108 343
1739714728655 158.2740825729572 344
1739714728659 158.24250881611823 345
1739714728663 158.21094144597166 346
1739714728667 158.17938046119588 347
1739714728672 158.14782586046925 348
1739714728676 158.11627764247058 349
1739714728680 158.08473580587892 350
1739714728684 158.05320034937367 351
1739714728688 158.0216712716344 352
1739714728692 157.99014857134108 353
1739714728696 157.9586322471739 354
1739714728700 157.9271222978134 355
1739714728704 157.89561872194028 356
1739714728708 157.86412151823572 357
1739714728713 157.83263068538096 358
1739714728717 157.80114622205772 359
1739714728721 157.7696681269479 360
1739714728725 157.7381963987337 361
1739714728729 157.7067310360977 362
1739714728733 157.67527203772258 363
1739714728737 157.64381940229146 364
1739714728741 157.61237312848775 365
1739714728745 157.58093321499496 366
1739714728749 157.54949966049716 367
1739714728753 157.5180724636785 368
1739714728757 157.48665162322342 369
1739714728761 157.45523713781688 370
1739714728765 157.4238290061438 371
1739714728769 157.39242722688954 372
1739714728774 157.36103179873984 373
1739714728778 157.32964272038052 374
1739714728782 157.29825999049788 375
1739714728786 157.2668836077783 376
1739714728790 157.23551357090872 377
1739714728794 157.20414987857615 378
1739714728798 157.17279252946787 379
1739714728802 157.1414415222716 380
1739714728806 157.11009685567518 381
1739714728810 157.0787585283669 382
1739714728815 157.04742653903523 383
1739714728819 157.01610088636892 384
1739714728823 156.984781569057 385
1739714728828 156.9534685857889 386
1739714728832 156.9221619352542 387
1739714728836 156.89086161614276 388
1739714728840 156.8595676271449 389
1739714728844 156.82827996695102 390
1739714728848 156.79699863425185 391
1739714728852 156.7657236277385 392
1739714728856 156.73445494610237 393
1739714728861 156.70319258803494 394
1739714728865 156.67193655222812 395
1739714728869 156.64068683737418 396
1739714728873 156.6094434421655 397
1739714728877 156.57820636529496 398
1739714728881 156.5469756054555 399
1739714728885 156.5157511613404 400
1739714728890 156.48453303164334 401
1739714728894 156.4533212150582 402
1739714728898 156.42211571027903 403
1739714728902 156.39091651600046 404
1739714728906 156.3597236309171 405
1739714728910 156.328537053724 406
1739714728915 156.29735678311656 407
1739714728919 156.2661828177902 408
1739714728923 156.2350151564408 409
1739714728927 156.20385379776465 410
1739714728931 156.17269874045803 411
1739714728935 156.14154998321777 412
1739714728939 156.11040752474082 413
1739714728943 156.0792713637244 414
1739714728947 156.04814149886616 415
1739714728951 156.01701792886388 416
1739714728956 155.98590065241572 417
1739714728960 155.95478966822012 418
1739714728964 155.92368497497569 419
1739714728968 155.89258657138149 420
1739714728972 155.86149445613665 421
1739714728976 155.8304086279408 422
1739714728980 155.7993290854938 423
1739714728984 155.7682558274957 424
1739714728988 155.7371888526468 425
1739714728992 155.70612815964788 426
1739714728996 155.6750737471998 427
1739714729000 155.64402561400388 428
1739714729010 155.61298375876154 429
1739714729014 155.5819481801746 430
1739714729018 155.55091887694516 431
1739714729022 155.51989584777556 432
1739714729026 155.48887909136837 433
1739714729031 155.4578686064266 434
1739714729034 155.42686439165337 435
1739714729039 155.39586644575218 436
1739714729043 155.3648747674268 437
1739714729047 155.33388935538127 438
1739714729051 155.3029102083199 439
1739714729055 155.27193732494726 440
1739714729059 155.24097070396832 441
1739714729063 155.21001034408812 442
1739714729068 155.17905624401217 443
1739714729072 155.14810840244618 444
1739714729076 155.1171668180962 445
1739714729079 155.08623148966842 446
1739714729083 155.05530241586945 447
1739714729087 155.02437959540615 448
1739714729091 154.99346302698564 449
1739714729095 154.96255270931528 450
1739714729099 154.9316486411028 451
1739714729104 154.9007508210561 452
1739714729107 154.86985924788354 453
1739714729112 154.83897392029354 454
1739714729116 154.80809483699494 455
1739714729120 154.7772219966968 456
1739714729124 154.74635539810848 457
1739714729128 154.71549503993967 458
1739714729132 154.68464092090025 459
1739714729136 154.65379303970042 460
1739714729140 154.62295139505068 461
1739714729144 154.5921159856618 462
1739714729148 154.56128681024475 463
1739714729151 154.53046386751092 464
1739714729155 154.49964715617187 465
1739714729160 154.46883667493952 466
1739714729164 154.43803242252596 467
1739714729168 154.40723439764366 468
1739714729172 154.37644259900532 469
1739714729176 154.3456570253239 470
1739714729180 154.31487767531274 471
1739714729184 154.28410454768536 472
1739714729188 154.25333764115553 473
1739714729192 154.22257695443747 474
1739714729196 154.1918224862454 475
1739714729199 154.16107423529417 476
1739714729203 154.1303322002986 477
1739714729207 154.09959637997386 478
1739714729212 154.0688667730356 479
1739714729216 154.0381433781995 480
1739714729220 154.00742619418165 481
1739714729224 153.97671521969832 482
1739714729228 153.94601045346616 483
1739714729232 153.91531189420203 484
1739714729236 153.88461954062316 485
1739714729240 153.85393339144693 486
1739714729244 153.82325344539112 487
1739714729248 153.79257970117362 488
1739714729252 153.7619121575128 489
1739714729257 153.73125081312713 490
1739714729260 153.70059566673552 491
1739714729264 153.66994671705703 492
1739714729268 153.63930396281108 493
1739714729272 153.6086674027173 494
1739714729276 153.5780370354956 495
1739714729281 153.54741285986628 496
1739714729285 153.5167948745497 497
1739714729291 153.48618307826678 498
1739714729295 153.45557746973847 499
