1739718010785 86.68854552343038 0
1739718010812 42.03425910600311 1
1739718010838 9.504836394691164 2
1739718010865 12.628697919734313 3
1739718010892 3.084447819202827 4
1739718010918 5.456936886049598 5
1739718010944 0.8963479891343015 6
1739718010972 1.0997055755383556 7
1739718010999 0.4745941926858042 8
1739718011025 0.7430526484805784 9
1739718011051 0.04547907799554737 10
1739718011078 0.012574901292985599 11
1739718011104 0.10288712309412601 12
1739718011130 0.07761704847869462 13
1739718011156 0.39100280800090603 14
1739718011183 0.022072718462413564 15
1739718011209 0.011229853376166174 16
1739718011235 0.4438699126855581 17
1739718011261 0.0047945980413586905 18
1739718011287 0.1218772646396372 19
1739718011313 0.35566370243199835 20
1739718011339 0.09983264194955434 21
1739718011364 0.49257617248048324 22
1739718011390 0.1832369157010665 23
1739718011417 0.01946505344076687 24
1739718011444 0.11986944639094468 25
1739718011470 0.18946055912338827 26
1739718011497 0.017953248346708438 27
1739718011523 8.563582436371393e-05 28
1739718011550 0.008969271777868399 29
1739718011576 0.2451898367363573 30
1739718011602 0.16133258595110078 31
1739718011628 0.1049231851713118 32
1739718011655 0.9333280631746429 33
1739718011681 0.0073737531463857475 34
1739718011707 0.9474401821005949 35
1739718011733 0.1272890154836699 36
1739718011759 0.3734911467158727 37
1739718011785 0.055756141330366805 38
1739718011812 0.06285826131321674 39
1739718011838 0.03983643885962015 40
1739718011864 0.2482567005671244 41
1739718011890 1.0120344579130194 42
1739718011916 0.3283239090056401 43
1739718011942 0.011128223764147616 44
1739718011969 0.053394580864958484 45
1739718011996 0.05026012026310299 46
1739718012023 0.1509325317450093 47
1739718012049 0.32263282525504 48
1739718012076 0.4101482704893725 49
1739718012102 1.282974107355755 50
1739718012128 0.08051073925972514 51
1739718012154 0.28729398448783394 52
1739718012181 0.10094804549308402 53
1739718012208 0.019074824782620618 54
1739718012235 0.14573950184101805 55
1739718012261 0.00028010989874607866 56
1739718012287 0.06265118509002467 57
1739718012314 0.9361851640604709 58
1739718012340 0.015302911487644814 59
1739718012365 0.3967892227943529 60
1739718012391 0.006514500286160433 61
1739718012417 0.4156368096918157 62
1739718012444 0.09423104233483476 63
1739718012470 0.0035119289480965376 64
1739718012497 0.0014245104037498833 65
1739718012524 0.21418786638228726 66
1739718012550 0.2561508391955166 67
