1739717931450 84.13737138442615 0
1739717931481 43.660645589226746 1
1739717931510 20.219590991226788 2
1739717931540 4.813399835666876 3
1739717931570 3.5622961175160937 4
1739717931599 0.9597693937380524 5
1739717931627 1.0471616338239524 6
1739717931657 2.576662372095497 7
1739717931686 0.15613398501066977 8
1739717931716 0.0868879877349296 9
1739717931744 0.45873916714964136 10
1739717931773 0.06955159394278801 11
1739717931802 0.2112153013985542 12
1739717931830 0.0732517477291923 13
1739717931857 0.6611471185418377 14
1739717931885 0.02459952896839986 15
1739717931913 0.0006353895685001005 16
1739717931941 0.004723041067659497 17
1739717931969 0.012750392020245029 18
1739717931997 0.020450141312361187 19
1739717932025 0.09774278109037793 20
1739717932052 0.09802660681795967 21
1739717932080 0.045199035602571325 22
1739717932108 0.20617947118525073 23
1739717932135 1.0825695875501435 24
1739717932163 0.0011302417847004916 25
1739717932191 0.0626559029570712 26
1739717932218 0.09508564840105957 27
1739717932246 0.02439532281170757 28
1739717932274 0.6245725344594808 29
1739717932302 0.009845128195204013 30
1739717932330 0.6056028887425535 31
1739717932358 0.06161427495268712 32
1739717932386 0.4015904054910694 33
1739717932413 0.10335814160205313 34
1739717932442 0.006457941570165316 35
1739717932473 0.028302836138325654 36
1739717932502 0.24217859049263776 37
1739717932532 0.06008917814461918 38
1739717932562 0.1945470999076623 39
1739717932591 0.0005897792282443788 40
1739717932620 0.14413036077575728 41
1739717932650 0.3038172462168255 42
1739717932680 3.617051446344007e-05 43
1739717932708 0.023990899621652774 44
1739717932736 0.30913082720575363 45
1739717932764 0.13343538177285605 46
1739717932821 0.004872992422600855 47
1739717932850 0.11078628923101887 48
1739717932879 0.010682052735778047 49
1739717932909 1.3155236697729007e-05 50
1739717932938 0.05556940513760879 51
1739717932968 0.0013348163779885074 52
1739717932998 0.2887743871406636 53
1739717933027 0.04609486062523957 54
1739717933056 0.0020257123231924193 55
1739717933086 0.010182867444376641 56
1739717933115 0.11195668540846453 57
1739717933143 0.0188119246577604 58
1739717933172 0.5597116315690811 59
1739717933200 0.07592139952060041 60
1739717933227 0.0006396072528647988 61
1739717933254 0.08269385271119385 62
1739717933282 0.3025775209687352 63
1739717933310 0.32441546806378807 64
1739717933338 0.814463661757291 65
1739717933366 0.0716506809828643 66
1739717933393 0.04135264358158684 67
1739717933421 0.13205783516739106 68
1739717933449 0.5836923264872608 69
1739717933477 0.08606341512917158 70
1739717933505 0.4506445967612098 71
1739717933532 0.016732092016753627 72
1739717933560 0.15447990413602383 73
1739717933588 0.03775899043891656 74
1739717933615 0.096527667726586 75
1739717933643 1.0948772142090404 76
1739717933671 0.01583284129929796 77
1739717933699 0.16185032284097006 78
1739717933726 0.21950456739412005 79
1739717933754 0.18621073172181948 80
1739717933781 0.1239276349209944 81
1739717933809 0.0819355548550895 82
1739717933837 0.8429387613674306 83
1739717933865 0.09493435400811215 84
1739717933892 0.002896893333013053 85
1739717933919 0.3626814079859317 86
1739717933947 0.0002983351715354139 87
1739717933974 0.1215293584975466 88
1739717934002 0.03134134765626691 89
1739717934030 0.0001659641192417769 90
1739717934057 0.708701827773652 91
1739717934084 0.017631702575860657 92
1739717934112 0.029971490120692185 93
1739717934140 2.1613792514121616e-06 94
1739717934167 0.2845063614316921 95
1739717934194 0.01827328958066628 96
1739717934221 0.11075361864463015 97
1739717934249 0.0010780205666132035 98
1739717934276 0.04506537990939119 99
1739717934303 0.06087790937418732 100
1739717934331 0.17388740759446783 101
1739717934358 0.004682037392024989 102
1739717934385 0.06491618710523663 103
1739717934413 0.10112498199457781 104
1739717934440 0.0031617601480477342 105
1739717934468 0.022970534462058184 106
1739717934496 0.03289883168429561 107
1739717934523 0.041187425067942915 108
1739717934551 0.004427815069481842 109
1739717934580 0.0591235661811064 110
1739717934609 0.10061714199031374 111
1739717934636 0.04790197072581555 112
1739717934663 0.11260306903819996 113
1739717934692 0.4624464255148045 114
1739717934721 0.0005292078612808197 115
1739717934750 0.001394070218370657 116
1739717934778 0.40602023334980636 117
1739717934806 0.18812297287541696 118
1739717934834 0.06713952703079153 119
1739717934864 0.1332666593342809 120
1739717934894 0.00019894678465576934 121
1739717934924 0.45768993763648386 122
1739717934955 0.1798976704586309 123
1739717934985 0.4576834673672078 124
1739717935013 0.04800595531193431 125
1739717935043 0.00469871320914097 126
1739717935074 0.012611086172799641 127
1739717935106 0.7068435478187429 128
1739717935135 0.016119597955196633 129
1739717935165 0.005113844059047521 130
1739717935196 0.1754574887510485 131
