1739718243357 0.01769406146791312 0
1739718243389 0.012135767409000093 1
1739718243421 0.05001997303189425 2
1739718243453 2.8114065520381607e-08 3
1739718243484 0.0015786519248319666 4
1739718243517 0.04442763340145968 5
1739718243549 0.0020794263902714927 6
1739718243581 0.023276414090888282 7
1739718243614 0.5521049512698971 8
1739718243646 0.0005109697545361075 9
1739718243679 0.29613481640245354 10
1739718243712 0.06410616272652657 11
1739718243745 0.004570112120670414 12
1739718243777 0.11411683538562016 13
1739718243809 0.12031378320813907 14
1739718243842 0.0236178905665925 15
1739718243873 0.13642985677342467 16
1739718243905 0.05328196745717582 17
1739718243937 0.010245707643239869 18
1739718243969 0.019750581472248847 19
1739718244001 0.05851651654798628 20
1739718244034 0.0004154846245496183 21
1739718244067 0.07511533892460673 22
1739718244099 0.02902017759796829 23
1739718244131 0.0049233650267747385 24
1739718244164 0.029740447789862193 25
1739718244198 0.009479377316437018 26
1739718244232 0.0939487508052983 27
1739718244266 0.1753446714644497 28
1739718244299 0.015623123386603516 29
1739718244333 0.007606541193329444 30
1739718244366 0.02486362678166728 31
1739718244399 7.41111879375028e-05 32
1739718244433 0.032914657576352584 33
1739718244466 9.588299845568119e-05 34
1739718244498 0.0025693539391289325 35
1739718244530 0.28579771164983564 36
1739718244567 0.00012371140039908686 37
1739718244600 0.10374606825375945 38
1739718244632 0.08256456184075026 39
1739718244664 0.08266776878131205 40
1739718244696 0.038824012969301686 41
1739718244730 0.029463139712832986 42
1739718244765 0.040524295072783566 43
1739718244799 0.01236307915942883 44
1739718244833 0.0427378139160294 45
1739718244867 0.06433915357592565 46
1739718244901 0.0002202074277051105 47
1739718244935 0.1425079891528851 48
1739718244968 0.04709297832743983 49
1739718245002 0.0006609572752621042 50
1739718245035 0.0517411629916982 51
1739718245067 0.38476351374490003 52
1739718245099 0.01134359086972824 53
1739718245133 0.22515042269409685 54
1739718245166 0.005338960616132573 55
1739718245198 0.11329745641571749 56
1739718245230 0.002730983549310759 57
1739718245262 0.08011031563830734 58
1739718245294 0.0001733305342561128 59
1739718245327 0.04487664690520827 60
1739718245360 0.03397997527547548 61
1739718245392 0.03548771699823072 62
1739718245424 0.17832607128689404 63
1739718245456 0.031502608752567725 64
1739718245488 0.18709321433902198 65
1739718245521 0.012343148690514926 66
1739718245553 0.1115370016126796 67
1739718245585 3.779345822301777e-05 68
1739718245617 0.011147347156814806 69
1739718245650 0.0009234028294998141 70
1739718245681 0.012869362621980181 71
1739718245713 0.0731191436110588 72
1739718245745 0.00038626858108347414 73
1739718245777 0.3713047772588574 74
1739718245812 0.04302276861612907 75
1739718245845 0.044778144107904705 76
1739718245878 0.010226786489669265 77
1739718245912 0.02727463392036331 78
1739718245947 0.3891234090642945 79
1739718245981 0.0718692503301527 80
1739718246015 0.07781251249453756 81
1739718246050 0.09236887495440536 82
1739718246083 0.02456370757172533 83
1739718246116 0.008591896390090599 84
1739718246150 0.018999856410444865 85
1739718246207 0.01644205246201568 86
1739718246241 0.11262422247325489 87
1739718246276 0.5095210839947424 88
1739718246311 0.0005068790965038964 89
1739718246347 0.010724689627660029 90
1739718246382 0.002022504933768673 91
1739718246416 0.01109729698491726 92
1739718246451 0.006478385623190865 93
1739718246486 0.020088807416928946 94
1739718246520 0.044547967311920664 95
1739718246554 0.10841953157884499 96
1739718246587 0.03191448639940032 97
1739718246622 0.07952300340527173 98
1739718246656 0.08602222772159203 99
1739718246691 0.0044159564101705065 100
1739718246726 0.035040970184443486 101
1739718246761 0.40697988765949483 102
1739718246796 0.06330058191538747 103
1739718246832 0.03298430766603342 104
1739718246866 0.09347774336866885 105
1739718246901 0.00011973000419056531 106
1739718246934 2.3799848701717767 107
1739718246966 0.07156832977371615 108
1739718246998 0.015984016011480154 109
1739718247030 0.00479104320737312 110
1739718247062 0.02099231029357449 111
1739718247093 0.0013233986130966541 112
1739718247126 0.06275454719335528 113
1739718247160 0.08242438399146321 114
1739718247194 0.5980573076053733 115
1739718247228 0.01936138071807512 116
1739718247261 0.10643500020102448 117
1739718247293 0.052993291853362254 118
1739718247324 0.02518263489675751 119
1739718247357 0.022029395241102145 120
1739718247388 0.005365647285495594 121
1739718247421 0.07541836018925424 122
1739718247453 0.00046069899162412954 123
1739718247485 0.021874511609303274 124
1739718247519 0.04836886620773968 125
1739718247553 0.0368607824341761 126
1739718247585 0.07478957964737733 127
1739718247617 0.025221983469169245 128
1739718247651 0.007072885509255613 129
1739718247683 0.18863586527917411 130
1739718247715 0.006515094612931448 131
1739718247748 0.08611855776315101 132
1739718247780 0.0006094746392938074 133
1739718247812 0.04404684006249751 134
1739718247845 0.04408009173186643 135
1739718247877 0.05738137396045916 136
1739718247909 0.09427020653767014 137
1739718247941 0.00018097253320308471 138
1739718247973 0.23723335027844275 139
1739718248005 0.025162229034981654 140
1739718248037 0.09918237749873071 141
1739718248069 0.008628382140398051 142
1739718248101 0.00011831336798185268 143
1739718248133 0.00823379110059531 144
1739718248165 0.019059376063974943 145
1739718248198 0.010151718613057449 146
1739718248230 0.10626061604306951 147
1739718248262 0.0002820234015031491 148
1739718248294 0.13505227688555355 149
1739718248326 0.0011556074009559211 150
1739718248359 0.025529607381793724 151
1739718248390 0.035611516214936724 152
1739718248423 0.04379500268562164 153
1739718248456 0.0031438220823960983 154
1739718248488 0.1363486768724602 155
1739718248521 0.00694412639534977 156
1739718248554 0.13465574606814756 157
1739718248586 0.07061437023537494 158
1739718248618 0.010406489443624472 159
1739718248650 0.0069584452057495005 160
1739718248683 0.12996217232600232 161
1739718248715 0.013008744421541806 162
1739718248747 0.12780357222174507 163
1739718248779 0.0009835742452435005 164
1739718248811 0.9272030200491439 165
1739718248843 0.0016020735055593922 166
1739718248875 0.0025944558187296855 167
1739718248907 0.046000858810852675 168
1739718248940 0.019455672204550935 169
1739718248972 0.013039216365387941 170
1739718249004 0.08705372535757185 171
1739718249035 0.0499490011262855 172
1739718249068 0.1593077034981774 173
1739718249100 0.08574060614834386 174
1739718249131 0.033484890115552696 175
1739718249164 0.13261163272587898 176
1739718249196 0.12257579671263498 177
1739718249228 0.01417489972299899 178
1739718249260 0.3001086358049191 179
1739718249292 0.01516804814134797 180
1739718249324 0.0648807009356906 181
1739718249357 0.1532593694590088 182
1739718249388 2.0650918020405415e-05 183
1739718249421 0.07526432477251814 184
1739718249452 0.049744921946913274 185
1739718249484 0.026783278955819716 186
1739718249516 1.4354924085345007e-06 187
1739718249548 0.0644703967931067 188
1739718249580 0.06813180368496972 189
1739718249612 0.008019660026726928 190
1739718249644 0.020404296559763117 191
1739718249677 0.05276451339783479 192
1739718249709 0.06740649546645892 193
1739718249740 0.054922943566156936 194
1739718249773 0.0007848437839260149 195
1739718249805 0.009848879317918502 196
1739718249838 0.033580093860158616 197
1739718249870 0.055417711004889514 198
1739718249902 0.004079012523614335 199
1739718249935 0.018065621324254492 200
1739718249967 0.19374542835125336 201
1739718249999 0.2993369404272711 202
1739718250032 0.5399618408194287 203
1739718250064 0.0013658954649153202 204
1739718250096 3.0516678849129078e-05 205
1739718250129 0.01735913829569094 206
1739718250161 0.013275882616846072 207
1739718250194 0.06218403208001144 208
1739718250226 0.006104315327053136 209
1739718250258 0.056890406926149384 210
1739718250291 0.34003259152443915 211
1739718250323 0.12164097742970266 212
1739718250355 0.013435088576691888 213
1739718250388 0.20004738933830585 214
1739718250420 0.0007830233570783181 215
1739718250452 0.08003285125713551 216
1739718250485 0.07551667508670615 217
1739718250517 0.000859643905078314 218
1739718250549 0.05768858401404099 219
1739718250581 0.021504535782832238 220
1739718250613 1.1840998002287347e-05 221
1739718250647 0.0053202822327637 222
1739718250680 0.008964924092077367 223
1739718250712 0.007016877702117164 224
1739718250744 0.030963607925385016 225
1739718250777 0.0012086437325581581 226
1739718250809 0.03409588880031181 227
1739718250841 0.03312732695698216 228
1739718250873 0.03973216147633139 229
1739718250905 0.07270004171046207 230
1739718250938 0.07657770282712986 231
1739718250970 0.0020129268422562734 232
1739718251002 0.012155641326478216 233
1739718251034 0.5233988393323766 234
1739718251067 0.026546187738661808 235
1739718251099 0.30486011975963895 236
1739718251131 0.059392061417685674 237
1739718251163 8.840535373271392e-05 238
1739718251196 0.03865584329393961 239
1739718251228 0.4242945994255874 240
1739718251260 0.01660284741087831 241
1739718251292 0.05218841416806372 242
1739718251324 0.04158432832843447 243
1739718251357 0.026268993637893666 244
1739718251389 0.035259920344884906 245
1739718251421 0.001383076389703055 246
1739718251453 0.0019051899863390858 247
1739718251485 0.0023015099080799704 248
1739718251517 0.03895596132288853 249
1739718251549 0.02106478661132351 250
1739718251582 0.1351814438862325 251
1739718251614 0.05157600010451889 252
1739718251646 0.09315451551520142 253
1739718251679 0.0336248379830808 254
1739718251711 0.027529803597395274 255
1739718251743 0.036993399504709396 256
1739718251775 0.3062116818086972 257
1739718251807 0.002715266627102057 258
1739718251839 0.3822872616335954 259
1739718251871 0.0006238861611462062 260
1739718251903 0.14289602112220065 261
1739718251935 0.0008121353951437184 262
1739718251968 0.044174489911121474 263
1739718252000 0.1173783966712642 264
1739718252032 0.018057644735400166 265
1739718252065 0.1118201625416682 266
1739718252097 0.03574097826472673 267
1739718252129 0.24974032190781167 268
1739718252161 0.10984718610852338 269
1739718252193 0.024539411550378407 270
1739718252225 0.0012959232367797731 271
1739718252257 0.002072376702135387 272
1739718252290 0.1431919422650038 273
1739718252322 0.047742682074525 274
1739718252354 0.015452582690562976 275
1739718252386 0.04392458427034064 276
1739718252418 0.00200917656270349 277
1739718252450 0.014430841713175033 278
1739718252482 0.02077923087332276 279
1739718252515 0.010986977197120516 280
1739718252547 0.230163585881668 281
1739718252579 0.2650718587459622 282
1739718252611 0.037911449853661794 283
1739718252643 0.13117393894256374 284
1739718252674 0.01930095390435084 285
1739718252707 0.010370785404867857 286
1739718252739 0.36372269002046687 287
1739718252772 0.004498055111154147 288
1739718252805 0.008004712598615226 289
1739718252837 0.24933566170204977 290
1739718252870 0.00914527025466253 291
1739718252902 0.025432212750248925 292
1739718252934 0.004951137313742118 293
1739718252966 0.011560012303462682 294
1739718252999 0.017411427983312102 295
1739718253032 0.1434049485311221 296
1739718253064 0.15540629777990378 297
1739718253096 0.11680845074489699 298
1739718253128 0.0005089847821534997 299
1739718253160 0.00012768815969211873 300
1739718253193 0.004539374252581329 301
1739718253225 0.011941260961512006 302
1739718253257 0.008991421839376667 303
1739718253289 0.4260013671701744 304
1739718253321 0.0179309228435535 305
1739718253353 0.05543733940193398 306
1739718253386 0.3639184657624363 307
1739718253418 0.0008544750833417985 308
1739718253450 0.0020488339221971974 309
1739718253482 0.10777071268342973 310
1739718253515 0.02260466501384983 311
1739718253548 0.07463346546340917 312
1739718253590 0.0818786159772367 313
1739718253626 0.5243954951896129 314
1739718253660 0.01335010267066951 315
1739718253694 0.11103800452752667 316
1739718253729 0.26831640622113073 317
1739718253762 0.0008855568836948771 318
1739718253795 0.08079064090830622 319
1739718253827 0.17529741558647294 320
1739718253859 0.00010010582314079927 321
1739718253890 8.206366894450644e-05 322
1739718253923 0.39028460995936043 323
1739718253955 0.005454171279437468 324
1739718253987 0.016991133184419378 325
1739718254019 0.006618588496355706 326
1739718254051 0.016554857454459806 327
1739718254083 0.06002160375181088 328
1739718254115 0.13200831657419992 329
1739718254147 0.011226360356493057 330
1739718254180 0.005590357389908342 331
1739718254212 0.00037863909008186266 332
1739718254244 0.010946918622667931 333
1739718254276 0.0004445262502317648 334
1739718254309 0.6000292306672516 335
1739718254341 0.20603640255769876 336
1739718254373 0.22864578236326 337
1739718254407 0.09542317358209665 338
1739718254439 0.027532775864332587 339
1739718254471 0.007999376949496881 340
1739718254503 0.05741367805962293 341
1739718254535 0.05120157411491856 342
1739718254568 0.007816988861897453 343
1739718254600 0.019813420943289622 344
1739718254632 0.25134666172774545 345
1739718254665 1.4056068365941137 346
1739718254697 0.5115266432205866 347
1739718254729 0.03673372005120055 348
1739718254762 0.09688874829684224 349
1739718254794 0.10317562484436395 350
1739718254827 0.041795083139254015 351
1739718254859 0.0002426414525126646 352
1739718254892 0.34964757533248647 353
1739718254925 0.10377346694150452 354
1739718254957 0.0009510959419361349 355
1739718254989 0.006112728828666745 356
1739718255021 0.20339671494233402 357
1739718255054 0.01339604678990303 358
1739718255086 0.037479564614833455 359
1739718255118 0.054600780750626014 360
1739718255150 0.04781446508082464 361
1739718255182 0.11990797454479939 362
1739718255214 0.13573880269450564 363
1739718255246 0.04549587112167931 364
1739718255278 0.14620659724554846 365
1739718255310 0.22222578967692916 366
1739718255343 0.012342605183735167 367
1739718255374 0.025866850285673194 368
1739718255406 0.012694988249755299 369
1739718255438 0.0034912483460617268 370
1739718255470 0.027920986335111815 371
1739718255503 0.09111184173824016 372
1739718255535 0.2701227629865944 373
1739718255567 0.004072628184835256 374
1739718255599 0.015953289636929782 375
1739718255632 0.0013433747752569188 376
1739718255663 0.49908734484393696 377
1739718255696 0.0003249065731562271 378
1739718255728 0.013849623909895456 379
1739718255761 0.14960182288409377 380
1739718255793 0.08840188549006055 381
1739718255825 0.0009903504390186605 382
1739718255858 0.0005042806962732012 383
1739718255890 0.4940644155453126 384
1739718255922 0.006844037694531109 385
1739718255955 0.0017634080039531902 386
1739718255987 0.0537583557522589 387
1739718256020 0.007287402279642151 388
1739718256052 0.03506731782622517 389
1739718256084 0.0005636406545812601 390
1739718256116 0.07745489192268967 391
1739718256148 0.011560830714402686 392
1739718256180 0.07184693449812729 393
1739718256213 0.003921903612865774 394
1739718256245 0.06068269080801743 395
1739718256278 0.04310451665179426 396
1739718256310 0.0009338542782579213 397
1739718256342 0.13466382455871012 398
1739718256374 0.027133044607965232 399
1739718256406 0.40795297238610756 400
1739718256439 1.2117890966627491e-05 401
1739718256471 0.6325733110464024 402
1739718256503 0.007526588424372262 403
1739718256535 7.985193302048266e-07 404
1739718256567 0.00010623780495426137 405
1739718256599 0.009656119862909622 406
1739718256631 0.07890570679931233 407
1739718256663 0.017197378853674616 408
1739718256695 0.01001844072192484 409
1739718256727 0.00042059847924017196 410
1739718256759 0.002461038361381627 411
1739718256792 0.05212211457108636 412
1739718256824 0.20317088591264365 413
1739718256856 0.005822577263330993 414
1739718256889 0.04008937323545853 415
1739718256921 0.0012785633679502184 416
1739718256953 0.1453302789493762 417
1739718256986 0.07769441477177623 418
1739718257019 0.08559206981278501 419
1739718257051 0.12092784777032238 420
1739718257083 0.0005049549807061083 421
1739718257115 0.03199991261137317 422
1739718257147 0.0028380796703778638 423
1739718257179 0.13107446016441426 424
1739718257211 0.040015674652718214 425
1739718257244 0.4585561556135718 426
1739718257276 0.010443528398194058 427
1739718257308 0.0006406993409933665 428
1739718257340 0.0007124966486160903 429
1739718257372 0.025004490029965177 430
1739718257404 0.05812868950699315 431
1739718257436 0.006743549153806888 432
1739718257468 0.12639986237214992 433
1739718257501 0.0009156105506088778 434
1739718257533 0.0019355868507655624 435
1739718257565 0.0666638189649929 436
1739718257597 1.2882106834913469e-05 437
1739718257630 0.3819495907366302 438
1739718257662 0.07962320716585107 439
1739718257694 0.0007504689971471599 440
1739718257726 0.00216109293197486 441
1739718257758 0.002236234527577428 442
1739718257789 0.00047427364774024403 443
1739718257821 0.0001803695775301069 444
1739718257853 0.7625340624481382 445
1739718257885 0.006854685997133613 446
1739718257917 0.5951017621281373 447
1739718257950 0.013969269485375288 448
1739718257982 0.2571505758070516 449
1739718258014 0.007308806244551951 450
1739718258046 0.0036622644383481674 451
1739718258078 0.09423803902056999 452
1739718258110 0.06677493883068826 453
1739718258142 0.35510463181033414 454
1739718258174 0.0007580828658736712 455
1739718258206 0.00022958255082012124 456
1739718258238 0.014320814845783028 457
1739718258270 0.0014683957083313334 458
1739718258302 0.030541274794705333 459
1739718258335 0.1830411941581982 460
1739718258368 0.04363265924844634 461
1739718258400 0.5789360657804112 462
1739718258432 0.029941248355209005 463
1739718258465 0.011169622166442761 464
1739718258497 0.061618517676285164 465
1739718258530 0.13385549448973352 466
1739718258562 0.088037038022757 467
1739718258594 0.019239384376745352 468
1739718258626 0.09365914357983463 469
1739718258658 6.119027515752349e-05 470
1739718258690 0.056648907444854936 471
1739718258722 0.07804832624301919 472
1739718258755 0.03587885206570012 473
1739718258787 0.02182379331548618 474
1739718258819 0.20242650881151092 475
1739718258851 0.002696980881298893 476
1739718258883 0.2952369836628111 477
1739718258916 0.0003604229250606328 478
1739718258948 0.030614568969806 479
1739718258979 0.0900680101576767 480
1739718259012 0.06770430118074945 481
1739718259044 4.266185115159725e-05 482
1739718259076 0.8105589416722728 483
1739718259109 0.018099372354356914 484
1739718259142 0.007942372405103076 485
1739718259175 0.39366593886684076 486
1739718259207 0.0001642679799948771 487
1739718259240 0.010240961448568746 488
1739718259273 0.02557939522215083 489
1739718259305 0.11989424264987937 490
1739718259337 0.16344146899609094 491
1739718259369 0.2730741063716963 492
1739718259401 0.006600129793306379 493
1739718259435 0.1605587440202262 494
1739718259468 0.08065165799180271 495
1739718259501 0.04016940602507165 496
1739718259534 0.009056230346045909 497
1739718259566 0.10233226645200189 498
1739718259598 0.14573656724873582 499
