1739715328752 171.17086273886085 0
1739715328758 170.85318318118274 1
1739715328763 170.50379297138377 2
1739715328768 170.14638425927288 3
1739715328774 169.78800696141116 4
1739715328781 169.43070983518763 5
1739715328787 169.0750446714415 6
1739715328792 168.72111844725433 7
1739715328798 168.36890878835908 8
1739715328803 168.01835832833444 9
1739715328808 167.66940274310457 10
1739715328813 167.32197890557248 11
1739715328818 166.97602709446048 12
1739715328823 166.63149143666487 13
1739715328828 166.28831983575952 14
1739715328833 165.94646376128222 15
1739715328838 165.60587801009953 16
1739715328844 165.26652047222083 17
1739715328849 164.92835190982458 18
1739715328854 164.59133575125108 19
1739715328859 164.2554378996751 20
1739715328864 163.9206265556228 21
1739715328869 163.58687205238573 22
1739715328874 163.25414670340504 23
1739715328879 162.92242466075135 24
1739715328884 162.5916817838866 25
1739715328890 162.26189551795338 26
1739715328895 161.93304478089192 27
1739715328900 161.60510985873708 28
1739715328906 161.27807230849623 29
1739715328911 160.95191486805234 30
1739715328916 160.62662137257752 31
1739715328921 160.3021766769817 32
1739715328926 159.97856658395477 33
1739715328931 159.65577777719344 34
1739715328937 159.33379775943504 35
1739715328942 159.01261479494735 36
1739715328947 158.69221785614985 37
1739715328953 158.37259657406534 38
1739715328959 158.05374119232414 39
1739715328965 157.7356425244615 40
1739715328971 157.41829191426962 41
1739715328976 157.1016811989831 42
1739715328982 156.78580267509136 43
1739715328987 156.47064906658838 44
1739715328992 156.1562134954837 45
1739715328997 155.84248945440993 46
1739715329004 155.52947078117668 47
1739715329009 155.21715163512962 48
1739715329014 154.90552647518462 49
1739715329019 154.59459003941637 50
1739715329024 154.28433732608954 51
1739715329030 153.974763576029 52
1739715329035 153.66586425623203 53
1739715329041 153.357635044635 54
1739715329046 153.0500718159495 55
1739715329051 152.74317062849389 56
1739715329056 152.43692771194637 57
1739715329062 152.13133945595627 58
1739715329067 151.8264023995502 59
1739715329073 151.52211322127758 60
1739715329078 151.21846873004225 61
1739715329084 150.915465856572 62
1739715329089 150.61310164547965 63
1739715329094 150.3113732478746 64
1739715329100 150.01027791448567 65
1739715329106 149.70981298925813 66
1739715329111 149.40997590339262 67
1739715329116 149.1107641697939 68
1739715329121 148.81217537790056 69
1739715329126 148.51420718886936 70
1739715329131 148.2168573310885 71
1739715329136 147.92012359599718 72
1739715329142 147.62400383419 73
1739715329147 147.32849595178544 74
1739715329152 147.03359790704124 75
1739715329157 146.73930770719804 76
1739715329162 146.44562340553642 77
1739715329167 146.1525430986317 78
1739715329172 145.86006492379303 79
1739715329177 145.56818705667422 80
1739715329182 145.27690770904383 81
1739715329188 144.98622512670374 82
1739715329193 144.69613758754636 83
1739715329199 144.40664339973975 84
1739715329204 144.11774090003325 85
1739715329210 143.82942845217423 86
1739715329216 143.54170444542882 87
1739715329221 143.2545672931994 88
1739715329227 142.96801543173197 89
1739715329233 142.68204731890788 90
1739715329239 142.39666143311334 91
1739715329245 142.11185627218205 92
1739715329251 141.82763035240572 93
1739715329257 141.5439822076078 94
1739715329263 141.2609103882764 95
1739715329268 140.97841346075208 96
1739715329273 140.69649000646712 97
1739715329279 140.4151386212325 98
1739715329284 140.13435791456953 99
1739715329290 139.85414650908356 100
1739715329296 139.5745030398757 101
1739715329302 139.29542615399188 102
1739715329308 139.01691450990492 103
1739715329314 138.73896677702868 104
1739715329319 138.4615816352616 105
1739715329324 138.18475777455794 106
1739715329330 137.9084938945245 107
1739715329335 137.63278870404176 108
1739715329340 137.35764092090736 109
1739715329345 137.08304927150056 110
1739715329350 136.80901249046653 111
1739715329355 136.53552932041873 112
1739715329360 136.26259851165898 113
1739715329365 135.99021882191298 114
1739715329370 135.71838901608157 115
1739715329376 135.44710786600547 116
1739715329381 135.17637415024365 117
1739715329386 134.90618665386387 118
1739715329391 134.63654416824477 119
1739715329396 134.36744549088894 120
1739715329402 134.09888942524594 121
1739715329406 133.83087478054517 122
1739715329411 133.5634003716372 123
1739715329416 133.296465018844 124
1739715329421 133.03006754781666 125
1739715329426 132.76420678940065 126
1739715329431 132.49888157950792 127
1739715329437 132.23409075899562 128
1739715329443 131.9698331735507 129
1739715329448 131.70610767358062 130
1739715329459 131.44291311410905 131
1739715329465 131.18024835467696 132
1739715329470 130.91811225924826 133
1739715329476 130.65650369612 134
1739715329481 130.3954215378369 135
1739715329486 130.13486466110976 136
1739715329491 129.87483194673752 137
1739715329496 129.61532227953302 138
1739715329502 129.35633454825205 139
1739715329508 129.09786764552553 140
1739715329514 128.83992046779443 141
1739715329519 128.58249191524794 142
1739715329524 128.32558089176385 143
1739715329531 128.06918630485168 144
1739715329537 127.81330706559791 145
1739715329544 127.55794208861381 146
1739715329549 127.30309029198496 147
1739715329556 127.04875059722306 148
1739715329564 126.79492192921948 149
1739715329576 126.5416032162006 150
1739715329582 126.28879338968494 151
1739715329589 126.0364913844417 152
1739715329595 125.78469613845107 153
1739715329601 125.53340659286563 154
1739715329607 125.28262169197359 155
1739715329612 125.03234038316285 156
1739715329618 124.7825616168866 157
1739715329623 124.53328434662996 158
1739715329629 124.28450752887771 159
1739715329635 124.03623012308334 160
1739715329641 123.78845109163862 161
1739715329648 123.54116939984463 162
1739715329655 123.29438401588331 163
1739715329661 123.0480939107902 164
1739715329666 122.80229805842788 165
1739715329671 122.55699543545991 166
1739715329677 122.31218502132619 167
1739715329683 122.06786579821836 168
1739715329688 121.8240367510564 169
1739715329693 121.58069686746545 170
1739715329699 121.33784513775362 171
1739715329705 121.09548055489033 172
1739715329711 120.85360211448507 173
1739715329717 120.61220881476676 174
1739715329723 120.37129965656382 175
1739715329728 120.13087364328453 176
1739715329733 119.890929780898 177
1739715329739 119.6514670779156 178
1739715329746 119.41248454537278 179
1739715329751 119.17398119681124 180
1739715329757 118.93595604826193 181
1739715329762 118.69840811822787 182
1739715329768 118.46133642766783 183
1739715329774 118.22473999997993 184
1739715329779 117.98861786098618 185
1739715329784 117.75296903891675 186
1739715329789 117.51779256439501 187
1739715329795 117.28308747042266 188
1739715329800 117.04885279236528 189
1739715329806 116.81508756793808 190
1739715329811 116.58179083719207 191
1739715329816 116.34896164250037 192
1739715329821 116.11659902854481 193
1739715329826 115.88470204230292 194
1739715329831 115.65326973303495 195
1739715329836 115.42230115227133 196
1739715329842 115.19179535380034 197
1739715329847 114.96175139365575 198
1739715329853 114.7321683301051 199
1739715329858 114.5030452236378 200
1739715329863 114.27438113695378 201
1739715329868 114.04617513495204 202
1739715329873 113.81842628471946 203
1739715329878 113.59113365552004 204
1739715329884 113.36429631878401 205
1739715329889 113.1379133480973 206
1739715329894 112.91198381919102 207
1739715329899 112.68650680993149 208
1739715329904 112.46148140030968 209
1739715329909 112.23690667243183 210
1739715329915 112.01278171050927 211
1739715329920 111.78910560084896 212
1739715329925 111.56587743184397 213
1739715329931 111.34309629396417 214
1739715329936 111.12076127974704 215
1739715329941 110.89887148378848 216
1739715329947 110.67742600273407 217
1739715329959 110.45642393526998 218
1739715329965 110.23586438211468 219
1739715329972 110.01574644600989 220
1739715329977 109.79606923171256 221
1739715329984 109.57683184598625 222
1739715329989 109.35803339759298 223
1739715329995 109.1396729972852 224
1739715330001 108.92174975779766 225
1739715330007 108.70426279383959 226
1739715330013 108.4872112220868 227
1739715330019 108.27059416117405 228
1739715330024 108.05441073168745 229
1739715330030 107.83866005615684 230
1739715330036 107.62334125904846 231
1739715330042 107.40845346675756 232
1739715330051 107.19399580760127 233
1739715330058 106.97996741181115 234
1739715330064 106.76636741152656 235
1739715330071 106.55319494078715 236
1739715330077 106.34044913552641 237
1739715330083 106.12812913356453 238
1739715330088 105.9162340746017 239
1739715330094 105.70476310021154 240
1739715330100 105.49371535383439 241
1739715330106 105.28308998077074 242
1739715330112 105.07288612817491 243
1739715330117 104.86310294504841 244
1739715330123 104.65373958223385 245
1739715330129 104.44479519240859 246
1739715330135 104.23626893007842 247
1739715330141 104.02815995157157 248
1739715330146 103.82046741503265 249
1739715330153 103.61319048041646 250
1739715330159 103.40632830948222 251
1739715330164 103.19988006578758 252
1739715330169 102.9938449146828 253
1739715330174 102.78822202330494 254
1739715330180 102.58301056057222 255
1739715330185 102.37820969717825 256
1739715330190 102.17381860558646 257
1739715330195 101.96983646002445 258
1739715330200 101.76626243647868 259
1739715330205 101.56309571268872 260
1739715330210 101.36033546814205 261
1739715330216 101.1579808840686 262
1739715330221 100.9560311434355 263
1739715330227 100.75448543094161 264
1739715330233 100.55334293301256 265
1739715330238 100.35260283779535 266
1739715330243 100.15226433515333 267
1739715330249 99.95232661666107 268
1739715330254 99.75278887559924 269
1739715330259 99.5536503069497 270
1739715330265 99.35491010739044 271
1739715330271 99.15656747529076 272
1739715330277 98.95862161070615 273
1739715330283 98.7610717153737 274
1739715330288 98.56391699270718 275
1739715330293 98.36715664779214 276
1739715330299 98.17078988738139 277
1739715330304 97.97481591989006 278
1739715330309 97.77923395539113 279
1739715330314 97.5840432056107 280
1739715330319 97.38924288392334 281
1739715330325 97.19483220534764 282
1739715330330 97.00081038654157 283
1739715330335 96.80717664579804 284
1739715330340 96.61393020304037 285
1739715330345 96.42107027981791 286
1739715330350 96.22859609930167 287
1739715330355 96.0365068862798 288
1739715330361 95.84480186715334 289
1739715330366 95.65348026993195 290
1739715330371 95.46254132422945 291
1739715330376 95.27198426125976 292
1739715330381 95.08180831383254 293
1739715330386 94.89201271634906 294
1739715330392 94.7025967047979 295
1739715330397 94.51355951675097 296
1739715330402 94.32490039135926 297
1739715330407 94.13661856934878 298
1739715330413 93.94871329301654 299
1739715330419 93.76118380622641 300
1739715330424 93.57402935440511 301
1739715330430 93.38724918453828 302
1739715330435 93.20084254516652 303
1739715330440 93.01480868638129 304
1739715330445 92.8291468598212 305
1739715330450 92.64385631866784 306
1739715330455 92.45893631764224 307
1739715330464 92.27438611300065 308
1739715330470 92.0902049625309 309
1739715330475 91.90639212554872 310
1739715330481 91.72294686289358 311
1739715330486 91.53986843692525 312
1739715330491 91.35715611151987 313
1739715330496 91.17480915206627 314
1739715330501 90.99282682546233 315
1739715330506 90.81120840011114 316
1739715330511 90.62995314591745 317
1739715330517 90.44906033428396 318
1739715330524 90.26852923810767 319
1739715330531 90.08835913177641 320
1739715330538 89.90854929116503 321
1739715330543 89.72909899363194 322
1739715330549 89.55000751801558 323
1739715330556 89.37127414463083 324
1739715330563 89.19289815526547 325
1739715330569 89.01487883317671 326
1739715330575 88.83721546308767 327
1739715330580 88.65990733118394 328
1739715330585 88.48295372511016 329
1739715330591 88.30635393396642 330
1739715330597 88.13010724830504 331
1739715330604 87.95421296012697 332
1739715330610 87.77867036287869 333
1739715330615 87.60347875144845 334
1739715330621 87.42863742216316 335
1739715330627 87.25414567278503 336
1739715330633 87.08000280250818 337
1739715330639 86.9062081119553 338
1739715330644 86.73276090317444 339
1739715330650 86.55966047963565 340
1739715330655 86.38690614622783 341
1739715330661 86.2144972092552 342
1739715330666 86.04243297643441 343
1739715330672 85.87071275689101 344
1739715330677 85.69933586115643 345
1739715330683 85.5283016011647 346
1739715330688 85.35760929024921 347
1739715330694 85.18725824313971 348
1739715330699 85.01724777595888 349
1739715330705 84.84757720621946 350
1739715330710 84.67824585282084 351
1739715330716 84.50925303604625 352
1739715330722 84.34059807755933 353
1739715330728 84.17228030040125 354
1739715330735 84.00429902898752 355
1739715330741 83.83665358910491 356
1739715330746 83.66934330790849 357
1739715330752 83.5023675139184 358
1739715330758 83.33572553701701 359
1739715330763 83.16941670844577 360
1739715330769 83.00344036080212 361
1739715330775 82.83779582803673 362
1739715330780 82.67248244545021 363
1739715330786 82.50749954969041 364
1739715330791 82.34284647874918 365
1739715330797 82.17852257195953 366
1739715330802 82.01452716999286 367
1739715330808 81.85085961485557 368
1739715330813 81.6875192498866 369
1739715330819 81.52450541975428 370
1739715330824 81.36181747045329 371
1739715330830 81.19945474930213 372
1739715330836 81.03741660493988 373
1739715330841 80.87570238732349 374
1739715330847 80.7143114477249 375
1739715330852 80.55324313872809 376
1739715330859 80.39249681422638 377
1739715330864 80.23207182941943 378
1739715330870 80.07196754081048 379
1739715330875 79.91218330620359 380
1739715330880 79.75271848470072 381
1739715330885 79.59357243669893 382
1739715330891 79.43474452388774 383
1739715330896 79.27623410924615 384
1739715330901 79.11804055703996 385
1739715330906 78.96016323281893 386
1739715330912 78.8026015034142 387
1739715330917 78.64535473693529 388
1739715330923 78.48842230276756 389
1739715330928 78.33180357156941 390
1739715330934 78.17549791526952 391
1739715330939 78.0195047070641 392
1739715330944 77.86382332141439 393
1739715330949 77.70845313404365 394
1739715330955 77.55339352193481 395
1739715330960 77.39864386332748 396
1739715330965 77.2442035377154 397
1739715330971 77.0900719258439 398
1739715330977 76.93624840970703 399
1739715330982 76.78273237254498 400
1739715330987 76.62952319884153 401
1739715330992 76.47662027432132 402
1739715330997 76.3240229859472 403
1739715331002 76.17173072191771 404
1739715331007 76.01974287166442 405
1739715331013 75.86805882584923 406
1739715331018 75.71667797636204 407
1739715331023 75.56559971631778 408
1739715331029 75.41482344005414 409
1739715331034 75.26434854312889 410
1739715331039 75.11417442231723 411
1739715331045 74.96430047560946 412
1739715331050 74.81472610220808 413
1739715331055 74.66545070252563 414
1739715331061 74.51647367818178 415
1739715331066 74.36779443200116 416
1739715331071 74.21941236801045 417
1739715331076 74.07132689143627 418
1739715331081 73.92353740870233 419
1739715331086 73.77604332742712 420
1739715331092 73.62884405642129 421
1739715331097 73.48193900568532 422
1739715331102 73.33532758640685 423
1739715331107 73.18900921095835 424
1739715331112 73.0429832928945 425
1739715331118 72.89724924694995 426
1739715331123 72.75180648903662 427
1739715331128 72.60665443624141 428
1739715331133 72.46179250682368 429
1739715331138 72.31722012021281 430
1739715331143 72.17293669700588 431
1739715331148 72.02894165896508 432
1739715331153 71.88523442901534 433
1739715331158 71.74181443124205 434
1739715331164 71.59868109088849 435
1739715331169 71.45583383435337 436
1739715331174 71.31327208918883 437
1739715331180 71.17099528409749 438
1739715331185 71.02900284893053 439
1739715331190 70.88729421468504 440
1739715331195 70.74586881350181 441
1739715331200 70.60472607866284 442
1739715331206 70.46386544458916 443
1739715331211 70.32328634683816 444
1739715331217 70.18298822210161 445
1739715331223 70.04297050820314 446
1739715331230 69.90323264409584 447
1739715331235 69.76377406986006 448
1739715331241 69.624594226701 449
1739715331246 69.48569255694645 450
1739715331251 69.34706850404453 451
1739715331257 69.20872151256108 452
1739715331262 69.07065102817798 453
1739715331269 68.93285649769003 454
1739715331275 68.79533736900338 455
1739715331282 68.65809309113284 456
1739715331288 68.52112311419977 457
1739715331294 68.38442688942978 458
1739715331299 68.24800386915027 459
1739715331305 68.11185350678865 460
1739715331311 67.97597525686953 461
1739715331317 67.84036857501275 462
1739715331322 67.70503291793112 463
1739715331328 67.56996774342821 464
1739715331333 67.43517251039596 465
1739715331339 67.30064667881256 466
1739715331344 67.16638970974036 467
1739715331349 67.03240106532331 468
1739715331355 66.8986802087851 469
1739715331361 66.76522660442662 470
1739715331366 66.63203971762412 471
1739715331371 66.49911901482662 472
1739715331376 66.36646396355414 473
1739715331382 66.2340740323951 474
1739715331390 66.10194869100444 475
1739715331396 65.97008741010121 476
1739715331402 65.83848966146662 477
1739715331408 65.70715491794171 478
1739715331413 65.57608265342522 479
1739715331419 65.44527234287153 480
1739715331425 65.31472346228836 481
1739715331431 65.18443548873472 482
1739715331436 65.05440790031871 483
1739715331441 64.92464017619538 484
1739715331447 64.7951317965647 485
1739715331452 64.66588224266935 486
1739715331459 64.5368909967925 487
1739715331468 64.40815754225586 488
1739715331475 64.27968136341754 489
1739715331480 64.15146194566985 490
1739715331486 64.0234987754371 491
1739715331493 63.8957913401739 492
1739715331500 63.76833912836266 493
1739715331505 63.64114162951165 494
1739715331511 63.51419833415294 495
1739715331517 63.3875087338402 496
1739715331522 63.261072321146806 497
1739715331528 63.13488858966363 498
1739715331533 63.00895703399698 499
