1739714803049 170.19488644144084 0
1739714803054 170.16079898023375 1
1739714803058 170.1267184832724 2
1739714803063 170.0926449490825 3
1739714803067 170.05857837619018 4
1739714803072 170.02451876312165 5
1739714803076 169.99046610840372 6
1739714803080 169.95642041056345 7
1739714803084 169.92238166812814 8
1739714803088 169.8883498796256 9
1739714803092 169.8543250435838 10
1739714803096 169.82030715853114 11
1739714803100 169.78629622299638 12
1739714803104 169.75229223550858 13
1739714803108 169.7182951945971 14
1739714803112 169.6843050987916 15
1739714803117 169.6503219466222 16
1739714803121 169.61634573661934 17
1739714803125 169.5823764673137 18
1739714803129 169.5484141372363 19
1739714803133 169.5144587449186 20
1739714803137 169.4805102888923 21
1739714803141 169.44656876768943 22
1739714803145 169.41263417984246 23
1739714803149 169.37870652388406 24
1739714803153 169.34478579834732 25
1739714803157 169.31087200176563 26
1739714803161 169.2769651326727 27
1739714803165 169.24306518960265 28
1739714803169 169.2091721710898 29
1739714803173 169.17528607566894 30
1739714803177 169.14140690187511 31
1739714803180 169.10753464824367 32
1739714803185 169.0736693133105 33
1739714803189 169.03981089561145 34
1739714803193 169.00595939368307 35
1739714803197 168.97211480606202 36
1739714803201 168.93827713128533 37
1739714803205 168.90444636789047 38
1739714803209 168.87062251441517 39
1739714803213 168.8368055693974 40
1739714803217 168.80299553137564 41
1739714803222 168.76919239888855 42
1739714803226 168.73539617047518 43
1739714803230 168.70160684467498 44
1739714803234 168.6678244200276 45
1739714803238 168.63404889507316 46
1739714803242 168.60028026835198 47
1739714803247 168.56651853840478 48
1739714803251 168.53276370377267 49
1739714803254 168.4990157629969 50
1739714803259 168.46527471461928 51
1739714803263 168.43154055718185 52
1739714803267 168.39781328922692 53
1739714803271 168.36409290929726 54
1739714803274 168.33037941593582 55
1739714803278 168.296672807686 56
1739714803282 168.26297308309157 57
1739714803286 168.2292802406964 58
1739714803290 168.195594279045 59
1739714803294 168.16191519668197 60
1739714803298 168.12824299215234 61
1739714803302 168.0945776640015 62
1739714803306 168.060919210775 63
1739714803310 168.02726763101901 64
1739714803314 167.9936229232798 65
1739714803318 167.959985086104 66
1739714803322 167.9263541180387 67
1739714803326 167.8927300176311 68
1739714803330 167.85911278342894 69
1739714803335 167.82550241398025 70
1739714803339 167.79189890783323 71
1739714803342 167.75830226353665 72
1739714803346 167.72471247963938 73
1739714803351 167.69112955469078 74
1739714803355 167.6575534872405 75
1739714803360 167.6239842758385 76
1739714803363 167.590421919035 77
1739714803367 167.55686641538077 78
1739714803371 167.5233177634266 79
1739714803376 167.48977596172386 80
1739714803380 167.45624100882415 81
1739714803384 167.4227129032794 82
1739714803387 167.38919164364188 83
1739714803391 167.35567722846417 84
1739714803395 167.32216965629922 85
1739714803400 167.28866892570028 86
1739714803403 167.25517503522093 87
1739714803407 167.22168798341508 88
1739714803411 167.1882077688369 89
1739714803415 167.15473439004106 90
1739714803419 167.12126784558242 91
1739714803423 167.08780813401611 92
1739714803428 167.05435525389785 93
1739714803432 167.02090920378336 94
1739714803436 166.987469982229 95
1739714803440 166.9540375877911 96
1739714803444 166.92061201902666 97
1739714803448 166.8871932744929 98
1739714803452 166.8537813527472 99
1739714803456 166.8203762523475 100
1739714803460 166.78697797185197 101
1739714803464 166.75358650981903 102
1739714803468 166.72020186480756 103
1739714803472 166.68682403537673 104
1739714803476 166.65345302008595 105
1739714803480 166.6200888174951 106
1739714803484 166.5867314261642 107
1739714803488 166.55338084465384 108
1739714803492 166.52003707152468 109
1739714803496 166.48670010533795 110
1739714803501 166.45336994465498 111
1739714803505 166.42004658803756 112
1739714803509 166.38673003404787 113
1739714803513 166.35342028124816 114
1739714803517 166.3201173282013 115
1739714803522 166.28682117347032 116
1739714803526 166.25353181561854 117
1739714803529 166.22024925320977 118
1739714803534 166.18697348480808 119
1739714803538 166.1537045089777 120
1739714803542 166.12044232428343 121
1739714803546 166.08718692929028 122
1739714803550 166.05393832256357 123
1739714803554 166.02069650266898 124
1739714803558 165.98746146817248 125
1739714803562 165.95423321764042 126
1739714803566 165.92101174963946 127
1739714803570 165.88779706273655 128
1739714803574 165.85458915549893 129
1739714803578 165.8213880264943 130
1739714803583 165.78819367429062 131
1739714803587 165.75500609745603 132
1739714803591 165.7218252945592 133
1739714803594 165.68865126416915 134
1739714803599 165.65548400485494 135
1739714803608 165.62232351518628 136
1739714803612 165.58916979373294 137
1739714803616 165.55602283906524 138
1739714803620 165.52288264975363 139
1739714803624 165.489749224369 140
1739714803628 165.45662256148265 141
1739714803632 165.42350265966587 142
1739714803636 165.3903895174907 143
1739714803640 165.35728313352914 144
1739714803644 165.32418350635373 145
1739714803648 165.29109063453737 146
1739714803652 165.25800451665296 147
1739714803656 165.22492515127416 148
1739714803660 165.1918525369747 149
1739714803664 165.15878667232857 150
1739714803668 165.12572755591034 151
1739714803672 165.09267518629463 152
1739714803676 165.05962956205653 153
1739714803680 165.0265906817715 154
1739714803684 164.99355854401517 155
1739714803687 164.96053314736358 156
1739714803691 164.92751449039312 157
1739714803695 164.89450257168045 158
1739714803699 164.86149738980254 159
1739714803703 164.82849894333674 160
1739714803708 164.79550723086075 161
1739714803712 164.7625222509524 162
1739714803716 164.72954400219015 163
1739714803720 164.69657248315247 164
1739714803724 164.66360769241834 165
1739714803728 164.630649628567 166
1739714803732 164.59769829017807 167
1739714803736 164.56475367583138 168
1739714803740 164.5318157841072 169
1739714803744 164.49888461358606 170
1739714803748 164.46596016284877 171
1739714803752 164.4330424304766 172
1739714803756 164.40013141505096 173
1739714803760 164.36722711515378 174
1739714803763 164.3343295293671 175
1739714803767 164.30143865627346 176
1739714803772 164.2685544944556 177
1739714803776 164.23567704249663 178
1739714803780 164.20280629898 179
1739714803784 164.16994226248943 180
1739714803788 164.13708493160905 181
1739714803792 164.10423430492324 182
1739714803796 164.0713903810166 183
1739714803800 164.0385531584743 184
1739714803804 164.0057226358816 185
1739714803808 163.97289881182414 186
1739714803812 163.94008168488807 187
1739714803816 163.90727125365956 188
1739714803821 163.8744675167253 189
1739714803825 163.84167047267218 190
1739714803829 163.8088801200875 191
1739714803833 163.7760964575589 192
1739714803837 163.7433194836742 193
1739714803841 163.71054919702172 194
1739714803845 163.67778559618992 195
1739714803849 163.64502867976773 196
1739714803853 163.6122784463443 197
1739714803857 163.57953489450915 198
1739714803860 163.54679802285213 199
1739714803864 163.5140678299633 200
1739714803869 163.48134431443322 201
1739714803872 163.4486274748526 202
1739714803877 163.41591730981256 203
1739714803881 163.38321381790453 204
1739714803885 163.3505169977202 205
1739714803889 163.3178268478517 206
1739714803892 163.28514336689133 207
1739714803896 163.25246655343182 208
1739714803901 163.2197964060662 209
1739714803905 163.1871329233878 210
1739714803909 163.1544761039902 211
1739714803913 163.12182594646734 212
1739714803917 163.0891824494136 213
1739714803921 163.05654561142356 214
1739714803925 163.0239154310921 215
1739714803929 162.99129190701447 216
1739714803933 162.95867503778618 217
1739714803937 162.92606482200318 218
1739714803941 162.89346125826165 219
1739714803945 162.86086434515798 220
1739714803949 162.82827408128912 221
1739714803953 162.79569046525216 222
1739714803957 162.76311349564455 223
1739714803961 162.73054317106403 224
1739714803965 162.69797949010874 225
1739714803969 162.66542245137708 226
1739714803974 162.63287205346774 227
1739714803978 162.6003282949798 228
1739714803982 162.5677911745126 229
1739714803986 162.53526069066578 230
1739714803990 162.50273684203938 231
1739714803994 162.47021962723366 232
1739714803998 162.4377090448493 233
1739714804002 162.40520509348715 234
1739714804007 162.3727077717486 235
1739714804011 162.34021707823504 236
1739714804015 162.30773301154846 237
1739714804019 162.27525557029108 238
1739714804024 162.2427847530654 239
1739714804028 162.2103205584742 240
1739714804032 162.17786298512067 241
1739714804036 162.14541203160832 242
1739714804041 162.1129676965408 243
1739714804045 162.08052997852235 244
1739714804049 162.0480988761573 245
1739714804053 162.01567438805034 246
1739714804057 161.98325651280658 247
1739714804061 161.95084524903135 248
1739714804065 161.91844059533034 249
1739714804068 161.8860425503095 250
1739714804073 161.85365111257514 251
1739714804077 161.82126628073388 252
1739714804081 161.7888880533926 253
1739714804085 161.75651642915867 254
1739714804089 161.72415140663952 255
1739714804093 161.6917929844431 256
1739714804097 161.65944116117757 257
1739714804102 161.62709593545142 258
1739714804107 161.59475730587343 259
1739714804111 161.5624252710528 260
1739714804115 161.53009982959898 261
1739714804119 161.49778098012163 262
1739714804124 161.46546872123096 263
1739714804128 161.43316305153718 264
1739714804132 161.4008639696511 265
1739714804136 161.36857147418377 266
1739714804140 161.3362855637464 267
1739714804144 161.30400623695073 268
1739714804148 161.27173349240866 269
1739714804152 161.23946732873245 270
1739714804156 161.20720774453468 271
1739714804160 161.1749547384283 272
1739714804164 161.1427083090264 273
1739714804168 161.11046845494266 274
1739714804172 161.07823517479073 275
1739714804176 161.04600846718486 276
1739714804180 161.0137883307395 277
1739714804184 160.9815747640694 278
1739714804188 160.9493677657896 279
1739714804193 160.91716733451554 280
1739714804197 160.88497346886294 281
1739714804201 160.85278616744782 282
1739714804205 160.8206054288864 283
1739714804209 160.7884312517955 284
1739714804213 160.75626363479194 285
1739714804218 160.72410257649307 286
1739714804222 160.69194807551636 287
1739714804226 160.6598001304798 288
1739714804230 160.6276587400016 289
1739714804235 160.59552390270014 290
1739714804239 160.56339561719443 291
1739714804243 160.53127388210345 292
1739714804247 160.49915869604672 293
1739714804255 160.467050057644 294
1739714804260 160.43494796551533 295
1739714804265 160.4028524182811 296
1739714804269 160.37076341456208 297
1739714804273 160.33868095297913 298
1739714804277 160.30660503215367 299
1739714804281 160.27453565070732 300
1739714804285 160.24247280726198 301
1739714804290 160.2104165004399 302
1739714804294 160.1783667288636 303
1739714804298 160.14632349115607 304
1739714804302 160.11428678594038 305
1739714804306 160.08225661184005 306
1739714804309 160.05023296747888 307
1739714804313 160.018215851481 308
1739714804317 159.98620526247072 309
1739714804322 159.95420119907297 310
1739714804326 159.9222036599126 311
1739714804330 159.89021264361511 312
1739714804334 159.85822814880606 313
1739714804338 159.8262501741114 314
1739714804342 159.79427871815753 315
1739714804347 159.76231377957092 316
1739714804351 159.7303553569785 317
1739714804354 159.69840344900751 318
1739714804358 159.66645805428544 319
1739714804362 159.6345191714401 320
1739714804367 159.6025867990997 321
1739714804371 159.57066093589253 322
1739714804375 159.53874158044752 323
1739714804379 159.50682873139365 324
1739714804383 159.47492238736032 325
1739714804387 159.44302254697715 326
1739714804391 159.41112920887414 327
1739714804396 159.37924237168164 328
1739714804400 159.34736203403025 329
1739714804404 159.31548819455085 330
1739714804408 159.28362085187467 331
1739714804412 159.2517600046332 332
1739714804416 159.21990565145842 333
1739714804420 159.1880577909823 334
1739714804424 159.1562164218374 335
1739714804428 159.1243815426565 336
1739714804432 159.09255315207258 337
1739714804437 159.06073124871912 338
1739714804441 159.0289158312297 339
1739714804445 158.99710689823846 340
1739714804449 158.96530444837958 341
1739714804453 158.93350848028768 342
1739714804457 158.9017189925977 343
1739714804461 158.8699359839449 344
1739714804466 158.83815945296482 345
1739714804470 158.8063893982932 346
1739714804474 158.77462581856628 347
1739714804478 158.74286871242046 348
1739714804482 158.71111807849255 349
1739714804486 158.67937391541957 350
1739714804490 158.64763622183892 351
1739714804494 158.61590499638825 352
1739714804497 158.58418023770565 353
1739714804501 158.5524619444293 354
1739714804505 158.5207501151978 355
1739714804510 158.48904474865012 356
1739714804513 158.4573458434255 357
1739714804518 158.42565339816338 358
1739714804522 158.39396741150358 359
1739714804526 158.36228788208635 360
1739714804530 158.33061480855199 361
1739714804534 158.29894818954133 362
1739714804538 158.2672880236954 363
1739714804542 158.2356343096555 364
1739714804546 158.20398704606342 365
1739714804550 158.172346231561 366
1739714804554 158.14071186479055 367
1739714804558 158.1090839443947 368
1739714804562 158.0774624690163 369
1739714804566 158.04584743729853 370
1739714804570 158.0142388478849 371
1739714804574 157.98263669941917 372
1739714804577 157.95104099054555 373
1739714804581 157.91945171990832 374
1739714804585 157.88786888615226 375
1739714804589 157.8562924879224 376
1739714804593 157.824722523864 377
1739714804597 157.7931589926228 378
1739714804601 157.76160189284468 379
1739714804605 157.73005122317585 380
1739714804614 157.6985069822629 381
1739714804618 157.6669691687526 382
1739714804622 157.6354377812922 383
1739714804625 157.60391281852907 384
1739714804630 157.57239427911108 385
1739714804633 157.5408821616862 386
1739714804637 157.50937646490283 387
1739714804641 157.47787718740963 388
1739714804645 157.4463843278556 389
1739714804649 157.41489788489002 390
1739714804653 157.38341785716247 391
1739714804657 157.3519442433228 392
1739714804661 157.32047704202125 393
1739714804665 157.2890162519083 394
1739714804669 157.25756187163478 395
1739714804673 157.2261138998517 396
1739714804677 157.19467233521056 397
1739714804681 157.16323717636303 398
1739714804685 157.1318084219611 399
1739714804689 157.10038607065718 400
1739714804693 157.06897012110372 401
1739714804698 157.0375605719538 402
1739714804702 157.00615742186056 403
1739714804706 156.97476066947758 404
1739714804711 156.94337031345867 405
1739714804714 156.91198635245792 406
1739714804718 156.88060878512977 407
1739714804722 156.84923761012897 408
1739714804726 156.81787282611063 409
1739714804730 156.78651443172998 410
1739714804734 156.7551624256427 411
1739714804738 156.72381680650477 412
1739714804742 156.69247757297242 413
1739714804746 156.66114472370217 414
1739714804750 156.6298182573509 415
1739714804755 156.59849817257577 416
1739714804758 156.5671844680342 417
1739714804762 156.53587714238398 418
1739714804766 156.5045761942832 419
1739714804770 156.4732816223901 420
1739714804774 156.44199342536345 421
1739714804778 156.41071160186218 422
1739714804782 156.37943615054553 423
1739714804786 156.34816707007312 424
1739714804790 156.31690435910474 425
1739714804794 156.28564801630063 426
1739714804798 156.2543980403212 427
1739714804801 156.22315442982728 428
1739714804805 156.19191718347992 429
1739714804809 156.16068629994044 430
1739714804813 156.12946177787052 431
1739714804817 156.0982436159322 432
1739714804821 156.06703181278766 433
1739714804825 156.0358263670996 434
1739714804829 156.00462727753074 435
1739714804833 155.97343454274437 436
1739714804837 155.9422481614039 437
1739714804841 155.91106813217317 438
1739714804846 155.8798944537162 439
1739714804850 155.84872712469732 440
1739714804854 155.81756614378128 441
1739714804858 155.78641150963304 442
1739714804862 155.75526322091787 443
1739714804866 155.72412127630128 444
1739714804870 155.69298567444926 445
1739714804874 155.6618564140279 446
1739714804878 155.6307334937037 447
1739714804881 155.59961691214343 448
1739714804885 155.56850666801415 449
1739714804889 155.53740275998322 450
1739714804893 155.50630518671832 451
1739714804897 155.4752139468874 452
1739714804901 155.44412903915878 453
1739714804905 155.4130504622009 454
1739714804909 155.38197821468285 455
1739714804913 155.35091229527356 456
1739714804917 155.31985270264258 457
1739714804921 155.28879943545974 458
1739714804925 155.25775249239499 459
1739714804929 155.22671187211878 460
1739714804933 155.19567757330168 461
1739714804937 155.1646495946147 462
1739714804941 155.13362793472905 463
1739714804946 155.10261259231635 464
1739714804949 155.07160356604837 465
1739714804954 155.04060085459733 466
1739714804958 155.0096044566356 467
1739714804962 154.97861437083597 468
1739714804966 154.9476305958715 469
1739714804970 154.91665313041543 470
1739714804974 154.8856819731415 471
1739714804978 154.8547171227236 472
1739714804984 154.82375857783595 473
1739714804989 154.79280633715314 474
1739714804994 154.76186039934993 475
1739714804998 154.73092076310144 476
1739714805002 154.6999874270831 477
1739714805006 154.66906038997067 478
1739714805011 154.63813965044014 479
1739714805015 154.6072252071678 480
1739714805019 154.57631705883028 481
1739714805023 154.54541520410444 482
1739714805027 154.51451964166756 483
1739714805031 154.48363037019706 484
1739714805035 154.45274738837077 485
1739714805040 154.4218706948668 486
1739714805044 154.39100028836353 487
1739714805048 154.36013616753962 488
1739714805052 154.32927833107405 489
1739714805056 154.29842677764606 490
1739714805060 154.26758150593537 491
1739714805064 154.23674251462168 492
1739714805068 154.20590980238524 493
1739714805072 154.1750833679065 494
1739714805076 154.1442632098662 495
1739714805079 154.11344932694544 496
1739714805083 154.08264171782548 497
1739714805087 154.05184038118804 498
1739714805092 154.02104531571504 499
