1739715746046 37.048297379619264 0
1739715746052 8.664319332528157 1
1739715746057 2.0786643666170828 2
1739715746062 0.8390303733557608 3
1739715746067 0.22167698879360842 4
1739715746072 0.22696215564724903 5
1739715746077 0.20445231184400176 6
1739715746082 0.1538287292816814 7
1739715746087 0.15255801649190362 8
1739715746091 0.13111272201000526 9
1739715746096 0.2034287678693826 10
1739715746100 0.17189318458958452 11
1739715746105 0.12674349269703966 12
1739715746109 0.13765507671941615 13
1739715746115 0.14996338584272337 14
1739715746119 0.20897352593247318 15
1739715746124 0.18549463015265005 16
1739715746129 0.27362243046561546 17
1739715746133 0.21634016788305813 18
1739715746138 0.2550105267557259 19
1739715746143 0.1548792611650536 20
1739715746147 0.19303735765486407 21
1739715746152 0.22118489516324932 22
1739715746156 0.15978735885779158 23
1739715746161 0.1746917705709263 24
1739715746165 0.2081314262811618 25
1739715746170 0.21386811803301797 26
1739715746175 0.16395913489006533 27
1739715746179 0.1842095179130816 28
1739715746184 0.14949454419679312 29
1739715746189 0.17893732426124553 30
1739715746193 0.14205439718642332 31
1739715746198 0.36842577797423853 32
1739715746202 0.18282046482069675 33
1739715746208 0.247665106219653 34
1739715746212 0.18440825153606413 35
1739715746217 0.17177797433481712 36
1739715746222 0.3143694121190678 37
1739715746227 0.2401885877053276 38
1739715746232 0.30905051880474704 39
1739715746236 0.23406399138216502 40
1739715746242 0.1880787516291517 41
1739715746247 0.16388539933668073 42
1739715746251 0.3583629372459291 43
1739715746256 0.174261424295116 44
1739715746261 0.16720224020927282 45
1739715746266 0.16961421610682292 46
1739715746271 0.16981005209897032 47
1739715746276 0.17822633878607153 48
1739715746280 0.2040850275112747 49
1739715746285 0.2739221102189953 50
1739715746290 0.3513817919211368 51
1739715746294 0.19097467647702634 52
1739715746299 0.1580691512450247 53
1739715746304 0.196914966974112 54
1739715746308 0.15891646672133808 55
1739715746313 0.13796408882118993 56
1739715746318 0.2017846084131379 57
1739715746323 0.25194629051331996 58
1739715746327 0.14069261833248578 59
1739715746332 0.1563515041670854 60
1739715746336 0.22589338259062713 61
1739715746341 0.1245890674906186 62
1739715746346 0.14681922781499485 63
1739715746350 0.3038171473520139 64
1739715746355 0.1450523186564639 65
1739715746360 0.15737316166256896 66
1739715746365 0.2641226373122093 67
1739715746370 0.2280571135044161 68
1739715746374 0.18695574062958512 69
1739715746379 0.15624658741857098 70
1739715746383 0.29815295833559746 71
1739715746387 0.248961404232325 72
1739715746392 0.2148719198771994 73
1739715746396 0.18850461280952438 74
1739715746401 0.1585966338760514 75
1739715746406 0.15386035717359298 76
1739715746411 0.21251342200265763 77
1739715746416 0.24906054110821274 78
1739715746421 0.17286251082205342 79
1739715746425 0.2413600280492942 80
1739715746430 0.13420689273773834 81
1739715746434 0.20921208647658418 82
