1739718862076 80.23783321017507 0
1739718862104 40.739578044972276 1
1739718862132 20.225215360158607 2
1739718862160 10.510366765185044 3
1739718862188 1.677065028271502 4
1739718862216 3.675815067783756 5
1739718862243 1.4342664361374236 6
1739718862271 0.7205803832593204 7
1739718862299 0.12966372663518883 8
1739718862326 0.24923224049698686 9
1739718862353 0.034577349655994696 10
1739718862380 0.1440883985098374 11
1739718862406 0.138424873418128 12
1739718862432 0.0008820314105737801 13
1739718862458 0.2639761071544812 14
1739718862485 0.2348499589121462 15
1739718862512 0.2508011227717889 16
1739718862539 0.000742903215279501 17
1739718862590 0.07019021967325462 18
1739718862620 0.19921738404527578 19
1739718862648 0.23618511046949123 20
1739718862678 0.2190256944863712 21
1739718862707 0.0022428348378994755 22
1739718862736 0.14056061405643241 23
1739718862765 0.06517024302446844 24
1739718862793 0.0432748096296376 25
1739718862822 0.02577450542444382 26
1739718862851 0.01961300702289949 27
1739718862878 1.0798914038235132 28
1739718862905 0.16570500913063763 29
1739718862932 0.055531997613933445 30
1739718862959 0.39894800047663265 31
1739718862985 0.006403458853710474 32
1739718863012 0.010100426943245493 33
1739718863041 4.3974315467759155e-06 34
1739718863069 0.002363745492469584 35
1739718863096 0.46313029700122443 36
1739718863123 0.06058979340319795 37
1739718863150 0.04160310907237923 38
1739718863176 0.06332731735820528 39
1739718863203 0.0009266829612992778 40
1739718863230 0.0009763614702750791 41
1739718863257 0.041192637248620136 42
1739718863287 0.10380716434953632 43
1739718863314 0.14655934866910222 44
1739718863341 0.31567281393611407 45
1739718863369 0.13694724547915918 46
1739718863397 1.097224030534766 47
1739718863424 0.03908301428150574 48
1739718863452 0.016688229289063397 49
1739718863479 0.0010262021819673782 50
1739718863507 0.004578273691725139 51
1739718863534 0.19187327802563117 52
1739718863563 0.0030513454263778952 53
1739718863592 0.005944481207673244 54
1739718863621 0.06044941136316508 55
1739718863648 0.016708025325751514 56
1739718863676 0.021168156169331508 57
1739718863704 0.658007259876477 58
1739718863731 0.15079697989037597 59
1739718863760 0.014248945707962564 60
1739718863788 0.001678256819908005 61
1739718863816 3.512284560816318e-08 62
1739718863843 0.04762499750399381 63
1739718863871 0.0012242403492143696 64
1739718863899 0.00926681810771092 65
1739718863926 0.04830666966981656 66
1739718863953 0.038201836216999685 67
1739718863981 0.4937734852242747 68
1739718864008 0.05208786614144914 69
1739718864036 0.1711956409044767 70
1739718864064 0.0887994120632069 71
1739718864092 0.011481490108651668 72
1739718864122 3.9619608530393855e-05 73
1739718864150 0.010680433319498401 74
1739718864179 0.0009223666030294719 75
1739718864207 0.39455378071626535 76
1739718864234 0.0022800079643149032 77
1739718864262 0.02658339540950799 78
1739718864290 0.08935909321594683 79
1739718864318 0.21526755506020817 80
1739718864347 0.13224854627450525 81
1739718864374 0.04772957041060483 82
1739718864402 0.03611479986222154 83
1739718864430 0.0002851272830999792 84
1739718864457 0.22395989886135234 85
1739718864484 0.005839817605086654 86
1739718864511 0.0033685004249770396 87
1739718864538 0.008005575574032175 88
1739718864565 0.055679099165985214 89
1739718864592 0.000980464155112941 90
1739718864619 0.0051255310425580135 91
1739718864646 0.03519273856269757 92
1739718864672 0.00012583851431959594 93
1739718864699 0.7665361413195211 94
1739718864726 0.021457133663405934 95
1739718864757 0.04606077713010292 96
1739718864786 0.6459095459764054 97
1739718864815 0.17299440411026867 98
1739718864843 0.007025193917829951 99
1739718864871 0.33673228308794806 100
1739718864900 0.38894540762876034 101
1739718864928 0.009399488020392569 102
1739718864957 0.11150319946692669 103
1739718864985 2.5346827587156757e-05 104
1739718865013 0.10320471878745736 105
1739718865041 0.49281627339874123 106
1739718865069 0.00036872326797525185 107
1739718865096 0.054044721040717565 108
1739718865123 0.02044047445810145 109
1739718865150 0.02639851905433454 110
1739718865178 0.20424719101430555 111
1739718865205 0.10061232767398222 112
1739718865231 0.4504841050289789 113
1739718865258 0.28710878810920415 114
1739718865286 0.006316041641468586 115
1739718865312 0.032614767893270766 116
1739718865339 0.024290269696401523 117
1739718865366 0.035701593667972466 118
1739718865394 0.5668285263215944 119
1739718865421 0.005720755480389552 120
1739718865449 0.16228228240319617 121
1739718865478 0.8783439946627698 122
1739718865506 0.23930724489261346 123
1739718865533 0.31456116010781154 124
1739718865560 0.053568493668593814 125
1739718865587 0.15658291106027275 126
1739718865614 0.02129504744229579 127
1739718865641 0.2528073107298926 128
1739718865667 0.02323004531441865 129
1739718865694 0.07227058884890698 130
1739718865721 0.004643575037361261 131
1739718865747 0.13370909812768897 132
1739718865774 0.008881968472102684 133
1739718865800 0.13109184997019657 134
1739718865827 0.005766931229770263 135
1739718865856 0.005025263950393223 136
1739718865884 0.14860746086331922 137
1739718865911 0.03521539032311333 138
1739718865937 0.04033415270866466 139
1739718865963 0.16789101989416325 140
1739718865990 0.015574017811914179 141
1739718866017 0.001182381897281557 142
1739718866043 0.18256262580464824 143
1739718866070 0.026193190947823113 144
1739718866096 0.0009275373310563174 145
1739718866122 0.0007780114882498221 146
1739718866149 0.02518112560072705 147
1739718866176 0.08276040030178669 148
1739718866203 0.19469747671654924 149
1739718866230 0.1208188311200538 150
1739718866257 0.036574624315721956 151
1739718866284 0.07093545345602965 152
1739718866311 0.3293714174477239 153
1739718866337 0.0029754363480372623 154
1739718866364 0.009616389062228461 155
1739718866390 0.69581372908767 156
1739718866417 0.014098368402527935 157
1739718866444 0.12856495628476472 158
1739718866471 0.014706371307864603 159
1739718866498 0.024552197289334866 160
1739718866524 0.0009490531264693522 161
1739718866551 0.010945479441220188 162
1739718866577 0.16164905615303976 163
1739718866604 0.48866193809969644 164
1739718866632 1.1017179607168386 165
1739718866660 0.0004722338652118091 166
1739718866688 0.004071575018755403 167
1739718866715 8.907156184830064e-08 168
1739718866742 0.06710349448482895 169
1739718866768 0.1862866142025311 170
1739718866795 0.014873401686960518 171
1739718866822 0.09818613077216283 172
1739718866849 0.026947091283980387 173
1739718866876 0.03343507846014896 174
1739718866903 0.008876682608619546 175
1739718866930 0.09668025214886568 176
1739718866957 0.011403004967980137 177
1739718866984 0.03162610095033722 178
1739718867012 0.00040517966862943923 179
1739718867039 0.02622452844397991 180
1739718867066 0.059923195250601476 181
1739718867093 0.005674044013997747 182
1739718867120 0.13400225157651272 183
1739718867147 0.00443920663021593 184
1739718867173 0.04640798984119999 185
1739718867200 0.14871321483448566 186
1739718867227 0.00978335924686849 187
1739718867255 0.31979985643000414 188
1739718867284 0.004347826289024101 189
1739718867312 0.01047722049767185 190
1739718867339 0.021859586994663522 191
1739718867368 0.018378099715286467 192
1739718867395 0.40141898911142343 193
1739718867423 0.002698136381298392 194
1739718867450 0.004157008652152593 195
1739718867479 0.3386683711747918 196
1739718867507 0.0017887352495746381 197
1739718867534 0.019382020507488655 198
1739718867562 0.1888349928864486 199
1739718867589 0.018681442656709638 200
1739718867616 0.004093796453615917 201
1739718867643 0.19756244175009813 202
1739718867670 0.2619278669357153 203
1739718867697 0.07739835419238361 204
1739718867724 0.018789470446660943 205
1739718867751 0.16388726416508048 206
1739718867778 0.00015610936123774125 207
1739718867806 0.011026354285827574 208
1739718867833 0.003564137751092433 209
1739718867861 3.625422608694476e-05 210
1739718867888 4.55955187835205e-05 211
1739718867915 0.0006219898167729156 212
1739718867943 0.0009775495885342485 213
1739718867970 0.01598844300355853 214
1739718867996 0.0012589046874145664 215
1739718868023 0.5071511088601988 216
1739718868051 0.001990314417285686 217
1739718868077 0.06496862616444879 218
1739718868104 0.4036880590852627 219
1739718868131 0.21463514011040297 220
1739718868158 0.051533670345201996 221
1739718868185 0.1386208334206387 222
1739718868212 0.41222634506797345 223
1739718868239 0.46493721486110856 224
1739718868265 0.01488620814153431 225
1739718868292 0.010769868130390456 226
1739718868319 0.1219536462011804 227
1739718868346 0.07617754894486964 228
1739718868372 0.010799059563266407 229
1739718868398 0.029422371856407004 230
1739718868425 0.16970562898480426 231
1739718868452 0.005667173995437112 232
1739718868478 0.05166324253625873 233
1739718868505 0.002235344303531862 234
1739718868532 0.11124340713122202 235
1739718868558 0.7359762327268446 236
1739718868584 0.05010313267326125 237
1739718868611 1.0591558310807292 238
1739718868638 0.0022616336280338297 239
1739718868664 0.05871595332292971 240
1739718868690 0.691873593182566 241
1739718868717 0.02819058711413407 242
1739718868744 0.003418242486550056 243
1739718868770 0.1023334305742033 244
1739718868796 0.00037180158311594106 245
1739718868823 0.17592387901673276 246
1739718868849 0.0172491248763764 247
1739718868875 0.1895666538977503 248
1739718868902 0.09331779654315583 249
1739718868929 0.2773208083019556 250
1739718868955 0.28680156184496874 251
1739718868982 0.4555024218637595 252
1739718869008 0.00832331579630808 253
1739718869035 0.30252321903873225 254
1739718869063 0.26953793858848024 255
1739718869105 0.2894156037779822 256
1739718869139 0.06855645290134878 257
1739718869167 0.00025000062992198947 258
1739718869195 0.0032380108238347 259
1739718869223 0.017164734901363412 260
1739718869250 0.009017066465252802 261
1739718869278 0.027360430171005895 262
1739718869304 0.4022580363094495 263
1739718869331 0.1694827926546555 264
1739718869358 0.0978919486892483 265
1739718869385 0.034082797879557265 266
1739718869413 0.7047014262448972 267
1739718869441 0.008852389122909036 268
1739718869468 0.03130582679415947 269
1739718869494 1.0816732142626568 270
1739718869522 0.07882342014704503 271
1739718869548 0.009956847287192507 272
1739718869574 0.026363396569338112 273
1739718869601 0.007321056129944591 274
1739718869629 0.05599959697408857 275
1739718869657 0.34139260330944476 276
1739718869684 0.19398862410231485 277
1739718869712 0.06299189036507163 278
1739718869739 0.00015774370344294358 279
1739718869765 0.020302558442773535 280
1739718869792 0.05574806367790577 281
1739718869819 0.288593527165317 282
1739718869846 0.06016756593562487 283
1739718869872 0.1965696425572397 284
1739718869899 0.17175839345036886 285
1739718869926 0.06308230646040588 286
1739718869953 0.011546380296214707 287
1739718869980 0.06022628774283613 288
1739718870006 0.01584718100558507 289
1739718870033 0.11937056947783407 290
1739718870059 0.0007512693677662514 291
1739718870086 0.031995219873967196 292
1739718870113 0.0013979795055636339 293
1739718870140 0.0025123898828909447 294
1739718870166 0.0058353004619711435 295
1739718870193 0.07682677733635458 296
1739718870219 0.08572533431264943 297
1739718870246 0.02845265686594198 298
1739718870273 0.00507578566639036 299
1739718870300 0.00019053202501645525 300
1739718870327 0.5549218045033464 301
1739718870354 0.016324256673948392 302
1739718870380 0.021706046541912015 303
1739718870407 0.09753477726473965 304
1739718870433 0.012437036001716816 305
1739718870460 7.804352746060326e-05 306
1739718870487 0.016735951379665492 307
1739718870514 0.06782048052484212 308
1739718870541 0.3294669895088975 309
1739718870567 0.1414553524912063 310
1739718870594 0.07999932126144552 311
1739718870621 0.0007816368026567105 312
1739718870647 0.0035697227472076707 313
1739718870674 0.17163609230037505 314
1739718870700 0.005106787318556557 315
1739718870727 0.0007908896801269494 316
1739718870754 0.21989655869981456 317
1739718870781 0.0523324120068134 318
1739718870807 0.10281130146791452 319
1739718870834 0.029954358420725618 320
1739718870861 0.037744911295510705 321
1739718870887 0.4568441916319294 322
1739718870914 0.18666709570456685 323
1739718870941 0.0009260357420696798 324
1739718870967 0.03582884680181864 325
1739718870994 0.019176866799010504 326
1739718871021 0.06890440264831751 327
1739718871048 0.39377127186321237 328
1739718871075 0.07019309806623633 329
1739718871102 0.03317643617277139 330
1739718871130 0.0018713983772159074 331
1739718871158 0.03405159058090832 332
1739718871185 0.002840887606855599 333
1739718871217 0.13061515627418077 334
1739718871247 0.01142869817801774 335
1739718871275 0.08449142648870314 336
1739718871305 2.1828781917339923 337
1739718871333 0.7021433318093051 338
1739718871363 0.08114728017234986 339
1739718871392 0.18020839097010657 340
1739718871425 0.49002060732903113 341
1739718871455 0.18601152323770012 342
1739718871484 0.013220217452988863 343
1739718871515 0.0329326778196392 344
1739718871548 0.16180566552735412 345
1739718871577 0.017212479204066048 346
1739718871605 0.032879513712905914 347
1739718871634 0.048691662848151296 348
1739718871662 0.06399630983248361 349
1739718871690 0.0102807308395258 350
1739718871718 0.19085765789286227 351
1739718871746 0.13711206994272662 352
1739718871774 0.021880216050804965 353
1739718871802 0.026048670868893068 354
1739718871830 0.2195145876430184 355
1739718871858 0.23322057778230346 356
1739718871886 0.0996820236021731 357
1739718871914 0.3173727735822645 358
1739718871942 0.34076262873911656 359
1739718871969 0.41891346352680275 360
1739718871996 0.17776612020330798 361
1739718872023 0.00026267687919588546 362
1739718872050 0.012716478039593896 363
1739718872076 0.44601754860410847 364
1739718872102 0.004806978713567826 365
1739718872129 0.003404680323555033 366
1739718872156 0.19438980876812617 367
1739718872183 0.01391701951019616 368
1739718872209 0.04026755261749396 369
1739718872236 0.17234649643594602 370
1739718872263 0.4334045627818092 371
1739718872290 0.10046978198493349 372
1739718872316 0.003952283349569331 373
1739718872344 0.00029585475751702357 374
1739718872371 0.2524112403712668 375
1739718872398 0.0029310127470273837 376
1739718872426 0.2657965059951403 377
1739718872456 0.02013388293214207 378
1739718872486 0.4702437057448537 379
1739718872515 0.07764652533128934 380
1739718872544 0.00024914686394134615 381
1739718872572 0.036071550520935046 382
1739718872601 0.06993581122283204 383
1739718872629 0.17500282532525335 384
1739718872657 0.00557806832310588 385
1739718872685 0.015664307615392038 386
1739718872712 0.1306156347638688 387
1739718872739 0.3712598654461735 388
1739718872766 0.6010372926348923 389
1739718872793 0.0012440106869510666 390
1739718872821 0.1501557335150287 391
1739718872849 0.008328200056438017 392
1739718872876 0.0036986882046880177 393
1739718872903 0.015661177318896328 394
1739718872929 0.3219047079371429 395
1739718872956 0.001799718014998634 396
1739718872983 0.020004207554355394 397
1739718873010 0.010938556326130604 398
1739718873036 0.2626677988223281 399
1739718873063 0.054693006753331705 400
1739718873090 0.2873480816246615 401
1739718873117 0.0047572613730326495 402
1739718873144 0.6593627322365004 403
1739718873171 0.0022839577222555493 404
1739718873198 0.16388516975461315 405
1739718873226 0.046765751446828825 406
1739718873254 0.04743410471358444 407
1739718873282 0.007453855189416499 408
1739718873313 0.009940971848342197 409
1739718873350 0.7406040766046171 410
1739718873378 0.01642922397252244 411
1739718873406 0.026267564619634573 412
1739718873434 0.047217525812042596 413
1739718873462 0.1551782356706882 414
1739718873491 0.10097333596225916 415
1739718873519 0.2521118551450945 416
1739718873547 0.0032357334098955166 417
1739718873575 0.0947553303449972 418
1739718873631 0.008389051677121695 419
1739718873661 0.00013312870935041003 420
1739718873689 0.06565917003725452 421
1739718873717 0.0668280047579484 422
1739718873745 0.06853594232796643 423
1739718873773 0.08015984979908489 424
1739718873800 0.03388548786146539 425
1739718873828 0.008026793939631882 426
1739718873856 1.0600813268554765 427
1739718873884 0.39953703043776195 428
1739718873912 0.17407907031066153 429
1739718873940 0.351705394674092 430
1739718873969 0.07198510057559346 431
1739718873997 0.006486846033825051 432
1739718874025 0.274940581509432 433
1739718874053 0.1333478054934078 434
1739718874082 0.008567833732023543 435
1739718874109 0.01482316365715487 436
1739718874137 0.129916856160648 437
1739718874165 0.011487044830302315 438
1739718874193 0.00023586914556232355 439
1739718874220 0.0005067656463182532 440
1739718874247 0.3535031119355556 441
1739718874275 0.029921350931408405 442
1739718874301 0.022646958022367332 443
1739718874328 0.0640220280020552 444
1739718874355 0.02525763923306521 445
1739718874382 0.006854325470709143 446
1739718874409 0.0003356374300560316 447
1739718874436 0.038561957493789024 448
1739718874470 0.0004932506915762588 449
1739718874498 0.04764501500113627 450
1739718874527 0.26028550447294474 451
1739718874557 1.0931942704019075 452
1739718874585 0.00467716336213115 453
1739718874613 0.027040205962292677 454
1739718874641 0.0006951981783772607 455
1739718874669 0.020958887412211125 456
1739718874697 0.0015831135154033384 457
1739718874725 7.052997262181077e-05 458
1739718874753 0.011294854677166934 459
1739718874781 0.14513092004174233 460
1739718874809 0.0012015206175592212 461
1739718874836 0.07462886669736066 462
1739718874863 0.013097186230329634 463
1739718874889 0.0016541684876319647 464
1739718874916 2.8627142842561752e-05 465
1739718874942 0.1774421440855146 466
1739718874969 0.02650483104943176 467
1739718874996 0.06170642117658534 468
1739718875023 0.0887796480855867 469
1739718875050 0.016150069607378328 470
1739718875077 0.16648085181259903 471
1739718875104 0.07005583623899954 472
1739718875130 0.025742258610860828 473
1739718875157 0.21650025029365383 474
1739718875183 0.0853739558423774 475
1739718875210 0.03285340891794185 476
1739718875236 0.4341224884791105 477
1739718875263 0.026061170415531038 478
1739718875291 0.16110817370673272 479
1739718875319 0.03807738226073538 480
1739718875345 0.6581334488225353 481
1739718875374 0.00031175657564619586 482
1739718875401 0.11726326358627193 483
1739718875428 0.05713971883585959 484
1739718875455 0.04757932141856227 485
1739718875483 0.019353134324897103 486
1739718875510 0.492738075398669 487
1739718875537 0.3173970110159621 488
1739718875563 0.04203040307567991 489
1739718875590 0.11668728199644554 490
1739718875616 0.002235618892253211 491
1739718875643 0.23249972204046718 492
1739718875670 0.17720884974570464 493
1739718875697 0.03695999751097244 494
1739718875723 0.009653034181351935 495
1739718875750 0.1767683415781884 496
1739718875779 0.0016270083747732752 497
1739718875806 0.002523360876573802 498
1739718875834 0.05178217295498303 499
