1739716345898 150.67346794639633 0
1739716345905 126.09200008707498 1
1739716345911 108.03455566082307 2
1739716345917 95.05213770510872 3
1739716345922 85.4872308674613 4
1739716345928 74.14927862222189 5
1739716345933 64.96071902378311 6
1739716345938 56.4588650458958 7
1739716345943 49.2654031750592 8
1739716345949 46.251703567738694 9
1739716345955 39.865753624958266 10
1739716345961 36.06601168086457 11
1739716345967 30.51234941614114 12
1739716345972 28.32490349277009 13
1739716345978 25.443917874868365 14
1739716345983 23.223990711254537 15
1739716345988 21.00274255048794 16
1739716345994 18.849713080442655 17
1739716345999 17.293604325946077 18
1739716346005 16.051763021435335 19
1739716346010 14.868882004257715 20
1739716346015 13.46115841951888 21
1739716346020 12.487139722524308 22
1739716346025 12.064396127175415 23
1739716346029 11.17247451106926 24
1739716346034 10.515053075581083 25
1739716346039 9.94647748517498 26
1739716346044 9.270253631904591 27
1739716346049 8.782418715975368 28
1739716346054 8.387027929495877 29
1739716346059 8.078474164186767 30
1739716346064 8.26635495133585 31
1739716346069 7.311369732081819 32
1739716346074 7.054229582097476 33
1739716346079 7.240664173663094 34
1739716346085 6.915077907178045 35
1739716346091 6.569330217636403 36
1739716346096 6.717587337020151 37
1739716346102 6.407304714952176 38
1739716346107 6.5449029046609475 39
1739716346113 6.335483278177742 40
1739716346118 5.786673804166898 41
1739716346123 5.946829702136888 42
1739716346128 5.897319771484723 43
1739716346134 5.504806849350151 44
1739716346139 5.55939772763278 45
1739716346143 5.440912905480729 46
1739716346148 5.436278242636006 47
1739716346154 5.511465830030676 48
1739716346160 5.446842648472833 49
1739716346166 5.438925784897049 50
1739716346171 5.0711994112727234 51
1739716346177 5.087558762633474 52
1739716346182 4.916367715627974 53
1739716346188 4.733202764364402 54
1739716346200 5.112445587877555 55
1739716346207 4.859781221185695 56
1739716346213 5.325632069727291 57
1739716346218 4.9827936283701035 58
1739716346223 5.343006585474472 59
1739716346228 5.135861923329801 60
1739716346233 5.067108968636865 61
1739716346238 5.3073535498614115 62
1739716346243 4.92890032307674 63
1739716346250 4.791235074898084 64
1739716346257 4.574398385262445 65
1739716346262 5.199443871940966 66
1739716346268 4.631696002789912 67
1739716346275 5.144984734796388 68
1739716346281 5.003727400715685 69
1739716346289 5.129808277884581 70
1739716346301 4.877568389571549 71
1739716346308 5.027400742010236 72
1739716346314 5.208177720108717 73
1739716346319 4.719597135393445 74
1739716346325 4.894603582518953 75
1739716346330 4.777838440314491 76
1739716346335 4.643024791905941 77
1739716346340 4.4300175358474005 78
1739716346345 4.609135234872896 79
1739716346350 5.501097583442852 80
1739716346356 4.569138764120529 81
1739716346361 4.654999156077996 82
1739716346366 4.713655543566657 83
1739716346371 4.6238795190065956 84
1739716346376 4.583401554529489 85
1739716346381 4.9284113334372615 86
1739716346386 5.043319084333916 87
1739716346391 4.811988669851757 88
1739716346396 4.880293713277351 89
1739716346401 4.718772595524633 90
1739716346406 5.3724040413598955 91
1739716346410 4.723773193096849 92
1739716346415 4.77553782011527 93
1739716346420 4.978723242403144 94
1739716346425 4.693184922832361 95
1739716346430 4.621945221581568 96
1739716346435 5.09329528213718 97
1739716346440 5.064901143806707 98
1739716346450 4.860421215364307 99
1739716346456 4.689067521393474 100
1739716346461 5.032691018591985 101
1739716346466 4.612272079610898 102
1739716346471 5.019619759848261 103
1739716346476 4.768036145844256 104
1739716346481 4.880398184006282 105
1739716346486 4.968958373132116 106
1739716346491 4.5273691742583875 107
1739716346497 4.868443766971971 108
1739716346502 5.197873443196181 109
1739716346507 4.905825910999447 110
1739716346512 4.489986378593509 111
1739716346517 4.937197333733827 112
1739716346522 4.753714522590846 113
1739716346527 4.661348125232078 114
