1739715320142 166.9781759113338 0
1739715320147 166.69066857012348 1
1739715320151 166.37146362463653 2
1739715320155 166.0432598300761 3
1739715320160 165.7128680510057 4
1739715320165 165.38233087335706 5
1739715320169 165.05226002825603 6
1739715320173 164.72283789896377 7
1739715320178 164.39411804049854 8
1739715320182 164.06611535431603 9
1739715320187 163.73883314621906 10
1739715320191 163.412271245368 11
1739715320195 163.08642844046935 12
1739715320200 162.76130321077383 13
1739715320204 162.43689394541352 14
1739715320208 162.1131990092096 15
1739715320213 161.7902167624123 16
1739715320217 161.46794556661737 17
1739715320221 161.1463837865348 18
1739715320225 160.82552979051326 19
1739715320230 160.50538195069043 20
1739715320234 160.18593864303224 21
1739715320238 159.86719824733768 22
1739715320242 159.54915914723384 23
1739715320246 159.23181973016818 24
1739715320250 158.91517838739955 25
1739715320255 158.5992335139891 26
1739715320259 158.2839835087913 27
1739715320263 157.96942677444454 28
1739715320268 157.65556171736227 29
1739715320272 157.34238674772376 30
1739715320276 157.029900279465 31
1739715320280 156.71810073026978 32
1739715320285 156.40698652156033 33
1739715320289 156.09655607848882 34
1739715320293 155.78680782992788 35
1739715320297 155.47774020846182 36
1739715320301 155.16935165037793 37
1739715320305 154.8616405956569 38
1739715320310 154.55460548796472 39
1739715320314 154.24824477464313 40
1739715320318 153.94255690670113 41
1739715320322 153.63754033880608 42
1739715320327 153.33319352927478 43
1739715320331 153.02951494006473 44
1739715320336 152.72650303676545 45
1739715320340 152.42415628858953 46
1739715320345 152.12247316836408 47
1739715320349 151.82145215252189 48
1739715320353 151.5210917210929 49
1739715320358 151.22139035769533 50
1739715320362 150.92234654952716 51
1739715320366 150.62395878735762 52
1739715320371 150.3262255655182 53
1739715320375 150.02914538189455 54
1739715320379 149.7327167379175 55
1739715320383 149.43693813855498 56
1739715320387 149.1418080923029 57
1739715320391 148.8473251111772 58
1739715320395 148.55348771070516 59
1739715320407 148.26029440991675 60
1739715320411 147.9677437313366 61
1739715320415 147.67583420097526 62
1739715320420 147.38456434832096 63
1739715320425 147.09393270633115 64
1739715320429 146.8039378114242 65
1739715320433 146.5145782034711 66
1739715320438 146.22585242578708 67
1739715320442 145.9377590251234 68
1739715320447 145.6502965516588 69
1739715320451 145.3634635589918 70
1739715320457 145.077258604132 71
1739715320461 144.79168024749188 72
1739715320466 144.50672705287892 73
1739715320470 144.22239758748722 74
1739715320475 143.93869042188936 75
1739715320479 143.65560413002828 76
1739715320484 143.3731372892092 77
1739715320488 143.09128848009155 78
1739715320492 142.81005628668075 79
1739715320496 142.52943929632048 80
1739715320500 142.2494360996842 81
1739715320504 141.9700452907676 82
1739715320508 141.6912654668802 83
1739715320512 141.41309522863776 84
1739715320516 141.135533179954 85
1739715320520 140.85857792803284 86
1739715320524 140.58222808336046 87
1739715320528 140.30648225969745 88
1739715320533 140.03133907407081 89
1739715320537 139.7567971467662 90
1739715320541 139.4828551013201 91
1739715320545 139.2095115645119 92
1739715320550 138.93676516635622 93
1739715320553 138.66461454009516 94
1739715320557 138.39305832219029 95
1739715320562 138.12209515231524 96
1739715320566 137.85172367334772 97
1739715320570 137.581942531362 98
1739715320574 137.31275037562108 99
1739715320579 137.04414585856912 100
1739715320583 136.77612763582385 101
1739715320587 136.5086943661687 102
1739715320591 136.24184471154544 103
1739715320596 135.9755773370466 104
1739715320600 135.7098909109076 105
1739715320604 135.44478410449952 106
1739715320608 135.18025559232146 107
1739715320612 134.91630405199302 108
1739715320616 134.6529281642467 109
1739715320620 134.39012661292057 110
1739715320624 134.12789808495077 111
1739715320628 133.86624127036407 112
1739715320632 133.60515486227038 113
1739715320636 133.3446375568554 114
1739715320640 133.08468805337324 115
1739715320645 132.82530505413908 116
1739715320649 132.56648726452167 117
1739715320653 132.30823339293622 118
1739715320657 132.0505421508369 119
1739715320661 131.79341225270957 120
1739715320666 131.53684241606467 121
1739715320670 131.2808313614297 122
1739715320674 131.02537781234213 123
1739715320678 130.77048049534224 124
1739715320683 130.5161381399657 125
1739715320687 130.26234947873652 126
1739715320691 130.00911324715997 127
1739715320696 129.75642818371512 128
1739715320700 129.50429302984807 129
1739715320705 129.2527065299645 130
1739715320709 129.00166743142285 131
1739715320713 128.75117448452698 132
1739715320717 128.50122644251934 133
1739715320722 128.25182206157365 134
1739715320726 128.00296010078816 135
1739715320730 127.75463932217842 136
1739715320734 127.50685849067035 137
1739715320738 127.25961637409327 138
1739715320743 127.01291174317294 139
1739715320747 126.76674337152454 140
1739715320751 126.5211100356458 141
1739715320755 126.27601051491013 142
1739715320759 126.03144359155961 143
1739715320764 125.7874080506982 144
1739715320768 125.54390268028483 145
1739715320772 125.30092627112656 146
1739715320776 125.05847761687177 147
1739715320780 124.81655551400331 148
1739715320784 124.57515876183173 149
1739715320789 124.33428616248851 150
1739715320793 124.0939365209193 151
1739715320797 123.85410864487706 152
1739715320801 123.61480134491552 153
1739715320805 123.3760134343823 154
1739715320809 123.13774372941234 155
1739715320813 122.8999910489211 156
1739715320817 122.66275421459795 157
1739715320822 122.42603205089961 158
1739715320826 122.1898233850433 159
1739715320830 121.95412704700033 160
1739715320834 121.71894186948938 161
1739715320838 121.48426668797002 162
1739715320842 121.25010034063601 163
1739715320847 121.01644166840886 164
1739715320851 120.78328951493121 165
1739715320855 120.5506427265604 166
1739715320859 120.31850015236185 167
1739715320863 120.08686064410271 168
1739715320867 119.85572305624524 169
1739715320872 119.62508624594047 170
1739715320876 119.39494907302169 171
1739715320880 119.16531039999812 172
1739715320884 118.93616909204829 173
1739715320888 118.70752401701391 174
1739715320893 118.47937404539331 175
1739715320897 118.25171805033513 176
1739715320902 118.02455490763205 177
1739715320907 117.79788349571426 178
1739715320911 117.57170269564337 179
1739715320915 117.34601139110592 180
1739715320920 117.12080846840728 181
1739715320924 116.8960928164652 182
1739715320928 116.67186332680366 183
1739715320932 116.4481188935466 184
1739715320937 116.22485841341172 185
1739715320941 116.00208078570427 186
1739715320945 115.77978491231072 187
1739715320950 115.55796969769284 188
1739715320954 115.33663404888127 189
1739715320958 115.11577687546959 190
1739715320962 114.89539708960808 191
1739715320967 114.67549360599752 192
1739715320972 114.45606534188327 193
1739715320976 114.23711121704905 194
1739715320980 114.01863015381089 195
1739715320984 113.80062107701109 196
1739715320989 113.58308291401218 197
1739715320993 113.36601459469087 198
1739715320997 113.149415051432 199
1739715321001 112.93328321912266 200
1739715321006 112.71761803514606 201
1739715321010 112.50241843937563 202
1739715321015 112.28768337416908 203
1739715321019 112.07341178436236 204
1739715321024 111.85960261726393 205
1739715321028 111.6462548226486 206
1739715321033 111.43336735275182 207
1739715321037 111.22093916226366 208
1739715321041 111.00896920832308 209
1739715321046 110.79745645051196 210
1739715321051 110.58639985084928 211
1739715321055 110.37579837378532 212
1739715321060 110.16565098619584 213
1739715321064 109.95595665737628 214
1739715321068 109.74671435903596 215
1739715321073 109.53792306529232 216
1739715321077 109.32958175266513 217
1739715321081 109.12168940007086 218
1739715321085 108.91424498881676 219
1739715321089 108.70724750259535 220
1739715321094 108.5006959274785 221
1739715321098 108.29458925191203 222
1739715321102 108.08892646670971 223
1739715321107 107.88370656504787 224
1739715321111 107.67892854245956 225
1739715321116 107.47459139682904 226
1739715321120 107.27069412838618 227
1739715321125 107.06723573970065 228
1739715321129 106.86421523567667 229
1739715321133 106.66163162354702 230
1739715321137 106.45948391286791 231
1739715321142 106.25777111551302 232
1739715321146 106.0564922456683 233
1739715321150 105.85564631982623 234
1739715321155 105.65523235678037 235
1739715321159 105.45524937761995 236
1739715321165 105.25569640572418 237
1739715321169 105.05657246675709 238
1739715321174 104.85787658866172 239
1739715321180 104.65960780165497 240
1739715321185 104.46176513822198 241
1739715321190 104.26434763311082 242
1739715321195 104.06735432332701 243
1739715321200 103.87078424812823 244
1739715321205 103.67463644901879 245
1739715321209 103.47890996974446 246
1739715321213 103.28360385628694 247
1739715321218 103.0887171568586 248
1739715321222 102.89424892189714 249
1739715321226 102.70019820406037 250
1739715321231 102.50656405822073 251
1739715321236 102.31334554146011 252
1739715321241 102.12054171306463 253
1739715321247 101.92815163451924 254
1739715321252 101.73617436950258 255
1739715321256 101.54460898388172 256
1739715321261 101.35345454570684 257
1739715321265 101.16271012520625 258
1739715321271 100.97237479478098 259
1739715321275 100.78244762899959 260
1739715321279 100.5929277045932 261
1739715321285 100.40381410045005 262
1739715321290 100.21510589761068 263
1739715321295 100.02680217926248 264
1739715321299 99.83890203073474 265
1739715321303 99.65140453949354 266
1739715321308 99.46430879513655 267
1739715321312 99.2776138893881 268
1739715321316 99.09131891609397 269
1739715321321 98.90542297121632 270
1739715321325 98.71992515282884 271
1739715321329 98.53482456111144 272
1739715321333 98.35012029834544 273
1739715321337 98.16581146890844 274
1739715321343 97.9818971792694 275
1739715321351 97.79837653798356 276
1739715321357 97.61524865568755 277
1739715321362 97.4325126450944 278
1739715321367 97.25016762098852 279
1739715321371 97.0682127002209 280
1739715321376 96.88664700170409 281
1739715321380 96.7054696464073 282
1739715321385 96.52467975735142 283
1739715321390 96.34427645960429 284
1739715321394 96.16425888027575 285
1739715321398 95.98462614851269 286
1739715321402 95.80537739549433 287
1739715321407 95.62651175442724 288
1739715321416 95.44802836054068 289
1739715321421 95.26992635108151 290
1739715321426 95.09220486530972 291
1739715321430 94.91486304449336 292
1739715321435 94.73790003190388 293
1739715321439 94.56131497281132 294
1739715321444 94.38510701447959 295
1739715321448 94.20927530616163 296
1739715321452 94.03381899909479 297
1739715321457 93.858737246496 298
1739715321461 93.6840292035571 299
1739715321465 93.50969402744012 300
1739715321470 93.33573087727262 301
1739715321475 93.16213891414296 302
1739715321479 92.98891730109565 303
1739715321483 92.81606520312671 304
1739715321487 92.64358178717897 305
1739715321491 92.4714662221375 306
1739715321495 92.29971767882495 307
1739715321499 92.12833532999686 308
1739715321503 91.95731835033727 309
1739715321508 91.78666591645388 310
1739715321512 91.61637720687362 311
1739715321516 91.44645140203801 312
1739715321521 91.27688768429867 313
1739715321525 91.10768523791273 314
1739715321529 90.93884324903827 315
1739715321533 90.77036090572979 316
1739715321538 90.60223739793379 317
1739715321542 90.43447191748417 318
1739715321547 90.26706365809777 319
1739715321551 90.10001181536988 320
1739715321555 89.93331558676978 321
1739715321559 89.76697417163624 322
1739715321564 89.60098677117314 323
1739715321568 89.43535258844506 324
1739715321573 89.27007082837261 325
1739715321578 89.10514069772834 326
1739715321583 88.9405614051321 327
1739715321588 88.7763321610468 328
1739715321594 88.61245217777387 329
1739715321599 88.44892066944901 330
1739715321603 88.28573685203779 331
1739715321607 88.12289994333125 332
1739715321611 87.9604091629416 333
1739715321616 87.79826373229791 334
1739715321620 87.63646287464175 335
1739715321625 87.47500581502285 336
1739715321629 87.31389178029491 337
1739715321633 87.15311999911111 338
1739715321638 86.99268970192011 339
1739715321643 86.8326001209615 340
1739715321647 86.67285049026172 341
1739715321651 86.51344004562976 342
1739715321656 86.35436802465287 343
1739715321660 86.19563366669244 344
1739715321665 86.03723621287965 345
1739715321670 85.87917490611137 346
1739715321674 85.72144899104592 347
1739715321679 85.5640577140989 348
1739715321684 85.4070003234389 349
1739715321688 85.25027606898355 350
1739715321692 85.09388420239517 351
1739715321697 84.9378239770767 352
1739715321701 84.78209464816756 353
1739715321705 84.62669547253947 354
1739715321709 84.47162570879246 355
1739715321714 84.31688461725062 356
1739715321718 84.16247145995804 357
1739715321722 84.00838550067486 358
1739715321726 83.8546260048729 359
1739715321731 83.70119223973192 360
1739715321735 83.54808347413531 361
1739715321739 83.39529897866618 362
1739715321743 83.24283802560328 363
1739715321747 83.09069988891694 364
1739715321751 82.93888384426515 365
1739715321756 82.78738916898939 366
1739715321760 82.63621514211079 367
1739715321765 82.48536104432603 368
1739715321769 82.33482615800344 369
1739715321773 82.18460976717896 370
1739715321777 82.0347111575522 371
1739715321781 81.88512961648253 372
1739715321786 81.73586443298508 373
1739715321790 81.58691489772681 374
1739715321794 81.43828030302267 375
1739715321798 81.28995994283156 376
1739715321803 81.14195311275249 377
1739715321807 80.99425911002076 378
1739715321811 80.84687723350395 379
1739715321815 80.69980678369802 380
1739715321820 80.55304706272364 381
1739715321824 80.4065973743221 382
1739715321829 80.26045702385169 383
1739715321833 80.11462531828359 384
1739715321837 79.9691015661983 385
1739715321841 79.8238850777817 386
1739715321845 79.67897516482121 387
1739715321849 79.53437114070204 388
1739715321854 79.39007232040339 389
1739715321858 79.2460780204947 390
1739715321861 79.10238755913174 391
1739715321866 78.95900025605305 392
1739715321871 78.81591543257596 393
1739715321876 78.67313241159306 394
1739715321881 78.5306505175683 395
1739715321885 78.38846907653335 396
1739715321889 78.24658741608384 397
1739715321894 78.10500486537563 398
1739715321898 77.96372075512119 399
1739715321903 77.82273441758579 400
1739715321907 77.68204518658395 401
1739715321911 77.54165239747562 402
1739715321915 77.4015553871626 403
1739715321920 77.26175349408496 404
1739715321924 77.12224605821719 405
1739715321929 76.98303242106469 406
1739715321933 76.84411192566013 407
1739715321938 76.70548391655984 408
1739715321943 76.56714773984015 409
1739715321947 76.42910274309382 410
1739715321951 76.29134827542634 411
1739715321956 76.15388368745258 412
1739715321960 76.01670833129299 413
1739715321964 75.87982156057004 414
1739715321968 75.74322273040482 415
1739715321973 75.60691119741334 416
1739715321978 75.47088631970303 417
1739715321982 75.3351474568692 418
1739715321986 75.19969396999157 419
1739715321991 75.0645252216306 420
1739715321995 74.92964057582418 421
1739715321999 74.79503939808397 422
1739715322004 74.66072105539197 423
1739715322008 74.52668491619704 424
1739715322012 74.39293035041138 425
1739715322016 74.25945672940709 426
1739715322021 74.12626342601277 427
1739715322025 73.99334981450994 428
1739715322029 73.8607152706297 429
1739715322033 73.72835917154924 430
1739715322037 73.59628089588847 431
1739715322041 73.46447982370648 432
1739715322045 73.33295533649836 433
1739715322050 73.20170681719144 434
1739715322054 73.07073365014233 435
1739715322058 72.94003522113316 436
1739715322062 72.8096109173684 437
1739715322067 72.67946012747146 438
1739715322071 72.54958224148126 439
1739715322076 72.41997665084901 440
1739715322080 72.29064274843468 441
1739715322085 72.16157992850387 442
1739715322089 72.03278758672428 443
1739715322093 71.9042651201626 444
1739715322097 71.77601192728095 445
1739715322101 71.64802740793377 446
1739715322105 71.5203109633645 447
1739715322109 71.39286199620217 448
1739715322114 71.26567991045826 449
1739715322118 71.13876411152334 450
1739715322122 71.01211400616378 451
1739715322126 70.88572900251869 452
1739715322130 70.75960851009634 453
1739715322135 70.6337519397712 454
1739715322139 70.50815870378061 455
1739715322144 70.3828282157215 456
1739715322148 70.25775989054722 457
1739715322153 70.13295314456442 458
1739715322158 70.00840739542964 459
1739715322162 69.88412206214626 460
1739715322167 69.76009656506135 461
1739715322172 69.63633032586232 462
1739715322176 69.51282276757392 463
1739715322180 69.38957331455498 464
1739715322184 69.26658139249528 465
1739715322189 69.1438464284124 466
1739715322193 69.02136785064855 467
1739715322197 68.89914508886747 468
1739715322202 68.77717757405134 469
1739715322207 68.65546473849753 470
1739715322212 68.53400601581565 471
1739715322216 68.41280084092429 472
1739715322221 68.2918486500481 473
1739715322226 68.1711488807145 474
1739715322231 68.05070097175076 475
1739715322236 67.9305043632808 476
1739715322241 67.8105584967223 477
1739715322246 67.69086281478336 478
1739715322250 67.57141676145977 479
1739715322254 67.45221978203173 480
1739715322259 67.3332713230609 481
1739715322265 67.21457083238735 482
1739715322270 67.09611775912659 483
1739715322274 66.97791155366642 484
1739715322278 66.85995166766413 485
1739715322283 66.74223755404326 486
1739715322287 66.62476866699083 487
1739715322293 66.50754446195415 488
1739715322297 66.39056439563801 489
1739715322302 66.2738279260016 490
1739715322307 66.15733451225557 491
1739715322311 66.04108361485915 492
1739715322316 65.92507469551701 493
1739715322321 65.8093072171765 494
1739715322326 65.69378064402471 495
1739715322330 65.57849444148533 496
1739715322334 65.46344807621604 497
1739715322339 65.34864101610525 498
1739715322344 65.23407273026952 499
