1739718112456 86.28218955833923 0
1739718112483 34.422094482486436 1
1739718112509 19.986690022683877 2
1739718112535 7.974374538317825 3
1739718112561 6.425702555079138 4
1739718112588 3.29735771191936 5
1739718112616 2.8609921132176424 6
1739718112644 0.9098387067831132 7
1739718112671 0.9183484026694635 8
1739718112698 0.039620589132067466 9
1739718112726 0.22087478483174044 10
1739718112753 0.01650709921505861 11
1739718112780 0.36253380660218504 12
1739718112806 0.5947311802198851 13
1739718112831 1.2494132664536617 14
1739718112858 0.026097381942965233 15
1739718112884 0.057638032718699626 16
1739718112910 0.049445600843536996 17
1739718112936 0.04113503956332887 18
1739718112961 0.10477640772885341 19
1739718112987 0.015816751897198344 20
1739718113013 0.20625883727794314 21
1739718113039 0.004778936309223236 22
