1739717949919 87.28973536192095 0
1739717949948 47.18486437861608 1
1739717949977 20.282935253164887 2
1739717950006 12.720405845214271 3
1739717950034 6.266369314398631 4
1739717950061 10.124523182321386 5
1739717950090 7.614817876142105 6
1739717950119 5.433658143622601 7
1739717950147 2.7085554615114007 8
1739717950174 3.8683537369238867 9
1739717950200 4.796337160488204 10
1739717950227 4.647801497311323 11
1739717950253 4.648782849811273 12
1739717950280 3.3757619659079654 13
1739717950308 5.980771912784782 14
1739717950335 3.835742352232351 15
1739717950362 3.0349829090580838 16
1739717950389 5.943387432893282 17
1739717950416 6.901178980635231 18
1739717950443 2.5890177473689153 19
1739717950469 5.22864755231964 20
1739717950496 4.267760547746435 21
1739717950523 5.125071867866871 22
1739717950552 5.935234695394312 23
1739717950581 4.506847408619432 24
1739717950610 5.773585841331578 25
1739717950638 1.7550309986066481 26
1739717950666 5.468918860821629 27
1739717950694 3.286491063483842 28
1739717950723 5.329588848353803 29
1739717950752 6.04945114745516 30
1739717950780 5.999142390307577 31
1739717950808 4.85122561951861 32
1739717950835 4.953375950144275 33
1739717950863 1.2781605808807912 34
1739717950890 5.68554594193204 35
1739717950917 6.8511577185194 36
1739717950943 5.7050954302637304 37
1739717950971 5.616311066056915 38
1739717950999 6.266401647413747 39
1739717951025 4.531676358496698 40
1739717951052 3.4503112707377976 41
