1739715182097 169.81533596875286 0
1739715182103 169.489831632116 1
1739715182108 169.1304551073651 2
1739715182114 168.76316477499847 3
1739715182119 168.39563933160045 4
1739715182124 168.03006026948125 5
1739715182130 167.6669669370704 6
1739715182135 167.30641447976876 7
1739715182140 166.94832078937165 8
1739715182145 166.59257000048686 9
1739715182150 166.23904297233761 10
1739715182155 165.88762590605978 11
1739715182160 165.53821244269642 12
1739715182165 165.19070384304933 13
1739715182170 164.84500862698877 14
1739715182175 164.50104208282968 15
1739715182181 164.15872576745403 16
1739715182186 163.81798703106384 17
1739715182191 163.47875857458916 18
1739715182196 163.14097804018365 19
1739715182200 162.8045876331179 20
1739715182205 162.4695337728859 21
1739715182210 162.13576677132383 22
1739715182215 161.80324053565568 23
1739715182220 161.47191229452784 24
1739715182225 161.1417423452406 25
1739715182230 160.81269382052392 26
1739715182235 160.48473247333368 27
1739715182241 160.1578264782641 28
1739715182246 159.83194624828178 29
1739715182251 159.50706426558762 30
1739715182256 159.18315492550758 31
1739715182261 158.86019439239809 32
1739715182266 158.5381604666318 33
1739715182271 158.21703246180235 34
1739715182276 157.8967910913539 35
1739715182282 157.57741836390434 36
1739715182287 157.2588974865865 37
1739715182292 156.9412127757857 38
1739715182298 156.62434957470083 39
1739715182304 156.30829417719963 40
1739715182312 155.99303375748056 41
1739715182319 155.6785563050932 42
1739715182324 155.36485056490153 43
1739715182333 155.05190598160877 44
1739715182339 154.7397126484914 45
1739715182346 154.42826126001785 46
1739715182352 154.11754306805202 47
1739715182357 153.8075498413655 48
1739715182362 153.4982738282041 49
1739715182369 153.18970772167378 50
1739715182374 152.88184462772864 51
1739715182380 152.57467803556267 52
1739715182385 152.26820179021922 53
1739715182390 151.96241006724986 54
1739715182396 151.6572973492643 55
1739715182402 151.35285840422839 56
1739715182408 151.0490882653751 57
1739715182413 150.74598221260692 58
1739715182418 150.44353575527492 59
1739715182424 150.14174461623023 60
1739715182430 149.8406047170513 61
1739715182436 149.5401121643576 62
1739715182441 149.24026323712738 63
1739715182446 148.9410543749434 64
1739715182451 148.6424821670969 65
1739715182456 148.34454334248443 66
1739715182462 148.04723476023864 67
1739715182466 147.75055340103705 68
1739715182472 147.45449635903793 69
1739715182477 147.15906083439737 70
1739715182483 146.8642441263223 71
1739715182488 146.57004362662084 72
1739715182494 146.27645681371257 73
1739715182499 145.98348124706396 74
1739715182505 145.6911145620181 75
1739715182510 145.39935446498887 76
1739715182515 145.10819872899347 77
1739715182520 144.81764518949723 78
1739715182525 144.52769174054885 79
1739715182530 144.23833633118372 80
1739715182535 143.94957696207666 81
1739715182540 143.66141168242495 82
1739715182545 143.37383858704547 83
1739715182550 143.08685581367027 84
1739715182555 142.80046154042606 85
1739715182560 142.51465398348444 86
1739715182565 142.2294313948703 87
1739715182569 141.9447920604177 88
1739715182575 141.66073429786186 89
1739715182580 141.37725645505787 90
1739715182585 141.09435690831745 91
1739715182590 140.81203406085478 92
1739715182595 140.5302863413342 93
1739715182600 140.2491122025121 94
1739715182605 139.968510119967 95
1739715182610 139.68847859091122 96
1739715182615 139.4090161330783 97
1739715182620 139.13012128368166 98
1739715182625 138.85179259843866 99
1739715182630 138.5740286506564 100
1739715182635 138.2968280303742 101
1739715182640 138.02018934355962 102
1739715182645 137.74411121135398 103
1739715182650 137.46859226936405 104
1739715182655 137.19363116699728 105
1739715182660 136.91922656683636 106
1739715182666 136.64537714405253 107
1739715182671 136.37208158585295 108
1739715182676 136.09933859096145 109
1739715182682 135.82714686912945 110
1739715182687 135.55550514067582 111
1739715182692 135.2844121360533 112
1739715182697 135.0138665954398 113
1739715182703 134.7438672683533 114
1739715182708 134.47441291328877 115
1739715182713 134.20550229737503 116
1739715182718 133.93713419605143 117
1739715182723 133.66930739276222 118
1739715182728 133.40202067866784 119
1739715182733 133.13527285237186 120
1739715182738 132.8690627196632 121
1739715182743 132.60338909327166 122
1739715182748 132.3382507926372 123
1739715182753 132.07364664369084 124
1739715182758 131.80957547864753 125
1739715182763 131.54603613580983 126
1739715182769 131.2830274593815 127
1739715182774 131.020548299291 128
1739715182779 130.75859751102396 129
1739715182784 130.49717395546386 130
1739715182790 130.23627649874115 131
1739715182794 129.97590401208953 132
1739715182800 129.71605537170964 133
1739715182805 129.45672945863927 134
1739715182810 129.19792515862983 135
1739715182814 128.93964136202894 136
1739715182819 128.68187696366886 137
1739715182824 128.42463086275953 138
1739715182829 128.16790196278737 139
1739715182834 127.9116891714186 140
1739715182839 127.65599140040676 141
1739715182843 127.40080756550482 142
1739715182848 127.14613658638136 143
1739715182853 126.89197738654005 144
1739715182858 126.63832889324341 145
1739715182863 126.38519003743944 146
1739715182869 126.13255975369175 147
1739715182874 125.88043698011266 148
1739715182880 125.62882065829933 149
1739715182885 125.37770973327235 150
1739715182890 125.12710315341734 151
1739715182895 124.87699987042869 152
1739715182900 124.62739883925595 153
1739715182906 124.37829901805208 154
1739715182911 124.12969936812426 155
1739715182916 123.88159885388646 156
1739715182921 123.63399644281384 157
1739715182926 123.38689110539934 158
1739715182932 123.14028181511159 159
1739715182937 122.89416754835477 160
1739715182942 122.64854728442988 161
1739715182947 122.40342000549765 162
1739715182952 122.1587846965427 163
1739715182957 121.91464034533922 164
1739715182962 121.67098594241786 165
1739715182967 121.42782048103376 166
1739715182973 121.18514295713618 167
1739715182978 120.9429523693385 168
1739715182983 120.70124771889013 169
1739715182988 120.4600280096488 170
1739715182993 120.21929224805412 171
1739715182998 119.97903944310211 172
1739715183003 119.73926860632038 173
1739715183008 119.49997875174445 174
1739715183013 119.26116889589461 175
1739715183018 119.02283805775375 176
1739715183023 118.78498525874583 177
1739715183028 118.54760952271512 178
1739715183033 118.31070987590606 179
1739715183038 118.07428534694378 180
1739715183043 117.83833496681531 181
1739715183048 117.60285776885121 182
1739715183052 117.36785278870796 183
1739715183057 117.13331906435084 184
1739715183062 116.89925563603728 185
1739715183067 116.66566154630065 186
1739715183073 116.43253583993466 187
1739715183079 116.19987756397825 188
1739715183084 115.96768576770069 189
1739715183089 115.73595950258728 190
1739715183094 115.50469782232551 191
1739715183099 115.27389978279129 192
1739715183104 115.04356444203609 193
1739715183108 114.81369086027374 194
1739715183113 114.58427809986824 195
1739715183118 114.35532522532142 196
1739715183123 114.12683130326116 197
1739715183128 113.89879540242984 198
1739715183133 113.67121659367305 199
1739715183138 113.4440939499286 200
1739715183143 113.21742654621586 201
1739715183148 112.99121345962524 202
1739715183153 112.76545376930801 203
1739715183158 112.54014655646627 204
1739715183163 112.31529090434326 205
1739715183168 112.09088589821374 206
1739715183173 111.86693062537476 207
1739715183179 111.64342417513646 208
1739715183184 111.42036563881327 209
1739715183189 111.19775410971485 210
1739715183194 110.9755886831379 211
1739715183200 110.7538684563576 212
1739715183205 110.53259252861933 213
1739715183210 110.31176000113072 214
1739715183215 110.09136997705367 215
1739715183220 109.87142156149658 216
1739715183225 109.65191386150676 217
1739715183231 109.43284598606301 218
1739715183235 109.21421704606813 219
1739715183241 108.9960261543418 220
1739715183246 108.77827242561352 221
1739715183251 108.56095497651548 222
1739715183256 108.34407292557587 223
1739715183260 108.12762539321203 224
1739715183265 107.91161150172384 225
1739715183270 107.69603037528715 226
1739715183275 107.48088113994743 227
1739715183281 107.26616292361324 228
1739715183286 107.05187485605022 229
1739715183291 106.83801606887481 230
1739715183296 106.62458569554802 231
1739715183306 106.41158287136979 232
1739715183312 106.19900673347281 233
1739715183318 105.98685642081676 234
1739715183323 105.77513107418261 235
1739715183328 105.56382983616686 236
1739715183337 105.35295185117602 237
1739715183342 105.14249626542095 238
1739715183347 104.93246222691154 239
1739715183352 104.72284888545111 240
1739715183357 104.51365539263135 241
1739715183362 104.30488090182675 242
1739715183367 104.09652456818947 243
1739715183372 103.88858554864427 244
1739715183377 103.68106300188323 245
1739715183382 103.47395608836081 246
1739715183387 103.26726397028888 247
1739715183392 103.06098581163158 248
1739715183397 102.85512077810054 249
1739715183402 102.64966803715011 250
1739715183407 102.44462675797227 251
1739715183412 102.23999611149218 252
1739715183417 102.03577527036322 253
1739715183422 101.83196340896235 254
1739715183427 101.6285597033856 255
1739715183432 101.42556333144336 256
1739715183437 101.22297347265571 257
1739715183443 101.02078930824821 258
1739715183448 100.81901002114704 259
1739715183453 100.61763479597482 260
1739715183459 100.41666281904602 261
1739715183464 100.21609327836275 262
1739715183468 100.01592536361022 263
1739715183474 99.8161582661526 264
1739715183479 99.61679117902855 265
1739715183484 99.41782329694718 266
1739715183490 99.21925381628357 267
1739715183497 99.02108193507479 268
1739715183503 98.8233068530157 269
1739715183508 98.62592777145467 270
1739715183514 98.42894389338959 271
1739715183519 98.23235442346379 272
1739715183523 98.0361585679619 273
1739715183528 97.84035553480592 274
1739715183533 97.64494453355113 275
1739715183539 97.44992477538203 276
1739715183544 97.25529547310866 277
1739715183549 97.06105584116237 278
1739715183555 96.867205095592 279
1739715183560 96.67374245406005 280
1739715183565 96.48066713583874 281
1739715183570 96.2879783618062 282
1739715183574 96.09567535444259 283
1739715183580 95.90375733782639 284
1739715183585 95.71222353763048 285
1739715183590 95.52107318111841 286
1739715183595 95.33030549714087 287
1739715183601 95.13991971613153 288
1739715183606 94.94991507010374 289
1739715183611 94.76029079264659 290
1739715183616 94.57104611892134 291
1739715183621 94.38218028565772 292
1739715183626 94.19369253115033 293
1739715183632 94.00558209525502 294
1739715183637 93.81784821938518 295
1739715183642 93.63049014650836 296
1739715183647 93.44350712114236 297
1739715183652 93.25689838935212 298
1739715183657 93.07066319874578 299
1739715183662 92.88480079847133 300
1739715183667 92.6993104392132 301
1739715183671 92.51419137318848 302
1739715183676 92.32944285414372 303
1739715183681 92.14506413735127 304
1739715183687 91.96105447960599 305
1739715183692 91.77741313922164 306
1739715183697 91.59413937602761 307
1739715183702 91.41123245136541 308
1739715183708 91.2286916280853 309
1739715183713 91.04651617054294 310
1739715183718 90.86470534459595 311
1739715183723 90.68325841760061 312
1739715183728 90.5021746584085 313
1739715183733 90.32145333736317 314
1739715183739 90.14109372629672 315
1739715183744 89.96109509852674 316
1739715183749 89.78145672885275 317
1739715183753 89.602177893553 318
1739715183759 89.42325787038136 319
1739715183764 89.24469593856375 320
1739715183769 89.06649137879515 321
1739715183774 88.88864347323624 322
1739715183779 88.71115150551029 323
1739715183784 88.53401476069973 324
1739715183790 88.35723252534315 325
1739715183795 88.18080408743204 326
1739715183799 88.00472873640756 327
1739715183805 87.82900576315744 328
1739715183810 87.65363446001274 329
1739715183815 87.4786141207448 330
1739715183820 87.30394404056202 331
1739715183825 87.12962351610672 332
1739715183830 86.95565184545208 333
1739715183836 86.78202832809906 334
1739715183841 86.60875226497306 335
1739715183846 86.43582295842124 336
1739715183851 86.2632397122091 337
1739715183856 86.09100183151739 338
1739715183861 85.91910862293939 339
1739715183866 85.7475593944775 340
1739715183872 85.57635345554043 341
1739715183877 85.40549011693996 342
1739715183882 85.23496869088812 343
1739715183887 85.06478849099406 344
1739715183892 84.89494883226111 345
1739715183897 84.72544903108358 346
1739715183903 84.5562884052441 347
1739715183908 84.38746627391045 348
1739715183914 84.21898195763248 349
1739715183919 84.05083477833942 350
1739715183924 83.8830240593367 351
1739715183929 83.71554912530313 352
1739715183935 83.54840930228787 353
1739715183940 83.3816039177076 354
1739715183945 83.21513230034348 355
1739715183950 83.0489937803384 356
1739715183955 82.88318768919396 357
1739715183960 82.7177133597675 358
1739715183965 82.55257012626946 359
1739715183971 82.38775732426024 360
1739715183976 82.22327429064751 361
1739715183981 82.05912036368318 362
1739715183986 81.89529488296075 363
1739715183991 81.73179718941232 364
1739715183996 81.56862662530573 365
1739715184001 81.40578253424184 366
1739715184007 81.24326426115161 367
1739715184012 81.08107115229333 368
1739715184017 80.91920255524978 369
1739715184022 80.75765781892552 370
1739715184027 80.59643629354386 371
1739715184032 80.43553733064445 372
1739715184037 80.27496028308008 373
1739715184042 80.11470450501427 374
1739715184047 79.95476935191822 375
1739715184052 79.79515418056829 376
1739715184057 79.63585834904306 377
1739715184062 79.47688121672066 378
1739715184067 79.3182221442761 379
1739715184072 79.15988049367839 380
1739715184077 79.00185562818805 381
1739715184081 78.84414691235405 382
1739715184086 78.68675371201151 383
1739715184091 78.52967539427861 384
1739715184096 78.37291132755419 385
1739715184101 78.21646088151486 386
1739715184106 78.06032342711254 387
1739715184111 77.90449833657149 388
1739715184116 77.74898498338591 389
1739715184121 77.59378274231715 390
1739715184126 77.4388909893911 391
1739715184132 77.28430910189546 392
1739715184137 77.13003645837719 393
1739715184142 76.97607243863996 394
1739715184147 76.82241642374116 395
1739715184152 76.66906779598966 396
1739715184157 76.51602593894326 397
1739715184162 76.36329023740556 398
1739715184167 76.21086007742389 399
1739715184172 76.05873484628637 400
1739715184177 75.90691393251959 401
1739715184182 75.75539672588577 402
1739715184188 75.6041826173804 403
1739715184193 75.45327099922957 404
1739715184198 75.30266126488736 405
1739715184203 75.1523528090334 406
1739715184208 75.00234502757023 407
1739715184214 74.85263731762068 408
1739715184219 74.70322907752562 409
1739715184224 74.55411970684108 410
1739715184229 74.40530860633595 411
1739715184234 74.25679517798937 412
1739715184239 74.10857882498817 413
1739715184244 73.96065895172457 414
1739715184249 73.81303496379336 415
1739715184254 73.66570626798965 416
1739715184259 73.51867227230639 417
1739715184264 73.37193238593163 418
1739715184269 73.22548601924626 419
1739715184274 73.0793325838216 420
1739715184278 72.9334714924166 421
1739715184283 72.78790215897571 422
1739715184288 72.64262399862639 423
1739715184293 72.49763642767638 424
1739715184298 72.35293886361157 425
1739715184303 72.20853072509345 426
1739715184308 72.06441143195654 427
1739715184313 71.9205804052063 428
1739715184318 71.77703706701627 429
1739715184323 71.63378084072598 430
1739715184328 71.49081115083848 431
1739715184334 71.34812742301783 432
1739715184341 71.20572908408676 433
1739715184346 71.06361556202434 434
1739715184351 70.92178628596332 435
1739715184356 70.78024068618832 436
1739715184361 70.63897819413278 437
1739715184366 70.49799824237698 438
1739715184371 70.35730026464563 439
1739715184376 70.21688369580542 440
1739715184381 70.07674797186273 441
1739715184386 69.93689252996127 442
1739715184392 69.79731680837962 443
1739715184397 69.65802024652915 444
1739715184402 69.51900228495145 445
1739715184407 69.38026236531607 446
1739715184412 69.24179993041818 447
1739715184417 69.1036144241763 448
1739715184422 68.96570529162999 449
1739715184427 68.82807197893752 450
1739715184432 68.69071393337344 451
1739715184437 68.55363060332658 452
1739715184442 68.41682143829739 453
1739715184447 68.28028588889602 454
1739715184452 68.14402340683966 455
1739715184456 68.00803344495064 456
1739715184461 67.8723154571539 457
1739715184466 67.73686889847478 458
1739715184472 67.6016932250368 459
1739715184477 67.4667878940594 460
1739715184482 67.3321523638556 461
1739715184487 67.19778609382985 462
1739715184492 67.06368854447587 463
1739715184497 66.9298591773741 464
1739715184502 66.79629745518983 465
1739715184507 66.66300284167069 466
1739715184513 66.52997480164474 467
1739715184518 66.39721280101782 468
1739715184522 66.26471630677166 469
1739715184527 66.13248478696175 470
1739715184532 66.00051771071479 471
1739715184537 65.86881454822674 472
1739715184543 65.73737477076057 473
1739715184548 65.60619785064408 474
1739715184553 65.47528326126775 475
1739715184558 65.34463047708239 476
1739715184563 65.21423897359725 477
1739715184567 65.08410822737756 478
1739715184572 64.95423771604258 479
1739715184577 64.82462691826339 480
1739715184582 64.69527531376063 481
1739715184586 64.5661823833025 482
1739715184591 64.43734760870244 483
1739715184597 64.30877047281724 484
1739715184602 64.1804504595446 485
1739715184607 64.05238705382132 486
1739715184612 63.924579741620875 487
1739715184617 63.79702800995147 488
1739715184624 63.66973134685396 489
1739715184629 63.54268924139947 490
1739715184634 63.41590118368769 491
1739715184640 63.28936666484444 492
1739715184645 63.1630851770197 493
1739715184650 63.03705621338552 494
1739715184655 62.91127926813393 495
1739715184661 62.78575383647477 496
1739715184666 62.66047941463377 497
1739715184671 62.535455499850315 498
1739715184676 62.41068159037552 499
