1739715335691 167.27587479691942 0
1739715335696 167.04284977667447 1
1739715335701 166.74032623846838 2
1739715335707 166.41741561395867 3
1739715335712 166.08885536514978 4
1739715335716 165.75906625057672 5
1739715335721 165.42937359610215 6
1739715335727 165.10017405663007 7
1739715335734 164.77158568239344 8
1739715335740 164.44364294328383 9
1739715335747 164.11635523685914 10
1739715335753 163.7897244408999 11
1739715335758 163.4637501792141 12
1739715335763 163.1384314013864 13
1739715335768 162.8137668567023 14
1739715335774 162.48975523632208 15
1739715335778 162.16639521592884 16
1739715335783 161.8436854685187 17
1739715335787 161.52162466823344 18
1739715335792 161.2002114915062 19
1739715335797 160.87944461740054 20
1739715335802 160.55932272770818 21
1739715335808 160.23984450697347 22
1739715335812 159.92100864249718 23
1739715335817 159.60281382433269 24
1739715335822 159.2852587452808 25
1739715335826 158.96834210088403 26
1739715335830 158.6520625894205 27
1739715335835 158.3364189118978 28
1739715335839 158.02140977204706 29
1739715335843 157.7070338763168 30
1739715335847 157.39328993386718 31
1739715335851 157.08017665656337 32
1739715335856 156.76769275897016 33
1739715335860 156.4558369583457 34
1739715335864 156.14460797463568 35
1739715335869 155.83400453046698 36
1739715335874 155.52402535114226 37
1739715335879 155.21466916463362 38
1739715335883 154.9059347015769 39
1739715335889 154.5978206952657 40
1739715335895 154.2903258816455 41
1739715335899 153.98344899930783 42
1739715335904 153.67718878948432 43
1739715335908 153.37154399604097 44
1739715335913 153.0665133654722 45
1739715335918 152.76209564689512 46
1739715335923 152.45828959204385 47
1739715335927 152.15509395526334 48
1739715335932 151.8525074935041 49
1739715335936 151.55052896631605 50
1739715335941 151.24915713584295 51
1739715335945 150.94839076681671 52
1739715335949 150.64822862655151 53
1739715335954 150.34866948493828 54
1739715335958 150.0497121144389 55
1739715335962 149.75135529008054 56
1739715335966 149.45359778945001 57
1739715335971 149.1564383926882 58
1739715335975 148.85987588248435 59
1739715335979 148.56390904407027 60
1739715335983 148.26853666521518 61
1739715335987 147.97375753621975 62
1739715335992 147.67957044991059 63
1739715335998 147.38597420163478 64
1739715336003 147.0929675892542 65
1739715336007 146.80054941314015 66
1739715336012 146.5087184761677 67
1739715336016 146.21747358371016 68
1739715336021 145.92681354363378 69
1739715336025 145.63673716629194 70
1739715336029 145.34724326452002 71
1739715336033 145.05833065362975 72
1739715336037 144.7699981514038 73
1739715336041 144.4822445780904 74
1739715336045 144.19506875639777 75
1739715336050 143.90846951148896 76
1739715336054 143.62244567097625 77
1739715336058 143.33699606491592 78
1739715336062 143.05211952580277 79
1739715336066 142.76781488856489 80
1739715336070 142.48408099055808 81
1739715336074 142.20091667156086 82
1739715336078 141.91832077376895 83
1739715336083 141.63629214179 84
1739715336087 141.35482962263833 85
1739715336091 141.07393206572957 86
1739715336096 140.79359832287557 87
1739715336101 140.51382724827906 88
1739715336105 140.23461769852824 89
1739715336109 139.95596853259198 90
1739715336114 139.67787861181415 91
1739715336118 139.40034679990868 92
1739715336123 139.12337196295437 93
1739715336127 138.84695296938958 94
1739715336132 138.57108869000726 95
1739715336136 138.29577799794956 96
1739715336141 138.02101976870296 97
1739715336145 137.746812880093 98
1739715336149 137.47315621227904 99
1739715336153 137.20004864774953 100
1739715336157 136.9274890713166 101
1739715336161 136.655476370111 102
1739715336166 136.38400943357726 103
1739715336170 136.11308715346843 104
1739715336174 135.84270842384115 105
1739715336178 135.57287214105057 106
1739715336183 135.30357720374536 107
1739715336187 135.03482251286272 108
1739715336193 134.76660697162336 109
1739715336197 134.49892948552656 110
1739715336201 134.23178896234512 111
1739715336205 133.96518431212053 112
1739715336210 133.69911444715794 113
1739715336214 133.4335782820213 114
1739715336218 133.16857473352832 115
1739715336222 132.90410272074567 116
1739715336227 132.64016116498405 117
1739715336231 132.37674898979333 118
1739715336236 132.11386512095766 119
1739715336241 131.85150848649053 120
1739715336245 131.58967801663016 121
1739715336250 131.3283726438343 122
1739715336254 131.06759130277575 123
1739715336258 130.8073329303374 124
1739715336262 130.54759646560728 125
1739715336267 130.28838084987413 126
1739715336272 130.0296850266223 127
1739715336276 129.771507941527 128
1739715336281 129.5138485424498 129
1739715336285 129.25670577943364 130
1739715336290 129.0000786046981 131
1739715336294 128.74396597263492 132
1739715336299 128.48836683980295 133
1739715336303 128.2332801649237 134
1739715336307 127.97870490887654 135
1739715336311 127.72464003469403 136
1739715336317 127.47108450755731 137
1739715336323 127.21803729479137 138
1739715336329 126.96549736586046 139
1739715336335 126.7134636923634 140
1739715336340 126.46193524802901 141
1739715336347 126.21091100871148 142
1739715336353 125.96038995238571 143
1739715336358 125.71037105914287 144
1739715336363 125.46085331118564 145
1739715336368 125.21183569282374 146
1739715336372 124.96331719046937 147
1739715336376 124.71529679263263 148
1739715336380 124.46777348991702 149
1739715336385 124.22074627501489 150
1739715336390 123.97421414270288 151
1739715336395 123.72817608983755 152
1739715336400 123.4826311153507 153
1739715336406 123.23757822024506 154
1739715336412 122.99301640758969 155
1739715336417 122.74894468251561 156
1739715336423 122.50536205221127 157
1739715336428 122.26226752591816 158
1739715336433 122.01966011492635 159
1739715336437 121.77753883257012 160
1739715336441 121.53590269422345 161
1739715336446 121.29475071729574 162
1739715336450 121.05408192122731 163
1739715336456 120.81389532748508 164
1739715336460 120.57418995955823 165
1739715336465 120.33496484295377 166
1739715336469 120.09621900519224 167
1739715336474 119.85795147580329 168
1739715336479 119.62016128632153 169
1739715336484 119.38284747028202 170
1739715336488 119.14600906321603 171
1739715336493 118.9096451026468 172
1739715336498 118.67375462808519 173
1739715336503 118.43833668102536 174
1739715336507 118.20339030494064 175
1739715336512 117.96891454527915 176
1739715336517 117.73490844945954 177
1739715336523 117.50137106686691 178
1739715336529 117.26830144884835 179
1739715336534 117.03569864870897 180
1739715336539 116.80356172170745 181
1739715336544 116.57188972505206 182
1739715336548 116.3406817178963 183
1739715336553 116.10993676133475 184
1739715336557 115.87965391839904 185
1739715336562 115.64983225405356 186
1739715336566 115.42047083519128 187
1739715336571 115.19156873062973 188
1739715336575 114.96312501110675 189
1739715336580 114.73513874927652 190
1739715336584 114.50760901970523 191
1739715336589 114.28053489886717 192
1739715336593 114.05391546514058 193
1739715336597 113.82774979880352 194
1739715336601 113.60203698202986 195
1739715336605 113.37677609888517 196
1739715336610 113.15196623532265 197
1739715336614 112.92760647917918 198
1739715336618 112.70369592017119 199
1739715336623 112.48023364989065 200
1739715336628 112.2572187618011 201
1739715336632 112.03465035123354 202
1739715336637 111.81252751538258 203
1739715336641 111.59084935330233 204
1739715336646 111.36961496590247 205
1739715336654 111.14882345594425 206
1739715336658 110.92847392803652 207
1739715336663 110.70856548863192 208
1739715336667 110.48909724602264 209
1739715336672 110.27006831033682 210
1739715336676 110.0514777935344 211
1739715336680 109.83332480940327 212
1739715336684 109.61560847355538 213
1739715336688 109.39832790342282 214
1739715336693 109.18148221825396 215
1739715336697 108.96507053910949 216
1739715336701 108.74909198885864 217
1739715336706 108.5335456921753 218
1739715336710 108.31843077553413 219
1739715336714 108.1037463672067 220
1739715336719 107.88949159725775 221
1739715336723 107.67566559754128 222
1739715336727 107.4622675016967 223
1739715336732 107.24929644514516 224
1739715336737 107.03675156508554 225
1739715336742 106.82463200049095 226
1739715336747 106.6129368921046 227
1739715336752 106.40166538243629 228
1739715336756 106.19081661575858 229
1739715336761 105.98038973810294 230
1739715336765 105.77038389725611 231
1739715336769 105.56079824275632 232
1739715336774 105.35163192588952 233
1739715336778 105.1428840996857 234
1739715336782 104.93455391891523 235
1739715336786 104.726640540085 236
1739715336791 104.5191431214349 237
1739715336795 104.31206082293399 238
1739715336799 104.10539280627688 239
1739715336803 103.89913823488007 240
1739715336808 103.6932962738783 241
1739715336812 103.48786609012082 242
1739715336816 103.28284685216774 243
1739715336820 103.0782377302865 244
1739715336824 102.87403789644824 245
1739715336828 102.67024652432397 246
1739715336832 102.46686278928118 247
1739715336837 102.26388586838017 248
1739715336841 102.06131494037041 249
1739715336845 101.859149185687 250
1739715336850 101.657387786447 251
1739715336854 101.456029926446 252
1739715336859 101.25507479115446 253
1739715336863 101.05452156771416 254
1739715336867 100.85436944493465 255
1739715336872 100.65461761328977 256
1739715336876 100.45526526491403 257
1739715336880 100.25631159359915 258
1739715336885 100.05775579479045 259
1739715336892 99.85959706558357 260
1739715336897 99.66183460472065 261
1739715336902 99.46446761258704 262
1739715336906 99.26749529120782 263
1739715336911 99.0709168442443 264
1739715336915 98.87473147699038 265
1739715336919 98.6789383963694 266
1739715336923 98.48353681093046 267
1739715336928 98.28852593084503 268
1739715336933 98.09390496790353 269
1739715336937 97.89967313551188 270
1739715336942 97.70582964868811 271
1739715336946 97.51237372405895 272
1739715336950 97.31930457985634 273
1739715336954 97.12662143591413 274
1739715336958 96.93432351366467 275
1739715336963 96.74241003613534 276
1739715336967 96.55088022794529 277
1739715336972 96.35973331530202 278
1739715336976 96.16896852599803 279
1739715336980 95.97858508940742 280
1739715336985 95.78858223648261 281
1739715336989 95.59895919975104 282
1739715336993 95.40971521331164 283
1739715336997 95.22084951283175 284
1739715337001 95.03236133554368 285
1739715337006 94.84424992024141 286
1739715337011 94.65651450727731 287
1739715337015 94.4691543385588 288
1739715337019 94.28216865754516 289
1739715337023 94.09555670924418 290
1739715337028 93.90931774020888 291
1739715337033 93.72345099853429 292
1739715337037 93.53795573385416 293
1739715337042 93.35283119733776 294
1739715337046 93.16807664168661 295
1739715337050 92.98369132113118 296
1739715337054 92.7996744914278 297
1739715337059 92.61602540985531 298
1739715337063 92.43274333521194 299
1739715337067 92.24982752781204 300
1739715337071 92.06727724948294 301
1739715337076 91.88509176356173 302
1739715337080 91.70327033489207 303
1739715337085 91.52181222982102 304
1739715337089 91.34071671619583 305
1739715337094 91.15998306336093 306
1739715337100 90.97961054215453 307
1739715337104 90.79959842490574 308
1739715337109 90.61994598543119 309
1739715337113 90.44065249903208 310
1739715337117 90.26171724249092 311
1739715337121 90.08313949406849 312
1739715337126 89.90491853350075 313
1739715337130 89.72705364199558 314
1739715337134 89.54954410222992 315
1739715337139 89.37238919834641 316
1739715337143 89.19558821595062 317
1739715337148 89.01914044210757 318
1739715337153 88.84304516533909 319
1739715337158 88.66730167562045 320
1739715337162 88.49190926437738 321
1739715337167 88.31686722448315 322
1739715337171 88.14217485025526 323
1739715337177 87.9678314374527 324
1739715337182 87.79383628327273 325
1739715337187 87.6201886863479 326
1739715337192 87.44688794674303 327
1739715337196 87.27393336595223 328
1739715337201 87.10132424689591 329
1739715337205 86.92905989391767 330
1739715337209 86.75713961278144 331
1739715337213 86.58556271066846 332
1739715337217 86.41432849617426 333
1739715337222 86.24343627930575 334
1739715337226 86.07288537147821 335
1739715337230 85.90267508551234 336
1739715337235 85.73280473563135 337
1739715337239 85.56327363745794 338
1739715337243 85.39408110801148 339
1739715337248 85.22522646570494 340
1739715337254 85.05670903034206 341
1739715337259 84.88852812311444 342
1739715337263 84.72068306659857 343
1739715337268 84.55317318475291 344
1739715337272 84.38599780291514 345
1739715337276 84.21915624779903 346
1739715337281 84.05264784749181 347
1739715337285 83.8864719314511 348
1739715337289 83.72062783050214 349
1739715337294 83.5551148768348 350
1739715337298 83.38993240400096 351
1739715337303 83.22507974691139 352
1739715337307 83.06055624183304 353
1739715337311 82.89636122638623 354
1739715337317 82.7324940395417 355
1739715337321 82.5689540216179 356
1739715337326 82.4057405142781 357
1739715337330 82.24285286052752 358
1739715337334 82.0802904047107 359
1739715337339 81.91805249250852 360
1739715337344 81.75613847093544 361
1739715337349 81.59454768833685 362
1739715337353 81.43327949438604 363
1739715337357 81.27233324008164 364
1739715337361 81.11170827774475 365
1739715337366 80.95140396101614 366
1739715337370 80.79141964485363 367
1739715337374 80.63175468552912 368
1739715337379 80.47240844062603 369
1739715337383 80.31338026903653 370
1739715337387 80.15466953095867 371
1739715337392 79.99627558789385 372
1739715337396 79.83819780264388 373
1739715337401 79.68043553930848 374
1739715337406 79.52298816328239 375
1739715337410 79.36585504125279 376
1739715337415 79.20903554119653 377
1739715337419 79.05252903237738 378
1739715337424 78.89633488534352 379
1739715337430 78.74045247192468 380
1739715337435 78.58488116522965 381
1739715337440 78.42962033964332 382
1739715337445 78.27466937082433 383
1739715337450 78.1200276357022 384
1739715337454 77.96569451247481 385
1739715337458 77.81166938060566 386
1739715337463 77.65795162082124 387
1739715337467 77.5045406151085 388
1739715337471 77.351435746712 389
1739715337476 77.19863640013153 390
1739715337481 77.0461419611194 391
1739715337485 76.89395181667776 392
1739715337490 76.74206535505603 393
1739715337494 76.59048196574841 394
1739715337499 76.43920103949107 395
1739715337504 76.28822196825976 396
1739715337508 76.13754414526719 397
1739715337512 75.98716696496028 398
1739715337517 75.83708982301783 399
1739715337521 75.68731211634784 400
1739715337525 75.53783324308482 401
1739715337530 75.38865260258757 402
1739715337534 75.23976959543626 403
1739715337539 75.09118362343013 404
1739715337543 74.94289408958484 405
1739715337548 74.79490039813001 406
1739715337552 74.6472019545066 407
1739715337557 74.49979816536448 408
1739715337561 74.35268843855987 409
1739715337566 74.20587218315278 410
1739715337571 74.05934880940464 411
1739715337575 73.91311772877567 412
1739715337579 73.76717835392242 413
1739715337584 73.62153009869535 414
1739715337588 73.47617237813618 415
1739715337592 73.33110460847567 416
1739715337597 73.18632620713088 417
1739715337601 73.04183659270288 418
1739715337605 72.89763518497419 419
1739715337609 72.7537214049064 420
1739715337614 72.61009467463768 421
1739715337618 72.46675441748026 422
1739715337623 72.32370005791817 423
1739715337627 72.18093102160462 424
1739715337631 72.03844673535973 425
1739715337636 71.89624662716791 426
1739715337641 71.7543301261757 427
1739715337645 71.61269666268906 428
1739715337649 71.47134566817117 429
1739715337658 71.33027657524002 430
1739715337663 71.1894888176659 431
1739715337668 71.0489818303691 432
1739715337673 70.90875504941744 433
1739715337678 70.76880791202397 434
1739715337682 70.62913985654457 435
1739715337687 70.48975032247553 436
1739715337692 70.35063875045125 437
1739715337698 70.21180458224183 438
1739715337702 70.07324726075072 439
1739715337707 69.93496623001239 440
1739715337711 69.79696093518996 441
1739715337715 69.65923082257288 442
1739715337720 69.52177533957456 443
1739715337724 69.3845939347301 444
1739715337728 69.2476860576939 445
1739715337733 69.11105115923735 446
1739715337738 68.97468869124653 447
1739715337742 68.83859810671989 448
1739715337747 68.702778859766 449
1739715337751 68.5672304056011 450
1739715337756 68.431952200547 451
1739715337761 68.29694370202864 452
1739715337765 68.16220436857182 453
1739715337770 68.02773365980103 454
1739715337775 67.89353103643704 455
1739715337780 67.75959596029467 456
1739715337785 67.62592789428058 457
1739715337789 67.49252630239096 458
1739715337794 67.35939064970923 459
1739715337798 67.22652040240388 460
1739715337803 67.0939150277262 461
1739715337807 66.96157399400792 462
1739715337812 66.82949677065918 463
1739715337816 66.69768282816612 464
1739715337820 66.56613163808876 465
1739715337825 66.4348426730587 466
1739715337829 66.30381540677692 467
1739715337833 66.17304931401165 468
1739715337837 66.04254387059605 469
1739715337841 65.91229855342608 470
1739715337846 65.78231284045823 471
1739715337850 65.6525862107074 472
1739715337854 65.52311814424468 473
1739715337859 65.39390812219516 474
1739715337864 65.26495562673574 475
1739715337868 65.13626014109299 476
1739715337873 65.00782114954096 477
1739715337878 64.879638137399 478
1739715337882 64.75171059102959 479
1739715337886 64.62403799783625 480
1739715337891 64.49661984626132 481
1739715337896 64.36945562578383 482
1739715337901 64.24254482691737 483
1739715337905 64.11588694120793 484
1739715337910 63.98948146123181 485
1739715337914 63.863327880593474 486
1739715337919 63.73742569392333 487
1739715337923 63.61177439687577 488
1739715337927 63.48637348612698 489
1739715337932 63.361222459372755 490
1739715337937 63.23632081532655 491
1739715337941 63.11166805371728 492
1739715337946 62.98726367528717 493
1739715337950 62.863107181789815 494
1739715337954 62.73919807598793 495
1739715337958 62.61553586165141 496
1739715337963 62.492120043555126 497
1739715337967 62.36895012747701 498
1739715337972 62.24602562019572 499
