1739714663171 169.71003452362734 0
1739714663178 169.34491955690052 1
1739714663184 168.98226703573698 2
1739714663189 168.62194763987733 3
1739714663194 168.2638415350736 4
1739714663199 167.90783765879831 5
1739714663205 167.55383306022284 6
1739714663210 167.20173229032122 7
1739714663215 166.8514468382737 8
1739714663220 166.50289461063548 9
1739714663225 166.15599945000872 10
1739714663230 165.81069069020415 11
1739714663235 165.46690274510956 12
1739714663240 165.12457472869633 13
1739714663245 164.78365010378997 14
1739714663251 164.4440763574142 15
1739714663256 164.10580470068365 16
1739714663261 163.76878979137706 17
1739714663266 163.4329894774638 18
1739714663271 163.09836455999024 19
1739714663275 162.76487857385285 20
1739714663281 162.43249758509816 21
1739714663286 162.10119000349417 22
1739714663290 161.77092640921188 23
1739714663296 161.44167939254626 24
1739714663301 161.1134234056866 25
1739714663305 160.78613462562163 26
1739714663310 160.4597908273353 27
1739714663315 160.13437126651297 28
1739714663320 159.80985657103724 29
1739714663325 159.48622864060778 30
1739714663330 159.16347055387044 31
1739714663334 158.84156648248674 32
1739714663340 158.52050161162032 33
1739714663345 158.2002620663531 34
1739714663350 157.8808348435863 35
1739714663355 157.5622077490091 36
1739714663360 157.2443693387548 37
1739714663365 156.92730886539064 38
1739714663370 156.6110162279137 39
1739714663376 156.29548192545255 40
1739714663381 155.98069701439505 41
1739714663386 155.666653068685 42
1739714663391 155.3533421430492 43
1739714663396 155.04075673893533 44
1739714663401 154.72888977295702 45
1739714663406 154.41773454765814 46
1739714663411 154.10728472442278 47
1739714663416 153.79753429837024 48
1739714663421 153.4884775750865 49
1739714663426 153.18010914905557 50
1739714663431 152.87242388366258 51
1739714663436 152.56541689265336 52
1739714663441 152.25908352293982 53
1739714663446 151.95341933865308 54
1739714663451 151.64842010634996 55
1739714663456 151.34408178128842 56
1739714663461 151.04040049469168 57
1739714663466 150.7373725419289 58
1739714663471 150.43499437154324 59
1739714663476 150.13326257506623 60
1739714663481 149.83217387755911 61
1739714663486 149.53172512882844 62
1739714663491 149.2319132952659 63
1739714663496 148.9327354522665 64
1739714663501 148.6341887771833 65
1739714663506 148.33627054277818 66
1739714663512 148.03897811113356 67
1739714663517 147.74230892799085 68
1739714663522 147.4462605174844 69
1739714663527 147.15083047724275 70
1739714663533 146.85601647382956 71
1739714663538 146.56181623850065 72
1739714663544 146.26822756325362 73
1739714663549 145.97524829714877 74
1739714663554 145.68287634288265 75
1739714663560 145.39110965359473 76
1739714663565 145.099946229892 77
1739714663569 144.80938411707453 78
1739714663574 144.51942140254812 79
1739714663579 144.23005621341142 80
1739714663584 143.94128671420378 81
1739714663590 143.65311110480354 82
1739714663596 143.3655276184653 83
1739714663602 143.07853451998727 84
1739714663607 142.79213010399857 85
1739714663613 142.50631269335858 86
1739714663618 142.22108063766078 87
1739714663624 141.93643231183282 88
1739714663629 141.65236611482743 89
1739714663634 141.3688804683966 90
1739714663639 141.0859738159442 91
1739714663644 140.8036446214511 92
1739714663649 140.52189136846812 93
1739714663655 140.24071255917207 94
1739714663660 139.96010671348017 95
1739714663665 139.68007236822004 96
1739714663669 139.40060807634978 97
1739714663675 139.12171240622644 98
1739714663680 138.8433839409185 99
1739714663685 138.56562127756 100
1739714663690 138.2884230267432 101
1739714663695 138.01178781194744 102
1739714663700 137.73571426900173 103
1739714663705 137.4602010455789 104
1739714663710 137.18524680071903 105
1739714663715 136.91085020438064 106
1739714663721 136.63700993701735 107
1739714663726 136.36372468917892 108
1739714663731 136.09099316113466 109
1739714663736 135.81881406251787 110
1739714663742 135.54718611199013 111
1739714663747 135.2761080369241 112
1739714663751 135.00557857310355 113
1739714663757 134.73559646443985 114
1739714663762 134.4661604627035 115
1739714663767 134.19726932726996 116
1739714663772 133.92892182487898 117
1739714663777 133.66111672940661 118
1739714663782 133.39385282164875 119
1739714663787 133.12712888911616 120
1739714663792 132.8609437258396 121
1739714663797 132.59529613218507 122
1739714663802 132.33018491467803 123
1739714663806 132.06560888583653 124
1739714663811 131.8015668640124 125
1739714663816 131.53805767324013 126
1739714663821 131.27508014309322 127
1739714663826 131.0126331085469 128
1739714663831 130.750715409848 129
1739714663837 130.48932589239024 130
1739714663842 130.2284634065956 131
1739714663847 129.96812680780118 132
1739714663852 129.70831495615096 133
1739714663857 129.44902671649254 134
1739714663862 129.19026095827834 135
1739714663867 128.9320165554714 136
1739714663871 128.6742923864548 137
1739714663876 128.4170873339455 138
1739714663881 128.16040028491145 139
1739714663886 127.9042301304923 140
1739714663891 127.6485757659235 141
1739714663895 127.39343609046334 142
1739714663900 127.13881000732306 143
1739714663905 126.88469642359985 144
1739714663910 126.63109425021224 145
1739714663915 126.37800240183844 146
1739714663920 126.12541979685666 147
1739714663926 125.87334535728796 148
1739714663931 125.62177800874127 149
1739714663935 125.37071668036037 150
1739714663940 125.12016030477297 151
1739714663945 124.87010781804142 152
1739714663950 124.62055815961564 153
1739714663955 124.37151027228731 154
1739714663960 124.12296310214576 155
1739714663966 123.8749155985358 156
1739714663971 123.62736671401639 157
1739714663976 123.38031540432125 158
1739714663981 123.13376062832053 159
1739714663986 122.88770134798388 160
1739714663991 122.64213652834461 161
1739714663996 122.39706513746518 162
1739714664001 122.15248614640375 163
1739714664006 121.90839852918171 164
1739714664011 121.6648012627523 165
1739714664015 121.42169332697038 166
1739714664020 121.1790737045627 167
1739714664025 120.9369413810995 168
1739714664030 120.69529534496675 169
1739714664035 120.45413458733937 170
1739714664040 120.21345810215492 171
1739714664045 119.97326488608843 172
1739714664051 119.73355393852772 173
1739714664057 119.49432426154948 174
1739714664062 119.25557485989603 175
1739714664068 119.01730474095265 176
1739714664074 118.77951291472566 177
1739714664079 118.54219839382094 178
1739714664084 118.30536019342317 179
1739714664089 118.06899733127544 180
1739714664094 117.83310882765953 181
1739714664099 117.59769370537667 182
1739714664104 117.36275098972872 183
1739714664109 117.12827970849995 184
1739714664114 116.89427889193892 185
1739714664119 116.66074757274147 186
1739714664124 116.42768478603332 187
1739714664129 116.1950895693537 188
1739714664134 115.96296096263896 189
1739714664145 115.73129800820702 190
1739714664151 115.50009975074144 191
1739714664156 115.26936523727669 192
1739714664161 115.03909351718313 193
1739714664166 114.80928364215262 194
1739714664171 114.57993466618433 195
1739714664176 114.35104564557079 196
1739714664182 114.1226156388845 197
1739714664190 113.89464370696449 198
1739714664196 113.66712891290338 199
1739714664201 113.44007032203453 200
1739714664207 113.21346700191971 201
1739714664212 112.98731802233668 202
1739714664219 112.76162245526726 203
1739714664227 112.53637937488541 204
1739714664234 112.31158785754599 205
1739714664240 112.08724698177303 206
1739714664245 111.8633558282488 207
1739714664250 111.63991347980287 208
1739714664256 111.4169190214013 209
1739714664262 111.1943715401361 210
1739714664268 110.97227012521495 211
1739714664273 110.7506138679509 212
1739714664278 110.52940186175245 213
1739714664284 110.30863320211357 214
1739714664290 110.08830698660418 215
1739714664295 109.86842231486054 216
1739714664301 109.64897828857583 217
1739714664306 109.42997401149101 218
1739714664311 109.21140858938577 219
1739714664317 108.99328113006942 220
1739714664322 108.77559074337228 221
1739714664327 108.55833654113694 222
1739714664333 108.3415176372096 223
1739714664338 108.12513314743188 224
1739714664343 107.90918218963236 225
1739714664348 107.69366388361847 226
1739714664354 107.47857735116838 227
1739714664359 107.26392171602313 228
1739714664364 107.04969610387874 229
1739714664371 106.8358996423785 230
1739714664378 106.62253146110515 231
1739714664384 106.40959069157387 232
1739714664390 106.19707646722425 233
1739714664396 105.9849879234132 234
1739714664401 105.7733241974079 235
1739714664406 105.56208442837836 236
1739714664411 105.35126775739039 237
1739714664416 105.14087332739888 238
1739714664422 104.9309002832406 239
1739714664427 104.72134777162758 240
1739714664432 104.51221494114031 241
1739714664438 104.30350094222105 242
1739714664443 104.0952049271674 243
1739714664449 103.88732605012561 244
1739714664454 103.67986346708427 245
1739714664459 103.472816335868 246
1739714664465 103.26618381613098 247
1739714664471 103.05996506935085 248
1739714664476 102.85415925882268 249
1739714664482 102.64876554965258 250
1739714664487 102.44378310875193 251
1739714664492 102.23921110483131 252
1739714664498 102.0350487083946 253
1739714664503 101.83129509173317 254
1739714664509 101.62794942891998 255
1739714664514 101.42501089580406 256
1739714664518 101.22247867000466 257
1739714664524 101.02035193090562 258
1739714664528 100.81862985965002 259
1739714664534 100.61731163913433 260
1739714664539 100.41639645400323 261
1739714664544 100.21588349064406 262
1739714664548 100.01577193718146 263
1739714664554 99.8160609834721 264
1739714664559 99.61674982109936 265
1739714664564 99.41783764336813 266
1739714664569 99.21932364529957 267
1739714664574 99.0212070236261 268
1739714664579 98.82348697678619 269
1739714664584 98.6261627049193 270
1739714664589 98.42923340986103 271
1739714664594 98.23269829513788 272
1739714664600 98.03655656596257 273
1739714664605 97.84080742922906 274
1739714664610 97.64545009350763 275
1739714664615 97.4504837690402 276
1739714664620 97.25590766773537 277
1739714664625 97.06172100316394 278
1739714664630 96.86792299055388 279
1739714664635 96.6745128467859 280
1739714664640 96.48148979038884 281
1739714664644 96.28885304153484 282
1739714664649 96.09660182203498 283
1739714664654 95.9047353553346 284
1739714664659 95.7132528665089 285
1739714664664 95.52215358225847 286
1739714664668 95.33143673090473 287
1739714664674 95.14110154238566 288
1739714664679 94.95114724825127 289
1739714664684 94.7615730816595 290
1739714664689 94.57237827737153 291
1739714664693 94.38356207174783 292
1739714664699 94.19512370274369 293
1739714664704 94.00706240990502 294
1739714664708 93.81937743436426 295
1739714664714 93.63206801883592 296
1739714664720 93.44513340761277 297
1739714664725 93.25857284656145 298
1739714664730 93.07238558311846 299
1739714664735 92.88657086628605 300
1739714664740 92.70112794662816 301
1739714664745 92.51605607626647 302
1739714664750 92.33135450887623 303
1739714664755 92.14702249968244 304
1739714664760 91.96305930545577 305
1739714664766 91.77946418450868 306
1739714664771 91.59623639669148 307
1739714664777 91.41337520338843 308
1739714664782 91.23087986751393 309
1739714664787 91.04874965350851 310
1739714664792 90.86698382733519 311
1739714664797 90.68558165647556 312
1739714664802 90.504542409926 313
1739714664807 90.32386535819397 314
1739714664812 90.14354977329414 315
1739714664816 89.9635949287448 316
1739714664821 89.78400009956408 317
1739714664826 89.60476456226625 318
1739714664831 89.4258875948581 319
1739714664836 89.2473684768352 320
1739714664841 89.06920648917838 321
1739714664846 88.89140091435002 322
1739714664851 88.71395103629047 323
1739714664857 88.53685614041453 324
1739714664863 88.36011551360781 325
1739714664868 88.18372844422323 326
1739714664873 88.00769422207753 327
1739714664878 87.8320121384476 328
1739714664883 87.65668148606717 329
1739714664888 87.48170155912325 330
1739714664893 87.30707165325269 331
1739714664897 87.13279106553865 332
1739714664902 86.95885909450732 333
1739714664906 86.78527504012433 334
1739714664911 86.61203820379156 335
1739714664916 86.43914788834351 336
1739714664921 86.26660339804418 337
1739714664926 86.09440403858355 338
1739714664931 85.92254911707418 339
1739714664936 85.75103794204823 340
1739714664941 85.57986982345369 341
1739714664946 85.40904407265138 342
1739714664950 85.23856000241163 343
1739714664956 85.06841692691094 344
1739714664961 84.89861416172877 345
1739714664966 84.7291510238443 346
1739714664971 84.56002683163314 347
1739714664976 84.39124090486423 348
1739714664981 84.22279256469658 349
1739714664987 84.05468113367598 350
1739714664992 83.88690593573205 351
1739714664997 83.71946629617489 352
1739714665001 83.55236154169194 353
1739714665006 83.385591000345 354
1739714665011 83.21915400156689 355
1739714665019 83.05304987615855 356
1739714665024 82.88727795628571 357
1739714665029 82.72183757547604 358
1739714665034 82.55672806861588 359
1739714665039 82.39194877194724 360
1739714665044 82.22749902306484 361
1739714665049 82.06337816091289 362
1739714665055 81.89958552578217 363
1739714665062 81.73612045930706 364
1739714665068 81.57298230446236 365
1739714665073 81.41017040556044 366
1739714665080 81.24768410824821 367
1739714665088 81.0855227595041 368
1739714665094 80.92368570763526 369
1739714665100 80.76217230227427 370
1739714665106 80.60098189437653 371
1739714665112 80.44011383621721 372
1739714665122 80.27956748138826 373
1739714665128 80.11934218479556 374
1739714665134 79.95943730265603 375
1739714665140 79.79985219249468 376
1739714665152 79.64058621314179 377
1739714665158 79.48163872472998 378
1739714665165 79.32300908869132 379
1739714665171 79.16469666775461 380
1739714665176 79.00670082594243 381
1739714665182 78.84902092856821 382
1739714665187 78.69165634223373 383
1739714665193 78.53460643482587 384
1739714665198 78.37787057551417 385
1739714665203 78.22144813474776 386
1739714665208 78.0653384842528 387
1739714665213 77.90954099702954 388
1739714665219 77.7540550473496 389
1739714665225 77.59888001075318 390
1739714665231 77.4440152640464 391
1739714665237 77.28946018529844 392
1739714665242 77.13521415383883 393
1739714665247 76.98127655025483 394
1739714665253 76.8276467563885 395
1739714665258 76.67432415533422 396
1739714665264 76.52130813143575 397
1739714665270 76.36859807028374 398
1739714665276 76.21619335871306 399
1739714665281 76.06409338479989 400
1739714665289 75.91229753785919 401
1739714665295 75.76080520844214 402
1739714665300 75.60961578833323 403
1739714665305 75.45872867054794 404
1739714665311 75.30814324932979 405
1739714665316 75.15785892014792 406
1739714665321 75.00787507969439 407
1739714665326 74.85819112588155 408
1739714665332 74.7088064578394 409
1739714665337 74.55972047591314 410
1739714665342 74.41093258166045 411
1739714665347 74.26244217784891 412
1739714665353 74.11424866845347 413
1739714665358 73.9663514586538 414
1739714665363 73.81874995483193 415
1739714665368 73.6714435645694 416
1739714665374 73.52443169664491 417
1739714665379 73.37771376103176 418
1739714665385 73.23128916889532 419
1739714665390 73.08515733259033 420
1739714665395 72.93931766565872 421
1739714665401 72.79376958282673 422
1739714665407 72.64851250000268 423
1739714665412 72.5035458342743 424
1739714665417 72.35886900390632 425
1739714665423 72.21448142833809 426
1739714665428 72.07038252818079 427
1739714665434 71.92657172521521 428
1739714665438 71.78304844238929 429
1739714665444 71.63981210381553 430
1739714665449 71.4968621347687 431
1739714665455 71.35419796168318 432
1739714665460 71.21181901215074 433
1739714665465 71.06972471491795 434
1739714665471 70.9279144998838 435
1739714665476 70.7863877980974 436
1739714665481 70.64514404175533 437
1739714665486 70.50418266419952 438
1739714665492 70.36350309991454 439
1739714665497 70.22310478452545 440
1739714665502 70.08298715479538 441
1739714665507 69.94314964862293 442
1739714665513 69.80359170504013 443
1739714665518 69.66431276420984 444
1739714665523 69.52531226742344 445
1739714665528 69.38658965709853 446
1739714665532 69.24814437677642 447
1739714665537 69.10997587111997 448
1739714665542 68.97208358591128 449
1739714665547 68.83446696804911 450
1739714665552 68.69712546554675 451
1739714665557 68.56005852752962 452
1739714665563 68.423265604233 453
1739714665568 68.28674614699982 454
1739714665572 68.15049960827805 455
1739714665577 68.01452544161874 456
1739714665582 67.87882310167352 457
1739714665587 67.74339204419235 458
1739714665592 67.6082317260213 459
1739714665597 67.47334160510027 460
1739714665602 67.33872114046073 461
1739714665607 67.20436979222323 462
1739714665612 67.0702870215955 463
1739714665616 66.93647229086999 464
1739714665621 66.80292506342167 465
1739714665626 66.6696448037057 466
1739714665631 66.53663097725536 467
1739714665637 66.40388305067968 468
1739714665642 66.27140049166135 469
1739714665647 66.13918276895429 470
1739714665653 66.00722935238164 471
1739714665658 65.87553971283347 472
1739714665663 65.7441133222646 473
1739714665668 65.61294965369234 474
1739714665673 65.48204818119427 475
1739714665678 65.3514083799063 476
1739714665683 65.22102972602019 477
1739714665688 65.09091169678145 478
1739714665692 64.96105377048731 479
1739714665697 64.83145542648435 480
1739714665702 64.70211614516653 481
1739714665707 64.57303540797285 482
1739714665713 64.44421269738541 483
1739714665719 64.31564749692697 484
1739714665725 64.18733929115909 485
1739714665730 64.05928756567994 486
1739714665735 63.93149180712198 487
1739714665740 63.80395150315002 488
1739714665745 63.67666614245902 489
1739714665750 63.5496352147721 490
1739714665755 63.42285821083811 491
1739714665760 63.296334622429946 492
1739714665765 63.17006394234214 493
1739714665770 63.04404566438884 494
1739714665776 62.9182792834018 495
1739714665783 62.79276429522817 496
1739714665788 62.667500196728554 497
1739714665794 62.54248648577473 498
1739714665799 62.4177226612478 499
