1739718848329 82.86784101093482 0
1739718848357 35.784820334942744 1
1739718848384 17.612407324014985 2
1739718848411 12.081829312834456 3
1739718848438 3.3145134357640247 4
1739718848465 2.7843053461130958 5
1739718848492 1.202743167178904 6
1739718848519 0.3237858229656602 7
1739718848546 0.9208526031261062 8
1739718848573 0.2611390706030877 9
1739718848600 0.3489075025214776 10
1739718848627 0.03916923487857578 11
1739718848655 0.1519704226592821 12
1739718848684 0.0004848705260649637 13
1739718848713 0.003802827055020282 14
1739718848742 0.03815773817398689 15
1739718848770 0.007612623996018673 16
1739718848799 0.04067713697071827 17
1739718848827 0.3304389760458588 18
1739718848856 0.12368043256536893 19
1739718848884 0.026905292151921795 20
1739718848912 0.00014286340249358847 21
1739718848939 0.026196873847370548 22
1739718848966 0.09117122307165107 23
1739718848993 0.010829902266007793 24
1739718849020 0.1416831642374157 25
1739718849048 0.134687722812916 26
1739718849076 0.01204473144930914 27
1739718849105 0.09044173532728648 28
1739718849133 0.26145807644094526 29
1739718849162 1.7519659860457744e-07 30
1739718849191 0.008451312739650814 31
1739718849220 0.00548900183855382 32
1739718849247 0.1068014227647454 33
1739718849274 0.01024604909885433 34
1739718849301 0.1265759984723689 35
1739718849327 0.0042132674852380985 36
1739718849404 0.20365633306542477 37
1739718849432 0.01003969971282503 38
1739718849461 0.1993761919542524 39
1739718849489 0.012587537049568744 40
1739718849517 0.08525986761862714 41
1739718849546 0.04764309071347338 42
1739718849574 0.013094470463576565 43
1739718849603 0.2626552305657774 44
1739718849630 0.04484901904209109 45
1739718849658 0.21677485248110892 46
1739718849686 2.5425433444921314e-05 47
1739718849714 0.06274357491074 48
1739718849743 0.009581079183261131 49
1739718849771 0.02042047197660765 50
1739718849798 0.010019026809057115 51
1739718849825 0.0007969900512779638 52
1739718849852 0.16589778175420533 53
1739718849879 0.15705616990075497 54
1739718849905 0.19381393806073857 55
1739718849932 0.001227900097430117 56
1739718849959 0.05961046472919014 57
1739718849987 0.007013920374769549 58
1739718850015 0.0002713300806712853 59
1739718850043 0.7076122646178812 60
1739718850070 0.1735397816772241 61
1739718850098 1.9138702482742707e-05 62
1739718850124 0.45762488241504273 63
1739718850151 0.16447011999076983 64
1739718850178 0.10607293953780515 65
1739718850205 0.11482831386595609 66
1739718850231 0.01426302849896628 67
1739718850258 0.04138672468908713 68
1739718850285 0.059804138850929764 69
1739718850312 0.0873624559417444 70
1739718850340 0.06884096641345099 71
1739718850368 0.01337012864952901 72
1739718850395 0.014546674603603553 73
1739718850422 0.06005425311291378 74
1739718850448 0.24408565381998962 75
1739718850475 0.025412200094444365 76
1739718850505 2.9377536843099577e-05 77
1739718850533 0.26050143468066256 78
1739718850562 0.008870327420161774 79
1739718850590 0.0016155066394939054 80
1739718850621 0.7074738236677455 81
1739718850651 0.0027685999657988147 82
1739718850680 0.23689105288573847 83
1739718850708 0.005048085947159377 84
1739718850737 0.08414754900310932 85
1739718850766 0.07167000534389391 86
1739718850795 0.24244341767113087 87
1739718850824 0.09875885948437386 88
1739718850852 0.008704462817936062 89
1739718850880 0.33549269155867917 90
1739718850908 0.011082674034890612 91
1739718850936 0.00016718401507214749 92
1739718850965 0.017616394923511233 93
1739718850994 0.015469197647541925 94
1739718851021 0.01686981818798362 95
1739718851050 0.005636115487908967 96
1739718851078 0.001181724879561326 97
1739718851107 0.11491915275426948 98
1739718851136 0.0034704210794272157 99
1739718851165 0.3133261824216674 100
1739718851192 0.19128446640817423 101
1739718851220 0.04658156972658363 102
1739718851247 0.014938638606043227 103
1739718851275 0.10935385283634433 104
1739718851301 0.01267078210080322 105
1739718851328 0.0008045467746706057 106
1739718851355 4.2062201905811634e-05 107
1739718851382 0.3062784482049874 108
1739718851409 0.3840609260715382 109
1739718851436 0.051513893941118966 110
1739718851463 0.11635326060304611 111
1739718851490 0.043877190084655904 112
1739718851516 0.28336923307509254 113
1739718851543 0.2626181508807357 114
1739718851572 0.06297387751612532 115
1739718851600 0.12104729897950008 116
1739718851628 0.05285485660477451 117
1739718851658 0.008717392186598625 118
1739718851686 0.009502655131490073 119
1739718851714 0.0023307029457936626 120
1739718851742 0.0015385544851809203 121
1739718851769 0.1440685670628003 122
1739718851795 0.15882788783083207 123
1739718851822 0.0011559015185206082 124
1739718851851 0.0028599089836748737 125
1739718851880 0.004432118015952196 126
1739718851909 0.3873581886802246 127
1739718851939 0.44129761514254756 128
1739718851968 0.012028887235089884 129
1739718851996 0.04809610560467603 130
1739718852023 0.48702677263339833 131
1739718852051 0.04005667632516787 132
1739718852079 0.0002497326273212582 133
1739718852107 0.06500362962944693 134
1739718852135 0.0226974963760648 135
1739718852163 0.0323919043473861 136
1739718852190 0.04800359827770829 137
1739718852217 0.025066933827557737 138
1739718852245 0.2886113326494275 139
1739718852274 0.0008273343085371808 140
1739718852302 0.16608309134473478 141
1739718852331 0.08095039929131426 142
1739718852360 0.045079862224937275 143
1739718852389 0.017486862505088633 144
1739718852416 0.24622207226016152 145
1739718852445 0.04479132550135796 146
1739718852473 0.05105948071460308 147
1739718852500 1.0650225054567322 148
1739718852527 0.2645069475935902 149
1739718852555 0.27404036165734547 150
1739718852582 0.07323501699592423 151
1739718852608 0.008641721816574539 152
1739718852636 0.04894523550364633 153
1739718852663 0.004478930402553339 154
1739718852690 0.12138377881607951 155
1739718852717 0.261534369058983 156
1739718852744 0.00967081796282544 157
1739718852770 0.21648435023588838 158
1739718852796 0.14416442872797197 159
1739718852826 0.24207503562632213 160
1739718852855 0.0018809720110885392 161
1739718852883 0.23879059448975365 162
1739718852911 0.004389068596577012 163
1739718852939 0.017063972703153813 164
1739718852968 0.09152322434940692 165
1739718852996 0.02692499375264262 166
1739718853026 0.0885967552506716 167
1739718853054 0.37856341281827743 168
1739718853082 0.02875444744931237 169
1739718853110 0.046852163376485165 170
1739718853137 0.062409689309219626 171
1739718853164 0.07683115070484021 172
1739718853192 0.013799078732034328 173
1739718853218 0.03246421762889225 174
1739718853244 0.013832337365080575 175
1739718853271 3.080933540491284e-05 176
1739718853298 0.03948048354187118 177
1739718853325 0.10037327077205196 178
1739718853352 0.381984820699276 179
1739718853378 0.021489500307905692 180
1739718853405 0.0035847277847973614 181
1739718853432 0.13221152342174794 182
1739718853460 0.011377526304583871 183
1739718853488 0.005579196889273738 184
1739718853515 0.19443358193964846 185
1739718853544 0.11080265926477444 186
1739718853572 0.03603098877760192 187
1739718853600 0.2657339589952983 188
1739718853627 0.16159676589604913 189
1739718853655 0.009371374626430434 190
1739718853683 0.005914854579882122 191
1739718853711 0.3016237796868093 192
1739718853737 0.03501341836936032 193
1739718853764 0.072233553325892 194
1739718853791 0.41977257141825036 195
1739718853818 0.011619097053138964 196
1739718853845 0.05030705491049538 197
1739718853872 0.028351522614944377 198
1739718853899 0.09747282253424135 199
1739718853926 0.04725521617024355 200
1739718853953 0.10805915396095062 201
1739718853980 0.3299917116961327 202
1739718854007 0.02855533281070458 203
1739718854034 0.08652523480328327 204
1739718854061 0.004028184192735607 205
1739718854088 0.02378614984763998 206
1739718854115 0.6234618667508124 207
1739718854142 0.010776195717389591 208
1739718854168 0.41284466398360226 209
1739718854196 0.008308126984611862 210
1739718854223 0.02561835322196187 211
1739718854250 0.23187812915542858 212
1739718854277 0.11748047258352569 213
1739718854304 0.2115500469683197 214
1739718854331 0.04158599719873809 215
1739718854358 0.6682955700796762 216
1739718854385 0.07265474418036871 217
1739718854411 0.12354681031097206 218
1739718854438 0.004201648193517338 219
1739718854464 0.05978154347395183 220
1739718854491 0.009874346477534178 221
1739718854518 0.02010815443747441 222
1739718854545 0.06556651240664224 223
1739718854572 0.002679714753682526 224
1739718854599 0.04513297230731281 225
1739718854626 0.013776449253568758 226
1739718854653 0.00034726435683248025 227
1739718854680 0.06001310792058806 228
1739718854707 0.0004781577925637097 229
1739718854733 0.02731931038045054 230
1739718854760 0.05866263096075732 231
1739718854789 0.05199371772259848 232
1739718854816 0.03479173827019042 233
1739718854844 0.16161059105638487 234
1739718854872 0.0011348993488657943 235
1739718854899 0.029735307419593487 236
1739718854927 0.060635320923727164 237
1739718854953 0.13735466147219152 238
1739718854980 0.02977812676235684 239
1739718855026 0.09056264879429432 240
1739718855058 0.01534428086267478 241
1739718855085 0.008340284593103958 242
1739718855113 0.00029158706809259824 243
1739718855141 0.18169619034873555 244
1739718855168 0.00023488573547937388 245
1739718855195 0.051626616352370605 246
1739718855222 0.03694665787478123 247
1739718855248 0.0006030180449397132 248
1739718855275 0.662593157720286 249
1739718855302 0.38866883333573526 250
1739718855328 0.3381334763528241 251
1739718855355 0.02798466485537038 252
1739718855382 0.006912137744667154 253
1739718855409 0.4915030554046722 254
1739718855436 0.03317376253113143 255
1739718855462 0.016441583149846232 256
1739718855489 0.025212036934027557 257
1739718855516 0.01995997561576432 258
1739718855543 0.201968422869384 259
1739718855570 0.4763945924189543 260
1739718855596 0.2779551779729093 261
1739718855623 0.2997023829209398 262
1739718855649 0.049169259874346935 263
1739718855676 0.30238609964525365 264
1739718855703 0.26703456523091756 265
1739718855730 1.0629595014093005 266
1739718855757 0.001975266186374309 267
1739718855783 0.09870943291672843 268
1739718855810 0.04711005302213935 269
1739718855837 0.08446068241857578 270
1739718855863 5.5417290761708216e-05 271
1739718855890 0.05166446180305142 272
1739718855917 0.00814572327525592 273
1739718855944 0.051521648944421114 274
1739718855970 4.1037636875984716e-05 275
1739718855997 0.0003631966437954674 276
1739718856024 0.16564554039560164 277
1739718856051 0.01954238365179512 278
1739718856077 1.0172472674827109 279
1739718856104 0.04665497747381041 280
1739718856131 0.023069025073632125 281
1739718856158 0.001974508700456092 282
1739718856184 0.036134262453419 283
1739718856211 0.5123033708382857 284
1739718856238 0.03991760514908785 285
1739718856265 0.014997131527695988 286
1739718856292 0.08591200615205037 287
1739718856319 0.03527196987094025 288
1739718856345 0.04179616375655625 289
1739718856372 0.002411311653298699 290
1739718856398 0.09946449535128603 291
1739718856425 0.10463214936899906 292
1739718856452 0.0032753058258071185 293
1739718856479 0.03625723167982979 294
1739718856506 0.2975522195431344 295
1739718856533 0.09054483616117574 296
1739718856560 0.07554110368686896 297
1739718856586 0.41717914242609605 298
1739718856613 0.018483339922870868 299
1739718856640 0.08480873513976567 300
1739718856667 0.008415786357894514 301
1739718856695 0.2508307777386886 302
1739718856722 0.0004662220954724431 303
1739718856749 0.10553196410905617 304
1739718856776 0.0009562670798951256 305
1739718856803 0.30365914998244137 306
1739718856830 0.005222267282606734 307
1739718856858 0.043874006281668515 308
1739718856884 0.1971735186102501 309
1739718856911 0.35685533863905444 310
1739718856937 0.15288946477223392 311
1739718856964 0.010378401421422385 312
1739718856991 0.17860353101612614 313
1739718857018 0.17888830932675054 314
1739718857045 0.2882251966990201 315
1739718857072 1.552502311326426 316
1739718857099 0.626956591557639 317
1739718857126 0.13940987676602024 318
1739718857153 0.1392037973727589 319
1739718857180 0.008643171979745273 320
1739718857207 0.046962664397398636 321
1739718857233 0.14572841316475166 322
1739718857260 3.7006735097424264e-06 323
1739718857288 0.3270765190455676 324
1739718857316 0.011511181453472732 325
1739718857343 0.04827310615999401 326
1739718857370 0.1330416952712095 327
1739718857398 0.03426910449587702 328
1739718857425 0.007353035769926216 329
1739718857452 0.020179735487005718 330
1739718857479 0.43256415367525547 331
1739718857506 0.044438216357024586 332
1739718857533 0.05806510659912187 333
1739718857560 0.036315118465610335 334
1739718857587 0.05860075524592251 335
1739718857613 0.0014427608415969301 336
1739718857640 0.007546146835948566 337
1739718857667 0.10252709794729863 338
1739718857693 0.280367749985962 339
1739718857721 0.07605475489196394 340
1739718857747 0.013785537480424737 341
1739718857774 0.3776341763137503 342
1739718857801 0.00363367442611429 343
1739718857828 0.1936574893589245 344
1739718857855 0.36903225732479816 345
1739718857881 0.03078128599606615 346
1739718857909 0.48527642313016556 347
1739718857936 0.003658996983080719 348
1739718857963 0.0007119130725461776 349
1739718857989 0.12874394775647274 350
1739718858017 0.6872519263877999 351
1739718858043 0.08113712849382315 352
1739718858070 0.3466408614119292 353
1739718858097 0.043156695315093356 354
1739718858124 0.01905065190473505 355
1739718858150 0.16829188403524573 356
1739718858177 0.0008107362231086752 357
1739718858204 0.1174503182262957 358
1739718858231 0.12319456444958383 359
1739718858257 0.07255397788100781 360
1739718858284 0.0007172558502914403 361
1739718858311 0.2406342373552456 362
1739718858338 0.1007634912176388 363
1739718858366 0.0030692837668655996 364
1739718858393 0.0024183747996603857 365
1739718858420 0.25624157090008637 366
1739718858447 0.06349345360359228 367
1739718858474 0.06572748434066537 368
1739718858501 0.35601191143017674 369
1739718858528 0.035934995734128804 370
1739718858555 0.20794601730745815 371
1739718858582 0.14958717632033058 372
1739718858609 0.47407180354802675 373
1739718858636 0.13851190170043418 374
1739718858662 0.10469964027733837 375
1739718858689 0.05836663672499727 376
1739718858716 0.08424348127293455 377
1739718858742 0.07215080189983795 378
1739718858769 0.029021896250568557 379
1739718858796 1.0607688311884775 380
1739718858824 0.09214316264805837 381
1739718858850 0.07306260860425444 382
1739718858877 0.1836348809253079 383
1739718858904 0.6297690603127567 384
1739718858931 0.0547677196861422 385
1739718858957 0.09704194665577048 386
1739718858984 0.026787098655789543 387
1739718859013 0.006172533645132036 388
1739718859042 0.06313782571668385 389
1739718859069 0.014820022108371632 390
1739718859098 0.0017787849625631824 391
1739718859126 0.3046755289971867 392
1739718859155 0.05733573759319039 393
1739718859182 0.5291423022676146 394
1739718859209 0.03633505819758068 395
1739718859237 0.37231212521916446 396
1739718859264 0.026725085290408127 397
1739718859290 0.01013844321636451 398
1739718859316 0.1306030004507575 399
1739718859343 0.4729594265329314 400
1739718859370 0.06725910319198798 401
1739718859397 0.3711423567318036 402
1739718859425 0.026856936310629742 403
1739718859451 0.0003339091750985385 404
1739718859477 0.08443470325621748 405
1739718859504 0.40918204060251767 406
1739718859530 0.13233705191275966 407
1739718859557 0.2608656245661599 408
1739718859584 2.3642108319143738 409
1739718859610 0.16185814829471698 410
1739718859637 0.09016140010855948 411
1739718859664 0.05727139907864416 412
1739718859691 0.015003912163164086 413
1739718859718 0.13470192253996016 414
1739718859744 0.028339308820466428 415
1739718859771 0.0014075486982787825 416
1739718859797 0.0965389454480832 417
1739718859824 0.09698094861422911 418
1739718859851 0.10057916974697761 419
1739718859878 0.060254333477095405 420
1739718859905 0.097923060930147 421
1739718859932 0.00045798013446338653 422
1739718859958 0.1706449920971343 423
1739718859985 0.011908451862313795 424
1739718860012 0.015042914912083252 425
1739718860039 0.1579912116300198 426
1739718860066 0.03488662830879478 427
1739718860093 0.11225015151746758 428
1739718860120 0.018010636755365444 429
1739718860147 8.464730444177163e-06 430
1739718860173 1.0586699818384113 431
1739718860200 6.633946182308052e-06 432
1739718860227 0.002035385081201067 433
1739718860254 0.01876683160545907 434
1739718860280 0.0019045119116521242 435
1739718860307 0.006124533504726601 436
1739718860334 0.026603068242834982 437
1739718860361 1.425003990972453 438
1739718860388 0.4814166056874668 439
1739718860415 0.023512043737427733 440
1739718860441 0.002234008090784777 441
1739718860468 0.1053892261739979 442
1739718860495 0.22615920586003066 443
1739718860521 0.05379658558398544 444
1739718860548 0.049615078853887745 445
1739718860575 0.10856024141165102 446
1739718860602 0.007896162234221252 447
1739718860629 0.003299984352109243 448
1739718860656 0.015759800469232945 449
1739718860682 0.013065431469092793 450
1739718860709 0.00023690534982236683 451
1739718860736 0.08337626401649473 452
1739718860763 0.18386907802320285 453
1739718860790 0.02252940711981566 454
1739718860818 0.007223773803755024 455
1739718860846 0.002731501543511942 456
1739718860875 0.3195268040747303 457
1739718860903 0.26715291140516667 458
1739718860933 0.033552294648928706 459
1739718860960 0.04645205382373245 460
1739718860988 0.008003749747144127 461
1739718861016 7.263389843247478e-06 462
1739718861043 0.011625702076096912 463
1739718861071 0.12232954387867583 464
1739718861099 0.20326982512741523 465
1739718861126 0.5986525233956306 466
1739718861154 0.023873703625629863 467
1739718861181 0.06439586733784819 468
1739718861208 0.0207963435115204 469
1739718861236 0.00892210289495018 470
1739718861263 0.02511757291990854 471
1739718861291 0.13495449231738119 472
1739718861320 0.03500081518061077 473
1739718861349 1.5544463334685599 474
1739718861378 0.1779141155459174 475
1739718861407 0.0598387545968289 476
1739718861436 0.1549785157860682 477
1739718861464 4.7870657078082456e-05 478
1739718861492 0.020275019843828578 479
1739718861519 0.0015331259264809987 480
1739718861546 0.0003309355389829289 481
1739718861573 0.05535438130058473 482
1739718861601 0.008952037829814992 483
1739718861628 0.04062555821104763 484
1739718861655 0.0006320053464732091 485
1739718861682 9.459398684134841e-06 486
1739718861709 0.17490863468470397 487
1739718861735 0.004101448359496908 488
1739718861762 0.0026799472195332113 489
1739718861789 0.20202850440720005 490
1739718861816 0.05374185792832351 491
1739718861843 0.02609375920613264 492
1739718861870 0.05458316760560443 493
1739718861896 0.14906713031223812 494
1739718861922 0.02627427297641085 495
1739718861949 0.2700416367070817 496
1739718861975 0.010686038949848512 497
1739718862001 0.06977551189598852 498
1739718862028 0.027094440846852447 499
