1739719005801 90.44267539693057 0
1739719005833 38.73725291717702 1
1739719005865 16.35727140995722 2
1739719005896 7.064418212759411 3
1739719005928 5.997940391433567 4
1739719005960 3.7220316525687194 5
1739719005992 1.3630977035009626 6
1739719006024 0.8516543707701189 7
1739719006056 0.5274564547807493 8
1739719006090 0.5267476042449581 9
1739719006121 0.150685986762472 10
1739719006153 0.17035571250764966 11
1739719006185 0.004119255746677478 12
1739719006217 0.0113504875391968 13
1739719006248 5.16881642249892e-05 14
1739719006280 0.011135405676040783 15
1739719006311 0.0039000057121256495 16
1739719006343 0.010144143377479858 17
1739719006374 0.47618064515281605 18
1739719006406 0.00453305766220619 19
1739719006439 0.10196939714217493 20
1739719006470 0.0005039365660466468 21
1739719006502 0.02007563272520686 22
1739719006533 0.10603472722689232 23
1739719006564 0.030173533359072895 24
1739719006595 0.07551117308324574 25
1739719006627 0.014625651132618014 26
1739719006658 0.0006213872926849589 27
1739719006690 0.05031798172275472 28
1739719006722 0.056216104350931835 29
1739719006753 0.07088947262056117 30
1739719006784 0.006473939016938053 31
1739719006815 0.09647996580842502 32
1739719006847 0.03273843914931733 33
1739719006879 0.0026135001878936346 34
1739719006910 0.003065845290484401 35
1739719006942 0.22226750511190757 36
1739719006973 0.03658727983524687 37
1739719007007 0.10736944282917107 38
1739719007039 0.08714897738200963 39
1739719007071 0.46161212093710374 40
1739719007103 0.013619782883040778 41
1739719007134 0.22639623640287712 42
1739719007166 0.024116452441993074 43
1739719007203 0.12600620398912854 44
1739719007245 0.026803601293318737 45
1739719007278 0.0040009819348703875 46
1739719007310 0.036379810356876444 47
1739719007342 0.001674039060674391 48
1739719007373 0.0420325410717884 49
1739719007405 0.0601608882223813 50
1739719007436 0.010237841539385268 51
1739719007468 0.09556190493225519 52
1739719007499 0.006875553250977255 53
1739719007531 0.008365710783281683 54
1739719007562 0.08790187013289232 55
1739719007594 0.09324387240481281 56
1739719007625 0.012032461445644278 57
1739719007657 0.008786033061589862 58
1739719007689 0.14556484100002867 59
1739719007720 0.25550596009143717 60
1739719007752 0.0002064529127523055 61
1739719007784 0.3770617456546178 62
1739719007816 0.014804428889182797 63
1739719007847 0.011747818942587163 64
1739719007879 0.00020216696704670916 65
1739719007910 0.37236743002851486 66
1739719007942 0.10317533572411113 67
1739719007973 0.03442047374465854 68
1739719008005 0.05190003801858923 69
1739719008036 0.09265957673704511 70
1739719008068 0.00018525476443096965 71
1739719008100 0.010294745478351304 72
1739719008131 0.14181015406855757 73
1739719008163 0.2863913771590833 74
1739719008194 0.021598933379857715 75
1739719008225 0.02875483904676532 76
1739719008256 0.00010413186086843894 77
1739719008287 0.04320689906022907 78
1739719008319 0.019479810437172423 79
1739719008350 0.014758354233454011 80
1739719008381 0.01494251048727998 81
1739719008414 0.011894860440382567 82
1739719008450 0.32863076318539863 83
1739719008484 0.00403856691327423 84
1739719008517 0.0041330781128940276 85
1739719008550 0.03387806732816368 86
1739719008583 0.021612401839413525 87
1739719008616 0.005362096518207384 88
1739719008649 0.4468680790253624 89
1739719008682 0.004227735427904537 90
1739719008715 0.19308851773126012 91
1739719008748 0.042581526547403145 92
1739719008781 0.005029398004487585 93
1739719008813 0.007098850613175072 94
1739719008845 0.4545310722353249 95
1739719008877 0.10820491471849274 96
1739719008909 0.16651782373325 97
1739719008940 0.22297036157412206 98
1739719008972 0.0036088589158997397 99
1739719009004 0.051547264531412236 100
1739719009036 1.1200387103107869e-05 101
1739719009068 0.39765689740665 102
1739719009099 0.05627491015378839 103
1739719009130 0.000306466133877829 104
1739719009162 0.008139735405978833 105
1739719009193 0.09942612043588046 106
1739719009224 0.0072491602795988295 107
1739719009256 0.593151683540838 108
1739719009288 0.004130296610693067 109
1739719009319 0.45261899419896184 110
1739719009350 0.0030897792640175717 111
1739719009383 0.24231607955029036 112
1739719009415 0.4454950852978469 113
1739719009447 0.005867999405512911 114
1739719009479 0.1882723888688671 115
1739719009511 0.07668766336264149 116
1739719009542 0.0001509093479464443 117
1739719009574 0.0004371665562399961 118
1739719009605 0.024380970760398087 119
1739719009636 0.2552750525521401 120
1739719009667 0.015856089580327425 121
1739719009699 0.036948897680277516 122
1739719009730 1.5713095577274726e-05 123
1739719009762 0.05825160650089075 124
1739719009794 0.015792772258624948 125
1739719009825 0.0008139461240212891 126
1739719009857 0.002472334033469031 127
1739719009889 0.00030083895076823573 128
1739719009921 0.6201847005649416 129
1739719009953 0.013585407950460884 130
1739719009984 0.06326004191142373 131
1739719010016 0.011046482371803282 132
1739719010047 0.3679954331558924 133
1739719010078 0.04133649667840683 134
1739719010110 0.008573151384834984 135
1739719010141 0.028460737623736514 136
1739719010173 0.08530852390254394 137
1739719010204 0.007347977257040709 138
1739719010236 0.4943413168306354 139
1739719010267 0.148058856093978 140
1739719010299 0.006681475434421195 141
1739719010330 0.012982952102664593 142
1739719010362 0.025820659456439993 143
1739719010394 0.03558599517939544 144
1739719010425 0.00021241403455847434 145
1739719010460 0.04677117599425842 146
1739719010494 0.014230607056573709 147
1739719010528 0.29809723669146776 148
1739719010561 0.0009312618078268223 149
1739719010594 0.01796620124618672 150
1739719010627 0.019082143736608385 151
1739719010660 0.011206925312738047 152
1739719010694 0.22518881993044818 153
1739719010728 0.0347736769654702 154
1739719010762 0.022347026802506036 155
1739719010802 0.06599030426014527 156
1739719010839 0.030402915791198287 157
1739719010877 0.01906101171679751 158
1739719010911 0.030951029643462864 159
1739719010945 2.5655074636820703 160
1739719010978 0.00035080456129694244 161
1739719011011 0.21468847479050832 162
1739719011044 0.2704547675174347 163
1739719011076 0.12321333077762997 164
1739719011109 0.0008042109850744123 165
1739719011142 0.10080798502126678 166
1739719011175 0.043654348332875396 167
1739719011208 0.02511260329078604 168
1739719011241 0.6170294968322568 169
1739719011274 0.001981327110151178 170
1739719011307 0.12268728111072717 171
1739719011340 0.0009842293603108535 172
1739719011373 0.04912913048988894 173
