1739715337994 175.7605166932739 0
1739715337998 175.4533136303135 1
1739715338003 175.1162626075453 2
1739715338008 174.7707515538802 3
1739715338012 174.42319680093368 4
1739715338017 174.07552231824164 5
1739715338022 173.72830428645221 6
1739715338026 173.38171454351988 7
1739715338031 173.03580362580627 8
1739715338035 172.69058568122378 9
1739715338040 172.34606394329708 10
1739715338044 172.0022383734021 11
1739715338048 171.65910795343967 12
1739715338053 171.31667137363436 13
1739715338057 170.9749272388697 14
1739715338062 170.63387413058396 15
1739715338066 170.2935106253336 16
1739715338071 169.95383530035775 17
1739715338075 169.61484673524222 18
1739715338079 169.27654351241395 19
1739715338083 168.93892421728407 20
1739715338088 168.60198743828636 21
1739715338092 168.2657317668832 22
1739715338097 167.93015579756297 23
1739715338101 167.59525812783423 24
1739715338105 167.2610373582187 25
1739715338109 166.92749209224482 26
1739715338113 166.59462093644046 27
1739715338118 166.26242250032627 28
1739715338123 165.9308953964084 29
1739715338127 165.60003824017195 30
1739715338131 165.26984965007378 31
1739715338136 164.9403282475357 32
1739715338141 164.61147265693762 33
1739715338145 164.28328150561077 34
1739715338149 163.95575342383077 35
1739715338153 163.62888704481082 36
1739715338158 163.30268100469488 37
1739715338162 162.97713394255106 38
1739715338166 162.6522445003646 39
1739715338171 162.32801132303135 40
1739715338175 162.00443305835088 41
1739715338179 161.68150835701994 42
1739715338184 161.35923587262556 43
1739715338188 161.0376142616386 44
1739715338193 160.71664218340686 45
1739715338198 160.39631830014864 46
1739715338203 160.07664127694616 47
1739715338208 159.7576097817386 48
1739715338212 159.4392224853159 49
1739715338216 159.12147806131202 50
1739715338220 158.8043751861984 51
1739715338225 158.48791253927743 52
1739715338229 158.172088802676 53
1739715338234 157.85690266133884 54
1739715338238 157.5423528030222 55
1739715338243 157.22843791828728 56
1739715338247 156.9151567004938 57
1739715338252 156.60250784579367 58
1739715338256 156.2904900531244 59
1739715338260 155.97910202420277 60
1739715338264 155.6683424635185 61
1739715338268 155.35821007832791 62
1739715338272 155.04870357864735 63
1739715338276 154.73982167724708 64
1739715338280 154.4315630896449 65
1739715338285 154.1239265340999 66
1739715338289 153.816910731606 67
1739715338294 153.51051440588589 68
1739715338298 153.20473628338456 69
1739715338302 152.8995750932633 70
1739715338307 152.59502956739337 71
1739715338312 152.29109844034969 72
1739715338316 151.98778044940482 73
1739715338321 151.68507433452268 74
1739715338326 151.3829788383525 75
1739715338330 151.08149270622255 76
1739715338334 150.78061468613407 77
1739715338338 150.48034352875527 78
1739715338343 150.180677987415 79
1739715338347 149.88161681809692 80
1739715338351 149.58315877943323 81
1739715338355 149.28530263269877 82
1739715338360 148.98804714180503 83
1739715338364 148.69139107329386 84
1739715338368 148.39533319633182 85
1739715338372 148.09987228270393 86
1739715338377 147.80500710680784 87
1739715338381 147.51073644564784 88
1739715338385 147.2170590788289 89
1739715338389 146.9239737885508 90
1739715338393 146.63147935960214 91
1739715338398 146.3395745793546 92
1739715338402 146.04825823775684 93
1739715338406 145.7575291273288 94
1739715338410 145.4673860431559 95
1739715338414 145.1778277828829 96
1739715338419 144.88885314670853 97
1739715338423 144.6004609373793 98
1739715338427 144.31264996018393 99
1739715338431 144.0254190229475 100
1739715338436 143.7387669360258 101
1739715338440 143.45269251229925 102
1739715338445 143.16719456716768 103
1739715338449 142.8822719185442 104
1739715338453 142.59792338684966 105
1739715338458 142.31414779500705 106
1739715338463 142.0309439684355 107
1739715338467 141.74831073504512 108
1739715338471 141.466246925231 109
1739715338475 141.18475137186758 110
1739715338480 140.90382291030323 111
1739715338484 140.62346037835445 112
1739715338488 140.34366261630055 113
1739715338493 140.06442846687779 114
1739715338497 139.78575677527394 115
1739715338502 139.50764638912278 116
1739715338506 139.23009615849858 117
1739715338511 138.95310493591043 118
1739715338515 138.67667157629694 119
1739715338519 138.4007949370206 120
1739715338524 138.12547387786248 121
1739715338529 137.85070726101648 122
1739715338533 137.57649395108422 123
1739715338538 137.30283281506934 124
1739715338542 137.02972272237233 125
1739715338546 136.75716254478482 126
1739715338551 136.48515115648448 127
1739715338555 136.2136874340295 128
1739715338559 135.9427702563532 129
1739715338564 135.67239850475883 130
1739715338568 135.40257106291398 131
1739715338573 135.13328681684555 132
1739715338577 134.86454465493418 133
1739715338582 134.59634346790918 134
1739715338586 134.32868214884306 135
1739715338591 134.0615595931464 136
1739715338595 133.79497469856244 137
1739715338599 133.52892636516202 138
1739715338604 133.2634134953382 139
1739715338608 132.9984349938012 140
1739715338612 132.7339897675729 141
1739715338617 132.47007672598204 142
1739715338621 132.20669478065875 143
1739715338625 131.94384284552953 144
1739715338630 131.681519836812 145
1739715338634 131.41972467300982 146
1739715338638 131.1584562749076 147
1739715338643 130.89771356556568 148
1739715338647 130.63749547031514 149
1739715338652 130.37780091675265 150
1739715338663 130.11862883473538 151
1739715338668 129.85997815637594 152
1739715338672 129.60184781603743 153
1739715338676 129.34423675032835 154
1739715338680 129.08714389809737 155
1739715338684 128.83056820042867 156
1739715338688 128.57450860063673 157
1739715338693 128.31896404426132 158
1739715338698 128.06393347906268 159
1739715338702 127.80941585501637 160
1739715338706 127.55541012430847 161
1739715338710 127.30191524133056 162
1739715338715 127.04893016267485 163
1739715338719 126.7964538471292 164
1739715338723 126.54448525567223 165
1739715338728 126.29302335146852 166
1739715338732 126.0420670998636 167
1739715338737 125.79161546837925 168
1739715338741 125.54166742670841 169
1739715338745 125.29222194671058 170
1739715338750 125.04327800240685 171
1739715338754 124.79483456997514 172
1739715338759 124.54689062774534 173
1739715338763 124.29944515619461 174
1739715338768 124.05249713794247 175
1739715338772 123.80604555774619 176
1739715338776 123.56008940249583 177
1739715338780 123.31462766120973 178
1739715338785 123.06965932502956 179
1739715338789 122.82518338721573 180
1739715338793 122.58119884314262 181
1739715338797 122.33770469029395 182
1739715338802 122.09469992825797 183
1739715338806 121.8521835587229 184
1739715338810 121.61015458547224 185
1739715338814 121.36861201438003 186
1739715338818 121.12755485340635 187
1739715338822 120.88698211259255 188
1739715338826 120.64689280405673 189
1739715338830 120.40728594198913 190
1739715338834 120.16816054264744 191
1739715338839 119.92951562435229 192
1739715338843 119.6913502074827 193
1739715338847 119.45366331447144 194
1739715338852 119.21645396980055 195
1739715338856 118.97972119999673 196
1739715338860 118.7434640336269 197
1739715338865 118.50768150129358 198
1739715338869 118.27237263563042 199
1739715338874 118.03753647129784 200
1739715338879 117.80317204497825 201
1739715338883 117.5692783953719 202
1739715338887 117.33585456319216 203
1739715338891 117.10289959116119 204
1739715338895 116.87041252400556 205
1739715338899 116.63839240845164 206
1739715338904 116.40683829322134 207
1739715338908 116.17574922902762 208
1739715338913 115.94512426857011 209
1739715338917 115.71496246653078 210
1739715338921 115.48526287956942 211
1739715338926 115.25602456631944 212
1739715338930 115.02724658738337 213
1739715338934 114.79892800532868 214
1739715338938 114.57106788468325 215
1739715338942 114.34366529193119 216
1739715338947 114.11671929550845 217
1739715338951 113.89022896579863 218
1739715338956 113.66419337512855 219
1739715338960 113.43861159776397 220
1739715338964 113.21348270990542 221
1739715338969 112.98880578968398 222
1739715338973 112.76457991715685 223
1739715338977 112.54080417430313 224
1739715338981 112.31747764501982 225
1739715338986 112.09459941511736 226
1739715338990 111.87216857231542 227
1739715338994 111.65018420623896 228
1739715338998 111.42864540841369 229
1739715339002 111.20755127226218 230
1739715339006 110.98690089309952 231
1739715339010 110.7666933681292 232
1739715339014 110.54692779643901 233
1739715339019 110.32760327899683 234
1739715339022 110.1087189186466 235
1739715339027 109.89027382010404 236
1739715339031 109.67226708995271 237
1739715339035 109.45469783663982 238
1739715339039 109.23756517047215 239
1739715339043 109.02086820361203 240
1739715339048 108.80460605007309 241
1739715339052 108.58877782571648 242
1739715339057 108.3733826482466 243
1739715339061 108.1584196372071 244
1739715339066 107.94388791397695 245
1739715339070 107.72978660176626 246
1739715339075 107.51611482561249 247
1739715339079 107.30287171237616 248
1739715339084 107.09005639073708 249
1739715339088 106.87766799119032 250
1739715339092 106.6657056460422 251
1739715339096 106.45416848940636 252
1739715339101 106.24305565719973 253
1739715339105 106.03236628713871 254
1739715339109 105.82209951873513 255
1739715339114 105.6122544932924 256
1739715339118 105.4028303539015 257
1739715339123 105.19382624543722 258
1739715339127 104.9852413145541 259
1739715339131 104.77707470968264 260
1739715339135 104.56932558102537 261
1739715339139 104.36199308055305 262
1739715339143 104.15507636200074 263
1739715339147 103.94857458086402 264
1739715339151 103.74248689439501 265
1739715339155 103.53681246159874 266
1739715339160 103.33155044322915 267
1739715339164 103.12670000178537 268
1739715339168 102.92226030150783 269
1739715339173 102.71823050837463 270
1739715339177 102.51460979009755 271
1739715339181 102.3113973161184 272
1739715339186 102.10859225760524 273
1739715339190 101.90619378744853 274
1739715339194 101.7042010802575 275
1739715339201 101.50261331235636 276
1739715339206 101.30142966178052 277
1739715339211 101.10064930827292 278
1739715339215 100.90027143328031 279
1739715339220 100.70029521994952 280
1739715339225 100.50071985312375 281
1739715339229 100.30154451933896 282
1739715339233 100.1027684068201 283
1739715339237 99.90439070547744 284
1739715339243 99.70641060690299 285
1739715339247 99.50882730436678 286
1739715339251 99.31163999281323 287
1739715339256 99.11484786885747 288
1739715339260 98.9184501307818 289
1739715339264 98.722445978532 290
1739715339269 98.52683461371376 291
1739715339273 98.33161523958901 292
1739715339277 98.13678706107245 293
1739715339281 97.9423492847278 294
1739715339286 97.74830111876436 295
1739715339290 97.55464177303337 296
1739715339294 97.36137045902453 297
1739715339298 97.16848638986227 298
1739715339303 96.9759887803024 299
1739715339307 96.78387684672855 300
1739715339311 96.59214980714847 301
1739715339315 96.40080688119068 302
1739715339319 96.20984729010097 303
1739715339323 96.01927025673876 304
1739715339327 95.82907500557371 305
1739715339332 95.63926076268227 306
1739715339337 95.44982675574403 307
1739715339341 95.26077221403843 308
1739715339345 95.07209636844124 309
1739715339350 94.88379845142106 310
1739715339354 94.69587769703593 311
1739715339358 94.5083333409299 312
1739715339363 94.32116462032955 313
1739715339367 94.13437077404056 314
1739715339371 93.94795104244444 315
1739715339375 93.76190466749493 316
1739715339379 93.57623089271469 317
1739715339383 93.39092896319197 318
1739715339388 93.2059981255771 319
1739715339392 93.02143762807928 320
1739715339397 92.83724672046306 321
1739715339401 92.65342465404503 322
1739715339405 92.46997068169054 323
1739715339409 92.28688405781031 324
1739715339413 92.10416403835703 325
1739715339417 91.92180988082212 326
1739715339421 91.73982084423244 327
1739715339425 91.55819618914693 328
1739715339429 91.37693517765315 329
1739715339434 91.19603707336437 330
1739715339438 91.01550114141584 331
1739715339443 90.8353266484619 332
1739715339447 90.65551286267242 333
1739715339452 90.47605905372967 334
1739715339456 90.29696449282508 335
1739715339460 90.11822845265591 336
1739715339464 89.93985020742207 337
1739715339468 89.76182903282285 338
1739715339472 89.58416420605371 339
1739715339476 89.40685500580308 340
1739715339481 89.22990071224913 341
1739715339485 89.05330060705656 342
1739715339489 88.87705397337336 343
1739715339494 88.70116009582775 344
1739715339498 88.52561826052482 345
1739715339502 88.3504277550436 346
1739715339507 88.1755878684336 347
1739715339511 88.00109789121186 348
1739715339515 87.82695711535978 349
1739715339519 87.65316483431978 350
1739715339524 87.47972034299251 351
1739715339529 87.30662293773338 352
1739715339533 87.13387191634962 353
1739715339537 86.96146657809712 354
1739715339542 86.78940622367733 355
1739715339546 86.61769015523419 356
1739715339550 86.44631767635089 357
1739715339554 86.27528809204702 358
1739715339559 86.10460070877524 359
1739715339563 85.93425483441845 360
1739715339567 85.7642497782865 361
1739715339572 85.59458485111328 362
1739715339576 85.42525936505362 363
1739715339580 85.25627263368025 364
1739715339584 85.08762397198073 365
1739715339588 84.9193126963545 366
1739715339592 84.75133812460975 367
1739715339596 84.58369957596047 368
1739715339601 84.41639637102347 369
1739715339605 84.24942783181537 370
1739715339609 84.0827932817494 371
1739715339613 83.91649204563276 372
1739715339618 83.7505234496634 373
1739715339622 83.58488682142708 374
1739715339626 83.41958148989444 375
1739715339630 83.25460678541806 376
1739715339634 83.08996203972943 377
1739715339638 82.92564658593604 378
1739715339643 82.76165975851849 379
1739715339647 82.59800089332742 380
1739715339651 82.43466932758079 381
1739715339655 82.27166439986074 382
1739715339660 82.1089854501108 383
1739715339664 81.94663181963297 384
1739715339673 81.78460285108483 385
1739715339677 81.62289788847657 386
1739715339681 81.46151627716817 387
1739715339685 81.30045736386656 388
1739715339690 81.13972049662262 389
1739715339694 80.97930502482838 390
1739715339698 80.81921029921425 391
1739715339702 80.65943567184598 392
1739715339706 80.49998049612195 393
1739715339710 80.34084412677029 394
1739715339714 80.18202591984601 395
1739715339718 80.02352523272828 396
1739715339722 79.86534142411745 397
1739715339727 79.70747385403234 398
1739715339730 79.54992188380741 399
1739715339735 79.39268487608999 400
1739715339740 79.2357621948374 401
1739715339744 79.0791532053142 402
1739715339749 78.92285727408951 403
1739715339753 78.766873769034 404
1739715339758 78.61120205931735 405
1739715339762 78.45584151540538 406
1739715339766 78.30079150905729 407
1739715339771 78.14605141332288 408
1739715339775 77.99162060253994 409
1739715339779 77.83749845233133 410
1739715339783 77.68368433960238 411
1739715339787 77.53017764253812 412
1739715339791 77.37697774060051 413
1739715339796 77.22408401452581 414
1739715339801 77.07149584632184 415
1739715339805 76.91921261926525 416
1739715339809 76.76723371789885 417
1739715339814 76.6155585280289 418
1739715339818 76.46418643672247 419
1739715339822 76.3131168323047 420
1739715339826 76.16234910435618 421
1739715339830 76.01188264371027 422
1739715339835 75.86171684245043 423
1739715339839 75.71185109390758 424
1739715339843 75.56228479265741 425
1739715339847 75.41301733451782 426
1739715339851 75.26404811654622 427
1739715339856 75.11537653703692 428
1739715339860 74.96700199551849 429
1739715339864 74.81892389275116 430
1739715339869 74.6711416307242 431
1739715339873 74.52365461265337 432
1739715339877 74.3764622429782 433
1739715339882 74.22956392735954 434
1739715339886 74.0829590726768 435
1739715339890 73.93664708702556 436
1739715339894 73.79062737971482 437
1739715339899 73.64489936126459 438
1739715339903 73.49946244340316 439
1739715339908 73.35431603906467 440
1739715339912 73.20945956238658 441
1739715339916 73.06489242870688 442
1739715339920 72.92061405456187 443
1739715339925 72.77662385768339 444
1739715339929 72.63292125699644 445
1739715339934 72.48950567261656 446
1739715339938 72.34637652584738 447
1739715339942 72.20353323917797 448
1739715339947 72.06097523628051 449
1739715339951 71.91870194200771 450
1739715339956 71.77671278239029 451
1739715339960 71.6350071846345 452
1739715339964 71.49358457711973 453
1739715339969 71.35244438939581 454
1739715339974 71.2115860521808 455
1739715339978 71.07100899735829 456
1739715339982 70.93071265797518 457
1739715339986 70.7906964682389 458
1739715339990 70.65095986351537 459
1739715339995 70.51150228032611 460
1739715339999 70.37232315634614 461
1739715340003 70.23342193040142 462
1739715340007 70.0947980424664 463
1739715340011 69.95645093366154 464
1739715340016 69.81838004625116 465
1739715340020 69.68058482364064 466
1739715340024 69.54306471037434 467
1739715340028 69.405819152133 468
1739715340032 69.26884759573142 469
1739715340036 69.13214948911606 470
1739715340040 68.99572428136267 471
1739715340044 68.85957142267382 472
1739715340049 68.72369036437671 473
1739715340053 68.5880805589206 474
1739715340058 68.4527414598745 475
1739715340063 68.31767252192492 476
1739715340068 68.18287320087339 477
1739715340073 68.04834295363416 478
1739715340077 67.91408123823184 479
1739715340082 67.78008751379909 480
1739715340087 67.64636124057427 481
1739715340092 67.51290187989905 482
1739715340097 67.37970889421624 483
1739715340102 67.24678174706732 484
1739715340107 67.11411990309017 485
1739715340112 66.98172282801681 486
1739715340116 66.84958998867108 487
1739715340121 66.7177208529663 488
1739715340125 66.58611488990302 489
1739715340129 66.45477156956663 490
1739715340134 66.32369036312532 491
1739715340138 66.19287074282755 492
1739715340142 66.06231218199993 493
1739715340146 65.93201415504483 494
1739715340152 65.80197613743825 495
1739715340156 65.67219760572748 496
1739715340161 65.54267803752884 497
1739715340165 65.41341691152556 498
1739715340170 65.28441370746533 499
