1739717697534 0.004535460104067855 0
1739717697560 0.23194685425067257 1
1739717697587 0.061998802084463095 2
1739717697613 0.17658490591527753 3
1739717697640 0.011653230340722355 4
1739717697666 0.2231196902802532 5
1739717697692 1.4639810455628024 6
1739717697719 0.000912259071446209 7
1739717697746 0.31445777506363587 8
1739717697773 0.551528687099845 9
1739717697799 0.5401331228132319 10
1739717697825 0.3203329588325399 11
1739717697852 0.034480937802651386 12
1739717697878 0.02156689715514238 13
1739717697903 0.4846514949786064 14
1739717697930 0.0016870184853698096 15
1739717697956 0.5274866901583443 16
1739717697982 0.41517476442332873 17
1739717698008 0.4108207203681695 18
1739717698034 0.022042137212115846 19
1739717698060 0.034058638811916786 20
1739717698086 0.9739261223842876 21
1739717698113 0.03384208053345702 22
1739717698139 0.6507067104783644 23
1739717698166 0.028156841950826003 24
1739717698192 0.04876387068054526 25
1739717698218 0.47902233697561697 26
1739717698244 0.012846213992418646 27
1739717698270 0.0010612372841909568 28
1739717698297 0.0313233026093383 29
1739717698323 0.0002524270856895098 30
1739717698350 0.0023280748294404576 31
1739717698376 0.17104289498202965 32
1739717698402 0.19272348569409475 33
1739717698428 9.002167313226644e-05 34
1739717698455 0.0650183241956639 35
1739717698481 0.5402493653607374 36
1739717698507 0.028061059639862097 37
1739717698533 0.08681815838230324 38
1739717698560 0.023105731384019137 39
1739717698587 0.0016311658380270882 40
1739717698614 0.004837437414107584 41
1739717698641 0.2608701601589774 42
1739717698668 0.10861709996693117 43
1739717698694 0.19437529333516243 44
1739717698720 0.018425021724871617 45
1739717698747 0.3546731229831798 46
1739717698774 0.6387249956707348 47
1739717698800 0.002568927500290216 48
1739717698826 0.019399547480212328 49
1739717698852 0.01483853954780259 50
1739717698879 0.4780371809651904 51
1739717698905 0.06309761468510416 52
1739717698931 0.02367205791504685 53
1739717698957 0.008447306962642164 54
1739717698983 0.05101901362254203 55
1739717699009 0.5733915930617847 56
1739717699035 0.0486074151677591 57
1739717699061 0.23538512970041087 58
1739717699087 0.06584083180697407 59
1739717699113 0.1202863027489203 60
1739717699140 0.1739461868166778 61
1739717699167 0.02467101755576494 62
1739717699194 0.13945454086586564 63
1739717699219 0.36167384864673024 64
1739717699245 1.392101564002871 65
1739717699272 0.04958428516923221 66
1739717699299 1.3007476755925006e-05 67
1739717699325 0.006250408938273693 68
1739717699352 0.36051466100362245 69
1739717699378 0.00020652595387323275 70
1739717699404 0.05602355624681272 71
1739717699429 0.4301464057055288 72
1739717699456 0.2334243868020768 73
1739717699485 0.0013778845107454071 74
1739717699511 9.177568313133875e-05 75
1739717699538 0.8594149588114125 76
1739717699569 0.14789150655980274 77
1739717699596 0.14104646745987567 78
1739717699624 0.05750592280770293 79
1739717699650 0.011609119251650254 80
1739717699677 1.059949206348175 81
1739717699703 0.018566325309153236 82
1739717699729 0.23400890456941814 83
1739717699755 0.1821123973966588 84
1739717699782 0.20497116356680045 85
1739717699808 0.006320549566667541 86
1739717699834 0.0059349846498549476 87
1739717699861 0.025882953559874487 88
1739717699887 0.13630767089099166 89
1739717699913 0.5795531720874239 90
1739717699939 5.961257341121641e-05 91
1739717699966 0.03737771668443208 92
1739717699992 0.00870034167807908 93
1739717700017 0.009003984130993728 94
1739717700043 0.5705444293334777 95
1739717700069 0.5098520696928726 96
1739717700094 2.120384641018354 97
1739717700121 0.06625062988279865 98
1739717700147 0.015518988451911091 99
1739717700173 0.028454254272709745 100
1739717700199 0.3347634345998434 101
1739717700226 0.4807294103149271 102
1739717700251 0.015622431718349105 103
1739717700277 0.11664516349665978 104
1739717700303 0.00615208048880289 105
1739717700329 0.01727155614247461 106
1739717700354 0.03515882751876055 107
1739717700381 0.003569681734336656 108
1739717700406 5.519586078303156e-05 109
1739717700432 0.6615034343604703 110
1739717700458 0.04164197715197962 111
1739717700484 0.21772436550168411 112
1739717700510 0.20700356519230992 113
1739717700536 0.165912798971218 114
1739717700562 0.8332761974609992 115
1739717700588 0.013737735325579217 116
1739717700614 1.2210131685805865 117
1739717700640 0.08186092255966393 118
1739717700667 0.1729764017803308 119
1739717700693 0.0032105716741408783 120
1739717700719 0.048037516909131495 121
1739717700745 0.006573281042290234 122
1739717700771 0.5438737604793776 123
1739717700797 0.009164261216669745 124
1739717700823 1.4777968843910458 125
1739717700849 0.1531706691355713 126
1739717700875 0.14190554881406756 127
1739717700902 0.10394293230496122 128
1739717700928 0.00015712240801095078 129
1739717700954 0.41040984789482315 130
1739717700980 0.6481291724810136 131
1739717701007 4.561520596010935e-05 132
1739717701033 0.024330537445339445 133
1739717701058 0.015418027067890642 134
1739717701085 0.3876292681616761 135
1739717701112 0.31924330606561885 136
1739717701138 0.020207820350497615 137
1739717701164 0.14956246584354815 138
1739717701190 0.02617552876734398 139
1739717701217 0.1460445321980937 140
1739717701242 0.025552980912173767 141
1739717701269 0.00558347104719981 142
1739717701295 0.009328108268093818 143
1739717701322 0.08602073342277917 144
1739717701347 0.0066216549761319065 145
1739717701374 0.14062025427603117 146
1739717701401 0.7429713473666254 147
1739717701428 0.41228239544329237 148
1739717701454 0.48309606820697915 149
1739717701480 0.1242605097479438 150
1739717701507 0.006579296848548603 151
1739717701533 0.06252230514528628 152
1739717701559 0.000703251580220654 153
1739717701585 0.04600305835256249 154
1739717701611 0.591719754010871 155
1739717701638 0.4641956505237091 156
1739717701664 0.006237389884924075 157
1739717701691 1.5942636412596307 158
1739717701717 0.10518628770116031 159
1739717701742 0.22186279376779477 160
1739717701768 9.774520676198836e-05 161
1739717701795 0.13530602361950197 162
1739717701821 3.393914985841086e-05 163
1739717701847 0.127951639761376 164
1739717701873 0.09320469290999818 165
1739717701899 0.0074022496317522855 166
1739717701925 0.07781063160597688 167
1739717701952 0.93949914787588 168
1739717701978 0.10923737817667867 169
1739717702004 0.03346472147886164 170
1739717702030 0.009816319715002582 171
1739717702056 0.6056242083027255 172
1739717702082 0.03750507768702373 173
1739717702109 0.3150222225547757 174
1739717702135 0.01582431257278241 175
1739717702161 0.14053391446632968 176
1739717702187 0.0025180246165833983 177
1739717702214 5.85338780641007e-05 178
1739717702240 0.334809170294375 179
1739717702266 0.2644974974387635 180
1739717702293 0.09778780121325138 181
1739717702319 0.12561916521347832 182
1739717702345 0.17956091275400293 183
1739717702371 0.2066683225342725 184
1739717702398 0.0011601754757786082 185
1739717702424 0.0990190271800527 186
1739717702450 0.042011571197900575 187
1739717702477 0.23483443238464002 188
1739717702503 0.1668674782466513 189
1739717702529 0.13548178445689663 190
1739717702555 0.0159331187078215 191
1739717702580 0.037093514446461584 192
1739717702607 0.5084126248629453 193
1739717702634 0.06653734772422051 194
1739717702660 0.057879967624754315 195
1739717702686 0.15329728825634242 196
1739717702713 0.05141303793307043 197
1739717702739 0.0035881469848811844 198
1739717702765 0.004494827687436257 199
1739717702791 0.045300383045391336 200
1739717702817 0.01860404711733052 201
1739717702844 1.3574747777140523 202
1739717702870 0.15822203527877174 203
1739717702896 0.018561932418192144 204
1739717702922 0.007130173166439391 205
1739717702949 0.002014711013134421 206
1739717702975 0.2856604921521394 207
1739717703001 0.1279320286582632 208
1739717703028 0.4985974346628541 209
1739717703054 0.14152129419571735 210
1739717703080 0.02103857696268263 211
1739717703107 0.24002309792024387 212
1739717703134 0.006731042587156034 213
1739717703160 0.15396306778451016 214
1739717703186 0.31841010208609805 215
1739717703213 0.8031195509594146 216
1739717703239 0.15352061048825455 217
1739717703266 0.6731886332765697 218
1739717703292 0.007319773733055131 219
1739717703319 1.3209260514024708 220
1739717703346 0.00992930383626602 221
1739717703372 0.058242445057257466 222
1739717703398 0.05991046427993288 223
1739717703425 0.09680691788931049 224
1739717703451 0.13751112982301622 225
1739717703477 0.381104765673497 226
1739717703504 0.0033653559254863148 227
1739717703530 0.03377751473015835 228
1739717703556 0.06709479427728976 229
1739717703582 0.9584551195278415 230
1739717703608 0.8217219371724795 231
1739717703635 0.020192343173006597 232
1739717703661 0.4079908480760636 233
1739717703687 0.0030146044680410843 234
1739717703714 0.025542410277247525 235
1739717703740 0.2667251060485624 236
1739717703766 0.10511052967943892 237
1739717703792 0.021676719919892947 238
1739717703819 0.0259881138417208 239
1739717703845 0.01896133288674054 240
1739717703870 1.5206340116627324e-05 241
1739717703897 0.05390393568561507 242
1739717703923 0.0008497772734438711 243
1739717703949 0.03258041767190507 244
1739717703975 0.0008305691332873648 245
1739717704001 0.004378052368998926 246
1739717704027 0.12898676794424357 247
1739717704054 0.031015889903147784 248
1739717704080 0.1253081910272165 249
1739717704106 0.01726270665490498 250
1739717704133 0.024098684254824157 251
1739717704159 0.1867011455765179 252
1739717704184 0.16613740235513846 253
1739717704210 0.18358692326194107 254
1739717704237 0.004494879723245501 255
1739717704262 0.266717325875597 256
1739717704289 0.18612044150810308 257
1739717704316 0.15418302740453313 258
1739717704342 0.028347669222118368 259
1739717704368 0.15823163470426388 260
1739717704394 0.14584622433082642 261
1739717704420 0.015758677424150085 262
1739717704446 0.07845382129609167 263
1739717704472 0.020746687672190026 264
1739717704498 0.651208415018556 265
1739717704525 0.0015216677175389354 266
1739717704551 0.001026016725260543 267
1739717704577 0.009878128505009878 268
1739717704604 0.06610621262274918 269
1739717704630 0.17408119908187933 270
1739717704656 0.06549940223189502 271
1739717704683 0.01853457569744637 272
1739717704709 0.3300605744361877 273
1739717704736 0.276004381803204 274
1739717704761 0.10180095408916308 275
1739717704788 0.06836437477713779 276
1739717704814 0.00012085986035284383 277
1739717704841 0.12621733328748186 278
1739717704867 0.0004990190164451539 279
1739717704894 0.002622126081411902 280
1739717704920 0.11979163846181731 281
1739717704947 0.015373584011527634 282
1739717704973 0.0032914668929463525 283
1739717705013 0.1020624232975285 284
1739717705067 0.0833086266311391 285
1739717705094 0.032284234637232845 286
1739717705121 0.03734492123611328 287
1739717705148 0.13130866473165972 288
1739717705174 0.011976901860374731 289
1739717705200 0.4763797959697072 290
1739717705226 0.0026017685104310255 291
1739717705252 0.9382840094365835 292
1739717705278 0.06223502398313635 293
1739717705305 0.0014911531049774695 294
1739717705331 0.16351578123656743 295
1739717705357 0.3964999206953195 296
1739717705383 0.1220766614773971 297
1739717705409 0.03583834836890098 298
1739717705435 0.28331774892366207 299
1739717705461 0.06589977586348277 300
1739717705487 0.06276543402664612 301
1739717705513 0.5942755318823956 302
1739717705539 0.2250715463945656 303
1739717705565 0.05652000765025689 304
1739717705590 0.027091050106887907 305
1739717705617 0.003139292293997448 306
1739717705643 0.2500389670901072 307
1739717705669 1.0330332731420062 308
1739717705695 0.004933867921241922 309
1739717705722 0.00030294269329248744 310
1739717705748 0.0720545636092689 311
1739717705775 0.0008030203248237967 312
1739717705802 0.12650600677185822 313
1739717705829 0.13965064275576616 314
1739717705856 0.2531898568254481 315
1739717705882 0.00011115256050967735 316
1739717705909 0.029694279244668057 317
1739717705936 0.16280726629119396 318
1739717705963 0.8394662941850233 319
1739717705989 1.175825979116544 320
1739717706016 0.13681799395982266 321
1739717706043 0.1842790196689361 322
1739717706070 4.329686530982632e-06 323
1739717706096 0.002647337213567802 324
1739717706123 0.07243301656480197 325
1739717706150 0.5094825591976706 326
1739717706176 0.3463646042058437 327
1739717706203 0.0007676081236087679 328
1739717706231 0.09560230816053254 329
1739717706258 0.018813630923812823 330
1739717706286 0.024036466827215257 331
1739717706313 0.027813908594909745 332
1739717706341 0.37439426108762647 333
1739717706368 0.016269506968001345 334
1739717706394 0.041741130966229605 335
1739717706422 0.001428028819800306 336
1739717706449 0.01724124105159296 337
1739717706476 0.014972281224196927 338
1739717706503 0.3700126728819098 339
1739717706529 0.004503516812342945 340
1739717706556 0.0357849344141505 341
1739717706583 0.05483106884250403 342
1739717706609 0.008737398476396971 343
1739717706636 0.47012401028313794 344
1739717706662 0.4070848940832548 345
1739717706688 0.007341789001761473 346
1739717706714 0.07292229245516833 347
1739717706741 0.016261865802977563 348
1739717706767 0.035396986720884906 349
1739717706793 0.033126870375911145 350
1739717706819 0.0005199704559970197 351
1739717706846 0.1467175917412451 352
1739717706872 0.004943730953930207 353
1739717706898 0.08925771782719379 354
1739717706924 0.0037792179149976584 355
1739717706950 0.26287072035545617 356
1739717706976 0.27932990272868913 357
1739717707003 0.41330794783026636 358
1739717707029 0.011235932254949487 359
1739717707055 0.006208995080792615 360
1739717707081 0.008522633445953347 361
1739717707107 0.011938654994576433 362
1739717707134 0.12339269099183828 363
1739717707160 0.6059043854630133 364
1739717707186 0.6768534534011466 365
1739717707212 0.0002772644194493414 366
1739717707239 0.10072679206727025 367
1739717707265 0.23969380414831118 368
1739717707292 0.5210294566917518 369
1739717707318 0.6379926236604518 370
1739717707345 0.21115127095620181 371
1739717707371 0.2921670494313835 372
1739717707398 0.16554293862684774 373
1739717707424 0.7236856894783285 374
1739717707451 0.2837816728448779 375
1739717707477 0.26036063055705244 376
1739717707503 0.06098166345970973 377
1739717707530 0.5648438699092897 378
1739717707556 0.5260186289860018 379
1739717707583 0.14458468746997735 380
1739717707609 0.1660217428378376 381
1739717707636 0.6600415256912011 382
1739717707662 0.04222606556368252 383
1739717707688 0.9292255548193928 384
1739717707715 0.3002322118591276 385
1739717707742 0.009755168434976948 386
1739717707769 0.04416413830533812 387
1739717707795 0.015648179669257068 388
1739717707820 0.017447744548450227 389
1739717707847 0.0009756480007663672 390
1739717707872 0.33425573459865504 391
1739717707898 0.288164099168079 392
1739717707924 0.017217304362674827 393
1739717707951 0.34042913629469884 394
1739717707977 2.1246661937573786e-06 395
1739717708002 0.03162185903319873 396
1739717708028 0.005050500523270735 397
1739717708054 0.007770959150189568 398
1739717708080 0.1827647123476321 399
1739717708106 0.022926189434136837 400
1739717708132 0.9748845936826228 401
1739717708159 0.0406205468642978 402
1739717708185 0.054587900561079906 403
1739717708211 0.6357959189183804 404
1739717708237 0.41815015743840883 405
1739717708263 0.003582217569879759 406
1739717708289 0.17835746525940702 407
1739717708315 0.00704632709914274 408
1739717708341 0.08861320230829167 409
1739717708367 0.7227925149721692 410
1739717708394 0.06499007935433641 411
1739717708420 0.016901476296813548 412
1739717708446 0.0026143242961190125 413
1739717708472 0.1268232418146737 414
1739717708499 0.11622900657605295 415
1739717708524 0.000765378585157497 416
1739717708551 0.1532870348221073 417
1739717708577 0.08013093230320778 418
1739717708603 0.1664259869005181 419
1739717708629 0.019275938082655725 420
1739717708656 0.03507622935888801 421
1739717708682 0.00038764340010460853 422
1739717708708 0.23628288258148036 423
1739717708735 0.0004179234193540346 424
1739717708761 7.533406955812463e-05 425
1739717708787 0.4066908368116032 426
1739717708813 0.22185016316132927 427
1739717708839 0.021734401373930488 428
1739717708866 0.120366903633744 429
1739717708892 0.04080875209195045 430
1739717708917 0.03129510793193742 431
1739717708944 0.043526369126316446 432
1739717708971 0.2442425417286365 433
1739717708997 0.23074883253999828 434
1739717709023 0.6475689816909077 435
1739717709049 0.09637049012167816 436
1739717709076 0.13665816198514574 437
1739717709102 0.09768447746539034 438
1739717709129 1.4029129805931233 439
1739717709156 0.02688950429563585 440
1739717709182 3.1395074757737896e-05 441
1739717709209 0.004476082982893446 442
1739717709235 0.02772463923387533 443
1739717709261 0.36484026578998197 444
1739717709288 0.015116857083320622 445
1739717709313 0.04273597246641568 446
1739717709340 0.005444283114506467 447
1739717709366 0.15498793712195053 448
1739717709393 0.010551532894173231 449
1739717709419 0.007747226997473221 450
1739717709446 0.6114703503290466 451
1739717709472 0.06731895482120344 452
1739717709498 0.002874561221674643 453
1739717709524 0.0030933161980536764 454
1739717709550 0.002531901704189266 455
1739717709576 0.008197903491252486 456
1739717709603 0.007144256503725472 457
1739717709630 0.0023396900393822463 458
1739717709656 0.4821841188110171 459
1739717709683 0.04071619375545425 460
1739717709709 0.23475186071649132 461
1739717709736 0.08288110340885808 462
1739717709762 0.0028540595732751426 463
1739717709789 0.30263503400050784 464
1739717709815 0.23869495620345932 465
1739717709841 0.09784479796601968 466
1739717709868 0.04622349268248054 467
1739717709894 0.7132217545829316 468
1739717709921 0.32775163132687096 469
1739717709947 0.012758171047298662 470
1739717709974 0.011587330147025999 471
1739717710000 0.19329440943177933 472
1739717710026 0.00021091274347714896 473
1739717710052 0.06663864557820903 474
1739717710078 0.2836719169904404 475
1739717710104 0.05418760107151408 476
1739717710131 0.033341835614455986 477
1739717710157 0.0031043958414984744 478
1739717710183 0.044131679376666545 479
1739717710209 0.001142213487006113 480
1739717710234 0.0016617514565392681 481
1739717710260 0.282123075790542 482
1739717710286 0.3036508484125191 483
1739717710312 0.9660457909712329 484
1739717710338 1.4855515445032388 485
1739717710364 1.3951926658367853 486
1739717710391 0.22648856288386696 487
1739717710416 0.22676833903375665 488
1739717710442 0.008190967945735554 489
1739717710469 0.5082583805561842 490
1739717710495 0.08474762148475813 491
1739717710521 0.39321761724473575 492
1739717710547 0.12166081405771648 493
1739717710574 0.15891667955716657 494
1739717710600 0.000741971513882356 495
1739717710626 9.722903398978892e-05 496
1739717710652 0.007531409605148029 497
1739717710678 0.5427356388779467 498
1739717710704 0.028830387707385514 499
