1739715217209 169.52366071818852 0
1739715217216 169.49979566883695 1
1739715217222 169.46900320180293 2
1739715217227 169.43613721420942 3
1739715217232 169.40265392235744 4
1739715217236 169.3689901947849 5
1739715217241 169.3352770915821 6
1739715217245 169.3015539298743 7
1739715217250 169.26783250384065 8
1739715217254 169.2341163507658 9
1739715217259 169.20040653086397 10
1739715217263 169.16670336122763 11
1739715217267 169.13300693601272 12
1739715217271 169.09931728249435 13
1739715217276 169.06563440788352 14
1739715217280 169.03195831337234 15
1739715217284 168.99828899834736 16
1739715217289 168.96462646165358 17
1739715217293 168.930970701974 18
1739715217297 168.8973217179429 19
1739715217301 168.8636795081804 20
1739715217305 168.83004407130255 21
1739715217309 168.79641540592417 22
1739715217313 168.7627935106602 23
1739715217317 168.72917838412565 24
1739715217321 168.69557002493576 25
1739715217326 168.66196843170616 26
1739715217330 168.62837360305267 27
1739715217334 168.59478553759138 28
1739715217338 168.5612042339388 29
1739715217343 168.5276296907117 30
1739715217347 168.49406190652698 31
1739715217351 168.4605008800021 32
1739715217355 168.4269466097545 33
1739715217360 168.39339909440218 34
1739715217364 168.3598583325634 35
1739715217368 168.3263243228565 36
1739715217372 168.29279706390034 37
1739715217376 168.25927655431397 38
1739715217381 168.22576279271675 39
1739715217385 168.19225577772835 40
1739715217390 168.1587555079687 41
1739715217394 168.12526198205802 42
1739715217399 168.09177519861683 43
1739715217404 168.058295156266 44
1739715217408 168.02482185362663 45
1739715217413 167.99135528932013 46
1739715217418 167.95789546196812 47
1739715217422 167.92444237019265 48
1739715217427 167.89099601261597 49
1739715217431 167.85755638786068 50
1739715217435 167.82412349454964 51
1739715217440 167.79069733130598 52
1739715217444 167.75727789675312 53
1739715217448 167.72386518951484 54
1739715217452 167.69045920821515 55
1739715217456 167.65705995147835 56
1739715217460 167.623667417929 57
1739715217464 167.5902816061921 58
1739715217468 167.55690251489276 59
1739715217472 167.5235301426565 60
1739715217477 167.49016448810906 61
1739715217481 167.45680554987655 62
1739715217485 167.42345332658522 63
1739715217489 167.39010781686179 64
1739715217493 167.35676901933314 65
1739715217497 167.32343693262655 66
1739715217501 167.29011155536944 67
1739715217506 167.25679288618974 68
1739715217511 167.2234809237154 69
1739715217516 167.1901756665749 70
1739715217520 167.15687711339686 71
1739715217526 167.12358526281025 72
1739715217530 167.09030011344436 73
1739715217535 167.05702166392865 74
1739715217539 167.023749912893 75
1739715217543 166.9904848589675 76
1739715217548 166.9572265007826 77
1739715217552 166.92397483696897 78
1739715217557 166.89072986615759 79
1739715217561 166.85749158697976 80
1739715217565 166.824259998067 81
1739715217569 166.79103509805125 82
1739715217574 166.75781688556452 83
1739715217578 166.7246053592394 84
1739715217582 166.6914005177085 85
1739715217586 166.65820235960484 86
1739715217592 166.62501088356174 87
1739715217597 166.59182608821277 88
1739715217602 166.5586479721919 89
1739715217608 166.52547653413313 90
1739715217613 166.4923117726711 91
1739715217618 166.45915368644035 92
1739715217622 166.42600227407607 93
1739715217627 166.3928575342135 94
1739715217632 166.35971946548833 95
1739715217638 166.32658806653632 96
1739715217643 166.29346333599375 97
1739715217648 166.2603452724971 98
1739715217654 166.2272338746831 99
1739715217659 166.19412914118877 100
1739715217663 166.16103107065152 101
1739715217669 166.1279396617089 102
1739715217674 166.0948549129988 103
1739715217678 166.06177682315956 104
1739715217683 166.02870539082954 105
1739715217687 165.99564061464753 106
1739715217692 165.96258249325268 107
1739715217697 165.9295310252842 108
1739715217703 165.89648620938183 109
1739715217707 165.86344804418547 110
1739715217711 165.83041652833532 111
1739715217716 165.79739166047187 112
1739715217721 165.7643734392359 113
1739715217725 165.73136186326855 114
1739715217730 165.69835693121115 115
1739715217734 165.6653586417053 116
1739715217739 165.63236699339294 117
1739715217744 165.59938198491633 118
1739715217748 165.56640361491796 119
1739715217753 165.53343188204065 120
1739715217758 165.50046678492743 121
1739715217764 165.46750832222168 122
1739715217768 165.43455649256708 123
1739715217773 165.4016112946076 124
1739715217780 165.36867272698734 125
1739715217785 165.33574078835093 126
1739715217789 165.3028154773432 127
1739715217794 165.26989679260907 128
1739715217798 165.23698473279407 129
1739715217803 165.20407929654377 130
1739715217810 165.17118048250416 131
1739715217814 165.13828828932148 132
1739715217819 165.10540271564219 133
1739715217824 165.07252376011309 134
1739715217829 165.03965142138134 135
1739715217833 165.00678569809423 136
1739715217838 164.97392658889947 137
1739715217843 164.94107409244498 138
1739715217848 164.90822820737898 139
1739715217853 164.87538893235003 140
1739715217858 164.8425562660069 141
1739715217863 164.80973020699867 142
1739715217868 164.77691075397468 143
1739715217873 164.74409790558468 144
1739715217878 164.7112916604785 145
1739715217883 164.67849201730644 146
1739715217887 164.64569897471895 147
1739715217892 164.61291253136693 148
1739715217897 164.58013268590133 149
1739715217902 164.5473594369736 150
1739715217907 164.5145927832354 151
1739715217911 164.48183272333856 152
1739715217915 164.44907925593537 153
1739715217920 164.41633237967838 154
1739715217925 164.38359209322033 155
1739715217930 164.35085839521426 156
1739715217935 164.31813128431355 157
1739715217939 164.28541075917187 158
1739715217944 164.25269681844307 159
1739715217948 164.21998946078148 160
1739715217953 164.18728868484143 161
1739715217957 164.15459448927786 162
1739715217961 164.12190687274574 163
1739715217966 164.08922583390049 164
1739715217970 164.05655137139763 165
1739715217975 164.02388348389312 166
1739715217980 163.99122217004316 167
1739715217984 163.95856742850424 168
1739715217988 163.9259192579331 169
1739715217992 163.89327765698678 170
1739715217997 163.86064262432265 171
1739715218001 163.82801415859828 172
1739715218005 163.79539225847162 173
1739715218010 163.76277692260084 174
1739715218014 163.7301681496443 175
1739715218018 163.69756593826088 176
1739715218022 163.66497028710953 177
1739715218026 163.6323811948496 178
1739715218030 163.59979866014066 179
1739715218035 163.5672226816426 180
1739715218039 163.53465325801557 181
1739715218046 163.50209038792002 182
1739715218076 163.4695340700167 183
1739715218092 163.43698430296658 184
1739715218097 163.4044410854309 185
1739715218104 163.37190441607137 186
1739715218109 163.33937429354978 187
1739715218113 163.30685071652823 188
1739715218119 163.2743336836692 189
1739715218123 163.24182319363533 190
1739715218127 163.20931924508963 191
1739715218131 163.1768218366954 192
1739715218135 163.1443309671162 193
1739715218140 163.11184663501575 194
1739715218144 163.07936883905828 195
1739715218147 163.0468975779081 196
1739715218152 163.01443285022995 197
1739715218157 162.98197465468877 198
1739715218162 162.9495229899498 199
1739715218165 162.91707785467852 200
1739715218169 162.88463924754078 201
1739715218173 162.85220716720266 202
1739715218178 162.81978161233047 203
1739715218182 162.78736258159094 204
1739715218186 162.75495007365097 205
1739715218190 162.72254408717774 206
1739715218194 162.69014462083874 207
1739715218198 162.65775167330173 208
1739715218203 162.62536524323485 209
1739715218207 162.59298532930632 210
1739715218211 162.56061193018485 211
1739715218215 162.52824504453926 212
1739715218219 162.49588467103874 213
1739715218223 162.4635308083528 214
1739715218227 162.43118345515109 215
1739715218232 162.39884261010374 216
1739715218236 162.36650827188092 217
1739715218240 162.3341804391533 218
1739715218244 162.3018591105917 219
1739715218248 162.26954428486724 220
1739715218252 162.23723596065142 221
1739715218256 162.20493413661586 222
1739715218260 162.17263881143253 223
1739715218264 162.14034998377377 224
1739715218268 162.10806765231203 225
1739715218272 162.0757918157202 226
1739715218276 162.04352247267136 227
1739715218297 162.01125962183886 228
1739715218327 161.97900326189637 229
1739715218341 161.9467533915178 230
1739715218346 161.9145100093775 231
1739715218351 161.88227311414977 232
1739715218355 161.85004270450952 233
1739715218360 161.81781877913178 234
1739715218364 161.78560133669188 235
1739715218369 161.75339037586542 236
1739715218373 161.72118589532832 237
1739715218377 161.68898789375675 238
1739715218382 161.6567963698271 239
1739715218386 161.6246113222162 240
1739715218390 161.59243274960096 241
1739715218394 161.56026065065876 242
1739715218399 161.5280950240671 243
1739715218403 161.4959358685039 244
1739715218407 161.4637831826472 245
1739715218411 161.43163696517547 246
1739715218420 161.3994972147674 247
1739715218425 161.36736393010187 248
1739715218430 161.33523710985816 249
1739715218434 161.30311675271582 250
1739715218438 161.2710028573546 251
1739715218442 161.23889542245465 252
1739715218446 161.20679444669622 253
1739715218450 161.17469992876 254
1739715218454 161.1426118673269 255
1739715218459 161.1105302610781 256
1739715218463 161.0784551086951 257
1739715218468 161.04638640885955 258
1739715218472 161.01432416025355 259
1739715218477 160.98226836155936 260
1739715218481 160.95021901145958 261
1739715218485 160.91817610863708 262
1739715218489 160.88613965177495 263
1739715218493 160.8541096395566 264
1739715218497 160.8220860706658 265
1739715218502 160.79006894378634 266
1739715218505 160.75805825760264 267
1739715218509 160.72605401079915 268
1739715218513 160.6940562020606 269
1739715218517 160.6620648300722 270
1739715218522 160.63007989351922 271
1739715218526 160.59810139108725 272
1739715218530 160.56612932146228 273
1739715218534 160.53416368333046 274
1739715218539 160.5022044753782 275
1739715218543 160.4702516962923 276
1739715218547 160.4383053447597 277
1739715218552 160.40636541946776 278
1739715218556 160.374431919104 279
1739715218560 160.3425048423563 280
1739715218563 160.31058418791275 281
1739715218567 160.27866995446175 282
1739715218571 160.24676214069194 283
1739715218575 160.21486074529233 284
1739715218579 160.1829657669521 285
1739715218583 160.15107720436072 286
1739715218587 160.11919505620807 287
1739715218591 160.0873193211841 288
1739715218595 160.05544999797917 289
1739715218600 160.02358708528388 290
1739715218603 159.9917305817891 291
1739715218608 159.95988048618602 292
1739715218612 159.92803679716607 293
1739715218616 159.89619951342092 294
1739715218620 159.86436863364253 295
1739715218624 159.8325441565232 296
1739715218629 159.80072608075548 297
1739715218634 159.76891440503212 298
1739715218638 159.73710912804628 299
1739715218642 159.7053102484913 300
1739715218647 159.67351776506072 301
1739715218651 159.64173167644856 302
1739715218655 159.60995198134893 303
1739715218659 159.5781786784563 304
1739715218663 159.5464117664655 305
1739715218667 159.51465124407147 306
1739715218671 159.48289710996943 307
1739715218675 159.45114936285506 308
1739715218679 159.41940800142405 309
1739715218684 159.38767302437265 310
1739715218688 159.35594443039722 311
1739715218692 159.3242222181943 312
1739715218696 159.29250638646093 313
1739715218701 159.26079693389428 314
1739715218705 159.22909385919183 315
1739715218710 159.19739716105138 316
1739715218715 159.1657068381709 317
1739715218719 159.13402288924877 318
1739715218723 159.10234531298346 319
1739715218727 159.07067410807392 320
1739715218732 159.0390092732192 321
1739715218736 159.00735080711877 322
1739715218741 158.9756987084722 323
1739715218745 158.9440529759795 324
1739715218749 158.91241360834098 325
1739715218754 158.88078060425698 326
1739715218758 158.84915396242837 327
1739715218762 158.81753368155617 328
1739715218767 158.7859197603416 329
1739715218771 158.75431219748643 330
1739715218775 158.72271099169237 331
1739715218780 158.6911161416616 332
1739715218784 158.6595276460966 333
1739715218788 158.62794550369998 334
1739715218792 158.59636971317465 335
1739715218796 158.56480027322394 336
1739715218801 158.53323718255126 337
1739715218805 158.5016804398605 338
1739715218812 158.47013004385556 339
1739715218817 158.43858599324088 340
1739715218821 158.407048286721 341
1739715218825 158.3755169230008 342
1739715218829 158.34399190078537 343
1739715218834 158.3124732187802 344
1739715218840 158.28096087569094 345
1739715218845 158.24945487022356 346
1739715218849 158.2179552010842 347
1739715218854 158.1864618669795 348
1739715218858 158.15497486661613 349
1739715218862 158.12349419870117 350
1739715218867 158.0920198619419 351
1739715218871 158.060551855046 352
1739715218875 158.02909017672124 353
1739715218879 157.9976348256758 354
1739715218884 157.96618580061806 355
1739715218888 157.9347431002567 356
1739715218892 157.9033067233007 357
1739715218896 157.8718766684592 358
1739715218900 157.84045293444183 359
1739715218904 157.80903551995823 360
1739715218908 157.77762442371846 361
1739715218912 157.74621964443287 362
1739715218916 157.714821180812 363
1739715218921 157.68342903156673 364
1739715218925 157.65204319540817 365
1739715218930 157.62066367104768 366
1739715218934 157.58929045719697 367
1739715218939 157.5579235525679 368
1739715218945 157.52656295587275 369
1739715218949 157.49520866582398 370
1739715218955 157.46386068113435 371
1739715218960 157.43251900051683 372
1739715218965 157.40118362268473 373
1739715218971 157.36985454635163 374
1739715218975 157.33853177023133 375
1739715218980 157.30721529303796 376
1739715218985 157.2759051134859 377
1739715218991 157.24460123028976 378
1739715218996 157.21330364216442 379
1739715219002 157.18201234782515 380
1739715219007 157.15072734598735 381
1739715219011 157.11944863536675 382
1739715219016 157.08817621467935 383
1739715219022 157.0569100826414 384
1739715219027 157.02565023796947 385
1739715219033 156.99439667938034 386
1739715219039 156.96314940559105 387
1739715219043 156.93190841531901 388
1739715219048 156.90067370728178 389
1739715219053 156.86944528019723 390
1739715219057 156.8382231327836 391
1739715219061 156.80700726375923 392
1739715219066 156.77579767184287 393
1739715219071 156.7445943557534 394
1739715219076 156.71339731421014 395
1739715219080 156.68220654593256 396
1739715219085 156.6510220496404 397
1739715219089 156.61984382405376 398
1739715219093 156.58867186789294 399
1739715219097 156.5575061798784 400
1739715219102 156.52634675873117 401
1739715219107 156.49519360317223 402
1739715219112 156.464046711923 403
1739715219116 156.43290608370515 404
1739715219122 156.40177171724062 405
1739715219126 156.37064361125158 406
1739715219131 156.3395217644605 407
1739715219135 156.30840617559008 408
1739715219140 156.27729684336333 409
1739715219144 156.2461937665035 410
1739715219148 156.2150969437342 411
1739715219152 156.18400637377914 412
1739715219158 156.15292205536247 413
1739715219163 156.12184398720848 414
1739715219169 156.0907721680418 415
1739715219173 156.05970659658726 416
1739715219177 156.0286472715701 417
1739715219181 155.99759419171565 418
1739715219186 155.96654735574964 419
1739715219190 155.93550676239792 420
1739715219195 155.90447241038686 421
1739715219199 155.87344429844288 422
1739715219204 155.84242242529265 423
1739715219209 155.8114067896633 424
1739715219213 155.78039739028208 425
1739715219218 155.74939422587653 426
1739715219222 155.71839729517447 427
1739715219227 155.68740659690405 428
1739715219231 155.65642212979358 429
1739715219236 155.62544389257167 430
1739715219240 155.59447188396726 431
1739715219244 155.56350610270948 432
1739715219248 155.53254654752774 433
1739715219253 155.50159321715176 434
1739715219257 155.47064611031146 435
1739715219261 155.43970522573719 436
1739715219265 155.40877056215928 437
1739715219269 155.37784211830862 438
1739715219273 155.3469198929162 439
1739715219277 155.31600388471327 440
1739715219282 155.28509409243142 441
1739715219286 155.25419051480253 442
1739715219290 155.22329315055865 443
1739715219294 155.19240199843216 444
1739715219298 155.16151705715563 445
1739715219302 155.130638325462 446
1739715219306 155.09976580208448 447
1739715219310 155.06889948575645 448
1739715219314 155.03803937521155 449
1739715219319 155.00718546918384 450
1739715219323 154.97633776640748 451
1739715219327 154.945496265617 452
1739715219331 154.91466096554714 453
1739715219335 154.88383186493292 454
1739715219339 154.85300896250965 455
1739715219343 154.82219225701286 456
1739715219348 154.7913817471784 457
1739715219352 154.76057743174232 458
1739715219357 154.72977930944106 459
1739715219361 154.69898737901113 460
1739715219365 154.66820163918945 461
1739715219369 154.6374220887132 462
1739715219373 154.60664872631975 463
1739715219378 154.5758815507468 464
1739715219384 154.54512056073236 465
1739715219390 154.51436575501455 466
1739715219395 154.48361713233183 467
1739715219399 154.45287469142306 468
1739715219404 154.42213843102715 469
1739715219408 154.3914083498834 470
1739715219413 154.36068444673137 471
1739715219417 154.32996672031078 472
1739715219422 154.29925516936186 473
1739715219427 154.26854979262475 474
1739715219433 154.23785058884013 475
1739715219438 154.20715755674885 476
1739715219442 154.17647069509206 477
1739715219446 154.14579000261116 478
1739715219450 154.11511547804778 479
1739715219455 154.08444712014378 480
1739715219459 154.05378492764143 481
1739715219463 154.02312889928317 482
1739715219468 153.99247903381166 483
1739715219472 153.9618353299699 484
1739715219476 153.93119778650112 485
1739715219480 153.90056640214885 486
1739715219484 153.86994117565686 487
1739715219488 153.83932210576913 488
1739715219492 153.80870919122998 489
1739715219496 153.778102430784 490
1739715219500 153.74750182317598 491
1739715219506 153.71690736715104 492
1739715219512 153.68631906145447 493
1739715219516 153.65573690483194 494
1739715219521 153.6251608960293 495
1739715219525 153.5945910337927 496
1739715219529 153.56402731686856 497
1739715219534 153.53346974400347 498
1739715219539 153.50291831394446 499
