1739716219677 141.4105926698116 0
1739716219682 126.78938984836127 1
1739716219688 106.86936321750137 2
1739716219693 96.11735802532314 3
1739716219698 81.75507687868532 4
1739716219703 70.17470372142307 5
1739716219708 55.67416943306313 6
1739716219713 51.92493691272959 7
1739716219718 44.659219144865325 8
1739716219723 38.423036709970845 9
1739716219728 32.71854221784989 10
1739716219733 28.93236371883984 11
1739716219738 24.7434396730322 12
1739716219743 21.23427169386742 13
1739716219748 18.341938316803557 14
1739716219753 15.79764102303427 15
1739716219758 13.892998777246596 16
1739716219762 11.960493239644155 17
1739716219767 10.908257072448633 18
1739716219772 9.031715710186065 19
1739716219776 7.763054640071971 20
1739716219780 6.75471844049142 21
1739716219785 5.928817397277794 22
1739716219790 4.88523642743981 23
1739716219794 4.280878040485107 24
1739716219798 3.9374647399262432 25
1739716219803 3.335014077843929 26
1739716219807 3.0329493026051257 27
1739716219812 2.6487700531966576 28
1739716219817 2.4171707799476154 29
1739716219821 2.0326545355949133 30
1739716219826 1.84156596525996 31
1739716219831 1.5074590376611798 32
1739716219835 1.2606776290334405 33
1739716219840 1.1929711020361815 34
1739716219844 0.9831621373335994 35
1739716219849 1.008548649803312 36
1739716219854 0.828773771576474 37
1739716219858 0.7511799723965314 38
1739716219863 0.6174805085752461 39
1739716219868 0.6082214458497505 40
1739716219873 0.5352153444935095 41
1739716219879 0.4754204525671146 42
1739716219884 0.5786726537514972 43
1739716219889 0.4349105998643713 44
1739716219894 0.535547735184183 45
1739716219899 0.3572527325950414 46
1739716219903 0.3026880682333469 47
1739716219908 0.29588727726498276 48
1739716219913 0.1990788895595634 49
1739716219917 0.3078327164322591 50
1739716219922 0.2345566252139267 51
1739716219927 0.23672096780256743 52
1739716219932 0.24697647472181614 53
1739716219937 0.2527266115598668 54
1739716219942 0.205395395525784 55
1739716219946 0.2950480374348709 56
1739716219951 0.2031842180275684 57
1739716219956 0.17958062272699876 58
1739716219961 0.18101964617778818 59
1739716219965 0.17079622710912742 60
1739716219970 0.10976731545222417 61
1739716219975 0.2098256083223868 62
1739716219979 0.10287888439783133 63
1739716219984 0.18627162879057774 64
1739716219988 0.20351613189453174 65
1739716219993 0.12313749391772513 66
1739716219997 0.1365260496012847 67
1739716220002 0.16151624940765813 68
1739716220006 0.11828272793211807 69
1739716220011 0.12739275712891596 70
1739716220016 0.09754869622912199 71
1739716220021 0.09496304939142731 72
1739716220026 0.23689348712727512 73
1739716220030 0.1360261960729181 74
1739716220035 0.14515365326736668 75
1739716220039 0.12954329306919005 76
1739716220044 0.09841526637463706 77
1739716220049 0.1374817833434215 78
1739716220054 0.13142810064673902 79
1739716220058 0.13243889148673316 80
1739716220063 0.12777373313586948 81
1739716220067 0.0638858259696542 82
1739716220072 0.10665757447801473 83
1739716220077 0.17881639935912877 84
1739716220082 0.1787475413150887 85
1739716220086 0.14057858626892406 86
1739716220091 0.1314075202913529 87
1739716220095 0.13804109369607326 88
1739716220100 0.12231324871749125 89
1739716220105 0.13269845042580303 90
1739716220109 0.12847270349405687 91
1739716220114 0.1268398916038291 92
1739716220120 0.12413975988779889 93
1739716220125 0.1074221122645013 94
1739716220130 0.13524932944302848 95
1739716220136 0.13345566893657215 96
1739716220140 0.16561564203206075 97
1739716220145 0.11553154659020523 98
1739716220149 0.09123419791875771 99
1739716220154 0.10219062093230144 100
1739716220159 0.09264564871471531 101
1739716220163 0.18679507408292742 102
1739716220168 0.16383637527202452 103
1739716220172 0.1404477152347125 104
1739716220177 0.21957966484258423 105
1739716220182 0.2897472964172335 106
1739716220187 0.12509264685252983 107
1739716220192 0.15583243514185344 108
1739716220196 0.09932164508093759 109
1739716220201 0.08916778579610968 110
1739716220205 0.12656406265917095 111
1739716220210 0.08519566909691831 112
1739716220215 0.16440138000209356 113
1739716220220 0.15197069492485477 114
1739716220226 0.08983173032692923 115
1739716220232 0.1587594986676835 116
1739716220237 0.13491643135044845 117
1739716220243 0.15748311558498831 118
1739716220249 0.10633846134590344 119
1739716220255 0.11201368491964762 120
1739716220260 0.12661719454437656 121
1739716220266 0.11981355403042863 122
1739716220271 0.11052518927615952 123
1739716220279 0.15854390231002602 124
1739716220286 0.1085088557625308 125
1739716220291 0.10917137271572105 126
1739716220296 0.11243190284578415 127
1739716220301 0.1135625741446965 128
1739716220306 0.1713801351810262 129
1739716220311 0.1416863340371706 130
1739716220316 0.09417163001263489 131
1739716220322 0.1998800049190814 132
1739716220328 0.1642009095514811 133
1739716220334 0.10412608413739836 134
1739716220339 0.12557086632133715 135
1739716220344 0.11818416945020713 136
1739716220349 0.1204447334662229 137
1739716220354 0.12237209213468012 138
