1739715928420 169.87478784913935 0
1739715928426 165.70747569060305 1
1739715928433 165.0346320274813 2
1739715928439 159.6601010498358 3
1739715928445 157.05751580634617 4
1739715928450 154.25788179738365 5
1739715928456 153.69647444637528 6
1739715928461 152.55514821685668 7
1739715928467 148.06431175435304 8
1739715928473 146.06686547477437 9
1739715928479 143.74805191152234 10
1739715928485 140.21579618123909 11
1739715928491 141.99501028331994 12
1739715928496 138.10387458487304 13
1739715928502 136.2031959157538 14
1739715928508 136.7342611709344 15
1739715928513 130.8297770944073 16
1739715928519 131.61356951449315 17
1739715928525 128.05316037384415 18
1739715928532 126.24278702527181 19
1739715928537 124.26346301837837 20
1739715928543 123.57616637308647 21
1739715928548 118.05157699239234 22
1739715928554 118.23565165819177 23
1739715928560 117.9309742809959 24
1739715928566 113.88603869982958 25
1739715928572 112.55544045420994 26
1739715928578 112.14232010530978 27
1739715928584 111.00076362855371 28
1739715928590 110.11031873544682 29
1739715928596 108.02158141621663 30
1739715928602 106.84553933671114 31
1739715928607 103.78242852919831 32
1739715928613 103.45296458571289 33
1739715928619 102.75551285291786 34
1739715928625 100.9056516045966 35
1739715928632 98.88135935373157 36
1739715928638 97.20733774312957 37
1739715928643 96.63496635472671 38
1739715928649 94.20209604005726 39
1739715928655 92.4864876673301 40
1739715928661 93.52374831873571 41
1739715928667 90.87683739490842 42
1739715928673 88.49139906274102 43
1739715928678 86.89022400253909 44
1739715928684 87.79884735553095 45
1739715928689 84.59775282742181 46
1739715928695 81.29082539150751 47
1739715928700 84.91255923461232 48
1739715928706 80.83886641202533 49
1739715928711 80.14886497607067 50
1739715928717 80.59929390860445 51
1739715928723 75.8489436237889 52
1739715928730 78.12636528154032 53
1739715928736 76.96242034523856 54
1739715928745 74.26347625612127 55
1739715928751 73.85773199244747 56
1739715928757 71.74860526782356 57
1739715928763 71.88830284055372 58
1739715928768 70.09726362033213 59
1739715928773 69.32250481246798 60
1739715928779 68.31270911308367 61
1739715928784 68.6778214841208 62
1739715928790 67.63904329799998 63
1739715928795 65.14625078475284 64
1739715928800 65.2164639650125 65
1739715928806 63.83250287584702 66
1739715928811 62.047379748054844 67
1739715928816 61.336723823036415 68
1739715928822 60.75151173055347 69
1739715928828 59.524303192839575 70
1739715928833 61.11033266576252 71
1739715928839 57.75992018415254 72
1739715928844 58.59284073871385 73
1739715928849 57.26800207577738 74
1739715928855 54.97453198209127 75
1739715928860 54.964661371225205 76
1739715928866 55.273510715582994 77
1739715928871 54.713380002266376 78
1739715928876 53.30542766101015 79
1739715928882 53.37987568770993 80
1739715928888 52.06096351254973 81
1739715928893 49.95859876076166 82
1739715928899 49.7630820608939 83
1739715928904 49.76512134909621 84
1739715928910 48.336805120746014 85
1739715928915 48.04842846465756 86
1739715928921 46.74762501103489 87
1739715928927 46.61627108346852 88
1739715928932 46.145283190896755 89
1739715928938 45.161510403117724 90
1739715928943 44.39656150562345 91
1739715928949 43.75580937785851 92
1739715928955 43.05712969452766 93
1739715928960 43.855914482160436 94
1739715928966 42.484042333359824 95
1739715928971 40.96065957473793 96
1739715928977 39.42081608596741 97
1739715928982 39.92391064628302 98
1739715928988 39.580460262490156 99
1739715928993 38.3345854416904 100
1739715928999 37.402110328633036 101
1739715929004 38.455017819639735 102
1739715929010 36.71688289464713 103
1739715929015 37.091857626 104
1739715929021 36.62906954905459 105
1739715929026 36.11298263104684 106
1739715929032 35.15019128045507 107
1739715929037 34.221797443430184 108
1739715929043 35.3286299951373 109
1739715929048 33.90883111357142 110
1739715929054 33.789157688789885 111
1739715929060 33.144192890026595 112
1739715929065 31.49646395272109 113
1739715929070 31.214962331199015 114
1739715929075 32.513983927603434 115
1739715929081 30.20740495808554 116
1739715929086 28.885297467187975 117
1739715929092 30.0504593974629 118
1739715929097 29.82118433780095 119
1739715929103 29.523719438465097 120
1739715929108 29.332613143820176 121
1739715929114 27.48962455214377 122
1739715929120 28.19927457045302 123
1739715929126 27.564260143439757 124
1739715929132 27.315937587525823 125
1739715929138 26.73763971810647 126
1739715929143 26.669836001950618 127
1739715929149 26.532966666423373 128
1739715929155 25.035680774420108 129
1739715929160 24.93473152649162 130
1739715929166 24.85899131090351 131
1739715929171 24.819986216275776 132
1739715929177 23.650712393727343 133
1739715929183 24.28555059986022 134
1739715929189 23.4785686362166 135
1739715929195 22.792175734336357 136
1739715929200 22.508947149556608 137
1739715929206 21.927746584585094 138
1739715929211 22.227012832434962 139
1739715929216 20.966407568239678 140
1739715929222 21.59702484910382 141
1739715929227 21.21448987599166 142
1739715929233 20.184652491383762 143
1739715929239 20.124809376358517 144
1739715929244 21.215117229140883 145
1739715929250 20.291660250331773 146
1739715929255 19.761384884986796 147
1739715929261 19.284234255427144 148
1739715929267 18.864464500784162 149
1739715929272 18.60232396356433 150
1739715929277 19.109182783744973 151
1739715929283 17.95905180672644 152
1739715929289 17.86961655794178 153
1739715929294 17.651943530435112 154
1739715929299 17.865829164067556 155
1739715929305 16.78531873003585 156
1739715929310 17.30807747417789 157
1739715929316 16.659123484027617 158
1739715929321 16.216286525236004 159
1739715929326 16.88776988969696 160
1739715929331 16.065409194013494 161
1739715929337 15.440762653077016 162
1739715929343 14.722697226367682 163
1739715929349 14.858616172951757 164
1739715929355 15.056240706816727 165
1739715929360 14.350628327509993 166
1739715929366 14.587078207639726 167
1739715929372 14.065438220110467 168
1739715929377 14.354235092030496 169
1739715929383 13.99323617843381 170
1739715929388 14.146922045550795 171
1739715929394 14.192427548163568 172
1739715929400 13.369889775431886 173
1739715929406 12.937447965266596 174
1739715929411 12.652670041055417 175
1739715929417 13.473631480593328 176
1739715929422 12.66327578188466 177
1739715929427 12.11146819135559 178
1739715929434 12.232386754038519 179
1739715929439 12.484116083782117 180
1739715929445 12.213990922375284 181
1739715929451 11.685151953552792 182
1739715929457 12.131879522212285 183
1739715929462 11.711331643658625 184
1739715929468 11.061423638877502 185
1739715929476 10.77482026884313 186
1739715929482 11.58406782768828 187
1739715929488 11.247318037901316 188
1739715929493 10.679683378775986 189
1739715929498 10.8519320271336 190
1739715929504 10.096960064608066 191
1739715929511 10.627056679693924 192
1739715929517 10.424271231438166 193
1739715929523 10.06998752864658 194
1739715929529 9.18958269419654 195
1739715929535 9.559340592167699 196
1739715929541 9.205494033842083 197
1739715929547 9.13260728081054 198
1739715929552 9.351977514205432 199
1739715929557 9.297795798772034 200
1739715929563 9.00154875549607 201
1739715929568 9.310090820303323 202
1739715929573 9.169203235184858 203
1739715929579 8.453974069125639 204
1739715929585 8.986709206603217 205
1739715929590 8.288994054632656 206
1739715929596 7.2308330656438145 207
1739715929601 8.257585843670451 208
1739715929607 8.543827872371292 209
1739715929613 7.5661388563991006 210
1739715929619 7.481080993314815 211
1739715929627 7.648793305090142 212
1739715929633 7.872914586895137 213
1739715929639 7.3301436800135775 214
1739715929645 7.3091078605139606 215
1739715929651 7.675597296673749 216
1739715929657 6.836894313506402 217
1739715929663 6.571322314657026 218
1739715929669 6.697448206458852 219
1739715929675 7.006380660545896 220
1739715929680 6.999602306011342 221
1739715929686 6.827862958465267 222
1739715929692 6.712589176341434 223
1739715929698 6.808048205344841 224
1739715929703 6.347425910654256 225
1739715929709 6.2489033336473385 226
1739715929714 6.354739237859703 227
1739715929720 5.940502738238959 228
1739715929726 5.966343891382994 229
1739715929732 5.720500055279499 230
1739715929737 5.857732773881241 231
1739715929743 5.449353268323375 232
1739715929752 5.411835711309136 233
1739715929758 5.687378561140815 234
1739715929763 5.2881063403204935 235
1739715929769 5.054081299580596 236
1739715929774 5.352326733322208 237
1739715929779 5.348400657975622 238
1739715929785 5.568958069626483 239
1739715929791 5.030045378072689 240
1739715929796 5.269191872238603 241
1739715929802 5.036950325646248 242
1739715929807 5.096565774422784 243
1739715929812 4.538694490606744 244
1739715929818 4.643114168302088 245
1739715929823 4.730498436102985 246
1739715929829 4.5717881110986776 247
1739715929834 4.691286263778826 248
1739715929840 4.235078399147003 249
1739715929846 4.944518096404007 250
1739715929851 4.232641142259314 251
1739715929857 4.332700612623208 252
1739715929863 4.698427717350696 253
1739715929868 4.06593828609232 254
1739715929873 4.075817591633256 255
1739715929878 4.042141788148463 256
1739715929884 4.152543836246093 257
1739715929889 3.8565913220136707 258
1739715929894 4.149943897000926 259
1739715929900 3.901773970289373 260
1739715929906 4.123051052941837 261
1739715929912 3.673848761504996 262
1739715929918 3.418641040128523 263
1739715929923 3.733007636823935 264
1739715929929 3.3924499001347233 265
1739715929936 3.6316047750279203 266
1739715929942 3.333647204944731 267
1739715929949 3.35277396742408 268
1739715929956 3.436387461084531 269
1739715930021 3.462345996324187 270
1739715930139 3.3826876727988124 271
1739715930150 3.0730160033984895 272
1739715930160 3.454175552061202 273
1739715930170 3.38361787142987 274
1739715930177 3.1334692239640654 275
1739715930184 3.1823560726107187 276
1739715930192 2.7713053933581535 277
1739715930199 2.925599762517813 278
1739715930206 2.9714424798491526 279
1739715930213 2.807017310071125 280
1739715930220 2.950098662658058 281
1739715930227 2.6983859507216867 282
1739715930233 2.839592732014016 283
1739715930239 2.9444068557852314 284
1739715930245 2.805185789184595 285
1739715930251 2.6337305412673944 286
1739715930257 2.606680199297361 287
1739715930264 2.4287913794822846 288
1739715930270 2.4961815940314294 289
1739715930276 2.421534968795869 290
1739715930281 2.4452418811907073 291
1739715930287 2.596992192838749 292
1739715930293 2.4125321409728717 293
1739715930298 2.4239748056853325 294
1739715930304 2.2706369235011943 295
1739715930310 2.400979964338401 296
1739715930316 2.3837191885197853 297
1739715930322 2.26021189431378 298
1739715930328 2.304557575059686 299
1739715930334 2.075351760710572 300
1739715930339 2.0898870249441495 301
1739715930345 2.141385378008816 302
1739715930351 2.039604196795883 303
1739715930357 1.9093000356500907 304
1739715930363 1.9528871221888437 305
1739715930368 1.968962906146353 306
1739715930374 1.8129340667767608 307
1739715930380 1.9017085743155182 308
1739715930386 1.9498813833445956 309
1739715930391 1.822049396085147 310
1739715930397 1.7756638937739944 311
1739715930403 2.0642946373696174 312
1739715930409 1.7528521738473095 313
1739715930414 1.6591256716796199 314
1739715930420 1.7537799802892777 315
1739715930426 1.7639091417344475 316
1739715930432 1.718800785030191 317
1739715930438 1.804259255272915 318
1739715930444 1.9032309526247317 319
1739715930450 1.8025418331955552 320
1739715930456 1.779448866782123 321
1739715930461 1.5458114912761942 322
1739715930467 1.7151709543451137 323
1739715930473 1.6640436769399078 324
1739715930479 1.473143385468245 325
1739715930485 1.5283244558552742 326
1739715930491 1.4804692122870233 327
1739715930497 1.3864561586982598 328
1739715930504 1.52484356153786 329
1739715930510 1.4366025706161547 330
1739715930516 1.4259770398058615 331
1739715930522 1.501622743087413 332
1739715930527 1.386524860676719 333
1739715930533 1.2457598351073842 334
1739715930540 1.331371275537967 335
1739715930547 1.4709010970638716 336
1739715930557 1.2364229903159936 337
1739715930563 1.3132413852422327 338
1739715930569 1.3286971659122522 339
1739715930575 1.1475749767337102 340
1739715930581 1.3841142861752358 341
1739715930588 1.5667110495615895 342
1739715930595 1.1751750890896182 343
1739715930601 1.1322677799465073 344
1739715930607 1.1371915107366684 345
1739715930614 1.1749665946630976 346
1739715930619 1.1736602506792913 347
1739715930625 1.0016668060643392 348
1739715930630 0.9462035039842687 349
1739715930637 1.1622329539732565 350
1739715930642 1.1304787548548647 351
1739715930648 1.0133219277317496 352
1739715930655 1.0704558684409151 353
1739715930661 1.09440792062094 354
1739715930667 0.9349471064853694 355
1739715930673 0.910153160045542 356
1739715930679 1.0485719838091163 357
1739715930685 0.9018897105703286 358
1739715930691 0.9693942204347191 359
1739715930696 0.9709111959921921 360
1739715930702 0.9582133784880993 361
1739715930707 0.9108583536987147 362
1739715930712 0.8531384371217439 363
1739715930719 0.8936976133861628 364
1739715930724 0.8367295208263955 365
1739715930730 0.8490812431961293 366
1739715930736 1.0020403405055023 367
1739715930741 0.8859456749477954 368
1739715930747 0.9406140819104334 369
1739715930755 0.8227619607024276 370
1739715930761 0.7725084963214834 371
1739715930766 0.7830820902202639 372
1739715930772 0.7716550484099717 373
1739715930777 0.8340395129369353 374
1739715930783 0.805994940539333 375
1739715930788 0.8182795514872006 376
1739715930793 0.8566305551830485 377
1739715930799 0.7416232535817895 378
1739715930805 0.7310470093210988 379
1739715930810 0.828602478744167 380
1739715930816 0.6981821242648437 381
1739715930821 0.616343889511123 382
1739715930827 0.5874431228559758 383
1739715930832 0.7488180343020763 384
1739715930838 0.6580588681803698 385
1739715930844 0.6599538578710769 386
1739715930849 0.64454894307535 387
1739715930855 0.648527609364475 388
1739715930861 0.6946524299142657 389
1739715930867 0.6150030849220546 390
1739715930873 0.7779688946749255 391
1739715930878 0.6224743224908251 392
1739715930884 0.59785549502596 393
1739715930889 0.6339097559582633 394
1739715930895 0.6068143205279702 395
1739715930901 0.5884491097798384 396
1739715930906 0.5542611955177342 397
1739715930912 0.6054001150153792 398
1739715930917 0.561954743952984 399
1739715930923 0.5059118146069838 400
1739715930929 0.6414202398148305 401
1739715930934 0.5449250703939655 402
1739715930940 0.4709632768506835 403
1739715930945 0.5319400857703634 404
1739715930951 0.5526134290061994 405
1739715930957 0.4989127826547994 406
1739715930963 0.5714076067029104 407
1739715930968 0.5795028190308645 408
1739715930974 0.6139135860902479 409
1739715930980 0.5430036340686061 410
1739715930985 0.45049078073538396 411
1739715930991 0.5211970862287378 412
1739715930996 0.6044596536211363 413
1739715931002 0.5144139284943933 414
1739715931007 0.459847745640437 415
1739715931013 0.46788424911444887 416
1739715931018 0.6240661138001231 417
1739715931024 0.4128412238407191 418
1739715931030 0.5490203481468275 419
1739715931036 0.41127361154001485 420
1739715931042 0.3481791775294387 421
1739715931048 0.4032722218935189 422
1739715931054 0.28402629317606215 423
1739715931060 0.3828416063794544 424
1739715931065 0.39780571700931694 425
1739715931071 0.4028045886048517 426
1739715931076 0.4085664970206319 427
1739715931082 0.3767778716838378 428
1739715931088 0.3873042690136533 429
1739715931094 0.3892592359872051 430
1739715931100 0.49528455167100455 431
1739715931106 0.3278045823118545 432
1739715931111 0.4460471756669662 433
1739715931117 0.38452533735600264 434
1739715931123 0.37806165896259636 435
1739715931129 0.4894536974836118 436
1739715931134 0.30681420924665925 437
1739715931140 0.3733082360968256 438
1739715931146 0.3397792520694336 439
1739715931151 0.38483435559311513 440
1739715931157 0.31943004233025074 441
1739715931162 0.3560829903031017 442
1739715931168 0.3285843369650287 443
1739715931174 0.39064412451393443 444
1739715931180 0.31035861841140855 445
1739715931186 0.2654220049701131 446
1739715931191 0.3210191571928242 447
1739715931197 0.3947940674127172 448
1739715931203 0.3703970610787673 449
1739715931208 0.35396929676235306 450
1739715931214 0.41147298198788146 451
1739715931219 0.2915950847240136 452
1739715931225 0.3466801356328962 453
1739715931230 0.2901261336771224 454
1739715931235 0.35787394358616387 455
1739715931241 0.3322712838940824 456
1739715931246 0.3476670283425761 457
1739715931251 0.3394689682074402 458
1739715931256 0.291466732394231 459
1739715931262 0.3271115254778483 460
1739715931268 0.30483471824983494 461
1739715931274 0.3329833993579902 462
1739715931279 0.3343723180556657 463
1739715931285 0.2679845189235269 464
1739715931290 0.2790447257369555 465
1739715931295 0.29659330345016466 466
1739715931301 0.28069974159276656 467
1739715931306 0.3036584386034252 468
1739715931312 0.25090394381434417 469
1739715931317 0.21995060690648613 470
1739715931322 0.2436714881958234 471
1739715931328 0.20703923421075338 472
1739715931333 0.2877068205993105 473
1739715931338 0.2426978553253509 474
1739715931344 0.311724848788222 475
1739715931349 0.2567841155140415 476
1739715931356 0.30711107600628607 477
1739715931362 0.29838134282279016 478
1739715931367 0.19604374803688066 479
1739715931373 0.23986369400656962 480
1739715931379 0.2546465656132618 481
1739715931385 0.26487355049756184 482
1739715931390 0.24847771077972733 483
1739715931396 0.29226713445528846 484
1739715931402 0.2784594960487558 485
1739715931407 0.23585925704247027 486
1739715931412 0.24807702757745909 487
1739715931418 0.2449689461288143 488
1739715931423 0.17738302672375708 489
1739715931429 0.24581174734586747 490
1739715931434 0.17683892229445614 491
1739715931439 0.17607290212590815 492
1739715931445 0.2323599853450751 493
1739715931451 0.27101856802224517 494
1739715931456 0.1830266121245251 495
1739715931462 0.20028969219025736 496
1739715931467 0.2183135436298126 497
1739715931473 0.23130980071142127 498
1739715931478 0.191574402145167 499
