1739718030278 87.15315231887001 0
1739718030307 36.67895955543061 1
1739718030334 20.59350659033965 2
1739718030361 9.924801043678888 3
1739718030388 5.959464537445302 4
1739718030416 3.088101456340523 5
1739718030443 4.009461687409241 6
1739718030471 1.1787942518575416 7
1739718030499 0.03849773250840878 8
1739718030526 0.18050088670883857 9
1739718030554 0.054460348556980565 10
1739718030583 5.693174235137585e-05 11
1739718030612 0.048713620480224526 12
1739718030641 0.5965976531283896 13
1739718030669 0.6120577490777441 14
1739718030698 0.237816069431539 15
1739718030728 0.005451781171457726 16
1739718030757 0.38766123263844193 17
1739718030786 0.017866108845290826 18
1739718030815 0.005433492638905071 19
1739718030844 0.007905007590470772 20
1739718030872 0.07772577967999093 21
1739718030950 0.02038390790179648 22
1739718030980 0.1083613885633729 23
1739718031008 0.00743912592254937 24
1739718031037 0.10073321720686641 25
1739718031064 0.03144585846942359 26
1739718031091 0.027634720389964097 27
1739718031119 0.1070063927779305 28
1739718031146 0.008257142755445878 29
1739718031173 0.1879935765797634 30
1739718031200 0.29091253982493154 31
1739718031228 0.1734416762252341 32
1739718031257 0.011686072697622295 33
1739718031284 1.5933379935858492e-05 34
1739718031311 0.06293505206934874 35
1739718031339 0.031813724991824485 36
1739718031368 0.10024127477140021 37
1739718031395 0.3673124166475544 38
1739718031422 0.0012411188138231313 39
1739718031449 0.18842064743190942 40
1739718031477 0.003248848701388815 41
1739718031505 0.5160222120088935 42
1739718031532 0.0032618580280727796 43
1739718031559 0.035214088038315855 44
1739718031587 0.13145021001337326 45
1739718031614 0.011640596024966943 46
1739718031642 0.00423808603240663 47
1739718031669 0.04829558017855802 48
1739718031697 0.010787061998103416 49
1739718031724 0.10280160778587849 50
1739718031751 6.781935927762833e-05 51
1739718031778 0.22796762081862917 52
1739718031806 0.01781099210138776 53
1739718031834 0.0077541067305163525 54
1739718031861 0.07987801673954494 55
1739718031891 0.05734809812626228 56
1739718031963 0.6665773283984413 57
1739718031992 0.17171390328721076 58
1739718032021 0.0036537952935419243 59
1739718032049 0.06408719336126709 60
1739718032077 0.25224154599588233 61
1739718032104 0.018618773744551953 62
1739718032131 0.0482240495927682 63
1739718032158 0.01808078706607057 64
1739718032185 0.10970653001276175 65
1739718032214 3.08544477308016e-05 66
1739718032243 0.15614360067085656 67
1739718032270 0.0005177115111690112 68
1739718032297 0.1659412000258527 69
1739718032325 0.1727208730831658 70
1739718032353 0.07157426244035535 71
1739718032381 0.019404370613717963 72
1739718032408 0.026437663491604015 73
1739718032436 0.013877711135884482 74
1739718032463 0.0034285480277468023 75
1739718032491 0.3734504194459368 76
1739718032519 0.21790670073687413 77
1739718032546 0.013620775085097498 78
1739718032573 0.12183884996890375 79
1739718032600 0.05160158316421271 80
1739718032627 0.04307020608741681 81
1739718032654 0.06717469719266358 82
1739718032681 0.15707122830431905 83
1739718032708 0.0018133807593907166 84
1739718032735 0.012361557919556718 85
1739718032762 0.15628592309246736 86
1739718032790 0.00678848846261181 87
1739718032817 0.004827126613242319 88
1739718032844 0.6880470172011451 89
1739718032871 0.00023325201325284287 90
1739718032898 0.0007722832176819938 91
1739718032925 0.004746900667905253 92
1739718032952 0.008076015316805372 93
1739718032979 0.00661997468801225 94
1739718033007 0.07461479628208002 95
1739718033036 0.3110552745476151 96
1739718033064 0.03289049016599474 97
1739718033091 0.21940927556508874 98
1739718033120 0.0003985435067244214 99
1739718033148 0.6799261691560657 100
1739718033176 0.013979757709097337 101
1739718033205 0.02399030645147019 102
1739718033234 0.20091487257164245 103
1739718033262 0.02024910724217605 104
1739718033290 0.11380603896788732 105
1739718033319 0.7117154000730654 106
1739718033347 0.007907378011780763 107
1739718033375 0.23631804564006295 108
1739718033403 0.026750936499284766 109
1739718033431 3.022613216119025e-05 110
1739718033459 0.025465486588853798 111
1739718033487 0.002538782611606629 112
1739718033514 0.35571629135973 113
1739718033542 2.0183757973882993e-05 114
1739718033569 0.07474125040482257 115
1739718033596 0.05551430499043135 116
1739718033623 0.16998538088325152 117
1739718033651 0.09652005924600697 118
1739718033677 0.1329257469561609 119
1739718033705 0.01812050311961911 120
1739718033732 0.0044313037174799515 121
1739718033759 0.3418317054364133 122
1739718033787 0.004723828064171903 123
1739718033814 0.2780298887061196 124
1739718033841 0.05113648835146163 125
1739718033868 0.8007297876149527 126
1739718033897 0.00897914287132124 127
1739718033925 0.0034441416089608214 128
1739718033953 0.02351380141526812 129
1739718033982 0.074710644389236 130
1739718034012 0.07627860587617644 131
1739718034043 0.3080396457146858 132
1739718034073 0.044790473525135 133
1739718034101 0.08697043259416828 134
1739718034130 0.20591213028065217 135
1739718034160 0.26229947922418173 136
1739718034189 2.436217070788977 137
1739718034217 0.006154979501909996 138
1739718034245 0.014472258489879446 139
1739718034275 0.11332191851004421 140
1739718034305 0.06002257184047763 141
1739718034334 1.0511923717377942 142
1739718034364 0.005675329973916327 143
1739718034392 0.027598694282249422 144
1739718034421 0.004881875313272147 145
1739718034449 0.10833730367862009 146
1739718034478 0.008200046680176454 147
1739718034507 0.38155561171419383 148
1739718034535 0.036328787438513074 149
1739718034562 0.0031191225540667072 150
1739718034589 0.3426303305282733 151
1739718034616 1.0574305959896995 152
1739718034645 0.5778242721879315 153
1739718034672 0.0003134827912802691 154
1739718034699 0.007055855015447992 155
1739718034726 0.057593999025500504 156
1739718034752 0.022267580690626933 157
1739718034779 0.00043432960150410245 158
1739718034806 0.1516096803856347 159
1739718034834 0.1411524472049308 160
1739718034862 0.07109645731555347 161
1739718034889 0.042237724370144045 162
1739718034916 0.01319900360617529 163
1739718034944 0.14461562777365172 164
1739718034972 0.06186828457244548 165
1739718035023 0.03162471481491222 166
1739718035051 0.000764807654393459 167
1739718035079 0.025814120613140354 168
1739718035107 0.46655143260598847 169
1739718035135 0.009197967284194562 170
1739718035162 0.0014778629391650553 171
1739718035190 0.11153661670322541 172
1739718035217 0.006477608283073624 173
1739718035245 0.38752383418109854 174
1739718035273 0.05975274530332432 175
1739718035300 0.10873812206789757 176
1739718035328 0.030474229799831318 177
1739718035355 0.030731836087384178 178
1739718035383 0.0015138257723130658 179
1739718035410 0.054924371193612424 180
1739718035438 0.035023385784690275 181
1739718035465 0.009774566171062838 182
1739718035493 0.0013132545180436462 183
1739718035520 0.12641622442781786 184
1739718035548 0.18974239384374836 185
1739718035575 0.15496525652231535 186
1739718035603 0.01110585767881231 187
1739718035630 0.04271814414242948 188
1739718035658 0.2105263336138596 189
1739718035685 0.00010681146843774032 190
1739718035712 0.07168555816085545 191
1739718035740 0.00022551146363689704 192
1739718035767 0.13991711731730574 193
1739718035796 0.004308394724716563 194
1739718035825 0.028756503081210492 195
1739718035853 0.00013762069750431494 196
1739718035884 1.0517389927481158 197
1739718035913 0.04989381635929012 198
1739718035942 0.17829621039730362 199
1739718035971 0.14345523917028025 200
1739718035999 0.00444612704637258 201
1739718036027 0.1630981646532587 202
1739718036056 0.22592637301737062 203
1739718036085 0.1183244391637822 204
1739718036115 0.13561845911968792 205
1739718036158 0.013467922840409735 206
1739718036199 0.02584945572784799 207
1739718036232 0.3932401373831439 208
1739718036264 0.005488172763477607 209
1739718036294 0.00014531490189866977 210
1739718036323 2.9820134860236624e-07 211
1739718036355 0.07571358260856054 212
1739718036385 0.1420681509993855 213
1739718036418 0.0003441327996370394 214
1739718036451 0.7049233039394514 215
1739718036486 0.059871743693585985 216
1739718036520 0.037816134827467734 217
1739718036550 0.0007388567109033742 218
1739718036579 0.03721880542778551 219
1739718036608 0.01336920652632668 220
1739718036637 0.026971611058307345 221
1739718036665 0.06760210832760295 222
1739718036694 6.267740445685938e-07 223
1739718036724 0.02619862133632546 224
1739718036754 0.26223011285835074 225
1739718036783 0.1548378684632758 226
1739718036812 0.004968809263954744 227
1739718036841 0.03521241762664928 228
1739718036871 0.15006031819097773 229
1739718036900 0.6471631727122427 230
1739718036929 0.006518582043809986 231
1739718036958 0.0028455684084903016 232
1739718036986 0.031134199575065524 233
1739718037014 0.13213413091030737 234
