1739719193615 0.3396625196986532 0
1739719193640 0.17980853565429164 1
1739719193666 0.0033576726612951427 2
1739719193692 0.005246891570359453 3
1739719193717 0.21012425813150548 4
1739719193743 0.061582989787431215 5
1739719193768 0.0140454908615918 6
1739719193793 0.4564264986061994 7
1739719193819 0.11524746836456536 8
1739719193845 0.2604421976914552 9
1739719193871 0.011689807800212115 10
1739719193897 0.0001864857533772309 11
1739719193923 0.0033391092534271255 12
1739719193948 0.010851795508563416 13
1739719193973 0.005157862530768736 14
1739719193999 0.04518987733316953 15
1739719194024 9.391365622388055e-06 16
1739719194049 0.0066465509807113665 17
1739719194074 1.331260552845437 18
1739719194099 6.864116401768224e-05 19
1739719194124 0.033118646609116176 20
1739719194150 0.5954431225786387 21
1739719194175 0.21061247393222726 22
1739719194200 0.0016102908370712614 23
1739719194225 0.13879525511409735 24
1739719194251 0.5476839933215437 25
1739719194276 0.062263332652688165 26
1739719194301 0.5468208809102919 27
1739719194326 6.298635061703574e-05 28
1739719194351 0.49606919315545045 29
1739719194376 0.026396588289300842 30
1739719194401 0.5698748595714354 31
1739719194426 0.43717932458559067 32
1739719194451 0.006890691813603268 33
1739719194476 0.11810600471373707 34
1739719194502 0.013296231693374719 35
1739719194527 0.11381425771851457 36
1739719194552 0.5364186254099003 37
1739719194577 0.21972135130262627 38
1739719194602 0.08439288048684328 39
1739719194628 0.06955141718819453 40
1739719194653 0.02347865479491254 41
1739719194679 0.05102087545350892 42
1739719194703 0.08261618187533193 43
1739719194729 1.0179323247196816 44
1739719194754 0.4885161979139388 45
1739719194780 0.17114474165136997 46
1739719194805 0.02228973719485209 47
1739719194831 0.015731255021271203 48
1739719194857 0.41321864335726943 49
1739719194882 0.49054377844752817 50
1739719194907 0.04025122834405557 51
1739719194933 0.018057225937963873 52
1739719194958 0.003491712071335612 53
1739719194983 0.21943564639530957 54
1739719195008 0.3372441362983902 55
1739719195033 0.8152369578371976 56
1739719195059 0.17235085628042268 57
1739719195084 0.20910326101514326 58
1739719195110 0.0028806728356357 59
1739719195135 0.0006372542176229782 60
1739719195161 0.5672138219726184 61
1739719195186 0.0045542766857029566 62
1739719195211 1.0272263651720154e-05 63
1739719195237 0.006978490855954961 64
1739719195262 0.009584805122982211 65
1739719195288 0.8331367061182161 66
1739719195313 0.16746320913869703 67
1739719195338 0.09393398217814353 68
1739719195364 0.289133328212464 69
1739719195390 0.7667599817102063 70
1739719195418 0.003499210990491073 71
1739719195443 0.5569760012622941 72
1739719195469 3.150940631629788e-05 73
1739719195494 0.0018035717541041558 74
1739719195520 0.025039366110310716 75
1739719195545 0.10518846719679034 76
1739719195571 0.16397866688225446 77
1739719195595 0.24197892632171245 78
1739719195621 0.022036313340458583 79
1739719195646 0.09558921988184467 80
1739719195671 0.0615344377058252 81
1739719195696 0.4889352870977366 82
1739719195721 0.32739309640799613 83
1739719195747 0.19581362122486792 84
1739719195773 0.010437643767075086 85
1739719195798 0.010694465761690529 86
1739719195823 0.3496511675566377 87
1739719195848 0.13553924820849514 88
1739719195874 0.10120060447556456 89
1739719195899 0.03217289109678277 90
1739719195924 0.007214570613045228 91
1739719195949 0.01307088333871694 92
1739719195974 0.011522410254617102 93
1739719196000 0.17594592901804154 94
1739719196025 0.03802181593963083 95
1739719196051 0.622730239581717 96
1739719196076 0.1887199270886902 97
1739719196101 0.15980114398185621 98
1739719196126 0.0015411725484440256 99
1739719196151 0.7259106549215689 100
1739719196176 0.40868983034347156 101
1739719196201 0.15221983100005235 102
1739719196226 0.24021474304397616 103
1739719196251 9.66308552191937e-05 104
1739719196277 0.001123527424911524 105
1739719196301 0.03704948909641053 106
1739719196327 0.6801336017345173 107
1739719196352 0.13498922648452452 108
1739719196377 0.7063895735006342 109
1739719196402 0.15683534977642308 110
1739719196427 0.0014171047978522836 111
1739719196452 0.5314897856572021 112
1739719196477 0.057180184319280035 113
1739719196502 0.5479625417155835 114
1739719196527 0.10210603982340889 115
1739719196552 0.6838657093658769 116
1739719196577 0.029890338179041912 117
1739719196602 0.3740566110748942 118
1739719196627 0.08204821997061854 119
1739719196652 0.23259222813149577 120
1739719196677 0.7225206975703514 121
1739719196702 0.0035809048323485622 122
1739719196727 0.7647960461620109 123
1739719196753 0.028989148097762187 124
1739719196778 0.05735990308557992 125
1739719196803 0.005864114419407173 126
1739719196828 0.19715664191762258 127
1739719196853 0.06926555506831714 128
1739719196878 0.21104629300007832 129
1739719196903 0.05529313979213659 130
1739719196928 0.01973425509099195 131
1739719196953 0.001650884898298846 132
1739719196978 0.005290626093001107 133
1739719197003 1.0138370008599633 134
1739719197028 0.05887094735614992 135
1739719197054 0.046258358787496234 136
1739719197079 0.2237397324991037 137
1739719197104 0.09009034820682056 138
1739719197130 0.029049361715636393 139
1739719197155 0.20963246524803061 140
1739719197180 0.1180426223532249 141
1739719197205 0.1237413837705714 142
1739719197230 0.02374768721153391 143
1739719197255 0.5221565326043279 144
1739719197280 0.06444107238675657 145
1739719197305 1.1717323525134387 146
1739719197331 0.7413964491858619 147
1739719197356 0.03864496515179435 148
1739719197382 0.08084501979666624 149
1739719197407 0.06289605714398047 150
1739719197433 0.07858749656701297 151
1739719197458 0.0005519208047003596 152
1739719197483 0.0008805726645220264 153
1739719197508 0.005231864874429429 154
1739719197534 0.5139995974480389 155
1739719197559 0.019217842145792433 156
1739719197584 0.5722286123644101 157
1739719197609 0.0868562853979749 158
1739719197634 0.44963578724082914 159
1739719197660 0.11729520727021078 160
1739719197685 0.06587042166789463 161
1739719197710 0.4747631764489739 162
1739719197736 0.2528030243250737 163
1739719197762 0.002622241378252772 164
1739719197788 0.03096368000219325 165
1739719197814 0.0002404387246301469 166
1739719197840 0.0033825411041743226 167
1739719197866 0.12098292412947656 168
1739719197892 0.0020979168093859745 169
1739719197918 0.030759966760763348 170
1739719197944 0.046767692241329456 171
1739719197970 0.14755859227612445 172
1739719197996 0.0031810308010952284 173
1739719198023 0.14996241868617105 174
1739719198050 0.0932064380958228 175
1739719198076 0.1178901739859185 176
1739719198102 0.25046871692610856 177
1739719198129 0.017419382873308027 178
1739719198155 0.361919810777391 179
1739719198181 0.2653934153059007 180
1739719198207 0.2339799796107084 181
1739719198232 0.10166721845991922 182
1739719198259 0.02416786679318633 183
1739719198285 0.3133634411344321 184
1739719198311 0.24856308322935913 185
1739719198337 0.03915494762022207 186
1739719198362 0.028457176703106216 187
1739719198388 0.08751015671923187 188
1739719198414 0.012081061905037969 189
1739719198440 0.11418050002781815 190
1739719198466 0.5185913086871277 191
1739719198492 0.03387323284084098 192
1739719198518 0.006434278082690939 193
1739719198544 0.4378848970323369 194
1739719198570 0.3560418346023571 195
1739719198596 0.19033127850651985 196
1739719198621 0.2737531994664828 197
1739719198646 0.0003563935364134751 198
1739719198671 0.025679663154310365 199
1739719198697 0.005371815081773101 200
1739719198722 0.001745947978058997 201
1739719198748 0.039064148263101096 202
1739719198773 0.000255817579523054 203
1739719198799 0.00891069804983141 204
1739719198824 0.011920038903010285 205
1739719198849 0.10489302727669664 206
1739719198874 0.30138803422986277 207
1739719198899 6.659172425151664e-05 208
1739719198924 0.012396760669621908 209
1739719198950 0.13791166557147597 210
1739719198975 0.025349610163227745 211
1739719199000 0.19735135912811655 212
1739719199025 0.11915913182935267 213
1739719199050 0.023235010292540124 214
1739719199076 0.9703328275723386 215
1739719199101 0.00645735185001573 216
1739719199126 0.6073354614008347 217
1739719199152 3.432646093355325 218
1739719199177 0.07496380925993774 219
1739719199203 0.022848269147822776 220
1739719199228 3.367863057557285 221
1739719199253 0.01379337619837725 222
1739719199278 0.12067229647589037 223
1739719199303 0.023856884396449108 224
1739719199328 0.048203573661004834 225
1739719199354 0.4214690349129887 226
1739719199379 0.013178096632948675 227
1739719199404 0.015529398912148223 228
1739719199429 0.6838222289565234 229
1739719199455 1.0441833126114408e-05 230
1739719199480 0.08520258857584342 231
1739719199506 0.012392040835674082 232
1739719199531 0.213397773573373 233
1739719199556 0.036777238699085155 234
1739719199581 0.15842895469367727 235
1739719199607 0.023262971510475915 236
1739719199632 0.294428593695591 237
1739719199657 1.1523982677742632 238
1739719199682 0.009018891377567341 239
1739719199708 0.24928749399034653 240
1739719199733 0.39741800515287495 241
1739719199758 0.8797108338768699 242
1739719199783 0.17367439653106725 243
1739719199808 0.01831108779757339 244
1739719199834 0.42688459767842385 245
1739719199859 0.2422856279973736 246
1739719199885 0.003638935082914145 247
1739719199910 0.01994546429108 248
1739719199935 0.03750767584935187 249
1739719199961 0.6341255522631567 250
1739719199986 0.006025698081524359 251
1739719200011 0.22086075713532252 252
1739719200037 0.49318167138682945 253
1739719200063 0.03812578713788887 254
1739719200088 0.037293713379331885 255
1739719200113 0.07473807155934657 256
1739719200139 1.26215329653816 257
1739719200164 0.00016532534974588177 258
1739719200189 0.5034168620617719 259
1739719200215 0.13848819283462185 260
1739719200240 0.1155115746941193 261
1739719200266 0.7414918064609815 262
1739719200292 0.28322519285462733 263
1739719200317 0.001982317669966812 264
1739719200342 0.014038682160969762 265
1739719200368 0.26237596598764523 266
1739719200393 0.33785617831963777 267
1739719200418 0.00019180983577865275 268
1739719200443 0.04020476561538607 269
1739719200468 0.0795145849151807 270
1739719200493 0.13035849235256577 271
1739719200518 0.35327903528400006 272
1739719200543 0.021054809912975522 273
1739719200568 0.312081316357058 274
1739719200593 0.0888108846546567 275
1739719200619 0.05264913288899337 276
1739719200644 3.451144979430742 277
1739719200669 0.19908463950572705 278
1739719200695 0.16835832815086688 279
1739719200720 0.00036110530621368095 280
1739719200745 0.0025553535450711646 281
1739719200770 0.015701101476382023 282
1739719200795 0.051034522356887865 283
1739719200821 0.08250299363849231 284
1739719200846 0.02445995892141134 285
1739719200871 0.1578820380831129 286
1739719200896 7.849980219536218e-06 287
1739719200921 0.022242562851210415 288
1739719200946 0.07324465465080517 289
1739719200971 0.0012430294804152535 290
1739719200996 0.597008699885518 291
1739719201022 0.6918541869493372 292
1739719201048 0.42547487634544756 293
1739719201072 0.00010480564706716571 294
1739719201097 0.009011906552787939 295
1739719201122 0.21059232836924693 296
1739719201147 0.06870162373528088 297
1739719201172 1.2869067545611945 298
1739719201198 0.04623960484679523 299
1739719201223 0.171147862668022 300
1739719201248 0.2984444249433508 301
1739719201273 0.2203921707204153 302
1739719201299 0.03222333724441797 303
1739719201325 0.0006629866139135786 304
1739719201350 0.31163790661882645 305
1739719201375 0.6388796012840171 306
1739719201400 0.03304715743395591 307
1739719201426 0.003668632085042913 308
1739719201451 0.06708289462272908 309
1739719201476 0.03603215012801725 310
1739719201502 0.15273790439232465 311
1739719201527 0.13088910418340888 312
1739719201553 0.6640453955556981 313
1739719201578 0.03076875394140897 314
1739719201604 0.008774550140873196 315
1739719201629 0.013066270051283897 316
1739719201654 0.12594993878893315 317
1739719201679 0.002435204010703621 318
1739719201705 0.041227216887759606 319
1739719201730 0.008239721200066224 320
1739719201755 0.007377203170551323 321
1739719201780 0.07222124289495088 322
1739719201806 0.00401534316117446 323
1739719201831 0.1259039541465889 324
1739719201856 0.20084544649304956 325
1739719201881 0.027058552936869627 326
1739719201906 0.6893652910955996 327
1739719201932 0.16102809777827437 328
1739719201957 0.3431774448693931 329
1739719201982 0.06153110362960147 330
1739719202008 0.027615163539459683 331
1739719202033 0.0010209390712796738 332
1739719202058 0.00034973277216938 333
1739719202084 0.7781445878281468 334
1739719202109 0.2915496829237703 335
1739719202134 0.09678268778339542 336
1739719202159 0.0060785002066771395 337
1739719202184 0.4944512064808806 338
1739719202210 0.20741970134436002 339
1739719202235 0.13940394635315814 340
1739719202261 0.2165347428125817 341
1739719202286 0.0007826654370747661 342
1739719202312 0.015786326617094743 343
1739719202338 0.0028834417292277 344
1739719202364 0.0009368160029839807 345
1739719202389 0.35144796612437085 346
1739719202414 0.5263087302343746 347
1739719202440 0.03402749773156343 348
1739719202465 0.0008868193444485067 349
1739719202490 0.0024087010150419795 350
1739719202515 0.09611813660146083 351
1739719202541 0.014232723482711452 352
1739719202567 0.19400035429235485 353
1739719202592 0.09309636175230455 354
1739719202617 0.012864526825633812 355
1739719202643 0.5444896388932928 356
1739719202668 0.015781413115433615 357
1739719202693 0.14168663682730906 358
1739719202719 0.06586904986697743 359
1739719202743 0.034981227937010306 360
1739719202769 0.21585155933481776 361
1739719202794 0.9139158560887938 362
1739719202820 0.11716434330727934 363
1739719202845 0.0689876420293329 364
1739719202870 0.2520310117102338 365
1739719202895 0.6036319508672718 366
1739719202921 0.13109603807002482 367
1739719202946 0.02388550730660001 368
1739719202971 0.027311609636931876 369
1739719202996 0.2131333951628818 370
1739719203022 0.5686898151246109 371
1739719203047 0.17296592427536014 372
1739719203072 0.1246811537149823 373
1739719203097 0.580425216701042 374
1739719203123 0.2498007641166102 375
1739719203147 0.18086796612691827 376
1739719203172 0.2001355981180124 377
1739719203197 0.049282549533140894 378
1739719203222 0.3720844466990561 379
1739719203247 0.013620462055573724 380
1739719203272 0.0028592583213456076 381
1739719203297 0.006942946194627901 382
1739719203323 0.29605123472171463 383
1739719203348 0.009462250084146362 384
1739719203373 0.07156348282919991 385
1739719203398 0.14026410305762482 386
1739719203424 0.01699941270487693 387
1739719203449 0.28630118243655733 388
1739719203474 0.3972598999219105 389
1739719203498 0.007218736841401073 390
1739719203523 0.3981958948950155 391
1739719203549 0.2307495114947438 392
1739719203574 0.0038706013926330966 393
1739719203599 0.2787247145252358 394
1739719203624 0.0027348304853893365 395
1739719203650 0.02874351068700679 396
1739719203675 0.30229792456806664 397
1739719203700 0.2463746261290364 398
1739719203725 0.22584657747391518 399
1739719203750 0.018131763806999535 400
1739719203775 0.1324575557339244 401
1739719203801 0.14357993745788475 402
1739719203826 0.06791031882212628 403
1739719203851 0.5068897104083968 404
1739719203876 0.064542688848478 405
1739719203902 0.004998754121417608 406
1739719203927 0.043408487013611524 407
1739719203952 0.07651886391857438 408
1739719203981 0.096587771323718 409
1739719204006 0.2513116590416042 410
1739719204036 0.011081375913409318 411
1739719204062 0.00518188973483046 412
1739719204087 0.4938246743973146 413
1739719204113 0.24402013674834916 414
1739719204138 0.5145480295896749 415
1739719204163 0.13014198907058067 416
1739719204187 0.0029526002812549725 417
1739719204212 0.022428655302517853 418
1739719204238 0.39928738567573147 419
1739719204263 6.787351707506828e-06 420
1739719204288 0.013194020087738245 421
1739719204313 0.4038518426853757 422
1739719204339 0.0714910988714941 423
1739719204364 0.062248777648689926 424
1739719204388 0.18009949063564976 425
1739719204413 0.11063658545622965 426
1739719204438 0.055863463120528416 427
1739719204464 0.4625942112604758 428
1739719204491 0.18406139174068928 429
1739719204516 0.01598102489657017 430
1739719204542 0.0005106415681403011 431
1739719204566 0.010240352009127327 432
1739719204591 0.007638426562045364 433
1739719204617 0.044827372785468 434
1739719204642 0.17764594740771836 435
1739719204667 0.019818907903061428 436
1739719204692 0.04407371710616487 437
1739719204717 0.2239345972947139 438
1739719204743 0.005937876388145871 439
1739719204768 0.09955801067012539 440
1739719204793 0.11753142664539766 441
1739719204819 0.14061818871290188 442
1739719204844 0.06259745232871869 443
1739719204869 0.885837301712199 444
1739719204895 0.19514293931946744 445
1739719204920 0.06839256651278967 446
1739719204946 0.784220551108452 447
1739719204971 0.06937682398375725 448
1739719204996 0.22619014098840248 449
1739719205022 1.4438808910663332 450
1739719205047 0.013132026969533223 451
1739719205072 0.01515540549587824 452
1739719205098 0.37809728231168727 453
1739719205123 0.23037544190053513 454
1739719205149 0.005988966956192397 455
1739719205174 0.4754156493803599 456
1739719205199 0.135471009559102 457
1739719205224 0.08943595750117131 458
1739719205250 0.7661687402475286 459
1739719205275 0.2162813227476638 460
1739719205300 0.02491274771640774 461
1739719205326 0.3593306818825257 462
1739719205351 0.829732577084529 463
1739719205376 0.01980736793041253 464
1739719205402 0.009742512096763536 465
1739719205427 0.43352229316495994 466
1739719205452 0.14888625415534612 467
1739719205477 0.39250284438669114 468
1739719205502 0.003811403181054032 469
1739719205528 0.18600978686952488 470
1739719205553 0.13693518009119585 471
1739719205578 0.08179106214582038 472
1739719205603 0.0010690211822830594 473
1739719205628 0.8795737982443569 474
1739719205654 0.43714946101363916 475
1739719205679 0.00015773398968535343 476
1739719205704 0.5583477232415561 477
1739719205730 1.0876484469936498 478
1739719205755 0.0013201169375091529 479
1739719205781 0.011061191870280004 480
1739719205806 0.08162592364344445 481
1739719205831 0.09627092597188246 482
1739719205856 0.011322875109480138 483
1739719205881 1.102810745000688 484
1739719205906 0.17285078816584318 485
1739719205931 0.46270784305786494 486
1739719205956 0.026641774024544023 487
1739719205981 0.1331539252201564 488
1739719206006 0.22944415505246768 489
1739719206032 0.001689029041140484 490
1739719206057 0.00932596203651107 491
1739719206082 0.025847841833518206 492
1739719206107 0.023866967538181523 493
1739719206133 0.037505607114160795 494
1739719206158 0.13733222875899473 495
1739719206182 0.030126587621110562 496
1739719206207 0.012044414894234756 497
1739719206231 0.04075440392497136 498
1739719206257 0.054624353918251 499
