1739716296713 160.84397725846 0
1739716296720 164.77289714798687 1
1739716296726 159.19863293790388 2
1739716296732 155.62681384555987 3
1739716296737 165.41005463860728 4
1739716296742 153.5684768412179 5
1739716296747 150.18127526297835 6
1739716296752 148.9671605133878 7
1739716296757 151.7796397155702 8
1739716296762 148.2822871263697 9
1739716296767 145.37751762422553 10
1739716296772 145.96597443483432 11
1739716296778 137.15823823394288 12
1739716296783 134.76852175690772 13
1739716296787 136.47705735968472 14
1739716296792 135.44445047503703 15
1739716296797 128.19193130111077 16
1739716296802 134.1180201034918 17
1739716296807 127.30642110885678 18
1739716296812 128.63718571566463 19
1739716296817 120.91416935154898 20
1739716296821 122.28747777015319 21
1739716296826 120.09345815776462 22
1739716296831 116.51763840280582 23
1739716296836 115.15908883732885 24
1739716296840 116.66714151709456 25
1739716296845 114.82960656827021 26
1739716296850 112.73366133931327 27
1739716296855 112.13139843726418 28
1739716296860 107.21090978818573 29
1739716296865 105.74399113731033 30
1739716296870 103.7857205598863 31
1739716296875 104.92783874416193 32
1739716296880 102.26988385478731 33
1739716296885 97.28817151871127 34
1739716296890 103.27135121444489 35
1739716296895 96.17796208465843 36
1739716296900 97.6707910475927 37
1739716296905 93.63248980132367 38
1739716296911 92.04602915411736 39
1739716296916 91.31690020154929 40
1739716296922 92.15232185665583 41
1739716296927 89.45327440553798 42
1739716296932 88.98818627327597 43
1739716296937 85.80333111556351 44
1739716296942 84.75952491513854 45
1739716296946 85.79334934655527 46
1739716296951 81.7100522970263 47
1739716296956 82.86273673216583 48
1739716296961 77.93867518536852 49
1739716296966 80.12940963473147 50
1739716296971 76.76477571109936 51
1739716296976 76.94334463223271 52
1739716296981 74.63349072624294 53
1739716296985 76.26534512627875 54
1739716296990 74.55852821505698 55
1739716296995 71.82027858070639 56
1739716297000 70.75689228908607 57
1739716297004 70.2950021176581 58
1739716297009 69.18103422422048 59
1739716297014 68.21237343231977 60
1739716297019 67.91220801699734 61
1739716297024 67.70032747448079 62
1739716297029 64.14661245842665 63
1739716297034 66.86461750509578 64
1739716297038 63.544715337348904 65
1739716297043 62.34830709318754 66
1739716297048 62.04300638353117 67
1739716297053 61.20366930582579 68
1739716297058 57.71412365699884 69
1739716297063 58.6806739516832 70
1739716297067 58.845472701306335 71
1739716297072 56.984690185891594 72
1739716297077 54.83252921238077 73
1739716297082 55.04798565650794 74
1739716297087 53.95004658212715 75
1739716297091 53.847652963440716 76
1739716297096 53.11920974987866 77
1739716297101 53.89998919273161 78
1739716297106 51.14222123925811 79
1739716297110 51.44076584918812 80
1739716297116 49.87387676629836 81
1739716297120 48.586772643969404 82
1739716297126 47.236322649124965 83
1739716297131 47.737957380004424 84
1739716297136 47.771527864063 85
1739716297141 48.74055268721513 86
1739716297147 44.56712585696353 87
1739716297153 44.93249751885547 88
1739716297158 45.32205544036272 89
1739716297189 45.3962745009964 90
1739716297214 44.28369384137019 91
1739716297230 41.96852951763792 92
1739716297237 42.450004297146876 93
1739716297243 40.4732457792605 94
1739716297249 40.717858855687794 95
1739716297256 39.01336564577068 96
1739716297263 39.651727078810566 97
1739716297271 38.91173603766282 98
1739716297277 38.97519532673406 99
1739716297283 37.969074413271386 100
1739716297289 37.57297475699706 101
1739716297294 36.632190654540224 102
1739716297299 35.25748277638504 103
1739716297304 35.1970986998882 104
1739716297309 35.39527183226562 105
1739716297315 35.213677462979625 106
1739716297320 32.03921235202931 107
1739716297326 34.087950781570285 108
1739716297332 32.93116613536362 109
1739716297338 31.299781709153343 110
1739716297343 30.39805451627677 111
1739716297348 33.357024193746774 112
1739716297354 30.809052446522642 113
1739716297359 30.452920338560965 114
1739716297363 29.184995710880358 115
1739716297369 30.339761646881595 116
1739716297374 29.94246209239892 117
1739716297380 29.313957224869025 118
1739716297385 29.206243325539653 119
1739716297390 28.164177667629307 120
1739716297395 26.7741977958263 121
1739716297401 26.868690849126896 122
1739716297406 25.352931327645152 123
1739716297411 26.23284816452687 124
1739716297416 26.694511152748884 125
1739716297421 27.455923815068992 126
1739716297427 25.745254861787156 127
1739716297432 25.730568841548692 128
1739716297437 25.17249146701346 129
1739716297442 24.383339820016435 130
1739716297447 25.437956046269314 131
1739716297452 23.310132955308198 132
1739716297457 23.457262467349985 133
1739716297461 21.604302923731673 134
1739716297466 22.986801744826607 135
1739716297471 21.873898430845824 136
1739716297476 22.26118437602069 137
1739716297481 21.581531987907034 138
1739716297486 21.821559184365828 139
1739716297491 20.414615825073593 140
1739716297496 19.755137648679217 141
1739716297501 21.0095325036577 142
1739716297506 19.324135873323886 143
1739716297511 20.009449704227304 144
1739716297515 19.04703120086715 145
1739716297520 19.36501505548393 146
1739716297525 18.958363718660618 147
1739716297530 18.93947779334288 148
1739716297535 17.92792516630637 149
1739716297539 18.874111898676805 150
1739716297544 18.713564682482893 151
1739716297549 17.597240781269747 152
1739716297553 16.33542850032426 153
1739716297558 17.138152299601632 154
1739716297563 16.692110671844965 155
1739716297567 16.30966018610443 156
1739716297572 16.887463029187476 157
1739716297577 15.981468583241975 158
1739716297582 16.262411630150776 159
1739716297587 15.873551335745187 160
1739716297591 15.358506971038128 161
1739716297596 14.993805126536325 162
1739716297601 15.063882185432734 163
1739716297605 14.747264511978498 164
1739716297610 14.4374946666421 165
1739716297615 14.228451395175314 166
1739716297628 14.909477792902099 167
1739716297633 14.09663583514085 168
1739716297637 13.669186705915127 169
1739716297642 14.326630990575639 170
1739716297647 12.87228446446823 171
1739716297652 13.022019172316453 172
1739716297657 12.918389926158758 173
1739716297661 12.620645379710318 174
1739716297666 12.737652064918489 175
1739716297671 12.263438700577383 176
1739716297676 11.907219512569142 177
1739716297681 12.45460993423434 178
1739716297686 11.950249346110278 179
1739716297690 11.408983843261872 180
1739716297695 11.473009608958579 181
1739716297700 11.897652486557805 182
1739716297704 10.606180210017829 183
1739716297709 11.560083599484473 184
1739716297714 10.465193965680225 185
1739716297719 10.564938448570977 186
1739716297724 10.593878675042145 187
1739716297729 10.245834407583402 188
1739716297734 10.430598027962409 189
1739716297738 10.402965342206969 190
1739716297743 10.02486173234645 191
1739716297748 10.11244032047144 192
1739716297753 10.006854677900554 193
1739716297758 9.482264150886774 194
1739716297763 9.630444550181565 195
1739716297768 9.515370583972796 196
1739716297772 8.713267147952806 197
1739716297777 8.859392790609343 198
1739716297783 8.713780537117787 199
1739716297788 8.887777818087685 200
1739716297792 8.587592861666153 201
1739716297797 8.302515408018385 202
1739716297802 8.245475101507758 203
1739716297807 8.416558253881478 204
1739716297812 8.663472218016716 205
1739716297817 7.776572171518529 206
1739716297821 7.499798471238919 207
1739716297826 7.927014480755699 208
1739716297831 7.701801394682472 209
1739716297836 7.330425473896946 210
1739716297842 7.8731673877256805 211
1739716297847 7.602895470884564 212
1739716297851 7.196359361326516 213
1739716297856 7.1424878988643705 214
1739716297861 7.3012739669063365 215
1739716297866 7.162197164990885 216
1739716297870 6.928308889345736 217
1739716297875 7.399270626077573 218
1739716297880 6.573104036136539 219
1739716297884 6.585037239535354 220
1739716297889 6.427564513398696 221
1739716297894 6.691420056889853 222
1739716297899 6.859037703856132 223
1739716297904 6.305081452210762 224
1739716297908 6.538099127430193 225
1739716297918 6.33870099718816 226
1739716297924 5.859651201528765 227
1739716297930 5.759745778186243 228
1739716297936 6.09495023875561 229
1739716297942 5.3373891587208275 230
1739716297948 5.829009295681118 231
1739716297954 5.899800826169275 232
1739716297959 6.007381028446893 233
1739716297965 5.159611493257761 234
1739716297970 5.893389643861774 235
1739716297975 5.575969223565046 236
1739716297981 5.534586926626132 237
1739716297987 5.16321271773714 238
1739716297992 5.374660302226705 239
1739716297997 4.871919925391976 240
1739716298002 4.7844728850079035 241
1739716298008 4.835119817894956 242
1739716298013 4.953115346429236 243
1739716298017 4.854283737489691 244
1739716298023 4.17363513102678 245
1739716298028 4.191026378443733 246
1739716298034 4.845062761583668 247
1739716298040 4.571990211022575 248
1739716298045 4.016234567481635 249
1739716298050 3.8558290349272646 250
1739716298055 4.020378968160067 251
1739716298060 4.495134772673414 252
1739716298066 4.228473622011817 253
1739716298072 3.9664233482973557 254
1739716298077 4.1947908350278835 255
1739716298082 3.6082213521278383 256
1739716298087 4.525438882812053 257
1739716298092 3.5553793076686144 258
1739716298097 3.947713294975259 259
1739716298101 3.434374090705194 260
1739716298106 3.846598803375955 261
1739716298111 3.770197248717445 262
1739716298115 3.923745803134708 263
1739716298120 3.799796040500185 264
1739716298124 3.608723002679956 265
1739716298129 3.6184900138117277 266
1739716298134 3.7869018791481577 267
1739716298139 3.1843730985008567 268
1739716298143 3.379103132607147 269
1739716298148 3.374132999466216 270
1739716298153 3.5654307412468444 271
1739716298158 2.977318491780172 272
1739716298165 3.3541694431068434 273
1739716298202 2.9306410793407536 274
1739716298213 3.165145000581772 275
1739716298219 3.0464465170508532 276
1739716298224 3.03449413613897 277
1739716298230 2.9645241279250016 278
1739716298234 2.8684592509682925 279
1739716298239 3.0620298592451043 280
1739716298245 3.120729780076278 281
1739716298249 2.5286210954042248 282
1739716298254 2.6457742234587847 283
1739716298259 2.9115986836912318 284
1739716298265 2.803810764894257 285
1739716298273 2.664620750154562 286
1739716298278 2.68672668829141 287
1739716298283 2.6714050267026366 288
1739716298288 2.5379381835315145 289
1739716298293 2.4474263464005985 290
1739716298298 2.4768886216221 291
1739716298302 2.4815317770777314 292
1739716298307 2.525238635250441 293
1739716298312 2.4092760382662415 294
1739716298316 2.1962496543782786 295
1739716298321 2.231310167781725 296
1739716298326 2.2016335863426777 297
1739716298330 2.3272859112656925 298
1739716298335 2.074885755650424 299
1739716298340 2.04761705220338 300
1739716298345 2.21395311762809 301
1739716298350 2.1883414984250065 302
1739716298355 1.8602398937373532 303
1739716298359 2.3106164336774917 304
1739716298364 1.9418252806771208 305
1739716298369 1.9767316798877992 306
1739716298373 2.284050121034776 307
1739716298378 1.9402540305318687 308
1739716298383 2.0965256601166278 309
1739716298388 1.758769626714468 310
1739716298393 1.9828716461212972 311
1739716298398 2.0262944327376635 312
1739716298402 1.4318801576955575 313
1739716298407 1.8615611578198625 314
1739716298411 1.8267378403777441 315
1739716298416 1.783929297678476 316
1739716298421 1.8364084286869418 317
1739716298426 1.7914604805186563 318
1739716298430 1.7225545079167015 319
1739716298435 1.823297471582969 320
1739716298440 1.7858163579036217 321
1739716298445 1.5012007053231269 322
1739716298450 1.5429494601662923 323
1739716298455 1.5454577528286193 324
1739716298460 1.4635548647553798 325
1739716298465 1.7261957582949152 326
1739716298469 1.6801459360082236 327
1739716298474 1.4679751269729606 328
1739716298478 1.4124455451483282 329
1739716298483 1.483891042170265 330
1739716298488 1.6468307894960394 331
1739716298492 1.6376839256064988 332
1739716298497 1.427113128006876 333
1739716298502 1.5461409991292319 334
1739716298506 1.384941621447467 335
1739716298511 1.3247891243457577 336
1739716298516 1.2902728360325313 337
1739716298521 1.4753964614001283 338
1739716298526 1.441377663332176 339
1739716298530 1.2214769645969523 340
1739716298536 1.3474745610914722 341
1739716298540 1.0941605068206355 342
1739716298545 1.4346830357079436 343
1739716298550 1.0931005692357405 344
1739716298555 1.2029647099726626 345
1739716298559 1.1065015678938435 346
1739716298564 1.3669783789231567 347
1739716298569 1.2534098473823323 348
1739716298574 1.003159748465239 349
1739716298578 1.2869546571945985 350
1739716298583 1.0833127425791003 351
1739716298588 1.2129528133593164 352
1739716298593 1.302901352583097 353
1739716298597 1.0400325346208346 354
1739716298602 1.1784457109406297 355
1739716298607 1.0898404417828196 356
1739716298612 1.1090330350447144 357
1739716298616 1.1304456882467941 358
1739716298621 0.9806298213351358 359
1739716298626 1.124582837214526 360
1739716298639 1.008342375063906 361
1739716298644 0.9667291558071193 362
1739716298648 1.0420044213309172 363
1739716298653 0.9668192248463771 364
1739716298658 0.9729898609534672 365
1739716298662 1.0223913651105418 366
1739716298667 0.9304955701328308 367
1739716298672 0.8912029872398909 368
1739716298677 0.7398311562986296 369
1739716298682 1.0299322174239338 370
1739716298687 0.8291297440598713 371
1739716298691 0.8316317814188892 372
1739716298696 0.9656466329520306 373
1739716298701 0.7460175049177917 374
1739716298705 0.8608458507109932 375
1739716298710 0.76503676870655 376
1739716298715 0.8345297767830577 377
1739716298719 0.8816940964831546 378
1739716298724 0.8170910158052374 379
1739716298729 0.8223073370167604 380
1739716298734 0.919324870781395 381
1739716298739 0.7860615779900747 382
1739716298744 0.8061159792792284 383
1739716298749 0.7975349970008571 384
1739716298754 0.8456427928451021 385
1739716298760 0.7158597352682585 386
1739716298765 0.647140816793576 387
1739716298770 0.6474211197126462 388
1739716298775 0.8352361704806522 389
1739716298780 0.6765194020139161 390
1739716298785 0.7568500706284741 391
1739716298790 0.6166840208310829 392
1739716298795 0.7927716887544897 393
1739716298799 0.6160758843240042 394
1739716298804 0.6961053217921476 395
1739716298808 0.600507373881588 396
1739716298813 0.554998658575986 397
1739716298817 0.7420338015266531 398
1739716298822 0.6852965489176026 399
1739716298827 0.578043407861192 400
1739716298831 0.6463274773406898 401
1739716298836 0.6515485966930306 402
1739716298841 0.9400434549242795 403
1739716298846 0.807176839172396 404
1739716298850 0.602809804481246 405
1739716298856 0.5687841581939119 406
1739716298861 0.6594138910903491 407
1739716298865 0.590202849594654 408
1739716298870 0.597173132012373 409
1739716298875 0.7426011370010023 410
1739716298880 0.5140361674377496 411
1739716298885 0.4512295376691205 412
1739716298890 0.7175571513060366 413
1739716298894 0.619576988438322 414
1739716298899 0.5441436868921066 415
1739716298903 0.46413955814776925 416
1739716298908 0.5111182931727403 417
1739716298913 0.6210201675944403 418
1739716298918 0.6054651897428723 419
1739716298922 0.45925278468332525 420
1739716298927 0.5884010233337191 421
1739716298931 0.5798548016789173 422
1739716298936 0.4636724286888868 423
1739716298941 0.6199443586115656 424
1739716298945 0.6153163201998957 425
1739716298950 0.47487575893441564 426
1739716298955 0.5562349491428941 427
1739716298959 0.5450069296279497 428
1739716298964 0.41302654869740923 429
1739716298968 0.5326361482947349 430
1739716298973 0.40750256054361456 431
1739716298977 0.5507830071372759 432
1739716298982 0.5870542627837814 433
1739716298987 0.4708452466637816 434
1739716298992 0.39906383081317287 435
1739716298997 0.4104581325674892 436
1739716299001 0.5300759197341172 437
1739716299006 0.4977870562110221 438
1739716299011 0.42754487670940067 439
1739716299016 0.4077557769029622 440
1739716299021 0.49783031608937905 441
1739716299025 0.5469493612880233 442
1739716299030 0.4362761048404176 443
1739716299036 0.5086039363978513 444
1739716299040 0.4208093190266791 445
1739716299045 0.3684017042412862 446
1739716299050 0.3449641739298041 447
1739716299055 0.48152838491544786 448
1739716299059 0.46331183703801476 449
1739716299064 0.47760447775665466 450
1739716299069 0.3602241447524978 451
1739716299073 0.4620043307269462 452
1739716299078 0.39573869031963665 453
1739716299082 0.44912917758300297 454
1739716299087 0.3641827776083998 455
1739716299091 0.3136369428742121 456
1739716299097 0.48975160589782957 457
1739716299102 0.43550714158874887 458
1739716299107 0.3789948617222259 459
1739716299112 0.3075707160018212 460
1739716299117 0.31672995129922266 461
1739716299121 0.4135355756751375 462
1739716299126 0.3164613211304696 463
1739716299131 0.3269909089083504 464
1739716299136 0.43414431835526307 465
1739716299140 0.34353349332189775 466
1739716299145 0.32465020899680275 467
1739716299150 0.3365001999487503 468
1739716299155 0.29844602230745637 469
1739716299160 0.3787605502543613 470
1739716299164 0.4172604972068055 471
1739716299169 0.3565465969598931 472
1739716299174 0.28504256887762464 473
1739716299178 0.32029994773516035 474
1739716299183 0.27686084046578385 475
1739716299188 0.38082807814254094 476
1739716299193 0.3141891042279434 477
1739716299198 0.31818788761924177 478
1739716299203 0.24972823582027157 479
1739716299208 0.3529384000346671 480
1739716299213 0.44192313958743595 481
1739716299218 0.2979225819606585 482
1739716299222 0.28206225228096843 483
1739716299227 0.2903530487008886 484
1739716299231 0.2516856341656924 485
1739716299236 0.2360494014978465 486
1739716299241 0.41500879689713344 487
1739716299246 0.39542316975202185 488
1739716299251 0.3139911963010345 489
1739716299255 0.27709504218654313 490
1739716299260 0.30151871521580176 491
1739716299265 0.24979164762341002 492
1739716299269 0.31302237479309414 493
1739716299274 0.2919095481692841 494
1739716299279 0.2746836787512966 495
1739716299283 0.2114310884631581 496
1739716299288 0.31695156938498165 497
1739716299293 0.30197668498269936 498
1739716299298 0.26846759766366957 499
