1739718899545 96.86991259961138 0
1739718899577 36.75695482782473 1
1739718899608 28.275116854651834 2
1739718899640 15.127460164761434 3
1739718899672 3.447940641887327 4
1739718899706 2.266612577319943 5
1739718899738 0.8396382783666287 6
1739718899770 0.3752780536279521 7
1739718899801 0.28510435301709725 8
1739718899832 0.0331812203406372 9
1739718899865 6.254204097417675e-05 10
1739718899897 0.049394465408452194 11
1739718899930 0.3660534593437127 12
1739718899962 0.008750941635292981 13
1739718899994 3.686264340228421e-05 14
1739718900025 0.03240634726854301 15
1739718900057 0.0471353629455467 16
1739718900089 0.15400387158574938 17
1739718900121 7.830938709639133e-05 18
1739718900153 0.4881059338876268 19
1739718900184 0.009717656284590875 20
1739718900216 0.13632234675705565 21
1739718900248 0.21380445512150412 22
1739718900280 0.01813024284176579 23
1739718900311 0.010361217900165288 24
1739718900343 0.056922301391805374 25
1739718900374 0.019523259866796292 26
1739718900407 0.08755119306243049 27
1739718900439 7.275844299049453e-05 28
1739718900470 7.886328475036994e-05 29
1739718900502 1.7237450579787837e-05 30
1739718900533 0.010818418895863576 31
1739718900566 0.010094603088018567 32
1739718900627 0.10149895865454843 33
1739718900667 0.036510126877145166 34
1739718900699 0.07033880734835184 35
1739718900731 0.07985682354222333 36
1739718900763 0.00858534259657099 37
1739718900796 0.00615209509963866 38
1739718900828 0.008808301547679318 39
1739718900860 0.02479770442431036 40
1739718900891 0.23749969282307495 41
1739718900923 0.001786804922064998 42
1739718900954 0.004361648900407134 43
1739718900986 0.00031030062831909256 44
1739718901018 0.1590670829490393 45
1739718901049 0.02517539874423714 46
1739718901080 0.11833244887866966 47
1739718901112 0.042016871185051353 48
1739718901143 0.025108616718213534 49
1739718901175 0.07175599322654687 50
1739718901218 0.005067887671344836 51
1739718901251 0.0013780410634610853 52
1739718901284 0.19918083283495688 53
1739718901316 0.002246864548417015 54
1739718901348 0.08427606328815249 55
1739718901381 0.004215935685620097 56
1739718901413 0.0775781964529872 57
1739718901446 0.51397825672689 58
1739718901479 0.020838117034695385 59
1739718901511 0.2847462393292168 60
1739718901543 0.44996954329144756 61
1739718901575 0.08678986047111785 62
1739718901606 0.11627125625296947 63
1739718901638 0.10327594147231611 64
1739718901670 0.009668224935289595 65
1739718901701 0.0858289707843332 66
1739718901732 0.11456977460416949 67
1739718901764 0.2938481934324406 68
1739718901795 0.032177490160357175 69
1739718901827 0.007167656494592855 70
1739718901858 0.03286903666042074 71
1739718901889 0.032403910598716515 72
1739718901920 0.10120695737013906 73
1739718901952 0.005489277872018493 74
1739718901983 0.1744469684252949 75
1739718902015 4.3025837335097156e-05 76
1739718902046 0.012110001073507501 77
1739718902078 0.08984777776073495 78
1739718902109 0.005229235474905769 79
1739718902141 0.012143717218432938 80
1739718902172 0.0070432310697516945 81
1739718902204 0.000635568495375899 82
1739718902236 0.15846876454543213 83
1739718902268 0.11220626589384053 84
1739718902300 0.055094789144587035 85
1739718902331 0.00021860817257308518 86
1739718902363 0.22702437667142397 87
1739718902394 0.03457478024465732 88
1739718902426 0.09706382663462074 89
1739718902457 0.0004966142108724771 90
1739718902489 0.00016036538104029723 91
1739718902520 0.0432272130410185 92
1739718902552 0.7269850159759774 93
1739718902583 0.31752539596063944 94
1739718902615 0.14313831088087922 95
1739718902646 0.004125426896596206 96
1739718902678 0.003393694549136575 97
1739718902709 0.011450677005683089 98
1739718902740 0.013362414274214994 99
1739718902772 0.00945264527219645 100
1739718902803 0.004968263440278454 101
1739718902835 0.026053179690503733 102
1739718902866 0.04716136148764247 103
1739718902898 0.6246476286395699 104
1739718902929 0.0893590428940727 105
1739718902961 0.00019625245024364248 106
1739718902993 0.04554045958090195 107
1739718903024 0.4483423437728918 108
1739718903056 0.18148137696883088 109
1739718903088 0.6693318495856234 110
1739718903119 0.01642841603442638 111
1739718903150 0.0013397498727602043 112
1739718903182 0.09539889919244803 113
1739718903213 0.10786123274800337 114
1739718903244 0.4032118549128328 115
1739718903276 0.4169825493890112 116
1739718903308 0.17559627271700023 117
1739718903340 0.0020538026926654553 118
1739718903371 1.7220592748424804e-05 119
1739718903409 0.00436850597203924 120
1739718903441 0.011575956814281904 121
1739718903473 3.497558190646868e-05 122
1739718903505 0.0903536278549849 123
1739718903537 0.07883295916019686 124
1739718903568 0.14479065244391776 125
1739718903600 0.00010936515270578337 126
1739718903631 0.0022562751303424333 127
1739718903663 0.024368866017766798 128
1739718903694 0.06549929295996754 129
1739718903725 0.13088411911249437 130
1739718903756 0.08261604319154739 131
1739718903788 0.1083332173537134 132
1739718903819 0.6053326854511845 133
1739718903850 0.012741952358547543 134
1739718903882 0.21770633092707103 135
1739718903914 0.05700172375407998 136
1739718903945 0.004019569769652876 137
1739718903976 0.3537587339723298 138
1739718904007 0.09378792522252467 139
1739718904039 0.005438670474255962 140
1739718904071 0.023273920015886143 141
1739718904103 0.04328809136008957 142
1739718904134 0.16514852483007797 143
1739718904166 0.009423193798451527 144
1739718904197 0.10066755371670226 145
1739718904229 0.0008996166796931026 146
1739718904260 1.693881839038907 147
1739718904292 0.0035114808588747326 148
1739718904324 0.004656720152841793 149
1739718904355 0.15498607180568819 150
1739718904387 0.01875225112134995 151
1739718904418 0.029401031945110973 152
1739718904450 0.36332857948874775 153
1739718904481 0.012628071135506309 154
1739718904512 0.08009089621421747 155
1739718904543 0.008507797861572375 156
1739718904574 0.009513594347056037 157
1739718904606 0.13297646709664554 158
1739718904637 0.13519849623205926 159
1739718904668 0.04264469742369772 160
1739718904700 0.0039401864685009395 161
1739718904731 0.05816437986353586 162
1739718904763 0.008622693300107911 163
1739718904794 0.02552098396014014 164
1739718904825 0.1920522040710846 165
1739718904857 0.07676394153754641 166
1739718904888 0.12043471455342851 167
1739718904919 0.11547361272395365 168
1739718904949 0.014630177920488404 169
1739718904981 0.1102828524927468 170
1739718905012 0.025887460277483728 171
1739718905043 0.01827369232654659 172
1739718905075 0.015845245920822877 173
1739718905107 0.00010828631149889748 174
1739718905138 0.005473318494521494 175
1739718905169 0.2916907256748491 176
1739718905201 0.006464752133623683 177
1739718905233 0.005878972473060968 178
1739718905264 0.03556563526677343 179
1739718905295 0.2538014543309011 180
1739718905327 0.25009818706197007 181
1739718905359 0.030758076088963256 182
1739718905390 0.2893055649886344 183
1739718905422 0.08476597241256772 184
1739718905454 0.00021721780693672994 185
1739718905485 0.04964602154627798 186
1739718905517 0.015219660068557551 187
1739718905549 0.03331364124530577 188
1739718905581 0.6365906320931177 189
1739718905612 0.00486175045874916 190
1739718905643 0.13202443982445886 191
