1739718474516 0.047140947225620386 0
1739718474543 0.0067289535426764665 1
1739718474569 0.44262180863519374 2
1739718474595 0.013317976947174211 3
1739718474621 0.019017140455165296 4
1739718474646 0.0005286186547863745 5
1739718474673 0.16689556446064793 6
1739718474700 0.10920950561716657 7
1739718474727 1.4116139136754666 8
1739718474754 0.017260034746461303 9
1739718474781 1.0210443645756557 10
1739718474807 0.016158952794919024 11
1739718474834 0.018919363331097762 12
1739718474860 0.16082232071404104 13
1739718474887 0.0039021715208177182 14
1739718474914 0.017181587835071295 15
1739718474940 0.002120174204726003 16
1739718474966 0.48084294404648287 17
1739718474993 0.06744989807383871 18
1739718475020 0.007063057669922546 19
1739718475046 0.0602208138773916 20
1739718475072 0.03793074225777213 21
1739718475099 0.45126111182576406 22
1739718475125 2.8938710110968287e-05 23
1739718475152 0.2971758472900222 24
1739718475179 0.00014263634721188684 25
1739718475206 0.1690332008856106 26
1739718475233 0.07580089002853928 27
1739718475259 0.29628283387647186 28
1739718475286 0.0011324355897367605 29
1739718475312 0.04556292595089871 30
1739718475338 0.0357347837043122 31
1739718475365 0.128619420562566 32
1739718475392 0.6771204633033401 33
1739718475418 0.009755574369287449 34
1739718475445 0.02355811653566511 35
1739718475472 0.3862337977644946 36
1739718475500 0.06228118527565505 37
1739718475526 0.03865049253459047 38
1739718475553 0.4762506944189785 39
1739718475580 8.410200988402828e-05 40
1739718475606 0.1659622260548868 41
1739718475633 0.08582975488861919 42
1739718475659 0.18114346935254202 43
1739718475685 0.0032249026030752 44
1739718475711 0.057429476315267784 45
1739718475738 0.24118691033346734 46
1739718475765 0.0009047330440991434 47
1739718475791 0.5214793327392685 48
1739718475818 0.09106174320525437 49
1739718475844 0.002390635723536146 50
1739718475870 0.012945942434975393 51
1739718475898 0.06761252367944066 52
1739718475924 0.12109597354226712 53
1739718475950 1.0032610962349429 54
1739718475976 0.031900190611047506 55
1739718476003 0.09689285787385585 56
1739718476029 0.005815521141788966 57
1739718476055 0.1721577517190287 58
1739718476082 1.952490682735474 59
1739718476109 0.31641085720857537 60
1739718476135 0.14170851577228233 61
1739718476161 1.3211091068943464 62
1739718476187 0.17146819668223579 63
1739718476213 0.07752686983724187 64
1739718476240 0.20418949220178678 65
1739718476266 0.7402449154764524 66
1739718476292 0.20496333971739744 67
1739718476318 0.043543436659557774 68
1739718476344 0.2251226196549208 69
1739718476370 0.008329537608425619 70
1739718476397 0.073774478252363 71
1739718476424 0.021246094505805477 72
1739718476451 0.0006224903870865017 73
1739718476477 0.10545704528281735 74
1739718476504 0.025516870059256014 75
1739718476530 0.1372779564025457 76
1739718476556 1.1008855848743709e-05 77
1739718476582 0.06004042518636331 78
1739718476609 0.0027864125956856864 79
1739718476635 0.7285571100318111 80
1739718476662 0.015301450352511676 81
1739718476688 0.0058328927833929175 82
1739718476714 0.8317930558497605 83
1739718476740 0.0015553899111247144 84
1739718476766 0.04366825724026166 85
1739718476792 0.20152949484983287 86
1739718476819 0.22244247217406127 87
1739718476844 0.0837623824513893 88
1739718476870 0.718103913585277 89
1739718476897 0.029297549934056165 90
1739718476923 0.14844192803770417 91
1739718476950 0.0282794908461705 92
1739718476976 0.152412249669256 93
1739718477002 0.3782228617629032 94
1739718477028 0.5271839762662309 95
1739718477054 0.24048436496569503 96
1739718477080 0.6197940902125593 97
1739718477107 0.04409536888486318 98
1739718477133 0.018650774729548 99
1739718477159 1.1098525085581792 100
1739718477185 0.017094648976905904 101
1739718477211 0.07763633967342017 102
1739718477237 0.03371913359253049 103
1739718477264 0.2550556056962019 104
1739718477291 0.0242001798038596 105
1739718477317 0.006920355743103383 106
1739718477343 0.1460164650779503 107
1739718477370 0.2329226032180494 108
1739718477397 0.004853782826290623 109
1739718477424 0.05709132264237399 110
1739718477451 0.4120439678205316 111
1739718477478 0.07723743812421942 112
1739718477504 0.05549279878148212 113
1739718477531 0.6480916095486923 114
1739718477556 0.05093382632614374 115
1739718477583 0.029501216013138973 116
1739718477609 0.3427223768517546 117
1739718477636 0.030153322311973697 118
1739718477662 0.6215212162215098 119
1739718477688 0.07958382595683161 120
1739718477714 0.0029243747487738537 121
1739718477741 0.0016933927325136415 122
1739718477767 0.030156232823848012 123
1739718477794 0.005469059546062714 124
1739718477821 0.15394094668648645 125
1739718477847 0.11640572024109913 126
1739718477873 0.1464582556118461 127
1739718477899 0.019242046318761266 128
1739718477926 0.13180720121825892 129
1739718477952 0.036835683574291254 130
1739718477979 0.43927224672811616 131
1739718478006 0.5958218540753756 132
1739718478032 0.012272913497874032 133
1739718478058 0.0922064958987414 134
1739718478085 0.291738727262578 135
1739718478111 0.7649828035517418 136
1739718478138 0.4154522137146646 137
1739718478164 0.19780792483219617 138
1739718478191 0.2444162141660682 139
1739718478218 0.15136004695764257 140
1739718478245 0.6490932803558768 141
1739718478272 0.004385122030885646 142
1739718478298 0.048426381263747785 143
1739718478325 0.2241887212690064 144
1739718478351 0.34051772152572823 145
1739718478378 0.006592286434182175 146
1739718478405 0.038182692946663516 147
1739718478431 0.17500992168157534 148
1739718478457 0.5976871517134638 149
1739718478484 0.011045876963531116 150
1739718478511 0.21516059733937415 151
1739718478538 0.0041437321968266945 152
1739718478564 0.00017395994260816387 153
1739718478590 0.004659004176768473 154
1739718478617 0.17039783804293657 155
1739718478644 0.029263602705797333 156
1739718478670 0.25806597075488397 157
1739718478696 0.3035389576458306 158
1739718478723 0.14540215113330288 159
1739718478749 0.023565078130410252 160
1739718478776 0.8965365387156574 161
1739718478802 0.38342914499616737 162
1739718478829 0.40475764865914526 163
1739718478856 0.3617637977468176 164
1739718478882 0.010382126190608928 165
1739718478909 0.08789832139993431 166
1739718478935 0.07791252315686464 167
1739718478961 0.759674627458618 168
1739718478988 0.07648668179830449 169
1739718479015 0.014163480421260031 170
1739718479041 0.5138835877704593 171
1739718479068 0.015845257433644448 172
1739718479094 0.13327826283734584 173
1739718479121 4.4454196985919924e-05 174
1739718479148 1.8546125829450173 175
1739718479175 0.009899010098380746 176
1739718479201 0.013744622845246593 177
1739718479228 0.06346262792558853 178
1739718479255 0.0013377899332068194 179
1739718479281 0.004864151695461392 180
1739718479308 0.106767932107236 181
1739718479334 0.15105485495177312 182
1739718479361 0.3705981241237064 183
1739718479388 0.8761599521260316 184
1739718479415 0.3856636701619706 185
1739718479442 0.09863817585194966 186
1739718479468 0.8331784695396222 187
1739718479495 0.0051324692053349745 188
1739718479522 0.11855926337767408 189
1739718479548 0.03845971571352898 190
1739718479575 0.028535117079089272 191
1739718479600 0.07668797434349353 192
1739718479626 0.354818391306289 193
1739718479653 0.002137321834779683 194
1739718479679 0.002667981006290642 195
1739718479705 0.43678147498626235 196
1739718479731 0.048218304430623554 197
1739718479757 0.00012475561744248597 198
1739718479784 0.08947418653447894 199
1739718479810 0.02520819634061295 200
1739718479836 0.16691841446191658 201
1739718479863 0.3180176355080488 202
1739718479889 0.1188564838214506 203
1739718479915 0.0010840403935797479 204
1739718479941 0.022595920652057046 205
1739718479967 0.3624180780912177 206
1739718479994 0.04731215553976656 207
1739718480019 0.4806725541170467 208
1739718480046 0.1385447343169749 209
1739718480072 1.5453967365795962 210
1739718480098 0.0020271570862861635 211
1739718480124 0.03523379123783308 212
1739718480150 0.006640293584700358 213
1739718480176 0.14355495018137446 214
1739718480202 0.4809602701123253 215
1739718480228 0.15418952112317902 216
1739718480255 0.22531873041339537 217
1739718480281 0.0948110215023604 218
1739718480308 0.18877295218928514 219
1739718480334 0.3583089280591717 220
1739718480361 0.05820879261720009 221
1739718480387 0.4621834199943871 222
1739718480414 0.05196976464510855 223
1739718480441 0.12421486980813722 224
1739718480467 0.05459358251436094 225
1739718480493 0.006292468786802037 226
1739718480520 0.0076891717200414525 227
1739718480546 0.18840304904932384 228
1739718480573 0.6477826387591273 229
1739718480599 0.0004763985314770867 230
1739718480625 0.4142775178100559 231
1739718480651 0.0004195790843662363 232
1739718480677 0.9046462707593116 233
1739718480704 0.04277804184573746 234
1739718480731 0.00014868031941499203 235
1739718480757 0.2608897919098135 236
1739718480783 0.730225011685939 237
1739718480809 0.02519440293550301 238
1739718480835 0.11713599789867814 239
1739718480862 0.009612235427305852 240
1739718480889 0.0023447970073670462 241
1739718480915 0.0009402144056469406 242
1739718480942 0.10223060144237589 243
1739718480969 0.9937032082699132 244
1739718481001 0.012553461882185592 245
1739718481027 0.16719840861522953 246
1739718481055 0.0734230753988643 247
1739718481086 0.018483162352039024 248
1739718481113 0.03150557373319292 249
1739718481140 0.1810743661148419 250
1739718481166 0.015214187886677388 251
1739718481193 0.01235601875072094 252
1739718481220 0.13373435914468448 253
1739718481247 0.39487870186038765 254
1739718481273 0.1347783223194667 255
1739718481300 0.1008953976903742 256
1739718481327 0.1619991052062603 257
1739718481354 5.181576733642804e-05 258
1739718481380 0.18678251189158843 259
1739718481407 0.12409040648397607 260
1739718481433 0.021767092886917347 261
1739718481459 0.1732664433110808 262
1739718481485 0.10727590747280913 263
1739718481512 0.7019513268654075 264
1739718481539 0.06118487788218919 265
1739718481566 0.17615454603049838 266
1739718481592 0.2160739005916434 267
1739718481618 0.06847670212528847 268
1739718481644 0.09013586376891734 269
1739718481671 0.7056155473483038 270
1739718481697 0.41694602869202885 271
1739718481723 0.21954420817522602 272
1739718481749 0.05272220846614258 273
1739718481775 0.013095838888279972 274
1739718481802 0.32460443728774374 275
1739718481827 0.008923918847578214 276
1739718481854 0.001073037248165384 277
1739718481881 0.6697536191313783 278
1739718481907 0.02371186147264324 279
1739718481933 0.007025454977676569 280
1739718481960 0.014835061745133592 281
1739718481986 0.2678236836287354 282
1739718482012 0.03803688142319169 283
1739718482038 0.008414671425175107 284
1739718482065 0.00017885787197754322 285
1739718482091 0.1801026220836733 286
1739718482117 0.009352886221616568 287
1739718482144 0.3126095088681184 288
1739718482170 0.01295883509938855 289
1739718482196 0.05463991721768657 290
1739718482222 0.0824061351772342 291
1739718482248 0.019726921431049736 292
1739718482275 0.037389995008134565 293
1739718482302 0.03309204693480906 294
1739718482328 0.33827115042072087 295
1739718482354 0.24219960465811072 296
1739718482380 0.14355602464675554 297
1739718482407 0.47991361529140353 298
1739718482433 0.05172925672650218 299
1739718482459 0.15812380677056959 300
1739718482486 0.0028272566227497456 301
1739718482512 0.12238138553132683 302
1739718482538 0.32438548213569485 303
1739718482565 0.41451276956895516 304
1739718482591 1.0673814597979332 305
1739718482617 0.2352254039941184 306
1739718482644 0.0846306257621167 307
1739718482670 0.04394687909935792 308
1739718482696 0.10323237332786164 309
1739718482722 0.21910993789334762 310
1739718482749 0.5565516838451892 311
1739718482776 0.025035615892537593 312
1739718482802 0.010058618846914023 313
1739718482829 0.10252443844746513 314
1739718482855 0.19961155024422883 315
1739718482882 0.014607274571731839 316
1739718482909 0.5592103035324155 317
1739718482935 0.24532429166010006 318
1739718482961 0.24960097883189744 319
1739718482988 0.07057857566297264 320
1739718483014 0.0010338238474019708 321
1739718483039 0.05680833030265089 322
1739718483066 0.025234912839975338 323
1739718483092 0.0780253996512059 324
1739718483119 0.03328761999492357 325
1739718483145 0.07267260343356816 326
1739718483172 0.03687777438927995 327
1739718483199 0.4264394214116523 328
1739718483225 0.05293386073299168 329
1739718483251 0.002568630555136024 330
1739718483277 0.10619574957266345 331
1739718483304 0.08986256044317723 332
1739718483329 0.09079250636755691 333
1739718483355 0.002951325140108223 334
1739718483382 0.001183611337666686 335
1739718483409 0.4264580297815125 336
1739718483435 0.0772358089479972 337
1739718483461 0.5006111973561895 338
1739718483488 0.15209414410633082 339
1739718483514 0.28035002294234673 340
1739718483540 0.016280653950006427 341
1739718483566 0.3355434628617838 342
1739718483593 0.5650500015664581 343
1739718483620 0.06357150024286912 344
1739718483648 0.5446822432855772 345
1739718483674 0.3475003168622058 346
1739718483700 0.004936279028859317 347
1739718483727 0.04700892319105402 348
1739718483753 0.00022202005260388654 349
1739718483780 0.33261359698818926 350
1739718483807 0.966197347784821 351
1739718483833 0.13439638889675992 352
1739718483860 0.012624382611265758 353
1739718483887 0.26217091448563473 354
1739718483914 0.09521721048941538 355
1739718483940 0.028622146805022064 356
1739718483967 0.008409650490099913 357
1739718483993 0.24896342540622263 358
1739718484019 0.01739411891113687 359
1739718484046 0.0020032348994806007 360
1739718484072 0.0561472300467374 361
1739718484099 0.4197980744055165 362
1739718484125 0.18688734374484314 363
1739718484152 0.05851077417575441 364
1739718484179 1.5892291416071909 365
1739718484205 0.3367880913812867 366
1739718484232 0.012099458345299177 367
1739718484258 0.004119433734644358 368
1739718484284 0.10451937562835843 369
1739718484311 0.03131488886975526 370
1739718484337 0.28299986759365064 371
1739718484364 0.007009851786014038 372
1739718484390 0.2479525367750697 373
1739718484417 0.6301282015191149 374
1739718484444 0.19525404504929267 375
1739718484470 0.03875524312173211 376
1739718484497 0.5659642033372189 377
1739718484523 0.015219898207036437 378
1739718484549 0.14293439416062523 379
1739718484576 0.27289570208051084 380
1739718484603 0.46172872192254283 381
1739718484629 0.8885758546386994 382
1739718484656 0.03009519366307154 383
1739718484683 0.002382489412080718 384
1739718484709 0.13839129952878904 385
1739718484735 0.01623543532870655 386
1739718484762 0.32740501370874747 387
1739718484788 0.0011828544918124073 388
1739718484815 1.6077302914812428e-07 389
1739718484841 0.019156907271370618 390
1739718484867 0.08982113191903703 391
1739718484895 5.582796534069474e-05 392
1739718484922 0.5338269594129236 393
1739718484948 0.07641686661964363 394
1739718484975 0.07419107624091402 395
1739718485001 0.6263696908064192 396
1739718485028 0.03362851774889559 397
1739718485054 0.0058203632442101515 398
1739718485081 0.05800655048172461 399
1739718485108 0.024005101320336748 400
1739718485134 0.2178775299277058 401
1739718485161 0.13873588129062064 402
1739718485188 1.1920150788659643 403
1739718485215 0.2808163274509908 404
1739718485241 0.1362799730963266 405
1739718485267 0.08186561928910077 406
1739718485294 0.03957063845713193 407
1739718485320 0.07084922995522788 408
1739718485346 1.16876858029759 409
1739718485373 0.700234759698892 410
1739718485399 0.012078076549352093 411
1739718485425 0.34722488590155925 412
1739718485451 0.018514268777533798 413
1739718485478 0.12102954784365987 414
1739718485505 0.27131601899762064 415
1739718485532 0.978361653770726 416
1739718485558 0.24686278597974515 417
1739718485585 0.06811889581072275 418
1739718485612 0.5988006393019762 419
1739718485638 0.026117238420646196 420
1739718485664 0.05780430733783661 421
1739718485690 0.5853901058847067 422
1739718485717 0.013151375689408303 423
1739718485744 0.19959631557509178 424
1739718485772 0.15507896328933743 425
1739718485799 0.004893242560410878 426
1739718485826 0.0006657441578974784 427
1739718485853 0.02612256670213484 428
1739718485880 0.13577650973624442 429
1739718485908 4.19303018384378e-06 430
1739718485935 0.027530353230341212 431
1739718485962 0.3913554918922493 432
1739718485989 0.3652686624616093 433
1739718486016 0.17697844814110827 434
1739718486043 0.012357449756872977 435
1739718486071 0.01887941129158208 436
1739718486098 0.01197193100290089 437
1739718486125 0.009049699049483115 438
1739718486152 0.5663038504224447 439
1739718486180 0.2642038399586059 440
1739718486207 0.08100348574669858 441
1739718486234 1.202509501544369 442
1739718486261 0.28786207450924656 443
1739718486288 0.029846486461043414 444
1739718486315 0.3102308340768621 445
1739718486342 1.380409946943503 446
1739718486369 0.23105536776563002 447
1739718486396 0.00011480251456995818 448
1739718486424 0.03203501415657052 449
1739718486450 0.060701067559409023 450
1739718486477 0.018174528693084564 451
1739718486504 0.006547441057649179 452
1739718486530 1.225839639312057 453
1739718486557 0.38725013675464154 454
1739718486584 0.06245757029967719 455
1739718486611 0.0316426772316365 456
1739718486638 0.3722111028246416 457
1739718486664 0.10602008297087184 458
1739718486692 6.11589645729567e-05 459
1739718486718 0.07838764136963515 460
1739718486745 0.04847182515259225 461
1739718486771 0.036735562975470655 462
1739718486798 0.01637906579589739 463
1739718486824 0.08218221422518086 464
1739718486850 0.013679050487275883 465
1739718486877 0.01317089616954954 466
1739718486903 0.2612844189968534 467
1739718486930 0.31546909698760284 468
1739718486956 0.015844358558028192 469
1739718486983 0.02942298347713828 470
1739718487009 0.10693680082015367 471
1739718487035 0.20943412381931226 472
1739718487061 7.240887342128384e-06 473
1739718487088 0.10713525493582145 474
1739718487115 0.058597410327113485 475
1739718487141 0.3417281899316675 476
1739718487167 0.47094387995129805 477
1739718487194 0.8212007418876679 478
1739718487221 0.17415453981760967 479
1739718487247 0.07362472257756744 480
1739718487274 0.40924962281710914 481
1739718487300 0.0005000415423065562 482
1739718487327 0.024182978715221563 483
1739718487354 0.6093989935030936 484
1739718487381 0.006628584437125726 485
1739718487407 0.01632399672140622 486
1739718487434 0.15033952462169928 487
1739718487460 0.6250129465056927 488
1739718487486 0.022573042618201342 489
1739718487513 1.4529000285110876 490
1739718487540 0.0017893745275690176 491
1739718487566 0.33397704537144773 492
1739718487593 0.04889175521628785 493
1739718487619 0.07287128523527725 494
1739718487646 0.0008666526744653481 495
1739718487672 0.016347047721339377 496
1739718487699 0.0026846849677339807 497
1739718487726 0.16795894160155495 498
1739718487752 0.14224074424926222 499
