1739716086858 43.4031623216498 0
1739716086864 16.32956567945231 1
1739716086869 7.739782169800429 2
1739716086875 6.196400872065317 3
1739716086880 5.481323521077152 4
1739716086885 4.725457419064095 5
1739716086889 4.679410045203201 6
1739716086895 4.586765256461058 7
1739716086900 4.750244021579327 8
1739716086905 4.8342607086946146 9
1739716086909 5.019778452670772 10
1739716086914 4.982622736279991 11
1739716086919 5.04387440948648 12
1739716086924 4.59846444588261 13
1739716086928 4.558242445229956 14
1739716086933 4.965503608074682 15
1739716086938 4.958225451615408 16
1739716086943 4.823418639220227 17
1739716086948 4.693076973680687 18
1739716086953 4.707244544838833 19
1739716086958 4.9977223901898995 20
1739716086963 4.771357121547942 21
1739716086968 4.8154929018002415 22
1739716086972 4.945213402356236 23
1739716086977 5.048331450470933 24
1739716086982 4.678456359814595 25
1739716086987 4.520164351484593 26
1739716086992 4.771271431182333 27
1739716086997 4.900936781363324 28
1739716087002 4.635316283051164 29
1739716087006 4.794102750362466 30
1739716087011 4.951255272632194 31
1739716087016 4.894269629778326 32
1739716087021 5.121739585988991 33
1739716087025 5.094815854889547 34
1739716087031 4.6867758248117335 35
1739716087035 4.954506126674668 36
1739716087040 4.321231090660555 37
1739716087045 4.925830078696998 38
1739716087050 4.895921383108579 39
1739716087055 4.868813165066467 40
1739716087059 4.6928963162906365 41
1739716087064 4.890085123634657 42
1739716087069 4.492618960848324 43
1739716087074 5.034949645050538 44
1739716087078 4.719528375450826 45
1739716087083 4.972153331651785 46
1739716087088 4.931148283455407 47
1739716087093 4.7988716280822015 48
1739716087097 5.018485848385505 49
1739716087102 4.727928902569126 50
1739716087106 4.901623816498296 51
1739716087111 5.001902013429094 52
1739716087116 4.792963454537231 53
1739716087120 4.856722941090326 54
1739716087125 4.729409226811433 55
1739716087129 4.8386284450127555 56
1739716087134 4.842751527349978 57
1739716087139 4.738606447242019 58
1739716087144 4.998346616379583 59
1739716087148 4.784899825142905 60
1739716087154 4.8000007689240025 61
1739716087159 4.683342152990927 62
1739716087164 4.563216281646704 63
1739716087169 4.883165681660994 64
1739716087174 4.955930678120973 65
1739716087178 4.782591942226981 66
1739716087183 4.732008319592643 67
1739716087188 4.839366090694007 68
1739716087192 5.077181480406157 69
1739716087197 5.035387885132588 70
1739716087202 4.580349109310593 71
1739716087207 4.4698496070307145 72
1739716087211 4.839890439242117 73
1739716087216 4.727724546100632 74
1739716087220 4.892032410599293 75
1739716087225 4.783184279491614 76
1739716087230 5.322680354149311 77
1739716087235 4.625787433611461 78
1739716087239 4.812328443550289 79
1739716087244 4.68387579135327 80
1739716087249 4.969337864031205 81
1739716087254 4.695569963566092 82
1739716087258 4.829770229835929 83
1739716087263 4.65553830342035 84
1739716087268 4.501143343437261 85
1739716087273 4.538022403116842 86
1739716087277 4.915924570309262 87
1739716087282 4.356215136617786 88
1739716087286 4.50991259785265 89
1739716087291 4.522067705453017 90
1739716087296 4.736451618961835 91
1739716087301 5.093351569707215 92
1739716087305 4.3855930572893795 93
1739716087310 4.776325462877347 94
1739716087315 4.506218124995365 95
1739716087322 4.946911131171911 96
1739716087327 4.940856857029457 97
1739716087331 4.9200246816152475 98
1739716087336 4.733374367227757 99
1739716087341 4.6657889081088095 100
1739716087346 4.829325071996288 101
1739716087350 4.812665330839947 102
1739716087355 4.807681272032202 103
1739716087361 4.996960718825161 104
1739716087366 4.821360453588153 105
1739716087370 4.743834170309861 106
1739716087375 4.4591040335468906 107
1739716087380 4.3085734200916495 108
1739716087384 4.5934067190219166 109
1739716087389 4.978391767808721 110
1739716087394 4.912717031190687 111
1739716087398 4.691152691795563 112
1739716087403 4.6120022701568315 113
1739716087408 4.972144161091049 114
1739716087413 4.760320208366055 115
1739716087418 4.882034479837972 116
1739716087423 4.936612921312211 117
1739716087427 5.037389787078964 118
1739716087432 4.518588932606925 119
1739716087437 4.752713997745753 120
1739716087441 4.950501323495558 121
1739716087446 4.849747993951716 122
1739716087451 4.555941598969351 123
1739716087455 5.001416323605301 124
1739716087460 5.002438412523581 125
1739716087465 4.559712934797303 126
1739716087470 4.527667317254239 127
1739716087475 4.715058083628087 128
1739716087479 4.832788941879163 129
1739716087484 4.64583230556563 130
1739716087489 4.844969975541388 131
1739716087493 4.973262625591979 132
1739716087498 5.176989211185779 133
1739716087503 4.8402102558085325 134
1739716087508 4.481540173481236 135
1739716087513 5.005016855931589 136
1739716087521 4.823987946814279 137
1739716087527 4.74875212372313 138
1739716087531 4.174429103750723 139
1739716087537 4.81273601967617 140
1739716087541 4.901756299770098 141
1739716087546 4.883221065657668 142
1739716087551 4.6991023022765175 143
1739716087556 4.697340724008454 144
1739716087560 4.656176087125915 145
1739716087565 4.9351098605123305 146
1739716087569 4.5907210438993875 147
1739716087574 4.632196241771737 148
1739716087579 4.422057544190603 149
1739716087584 4.710600592680072 150
1739716087589 4.9356143196101785 151
1739716087593 4.90576487392548 152
1739716087598 4.792672182052805 153
1739716087603 4.733543836776324 154
1739716087607 4.743906021445055 155
1739716087612 5.160872553085812 156
1739716087617 4.663130025306033 157
1739716087622 4.521832683359914 158
1739716087627 4.728373874759912 159
1739716087632 5.247375238745337 160
1739716087636 4.907164894288398 161
1739716087641 4.795152083226389 162
1739716087646 5.009756110005079 163
1739716087651 4.6606487663016 164
