1739718535771 0.00013854250556028668 0
1739718535797 0.10080317046756429 1
1739718535824 0.021192139207659562 2
1739718535851 0.039842273119155454 3
1739718535877 0.6722642643983909 4
1739718535904 0.0033629218483599943 5
1739718535931 0.039604421630883145 6
1739718535958 0.010147766305632154 7
1739718535986 0.17064620441995557 8
1739718536012 0.05450562096379801 9
1739718536040 0.09731670346504831 10
1739718536066 0.07234696632533272 11
1739718536093 0.19625113697116495 12
1739718536119 0.00034769795671078926 13
1739718536147 0.006342365098999797 14
1739718536178 0.05375245304191767 15
1739718536209 0.21100537869454078 16
1739718536237 0.0018880633135108765 17
1739718536265 0.002379638570045005 18
1739718536293 0.006907084255002257 19
1739718536321 0.04424347843441599 20
1739718536349 0.0023439914228705716 21
1739718536378 0.3579454999048288 22
1739718536406 0.026921538344536967 23
1739718536434 0.37205277283425414 24
1739718536462 0.004262806825689081 25
1739718536490 0.3225858386072309 26
1739718536518 0.007543361158629817 27
1739718536545 0.4170618939484952 28
1739718536602 0.010088771427417783 29
1739718536630 0.01995251508354967 30
1739718536657 0.009639949463288843 31
1739718536684 0.02001789809800034 32
1739718536712 0.0822012183395047 33
1739718536740 0.1099781600271998 34
1739718536767 0.004049201014756069 35
1739718536794 0.49168509952575884 36
1739718536821 0.01916495372480027 37
1739718536848 0.1781424744213018 38
1739718536875 0.06504113016634529 39
1739718536901 0.00795633723726859 40
1739718536928 0.34706608878088335 41
1739718536955 0.005696051221722478 42
1739718536982 0.07910837744193805 43
1739718537009 0.007118374928707286 44
1739718537036 0.06886867169394206 45
1739718537063 0.0035813161944469605 46
1739718537089 0.009150019048035389 47
1739718537116 0.0006889308796285489 48
1739718537144 0.10021245236812669 49
1739718537170 0.27093009702761 50
1739718537199 0.21204082711297 51
1739718537228 0.15539385267756745 52
1739718537257 0.03393047532553027 53
1739718537285 0.022680905747095786 54
1739718537312 0.000352834594477786 55
1739718537340 0.002932296663974178 56
1739718537367 0.06261089056837861 57
1739718537394 0.05911530842608457 58
1739718537420 0.05213288979119757 59
1739718537447 0.001238471417372072 60
1739718537474 0.05600035897786947 61
1739718537501 0.010484312934856105 62
1739718537529 0.03850303132816486 63
1739718537558 0.021961411583978584 64
1739718537586 0.07969325399370207 65
1739718537614 0.7344210377603803 66
1739718537642 0.0013853006181749046 67
1739718537671 0.12531878805727054 68
1739718537700 0.029336582057870982 69
1739718537729 0.6495492361028329 70
1739718537756 0.023938559643739116 71
1739718537783 0.2816231334001504 72
1739718537811 0.008009924992573242 73
1739718537839 0.2585491972228135 74
1739718537867 0.3125913188561118 75
1739718537894 0.005948891608081705 76
1739718537920 0.13079981772754629 77
1739718537949 0.03280462642071752 78
1739718537976 0.06212887202570444 79
1739718538004 0.0019084046389249711 80
1739718538033 0.14556329918475355 81
1739718538061 0.06478968266196786 82
1739718538089 0.05244467301582168 83
1739718538117 0.22366631742060986 84
1739718538145 0.021465927934408848 85
1739718538173 0.012691811379049012 86
1739718538200 0.0008254516698811591 87
1739718538229 0.26347084128625103 88
1739718538257 0.07707102215007709 89
1739718538284 0.6676616858987133 90
1739718538311 0.49753295406444653 91
1739718538337 0.0201449488068507 92
1739718538365 0.1000678232048709 93
1739718538393 0.08317618323980526 94
1739718538421 0.1552729607928396 95
1739718538448 0.047398317118211276 96
1739718538475 0.07449848197412473 97
1739718538502 0.0012895844462169658 98
1739718538529 0.22180360976002048 99
1739718538556 0.0007154606577028555 100
1739718538582 0.15217605447676819 101
1739718538609 0.46683319742069157 102
1739718538636 0.301884846176199 103
1739718538663 0.10051707590266988 104
1739718538690 0.004061738643366982 105
1739718538720 0.01028566434103396 106
1739718538750 0.02493794910234724 107
1739718538778 0.0024173714770038307 108
1739718538806 0.08537065347492737 109
1739718538834 0.12521087754363802 110
1739718538863 0.8768984462378051 111
1739718538892 0.2165038562119553 112
1739718538921 0.10409803241713875 113
1739718538950 0.20581868322868693 114
1739718538978 0.21805815264157075 115
1739718539006 0.038421626987619875 116
1739718539034 0.26734730356948216 117
1739718539062 0.0006083838744258388 118
1739718539089 0.4569099882692977 119
1739718539115 0.33505670823211936 120
1739718539141 0.007675514805643419 121
1739718539168 0.1513023972651561 122
1739718539196 0.22989089478038346 123
1739718539222 0.03990975686065774 124
1739718539249 0.00024208650206485895 125
1739718539277 0.20090361285874608 126
1739718539303 0.01105780316558029 127
1739718539329 0.02179854261866936 128
1739718539357 0.29256810431009334 129
1739718539384 0.00039926417749895144 130
1739718539410 0.032057908213079876 131
1739718539436 0.2963689546436541 132
1739718539463 0.03672895022930257 133
1739718539490 0.0015364668838887701 134
1739718539516 0.09141356865487313 135
1739718539543 0.001895551335765229 136
1739718539570 0.02537316069703102 137
1739718539596 0.03542443272181858 138
1739718539622 0.08258856713628908 139
1739718539648 0.27250846036755233 140
1739718539675 2.4929449468902762e-05 141
1739718539702 0.005744784712876511 142
1739718539729 0.3024505643590707 143
1739718539755 0.0010621882441145974 144
1739718539782 0.028050583519953678 145
1739718539808 5.564870914724746e-05 146
1739718539836 0.00015776322232326516 147
1739718539864 0.11754063009838071 148
1739718539891 0.05442178479849201 149
1739718539918 0.3766016835386662 150
1739718539944 0.03720787697067269 151
1739718539971 0.004540236752447467 152
1739718539997 0.04587107512891076 153
1739718540024 0.010156180531164323 154
1739718540051 0.09420287501433414 155
1739718540078 0.07223590464877573 156
1739718540104 0.07441431215613564 157
1739718540130 0.0823176405294093 158
1739718540157 0.041944967729129395 159
1739718540184 0.1755488416075592 160
1739718540210 0.006813044869577678 161
1739718540237 0.005010360713735266 162
1739718540263 0.10021475240117808 163
1739718540289 0.20775009264102046 164
1739718540316 0.03903758108689555 165
1739718540343 0.09071012064374966 166
1739718540370 0.06997942039661177 167
1739718540397 0.7892329906223922 168
1739718540423 0.19111366056296944 169
1739718540451 0.9049087764771169 170
1739718540478 0.1912739632399744 171
1739718540504 0.12744291634818816 172
1739718540530 0.006673852565305734 173
1739718540557 0.2878804318264153 174
1739718540584 1.0161716065061888 175
1739718540610 0.058991082037468785 176
1739718540637 0.1094142272575858 177
1739718540663 0.251650660419193 178
1739718540690 0.019773892664206517 179
1739718540718 0.028714814192637352 180
1739718540745 0.023749640884730805 181
1739718540773 0.35767494484631096 182
1739718540800 0.13131886761470912 183
1739718540827 0.37605524933337214 184
1739718540855 0.2000339163958823 185
1739718540881 0.0010276433815348434 186
1739718540907 0.056015828974660044 187
1739718540933 0.08792557091280818 188
1739718540959 0.00745060951066241 189
1739718540987 0.060158012601990864 190
1739718541015 0.007500565493832598 191
1739718541041 0.34660280031530005 192
1739718541067 0.18021226063650578 193
1739718541096 0.009071765670182828 194
1739718541123 0.0016342227400166214 195
1739718541150 0.09227762973349347 196
1739718541181 0.23665365819053102 197
1739718541209 0.2846535115010608 198
1739718541236 0.6130562579802815 199
1739718541263 0.09874656838681242 200
1739718541291 0.0005109313674750686 201
1739718541319 0.07156445798590996 202
1739718541346 0.02621741477962832 203
1739718541373 0.035510006043175925 204
1739718541399 0.2029888653827451 205
1739718541426 0.25848027974657156 206
1739718541452 0.01142630638489759 207
1739718541478 0.02187751162200611 208
1739718541505 0.00019218802777619154 209
1739718541531 0.29299097680664626 210
1739718541557 0.2136614584671411 211
1739718541583 0.018200236680322238 212
1739718541609 0.007643224154560287 213
1739718541635 0.073526829394736 214
1739718541662 0.0019317422751232007 215
1739718541688 0.04619427608241003 216
1739718541714 0.10944030628403678 217
1739718541740 0.4716957940878588 218
1739718541766 0.19686527790384173 219
1739718541793 0.04360279221695301 220
1739718541819 0.0034668192182208996 221
1739718541845 0.1039466175077026 222
1739718541872 0.01374476499480229 223
1739718541898 0.7227046564831309 224
1739718541924 0.04459715897153198 225
1739718541950 0.0038363632810809465 226
1739718541976 0.03362793298665766 227
1739718542003 0.05992374374113024 228
1739718542030 0.04277479147372421 229
1739718542058 0.05172500973301754 230
1739718542085 0.3980782274344644 231
1739718542113 0.34229811912704655 232
1739718542141 0.00022130028320931465 233
1739718542169 0.5065118256547834 234
1739718542198 0.03540363177332234 235
1739718542228 0.032062450418708394 236
1739718542256 0.0006004953796303084 237
1739718542283 0.1655264330755267 238
1739718542313 0.00956215108767651 239
1739718542341 0.01731537824856735 240
1739718542369 0.12043082481889754 241
1739718542397 0.08796139445898978 242
1739718542424 0.22924409506143026 243
1739718542452 0.00571943034597597 244
1739718542480 0.03061948835059696 245
1739718542508 0.004030162287581208 246
1739718542536 0.0003444299232322932 247
1739718542563 0.006454683612270964 248
1739718542591 0.038677963890117226 249
1739718542620 0.03759869595444919 250
1739718542647 0.13457332601488017 251
1739718542675 0.01389683939107906 252
1739718542702 0.5291491620178271 253
1739718542728 0.004674054400460686 254
1739718542755 0.7896627291515532 255
1739718542782 0.13582378174170673 256
1739718542809 0.016247713755684578 257
1739718542836 0.19290703385348404 258
1739718542863 0.13557434231036294 259
1739718542890 0.0112613307190637 260
1739718542917 0.03455283372986271 261
1739718542943 0.21302184981113947 262
1739718542969 0.0885336899672428 263
1739718542996 0.0895730773197655 264
1739718543022 0.10805407123087081 265
1739718543049 0.15820472807943725 266
1739718543076 0.2326097548395767 267
1739718543103 0.13451181587205438 268
1739718543131 0.018892287618431616 269
1739718543157 0.053402627997831645 270
1739718543184 0.0010808928577411238 271
1739718543211 0.07139480228299006 272
1739718543238 0.07188791786460903 273
1739718543265 0.962276952427918 274
1739718543291 0.011923042887328296 275
1739718543318 0.051904750759519364 276
1739718543344 0.0033183555314623054 277
1739718543370 0.19819091847301457 278
1739718543397 0.4303067793066223 279
1739718543423 0.00019121266463345362 280
1739718543450 0.06882259822396986 281
1739718543477 0.020145583385402396 282
1739718543504 0.10612293211688129 283
1739718543530 0.04062220660908273 284
1739718543556 0.0008121368161045744 285
1739718543583 0.005514846052632355 286
1739718543611 0.02502925541493859 287
1739718543639 0.011311604502322173 288
1739718543667 0.23465795709569673 289
1739718543695 2.7305593238235944e-06 290
1739718543723 0.03249269743096359 291
1739718543750 0.005304418319311928 292
1739718543777 0.03348550846034952 293
1739718543803 0.053358238541678635 294
1739718543830 0.02342805013198834 295
1739718543856 0.045700305410915305 296
1739718543883 0.003430635267695512 297
1739718543912 0.0011210338045271374 298
1739718543940 0.008949845980853032 299
1739718543968 0.006787372211253158 300
1739718543995 0.03071866075948827 301
1739718544023 0.018992422955532162 302
1739718544051 0.43644993930863013 303
1739718544079 0.06570080140550302 304
1739718544106 0.03800746213444844 305
1739718544133 0.0053870702876113825 306
1739718544160 0.009547014188308629 307
1739718544188 0.013745224936956544 308
1739718544215 0.12630536647197224 309
1739718544241 0.0004803945939836709 310
1739718544269 0.003195490958600554 311
1739718544296 0.06408400074145174 312
1739718544325 0.02780031618107833 313
1739718544353 0.16762307275011698 314
1739718544381 0.5166210785728356 315
1739718544409 0.12282747764754949 316
1739718544437 0.06385314383136673 317
1739718544465 0.843037599609393 318
1739718544493 0.2144520301228875 319
1739718544520 0.8338887193994001 320
1739718544548 0.003149094022757691 321
1739718544575 0.018294064845433562 322
1739718544601 0.01869234839855776 323
1739718544630 0.00983495473436479 324
1739718544656 0.003117519063044941 325
1739718544683 0.0534044611266088 326
1739718544710 0.09398327577492761 327
1739718544736 0.023665687721291507 328
1739718544763 0.014255147581186981 329
1739718544789 0.14503096070432342 330
1739718544816 0.06022011816637847 331
1739718544843 0.0677257856668448 332
1739718544870 0.037275120834795526 333
1739718544898 0.01912296677510389 334
1739718544926 0.45462679985649035 335
1739718544954 0.01564612184920958 336
1739718544982 0.004495791010624262 337
1739718545011 0.001796860326102699 338
1739718545039 0.0010552568016253348 339
1739718545066 0.0011353311156955105 340
1739718545094 0.17784629308869732 341
1739718545122 0.5910271745237423 342
1739718545151 0.14939863998914202 343
1739718545178 0.001700625680388097 344
1739718545207 0.02403468888001128 345
1739718545235 0.11567923000548988 346
1739718545262 0.20700453597465332 347
1739718545290 0.19131055369090463 348
1739718545318 0.025434177737420953 349
1739718545345 0.048994692055596124 350
1739718545372 0.0387793102691488 351
1739718545399 0.2244590715391612 352
1739718545427 0.5817949824594693 353
1739718545454 0.09095879478131481 354
1739718545480 0.43168327837573944 355
1739718545507 0.015215124313420637 356
1739718545534 0.10370158543140547 357
1739718545561 0.4770084646654162 358
1739718545587 0.07441557316374806 359
1739718545614 0.004996893622496977 360
1739718545641 0.12604813736343234 361
1739718545668 0.012932836144585676 362
1739718545694 0.014048394027454813 363
1739718545721 0.8580507630359252 364
1739718545749 0.0009976000833533576 365
1739718545776 0.15991713453356188 366
1739718545803 0.006634367384513381 367
1739718545831 0.02580604277880836 368
1739718545858 0.362713668555399 369
1739718545885 4.0070645889793564e-06 370
1739718545913 0.08604422957603948 371
1739718545941 4.115100977543553e-05 372
1739718545968 0.20927131884517094 373
1739718545995 0.45994276371462606 374
1739718546022 0.003044008385845406 375
1739718546050 0.44150038434910477 376
1739718546078 0.029555338115748373 377
1739718546105 0.7885694137118461 378
1739718546133 0.012004640230735216 379
1739718546160 0.012718841928058855 380
1739718546187 0.11656708199511168 381
1739718546215 0.016648848566647306 382
1739718546243 0.22954789215419247 383
1739718546270 0.3939818361553667 384
1739718546297 0.0837690382855742 385
1739718546324 0.6174365774995338 386
1739718546352 0.0898169028193524 387
1739718546379 0.008739333563463679 388
1739718546406 0.08348450087573757 389
1739718546433 0.26645931388918964 390
1739718546461 0.000617974478900835 391
1739718546488 0.0005189641948895673 392
1739718546516 0.7192497348740499 393
1739718546544 5.78396630580393e-06 394
1739718546574 0.8519289699253804 395
1739718546603 0.12127139108035145 396
1739718546632 0.07791528021408622 397
1739718546660 0.2512571397756937 398
1739718546687 0.060701801383072365 399
1739718546715 0.07710896207194652 400
1739718546743 0.05803694726361337 401
1739718546771 0.018683697061756568 402
1739718546798 0.03872973001188265 403
1739718546826 0.005091446188323938 404
1739718546854 0.00013832905311220455 405
1739718546882 0.09871919745262991 406
1739718546909 0.08495398423350677 407
1739718546937 0.46318813684565024 408
1739718546973 0.00988067902384341 409
1739718547000 0.2959563182031272 410
1739718547026 0.4356430137775558 411
1739718547053 0.3441191190055501 412
1739718547080 0.24309455771044752 413
1739718547106 0.20191742866694343 414
1739718547133 0.027798845876197992 415
1739718547160 0.0023346717851032953 416
1739718547188 0.0006988448632399454 417
1739718547214 0.2925432485010907 418
1739718547241 0.0039036597258741298 419
1739718547267 0.3102999149874769 420
1739718547294 0.07943884935602812 421
1739718547321 0.07272628883888435 422
1739718547348 0.22424682282804687 423
1739718547381 0.33762363222494274 424
1739718547407 0.02196847281021708 425
1739718547434 0.006203377304593112 426
1739718547461 0.14884059138056552 427
1739718547487 0.46265665173865683 428
1739718547514 0.001417887863351226 429
1739718547540 0.021266513087224423 430
1739718547567 0.08297694970293056 431
1739718547593 0.000993869092706765 432
1739718547619 0.0003287588284692154 433
1739718547646 0.05585471200545017 434
1739718547673 0.4891497970130224 435
1739718547699 0.008691025164436768 436
1739718547726 0.040681985383565586 437
1739718547752 0.21985130459312258 438
1739718547778 7.322334148473412 439
1739718547804 0.18007089948920538 440
1739718547831 0.0939596299563546 441
1739718547858 0.000137782018487901 442
1739718547885 0.6121682857999178 443
1739718547911 0.036708900832057516 444
1739718547938 0.06408595075012065 445
1739718547965 0.005745953327418535 446
1739718547992 0.00023845199796902666 447
1739718548019 0.12824525409633433 448
1739718548046 0.0023724159693565405 449
1739718548072 0.04932797922598964 450
1739718548099 0.022625182278589374 451
1739718548126 0.22761162635528268 452
1739718548153 0.001703045741982075 453
1739718548179 0.24458699916366156 454
1739718548206 1.3303414863546184 455
1739718548234 0.16454642890287877 456
1739718548261 0.1577627889809374 457
1739718548287 0.15881129061107765 458
1739718548314 0.35209283615694964 459
1739718548341 0.19152826522013672 460
1739718548367 0.17945283549781207 461
1739718548394 0.279801463614329 462
1739718548420 0.4137316567560357 463
1739718548447 0.003055005249474903 464
1739718548474 0.006815041461244118 465
1739718548500 0.13968034569614599 466
1739718548527 0.15148094104671797 467
1739718548553 0.009276363357029822 468
1739718548580 0.14288885708515392 469
1739718548606 0.01728527100415295 470
1739718548633 0.21790117368323664 471
1739718548660 0.012932439435119522 472
1739718548687 0.08374055487885493 473
1739718548713 0.027946103561805196 474
1739718548740 0.09914660744243337 475
1739718548767 0.022181051764924166 476
1739718548794 0.12774690378588394 477
1739718548820 0.02532947073397454 478
1739718548847 0.11556760938481586 479
1739718548873 0.06578657831568559 480
1739718548900 0.07900589388017094 481
1739718548926 0.06214360301646582 482
1739718548953 0.1969215493553587 483
1739718548980 0.0026893488280728462 484
1739718549006 1.435609137089587 485
1739718549033 0.0989066138800393 486
1739718549060 0.027402661920754703 487
1739718549086 0.1582742462160666 488
1739718549113 0.2323353340014154 489
1739718549140 0.09598745530780234 490
1739718549167 0.016541929770265494 491
1739718549193 0.19892040705412692 492
1739718549220 0.03937375019569295 493
1739718549246 0.002076898449153665 494
1739718549273 0.571209964595214 495
1739718549300 0.0015873892083536612 496
1739718549326 0.04937854627679967 497
1739718549352 0.32019406165828174 498
1739718549378 0.0062448039723125215 499
