1739717900007 0.823541194248963 0
1739717900033 0.06838209809559546 1
1739717900060 0.0224198277051674 2
1739717900087 0.025780489678496516 3
1739717900113 0.003515501700707162 4
1739717900139 0.013712370996724007 5
1739717900165 0.0021554500499745997 6
1739717900192 0.275860830043075 7
1739717900218 0.01723650140386398 8
1739717900245 0.04586954090339933 9
1739717900270 0.09125181609987483 10
1739717900296 0.5218002003282478 11
1739717900323 1.1044630820264818 12
1739717900349 0.27315049831357974 13
1739717900374 0.05150728912880004 14
1739717900399 0.04897015707479448 15
1739717900425 0.0005142909197782072 16
1739717900451 0.012882515507429273 17
1739717900477 0.11260929905391472 18
1739717900504 0.009374337591668742 19
1739717900529 0.389008245649672 20
1739717900555 0.00018000040207145454 21
1739717900582 0.36074710672355165 22
1739717900609 0.8410913618168219 23
1739717900635 1.1642388504617742 24
1739717900662 0.29796695990510036 25
1739717900689 0.3358750435821192 26
1739717900715 0.11269336980269198 27
1739717900741 0.2641845955318616 28
1739717900768 0.00013720988842248955 29
1739717900794 0.042012939177371006 30
1739717900821 0.3972586912030333 31
1739717900847 0.04393025422755779 32
1739717900874 0.021724982573068746 33
1739717900900 0.0016769574030927623 34
1739717900927 0.014043153384842402 35
1739717900954 0.032562523466077097 36
1739717900980 0.5202356364273771 37
1739717901006 0.0012427049414089483 38
1739717901032 0.8423447467668078 39
1739717901059 0.02300325303044811 40
1739717901086 0.21243796587787167 41
1739717901112 0.00011679703603588779 42
1739717901139 0.047439116513686964 43
1739717901166 0.07521636697055929 44
1739717901192 0.6340284962279693 45
1739717901220 0.01423036123906672 46
1739717901246 0.790536873320823 47
1739717901273 0.9076611029588254 48
1739717901299 0.31748501381522143 49
1739717901325 0.20666786859406885 50
1739717901353 0.642612644648841 51
1739717901380 0.08359203025249516 52
1739717901406 0.14578900114185617 53
1739717901432 0.021351699417664564 54
1739717901458 0.252353126524581 55
1739717901484 0.28129974430897753 56
1739717901509 0.13145371274102643 57
1739717901535 0.33320454812239625 58
1739717901561 0.0016216569991451052 59
1739717901587 1.6508262492592858 60
1739717901613 0.010374935830241964 61
1739717901639 0.05218336023443242 62
1739717901666 0.09977468368050382 63
1739717901692 0.14709108138881635 64
1739717901718 0.20785097216462733 65
1739717901744 0.007025104577362998 66
1739717901771 0.031307560368374905 67
1739717901797 0.09139172968119912 68
1739717901823 0.06832481386853277 69
1739717901849 0.02023794741594381 70
1739717901875 0.12171227406825194 71
1739717901901 0.16667934174102353 72
1739717901929 0.053377621305050096 73
1739717901960 0.017796655219004344 74
1739717901988 0.0331689798013959 75
1739717902014 0.11219491547853294 76
1739717902040 1.1442009854278434 77
1739717902067 0.12380425849729439 78
1739717902094 0.21645252557653633 79
1739717902119 0.060704660280397886 80
1739717902145 0.06732426237548662 81
1739717902171 0.044486106864086584 82
1739717902197 0.02366199408640916 83
1739717902224 0.5543230414400877 84
1739717902250 0.18335526678307185 85
1739717902276 0.029214153839510013 86
1739717902302 0.251077002943085 87
1739717902329 0.6881333185229797 88
1739717902355 0.010466655718647428 89
1739717902381 0.05252179076406695 90
1739717902407 0.024304763786777053 91
1739717902433 0.013616884269078571 92
1739717902459 0.7934114550317195 93
1739717902485 0.3688884456854232 94
1739717902511 0.0012867098803918786 95
1739717902537 0.26952014774056604 96
1739717902564 1.3277751988747891e-05 97
1739717902590 0.0479603840240348 98
1739717902616 0.019916678243069145 99
1739717902641 0.3837543635643575 100
1739717902667 0.061608107120064565 101
1739717902694 0.14878198906019027 102
1739717902721 0.13393753196807132 103
1739717902747 0.24159881102569938 104
1739717902774 0.029621895484944507 105
1739717902800 0.06316302787605169 106
1739717902826 0.002148708035457067 107
1739717902852 0.20194848702363366 108
1739717902879 0.0011112256960835586 109
1739717902905 0.11537989147298755 110
1739717902931 0.21404001626290964 111
1739717902957 0.08892691309608165 112
1739717902984 0.08280436123662333 113
1739717903010 0.038204068268078116 114
1739717903035 0.37127938289624207 115
1739717903062 0.16955778311570724 116
1739717903088 0.025452003396334636 117
1739717903114 0.5225480942633048 118
1739717903140 0.09601718590550201 119
1739717903166 0.014747259335131635 120
1739717903193 0.0019223404914680716 121
1739717903219 0.4658879970937882 122
1739717903245 0.018974419406586143 123
1739717903271 0.061928722819371194 124
1739717903297 0.02351176566442534 125
1739717903323 0.4096312564128647 126
1739717903349 0.020719837799399243 127
1739717903375 0.850606713115498 128
1739717903402 0.001543254814332307 129
1739717903427 0.24554864098878235 130
1739717903453 0.02928991547796826 131
1739717903480 0.4177432879455409 132
1739717903506 0.014237574133413864 133
1739717903532 0.2004121375721793 134
1739717903558 0.000336834934146682 135
1739717903585 0.5375558332570954 136
1739717903610 0.783226595197668 137
1739717903636 0.12714525577112862 138
1739717903663 0.014237749951673713 139
1739717903689 0.5901667288434069 140
1739717903715 2.322353157065415e-05 141
1739717903742 0.01839557794148177 142
1739717903768 0.6642103247716521 143
1739717903795 0.25941858352951275 144
1739717903821 0.19419779498733333 145
1739717903847 0.0236549900585362 146
1739717903873 0.29087879397138067 147
1739717903900 3.6302255088163746e-05 148
1739717903925 0.8182179949814453 149
1739717903951 0.7417850719441054 150
1739717903983 1.0582586887860064 151
1739717904011 0.02038211364924925 152
1739717904038 0.6888005611874379 153
1739717904066 0.07318486914641403 154
1739717904093 0.00021011975129660442 155
1739717904119 0.010331341883449014 156
1739717904145 0.17935438343727872 157
1739717904171 0.026650683848137954 158
1739717904197 0.03556610449258125 159
1739717904224 0.008821887383485306 160
1739717904250 0.09634220265318892 161
1739717904276 0.18231921317326596 162
1739717904303 0.09482471774837077 163
1739717904329 0.012096591827677194 164
1739717904354 0.05467943813367789 165
1739717904380 0.07713087626967824 166
1739717904406 0.09642126611639286 167
1739717904432 0.05149216663008278 168
1739717904458 0.3702564280283932 169
1739717904485 0.012235333897278489 170
1739717904511 0.3552799661462752 171
1739717904537 0.10536788376525837 172
1739717904564 0.05616442596783391 173
1739717904590 0.21669574592141091 174
1739717904616 0.01225626272027925 175
1739717904642 0.0047236717340448575 176
1739717904668 0.04036180353596757 177
1739717904694 0.010216836341101269 178
1739717904721 0.03780145143672363 179
1739717904746 0.10315613527054471 180
1739717904773 0.7672783601647024 181
1739717904799 0.002424707530619573 182
1739717904826 1.3692676186196388e-05 183
1739717904853 1.0157832552470926e-05 184
1739717904880 0.09849035641356306 185
1739717904906 0.4532334564494514 186
1739717904932 0.1511797026289416 187
1739717904959 0.8871424163678183 188
1739717904985 0.03900273028806289 189
1739717905010 0.12677288972017864 190
1739717905036 0.0049916799842931875 191
1739717905063 0.0028251778510355687 192
1739717905089 0.05931822145098656 193
1739717905115 0.002588080411742375 194
1739717905140 0.006369525654394227 195
1739717905166 0.18248643519719537 196
1739717905192 0.026889251430684404 197
1739717905219 0.025410936292140654 198
1739717905244 0.041957292914730014 199
1739717905271 0.016103679451140492 200
1739717905297 0.9967094075981365 201
1739717905323 0.31363101845600766 202
1739717905349 0.394559772513568 203
1739717905375 0.00385960543580741 204
1739717905402 0.0001483120014870623 205
1739717905428 0.0018850325346843734 206
1739717905454 0.17276061006329174 207
1739717905480 0.03718815244983125 208
1739717905506 0.031013807809022367 209
1739717905532 0.14241488203118277 210
1739717905558 0.3416457900710078 211
1739717905585 0.24876573195309182 212
1739717905611 0.03601629367106904 213
1739717905636 0.405603390805764 214
1739717905662 0.010761900900236543 215
1739717905688 0.2232622595670343 216
1739717905714 0.08471265792899436 217
1739717905739 0.024031894029645787 218
1739717905766 0.06737484532396229 219
1739717905792 0.03421705635695004 220
1739717905819 0.08184466966284618 221
1739717905845 0.14305720424026014 222
1739717905870 0.0061448674446570985 223
1739717905897 0.3065803422138032 224
1739717905923 0.051915815368002355 225
1739717905949 0.0002809830793483346 226
1739717905976 0.3230122490684183 227
1739717906001 0.0987658995935306 228
1739717906028 0.6913639417745293 229
1739717906054 0.002404223123656756 230
1739717906080 0.4418238292231567 231
1739717906107 0.25191913373551944 232
1739717906134 0.7509715379024323 233
1739717906160 0.7296437723636587 234
1739717906186 0.0071180761474451005 235
1739717906212 0.07772487428600436 236
1739717906239 0.2606603565058659 237
1739717906265 0.07117079699974792 238
1739717906291 0.116642549506901 239
1739717906317 0.07260233997930232 240
1739717906343 0.12942517171340936 241
1739717906369 0.04148954005797623 242
1739717906396 0.0009537009395850921 243
1739717906422 0.14645733057080879 244
1739717906448 0.07096219388933274 245
1739717906474 0.12678106287285673 246
1739717906500 0.007258762065111436 247
1739717906526 0.24008054415014482 248
1739717906552 0.19403670330502307 249
1739717906579 0.5702859091233394 250
1739717906605 0.19828500757882134 251
1739717906632 0.2775913889428273 252
1739717906658 0.46130615163710714 253
1739717906684 0.0010890283681120859 254
1739717906709 0.24303031960981772 255
1739717906735 1.5591396289585375 256
1739717906760 0.05051218167351978 257
1739717906787 0.2628018170173837 258
1739717906813 0.0013518741868911695 259
1739717906839 0.06444533525064544 260
1739717906865 0.054073375150913046 261
1739717906891 0.2706483056236161 262
1739717906917 0.04922353040181729 263
1739717906944 0.1935047394540197 264
1739717906971 0.2117666328230785 265
1739717906997 0.5034578868950137 266
1739717907024 0.24924157680464237 267
1739717907050 0.48781659322702414 268
1739717907077 0.015771640858675478 269
1739717907103 0.02433865925531492 270
1739717907129 0.9460754215609951 271
1739717907155 0.016200871847220827 272
1739717907182 0.17012186032875726 273
1739717907208 0.01306833916198406 274
1739717907235 0.16357195036739747 275
1739717907261 0.08517898904931703 276
1739717907287 0.03328684594735529 277
1739717907313 0.003822618836669471 278
1739717907339 0.0036736464796017615 279
1739717907365 0.0033075707533049593 280
1739717907391 0.5304694111182948 281
1739717907417 0.09722558157666678 282
1739717907443 1.5761059594084423 283
1739717907469 0.4606018220373816 284
1739717907495 0.03568501596201337 285
1739717907521 0.015536559692084027 286
1739717907548 0.010661439960109965 287
1739717907574 0.21091876658159311 288
1739717907600 0.004024362132287946 289
1739717907626 0.7527389393096496 290
1739717907652 0.062356298809194105 291
1739717907678 0.011613086979379796 292
1739717907704 0.016856877442210583 293
1739717907730 0.032402479228459895 294
1739717907756 0.0050054666271725605 295
1739717907783 0.0009549132425661927 296
1739717907808 0.40706711493816894 297
1739717907835 0.12977483796007006 298
1739717907861 0.2075365178562963 299
1739717907887 0.3386074678772796 300
1739717907914 0.046816471483348256 301
1739717907941 0.01267541959892587 302
1739717907967 0.027239011552198978 303
1739717907993 0.6577619153787891 304
1739717908020 0.0557428173635827 305
1739717908046 0.049537655912073014 306
1739717908072 0.17132281174165573 307
1739717908098 0.22811525558370394 308
1739717908125 0.36267525295334413 309
1739717908151 0.17620420902233708 310
1739717908177 0.3911125603439472 311
1739717908203 0.04723835660828541 312
1739717908230 0.10042699379860762 313
1739717908256 0.41089324794544724 314
1739717908282 0.15807385431148274 315
1739717908308 0.06050548132632361 316
1739717908334 0.5378867650495434 317
1739717908360 0.20338586328165156 318
1739717908386 0.2193475438929688 319
1739717908413 1.2695936213310801 320
1739717908439 0.13957306270604325 321
1739717908465 0.06965920393658066 322
1739717908491 0.006124511960598131 323
1739717908517 0.10609666778151039 324
1739717908543 0.36665549952244897 325
1739717908570 0.03909696868649978 326
1739717908596 0.03098585120389455 327
1739717908622 0.08887317961298659 328
1739717908648 0.05738424946818325 329
1739717908674 0.00021905787774328456 330
1739717908700 0.08648302851516661 331
1739717908726 0.05910684931877864 332
1739717908752 0.18762839501176354 333
1739717908779 0.07261746676826997 334
1739717908806 0.11521868917217536 335
1739717908832 0.7564033977400085 336
1739717908858 0.08765659810862815 337
1739717908883 0.0652625590195894 338
1739717908910 0.5387579135872862 339
1739717908937 0.007757667322144578 340
1739717908963 0.6054276322056008 341
1739717908989 0.00031823910274449824 342
1739717909016 0.006890948402546677 343
1739717909042 0.09254791397930227 344
1739717909069 0.05136186460168382 345
1739717909095 0.08238595162500811 346
1739717909121 1.5798732604653903e-06 347
1739717909148 0.0073928437813660045 348
1739717909174 1.449051270508199 349
1739717909200 0.02639878381561839 350
1739717909227 0.12178216315656891 351
1739717909253 0.5468491592346753 352
1739717909278 0.02664909466579673 353
1739717909304 0.07662055726661092 354
1739717909330 0.3724928177708476 355
1739717909357 0.1121226399384026 356
1739717909382 0.5787715109886924 357
1739717909408 0.01723252778165919 358
1739717909435 0.4827240258294259 359
1739717909461 0.020807289651754355 360
1739717909487 0.005808464601872677 361
1739717909514 0.023670748249118256 362
1739717909540 0.238143216917992 363
1739717909566 0.2971896598264396 364
1739717909593 0.007134103227338957 365
1739717909619 0.03319899939285794 366
1739717909645 0.057269786758965165 367
1739717909671 0.6037339525875915 368
1739717909697 0.057595132779974634 369
1739717909724 0.011419175162232287 370
1739717909751 0.30962436506249286 371
1739717909777 0.07554498910863865 372
1739717909802 0.05998601533328136 373
1739717909828 0.25811659012521765 374
1739717909855 0.12626659106606059 375
1739717909884 0.02092526293467699 376
1739717909910 0.20569517533105092 377
1739717909937 0.0011433179756608872 378
1739717909967 0.00255989937254254 379
1739717909994 0.06651100409530804 380
1739717910021 0.0075328999046299396 381
1739717910048 0.5267769487812513 382
1739717910074 0.0358310605128896 383
1739717910101 0.7276530646110853 384
1739717910127 0.31481642130578263 385
1739717910154 0.16964865399785437 386
1739717910180 0.013000291440987756 387
1739717910206 0.0344764626313743 388
1739717910232 0.024821440929236698 389
1739717910258 0.10918366129944465 390
1739717910284 0.16475244378910514 391
1739717910311 0.06675396847472868 392
1739717910337 0.013142301420558644 393
1739717910363 0.11074191720724581 394
1739717910389 0.031598614770461386 395
1739717910415 0.0025168468302918337 396
1739717910441 0.00021457502951632853 397
1739717910467 0.16715499292497138 398
1739717910493 0.1452661515890867 399
1739717910519 0.04995447074019253 400
1739717910546 0.12058283682397818 401
1739717910572 0.14831147066375783 402
1739717910597 0.0735060855552225 403
1739717910623 0.17059583195926312 404
1739717910649 0.7220069423474742 405
1739717910674 0.05831129104215753 406
1739717910700 0.024277353431744586 407
1739717910726 0.060092586448548146 408
1739717910752 0.2139065350615449 409
1739717910778 0.08706995343826664 410
1739717910804 0.3014309956238332 411
1739717910830 0.22270253082754077 412
1739717910857 0.01396164533777868 413
1739717910883 0.09062451510548108 414
1739717910909 3.476557975168621 415
1739717910935 0.012932157575359043 416
1739717910962 0.1882519937405591 417
1739717910988 0.006120373117814676 418
1739717911015 0.5439909290327268 419
1739717911041 0.005153064306040049 420
1739717911068 0.11558557187180411 421
1739717911094 0.08092441967224964 422
1739717911120 0.03905983602491656 423
1739717911147 0.017662316787281338 424
1739717911175 0.0030537025710572338 425
1739717911202 0.049220346634293005 426
1739717911230 0.09894788356989173 427
1739717911257 0.013492112057443183 428
1739717911284 0.18277897152177106 429
1739717911311 0.14323480995382218 430
1739717911338 0.01773250453082534 431
1739717911365 0.48307047389208196 432
1739717911391 0.006545921993505893 433
1739717911417 0.30166317595313524 434
1739717911443 0.0020560261223483123 435
1739717911470 0.0003393668751829298 436
1739717911496 0.09287658986862021 437
1739717911522 0.770723238377496 438
1739717911548 0.07086374894280147 439
1739717911575 0.2880103725189271 440
1739717911601 0.0022008875714381406 441
1739717911627 0.13992743773620295 442
1739717911653 0.3438550033485384 443
1739717911679 0.11384010509473326 444
1739717911705 0.13835051734417297 445
1739717911732 0.5471711150889752 446
1739717911759 0.435181576117794 447
1739717911787 0.00539877907198362 448
1739717911814 0.0719619031935611 449
1739717911840 0.7475600010796427 450
1739717911867 0.16978566861523642 451
1739717911895 0.0019400670743365074 452
1739717911922 0.02031281986873066 453
1739717911950 0.028001977391277345 454
1739717911977 0.24937802059981434 455
1739717912003 0.00277144299767278 456
1739717912029 0.19213349388910336 457
1739717912056 0.3940167374950987 458
1739717912082 0.004015969120984309 459
1739717912108 0.1478523677272243 460
1739717912135 1.0633339043519618 461
1739717912162 0.44400947765614096 462
1739717912188 0.4539530753789932 463
1739717912214 0.006937562502041873 464
1739717912240 1.3890014584016726 465
1739717912266 0.008245511472424163 466
1739717912292 0.0014269383019909299 467
1739717912319 0.01942705366010614 468
1739717912346 0.032457466749203544 469
1739717912372 0.04457290357800408 470
1739717912399 0.6404143002433142 471
1739717912425 0.25305932599661507 472
1739717912451 0.7537681806689285 473
1739717912478 0.005700966162609024 474
1739717912503 0.05316618095989127 475
1739717912529 0.12534525280581255 476
1739717912556 0.09184501031117914 477
1739717912582 0.04934815122580487 478
1739717912609 0.03897092803986078 479
1739717912635 0.6014277378724799 480
1739717912661 0.8448023217077468 481
1739717912688 0.25495518726735944 482
1739717912714 0.6342103829525421 483
1739717912740 0.13778101764989958 484
1739717912766 0.22735259420483755 485
1739717912792 0.0019005562117727828 486
1739717912819 0.05050489837295437 487
1739717912845 0.08608497757915085 488
1739717912871 0.15631898826692758 489
1739717912897 1.0623703198832077 490
1739717912923 0.0220445129512459 491
1739717912949 0.4187850364809465 492
1739717912975 0.6956193038860332 493
1739717913001 0.00010727284053212037 494
1739717913027 0.16878601324504935 495
1739717913054 0.044009484030912385 496
1739717913081 0.2424413438929142 497
1739717913107 0.7687360070828722 498
1739717913132 0.14147214222010016 499
