1739715722988 36.84981571519203 0
1739715722998 9.560330457616095 1
1739715723005 2.1185034089564247 2
1739715723012 0.5853394282052679 3
1739715723017 0.3190830933909196 4
1739715723022 0.20164403028725283 5
1739715723027 0.14274815777432276 6
1739715723033 0.09674523772640396 7
1739715723038 0.13491170234063743 8
1739715723043 0.1715207689451339 9
1739715723048 0.08221711518271242 10
1739715723053 0.07321785476677557 11
1739715723057 0.11511044681745473 12
1739715723062 0.14884553612639248 13
1739715723067 0.14979836653213002 14
1739715723080 0.12615502795432781 15
1739715723085 0.14128179855660664 16
1739715723090 0.16060853370734374 17
1739715723094 0.11270866840778289 18
1739715723099 0.13717598569817593 19
1739715723104 0.178257998966573 20
1739715723109 0.14693834848803106 21
1739715723113 0.16710585486980054 22
1739715723118 0.14278380465533483 23
1739715723122 0.091539941087238 24
1739715723127 0.14085872664214305 25
1739715723131 0.17156001442268543 26
1739715723135 0.1814421244260121 27
1739715723140 0.17834808350930792 28
1739715723144 0.1346036630723476 29
1739715723149 0.28242340122552584 30
1739715723154 0.10820213170879941 31
1739715723158 0.16878013048704474 32
1739715723164 0.12344790328375493 33
1739715723169 0.12822836034998195 34
1739715723174 0.14899531497518978 35
1739715723178 0.1291685304312696 36
1739715723183 0.12159525095396301 37
1739715723188 0.15077017100659074 38
1739715723193 0.10803966374534113 39
1739715723199 0.08921965466048719 40
1739715723205 0.10569475117810913 41
1739715723211 0.09116866924808828 42
1739715723215 0.12399742390978148 43
1739715723220 0.19426818832778045 44
1739715723225 0.11055054850717343 45
1739715723229 0.13857196257302545 46
1739715723234 0.1273471446795289 47
1739715723238 0.11122891077953519 48
1739715723243 0.1490533568460269 49
1739715723248 0.13629699101576923 50
1739715723253 0.08849604974420523 51
1739715723258 0.1385579734894499 52
1739715723262 0.1320597621727236 53
1739715723267 0.16046836097484538 54
1739715723272 0.151447879584898 55
1739715723276 0.10689656339213582 56
1739715723281 0.14769617845047808 57
1739715723285 0.13132359927996448 58
1739715723290 0.12334463077926082 59
1739715723295 0.15225606852395715 60
1739715723301 0.15550820452031358 61
1739715723306 0.13697894108555242 62
1739715723312 0.16193809482043636 63
1739715723317 0.11383609505654047 64
1739715723321 0.11215463089518328 65
1739715723326 0.15994050259416862 66
1739715723330 0.14051996327766691 67
1739715723335 0.13194885961129818 68
1739715723340 0.11983518827017317 69
1739715723344 0.10727526257133872 70
1739715723349 0.09667903906185744 71
1739715723353 0.12239261072589057 72
1739715723358 0.21615482124580243 73
1739715723363 0.13601144367354032 74
1739715723367 0.17039787976377294 75
1739715723372 0.0949397250343564 76
1739715723377 0.0995997395037131 77
1739715723381 0.14769052115504436 78
1739715723386 0.17032358099653755 79
1739715723390 0.15379985838642588 80
1739715723395 0.10685047528253432 81
1739715723399 0.1569199369269626 82
1739715723404 0.13395728855627184 83
1739715723408 0.1525050721344444 84
1739715723413 0.14723065844322827 85
1739715723417 0.11974600934641351 86
1739715723422 0.16841519779273098 87
1739715723427 0.15567392319577678 88
1739715723432 0.1935948109205732 89
1739715723436 0.10204020846054955 90
1739715723440 0.34041182233909795 91
1739715723446 0.18586143743041808 92
1739715723450 0.13532340857852235 93
1739715723455 0.10846276416433545 94
1739715723460 0.11593868945158663 95
1739715723464 0.12830019800990883 96
1739715723469 0.16211010561466271 97
1739715723474 0.1257439018928644 98
1739715723479 0.11671336136050142 99
1739715723484 0.17776302326524432 100
1739715723488 0.1361226865318298 101
1739715723493 0.14203194197541436 102
1739715723499 0.13177936761012402 103
1739715723504 0.08510140193698021 104
1739715723509 0.12543552411369877 105
1739715723514 0.16633125527327974 106
1739715723519 0.1042491421612427 107
1739715723523 0.19654116455788914 108
1739715723528 0.19164936563220164 109
1739715723533 0.2730712517630345 110
1739715723537 0.1265017544684537 111
1739715723542 0.15031980799122396 112
1739715723547 0.1896996622506148 113
1739715723552 0.1323051353388383 114
1739715723558 0.1372729887433149 115
1739715723563 0.07953838568789375 116
1739715723568 0.07064138321208226 117
1739715723572 0.11162079964977473 118
1739715723577 0.16534084140953756 119
1739715723582 0.10008597943904327 120
1739715723586 0.1189541036441216 121
1739715723591 0.10944138210566927 122
1739715723596 0.108546950422964 123
1739715723601 0.12032541306554487 124
1739715723606 0.11552280191132662 125
1739715723611 0.12903700074895583 126
1739715723615 0.1620798157002012 127
1739715723620 0.1613927247080642 128
1739715723624 0.07425065162132587 129
1739715723629 0.10887529778914996 130
1739715723634 0.13475113507391634 131
1739715723638 0.10498495816983736 132
1739715723643 0.11038024941593808 133
1739715723648 0.14164484411544703 134
1739715723652 0.12432283997653261 135
1739715723657 0.14518670737703332 136
1739715723661 0.10505921675403003 137
1739715723666 0.15547642968278264 138
1739715723670 0.16647171198838623 139
1739715723675 0.12341109673461748 140
1739715723680 0.14690333265848987 141
1739715723684 0.14132225229051126 142
1739715723689 0.12483192131415505 143
1739715723693 0.1205752277752017 144
1739715723698 0.13177959526140542 145
1739715723703 0.10278474029808972 146
1739715723708 0.2738253258853357 147
1739715723712 0.12807943955594245 148
1739715723717 0.14227404785462838 149
1739715723721 0.08995633768477687 150
1739715723726 0.14661329756147093 151
1739715723730 0.14780226911140965 152
1739715723735 0.15498101487019342 153
1739715723739 0.1212820922352679 154
1739715723744 0.1358610349731509 155
1739715723748 0.12371426118005535 156
1739715723753 0.17638092653411153 157
1739715723757 0.15055886438353286 158
1739715723762 0.3151801927503901 159
1739715723766 0.11944052273324361 160
1739715723771 0.11960596685548261 161
1739715723775 0.12065794414711957 162
1739715723780 0.12170696122672596 163
1739715723785 0.09996918787635793 164
1739715723791 0.12040534366427874 165
1739715723796 0.10779877416755525 166
1739715723801 0.15292286927765056 167
1739715723806 0.10910747684544705 168
1739715723811 0.14256151891164265 169
1739715723816 0.1265656235562309 170
1739715723821 0.1293103801490508 171
1739715723826 0.16047591558560945 172
1739715723830 0.13955254534408223 173
1739715723835 0.1398424215197119 174
1739715723840 0.1072728017562777 175
1739715723845 0.12108166820042415 176
1739715723851 0.16015753738970384 177
1739715723856 0.12217666528647494 178
1739715723861 0.20299170108234826 179
1739715723865 0.11805427163359748 180
1739715723870 0.17185184474188955 181
1739715723874 0.12965399235794792 182
1739715723879 0.139454564165519 183
1739715723883 0.1482924805665985 184
1739715723888 0.15814014540259305 185
1739715723893 0.14826684607324855 186
1739715723898 0.12906345231646354 187
1739715723902 0.15550107329463553 188
1739715723908 0.09548204159433012 189
1739715723913 0.15283804551778093 190
1739715723918 0.13094807931172586 191
1739715723923 0.1154683010281726 192
1739715723928 0.12678836314132444 193
1739715723932 0.09324686276836541 194
1739715723937 0.11361666445037827 195
1739715723942 0.10206619534334728 196
1739715723946 0.11403993969162993 197
1739715723951 0.12849254483769143 198
1739715723957 0.10865708431099173 199
1739715723962 0.18162888968575483 200
1739715723967 0.10341495466424014 201
1739715723972 0.14576950567166103 202
1739715723976 0.1225933660552053 203
1739715723981 0.1390852286771701 204
1739715723986 0.12965258730824647 205
1739715723990 0.10707143309576742 206
1739715723996 0.15379311711090807 207
1739715724001 0.14780244518219285 208
1739715724006 0.1251070232884577 209
1739715724010 0.1333617085132062 210
1739715724015 0.16637521507307093 211
1739715724020 0.12012467860343573 212
1739715724025 0.14788428729756053 213
1739715724030 0.15960030453963464 214
1739715724035 0.17764187988797553 215
1739715724039 0.1798506670973501 216
1739715724043 0.15250691473906275 217
1739715724048 0.14861256859108077 218
1739715724053 0.11209359491065243 219
1739715724058 0.12985168439308875 220
1739715724063 0.12995927906095572 221
1739715724068 0.0933605676220085 222
1739715724074 0.12715100553737319 223
1739715724078 0.1425494065925816 224
1739715724083 0.12618115098507834 225
1739715724088 0.12399340182610402 226
1739715724093 0.1820921917312412 227
1739715724097 0.1388374899805204 228
1739715724102 0.09920434666601124 229
1739715724107 0.10513711871720081 230
1739715724111 0.11981635564102859 231
1739715724117 0.19583255598924518 232
1739715724121 0.1905973602522974 233
1739715724125 0.09972247274089545 234
1739715724130 0.14114242139406286 235
1739715724134 0.11707189590612355 236
1739715724139 0.12534032130486264 237
1739715724144 0.1196892325064459 238
1739715724148 0.14534922223779692 239
1739715724153 0.14053471565162953 240
1739715724157 0.10759487296147459 241
1739715724162 0.12034274662133138 242
1739715724166 0.082430133823217 243
1739715724172 0.10507215380977178 244
1739715724176 0.12690829392926417 245
1739715724181 0.13446001777629438 246
1739715724185 0.1924325466370643 247
1739715724190 0.12117929135272179 248
1739715724200 0.10215517005820372 249
1739715724205 0.15278077558833783 250
1739715724210 0.1307170914085774 251
1739715724215 0.15042216449261736 252
1739715724219 0.11717460732549353 253
1739715724224 0.13053518832433852 254
1739715724229 0.08660858536328778 255
1739715724233 0.16432541802913755 256
1739715724237 0.1524388869649825 257
1739715724242 0.09096138410031739 258
1739715724247 0.11487942339950107 259
1739715724251 0.09970525094881444 260
1739715724256 0.09248203281315368 261
1739715724260 0.12471831732021817 262
1739715724265 0.0944346310040817 263
1739715724270 0.1140615848434603 264
1739715724275 0.1691389515566261 265
1739715724279 0.10447391787241027 266
1739715724284 0.14367244630577558 267
1739715724288 0.10642249239404043 268
1739715724293 0.1452821933662722 269
1739715724298 0.09724496632585809 270
1739715724303 0.15693935631638703 271
1739715724308 0.17653220004773304 272
1739715724313 0.11185831471069552 273
1739715724318 0.12568853539811775 274
1739715724323 0.13412258415579448 275
1739715724327 0.10227624366114524 276
1739715724332 0.07118537156021527 277
1739715724337 0.20314155617535937 278
1739715724342 0.16176709034576758 279
1739715724347 0.09124439100421074 280
1739715724352 0.10701316251617313 281
1739715724357 0.15384386600974212 282
1739715724362 0.09575002486656888 283
1739715724367 0.13294952602686827 284
1739715724372 0.13881811814110523 285
1739715724376 0.075707217550798 286
1739715724381 0.13688580320013854 287
1739715724386 0.09954452668615153 288
1739715724390 0.14623271603901333 289
1739715724395 0.18034464647998186 290
1739715724399 0.0937194437265905 291
1739715724405 0.11503437738767565 292
1739715724411 0.14751017934792557 293
1739715724416 0.126229800177351 294
1739715724420 0.13555533321023952 295
1739715724425 0.1655249079020126 296
1739715724430 0.1326303316326888 297
1739715724434 0.14988760580784674 298
1739715724439 0.1165015739215721 299
1739715724444 0.15223246317616426 300
1739715724448 0.07981580480536579 301
1739715724453 0.15355033847559985 302
1739715724457 0.15463625612143417 303
1739715724462 0.10270956824364323 304
1739715724466 0.1058083642747265 305
1739715724471 0.173905585579602 306
1739715724476 0.14982422469256107 307
1739715724480 0.20146043023059396 308
1739715724485 0.1511201389127042 309
1739715724490 0.10786458254895415 310
1739715724494 0.10072485260198173 311
1739715724499 0.1437780915335118 312
1739715724503 0.08681288915472557 313
1739715724509 0.15538109867009037 314
1739715724514 0.12224926069484626 315
1739715724518 0.11902215595195756 316
1739715724523 0.12681640974219963 317
1739715724528 0.1506369708156413 318
1739715724533 0.14704113601231553 319
1739715724538 0.11988713313948486 320
1739715724542 0.1226618235179981 321
1739715724547 0.11022405862438635 322
1739715724551 0.1713192292575426 323
1739715724556 0.1179666272330987 324
1739715724561 0.11434306517400127 325
1739715724566 0.09697258800988895 326
1739715724571 0.11227590101978738 327
1739715724575 0.1738933926624633 328
1739715724580 0.1437059574981979 329
1739715724586 0.17069348891506353 330
1739715724591 0.16083106741998943 331
1739715724595 0.13635410823529634 332
1739715724600 0.1423138233079859 333
1739715724605 0.1253280663968024 334
1739715724610 0.10719590467300588 335
1739715724615 0.16730047367009745 336
1739715724619 0.10319466261903257 337
1739715724624 0.13670178257335672 338
1739715724629 0.15554998732469597 339
1739715724633 0.11644945721182391 340
1739715724638 0.12415809802056559 341
1739715724643 0.13898651981156937 342
1739715724648 0.09561285538059196 343
1739715724653 0.13172589589875838 344
1739715724658 0.06329410353917092 345
1739715724663 0.16552208760198225 346
1739715724668 0.09252595809047327 347
1739715724672 0.12340372029586309 348
1739715724677 0.13747192463906618 349
1739715724682 0.16895556518725724 350
1739715724687 0.1094585365867994 351
1739715724691 0.10330225941198128 352
1739715724697 0.14497213958949437 353
1739715724703 0.09610971038091275 354
1739715724708 0.10254470645948448 355
1739715724713 0.1056124822398937 356
1739715724718 0.15385194794465346 357
1739715724722 0.1503875174597559 358
1739715724727 0.15549769810951608 359
1739715724731 0.10449226258900705 360
1739715724736 0.15927129069200893 361
1739715724741 0.3242876801318716 362
1739715724746 0.12865955370693988 363
1739715724751 0.1110727988995163 364
1739715724755 0.16842462703616312 365
1739715724761 0.2955820213269412 366
1739715724766 0.14070544569810317 367
1739715724770 0.09862284436332247 368
1739715724775 0.16242516908857407 369
1739715724780 0.14608917554456385 370
1739715724784 0.16626229477064536 371
1739715724789 0.11684489957776448 372
1739715724793 0.10582790426770099 373
1739715724798 0.18745391993196958 374
1739715724802 0.17217121505034705 375
1739715724807 0.12211737550545888 376
1739715724812 0.11682850292706358 377
1739715724816 0.11837902690731673 378
1739715724821 0.1543740848651688 379
1739715724826 0.21269967018994815 380
1739715724830 0.11524643068217423 381
1739715724835 0.12706767352821619 382
1739715724839 0.09714330200988514 383
1739715724844 0.15880113078766217 384
1739715724848 0.0941619531123862 385
1739715724853 0.1211692729047158 386
1739715724857 0.14196216523953983 387
1739715724862 0.10461613790314539 388
1739715724867 0.14016875164700338 389
1739715724871 0.08369834799283873 390
1739715724876 0.07688436377809507 391
1739715724880 0.09339629616639464 392
1739715724885 0.2081943680042749 393
1739715724890 0.27134109936204515 394
1739715724894 0.0828533340205697 395
1739715724901 0.09582217074266293 396
1739715724906 0.12792809218045256 397
1739715724911 0.17043525829197903 398
1739715724916 0.1651168144757204 399
1739715724920 0.11410880308329584 400
1739715724925 0.12722138576566086 401
1739715724930 0.1261186128712725 402
1739715724935 0.1329485834452164 403
1739715724939 0.1333395130216072 404
1739715724944 0.11304451546516155 405
1739715724949 0.14240315334358317 406
1739715724954 0.09644943637405604 407
1739715724958 0.13429594656933125 408
1739715724963 0.12605813311858413 409
1739715724968 0.1179207099277511 410
1739715724973 0.09823768116653082 411
1739715724977 0.10064632004235641 412
1739715724982 0.12049335015182822 413
1739715724987 0.1475679794286279 414
1739715724991 0.15684553318285413 415
1739715724996 0.09569187528950597 416
1739715725000 0.07299098591717912 417
1739715725005 0.11941433542892119 418
1739715725010 0.1549232286676996 419
1739715725014 0.160608282959337 420
1739715725019 0.1560173205488969 421
1739715725024 0.114158873512152 422
1739715725029 0.1321126528164652 423
1739715725033 0.1246086505817936 424
1739715725038 0.08836283208759839 425
1739715725042 0.1531701079446396 426
1739715725047 0.15698986509886542 427
1739715725052 0.11080140454932182 428
1739715725057 0.11438457884507099 429
1739715725061 0.1305546569922276 430
1739715725066 0.1034781354432878 431
1739715725071 0.1165265843679985 432
1739715725075 0.1459739575512046 433
1739715725080 0.1659920711081796 434
1739715725085 0.1521671342192686 435
1739715725090 0.11062518185331864 436
1739715725094 0.08920542813323964 437
1739715725099 0.1146074631192936 438
1739715725103 0.09188169012404095 439
1739715725108 0.1628857421501581 440
1739715725113 0.13600733036104232 441
1739715725118 0.18221777254551133 442
1739715725122 0.17014934083038433 443
1739715725127 0.15002801779272398 444
1739715725132 0.13143387056234487 445
1739715725137 0.11769298543057215 446
1739715725142 0.15570132022699026 447
1739715725146 0.1221457678854674 448
1739715725151 0.13213349557237566 449
1739715725156 0.09872224457246002 450
1739715725160 0.10263688166254088 451
1739715725165 0.15453458159977052 452
1739715725169 0.14383540124001543 453
1739715725174 0.08287737464108273 454
1739715725178 0.13735206198260477 455
1739715725183 0.24172330482144422 456
1739715725188 0.12311684399429994 457
1739715725192 0.15750692541633105 458
1739715725197 0.09699422411920822 459
1739715725201 0.11521913056140562 460
1739715725206 0.07861057737791512 461
1739715725211 0.16139527876355886 462
1739715725215 0.1609480323076437 463
1739715725220 0.11991097567437167 464
1739715725225 0.08221994715649827 465
1739715725230 0.17543089458401448 466
1739715725234 0.13322082106122074 467
1739715725239 0.16094123498060225 468
1739715725244 0.11638559891279106 469
1739715725249 0.15116557975380696 470
1739715725254 0.10144350259719342 471
1739715725258 0.07764549487469771 472
1739715725263 0.09203550141245684 473
1739715725268 0.1435582727456984 474
1739715725272 0.1408757286694881 475
1739715725277 0.10160113259866675 476
1739715725282 0.12122303432148086 477
1739715725287 0.12259971843455607 478
1739715725291 0.17183959908552263 479
1739715725296 0.19688214944863788 480
1739715725300 0.16311169624296287 481
1739715725305 0.14726404537086524 482
1739715725310 0.1819704698141484 483
1739715725316 0.1140973316136788 484
1739715725323 0.13946309093308704 485
1739715725329 0.16231952773842803 486
1739715725334 0.1548123706812895 487
1739715725338 0.15677610155333818 488
1739715725343 0.10825949288791668 489
1739715725348 0.13069258993851915 490
1739715725352 0.09965049684864924 491
1739715725358 0.10886598865699497 492
1739715725362 0.09868120692499445 493
1739715725367 0.10704866908202633 494
1739715725372 0.10950785737212029 495
1739715725377 0.10611602292670913 496
1739715725381 0.15361464698869373 497
1739715725386 0.10405541391846003 498
1739715725390 0.15944093000789186 499
