1739718088104 72.39857399562133 0
1739718088137 31.112549437734902 1
1739718088169 21.13832222634313 2
1739718088201 6.469240084058123 3
1739718088233 3.412565140079186 4
1739718088265 2.1124845610590715 5
1739718088298 0.45327157894423226 6
1739718088330 0.004773043774947463 7
1739718088362 0.4056998245167072 8
1739718088394 0.3517540006230216 9
1739718088426 0.04598189095676414 10
1739718088458 0.007166542380309293 11
1739718088489 0.011597461439729515 12
1739718088521 0.14738144653413882 13
1739718088553 8.204609990992284e-05 14
1739718088584 0.0002221498501658334 15
1739718088616 0.022601578446409778 16
1739718088649 0.00026240797748956735 17
1739718088680 0.0013272857098234904 18
1739718088712 0.00022616565223104314 19
1739718088743 0.17830020292680443 20
1739718088775 0.1793607499466912 21
1739718088806 0.1707830740452433 22
1739718088838 0.08565606980260759 23
1739718088870 0.09457468667922646 24
1739718088902 0.04076125427441786 25
1739718088933 0.009800751939745087 26
1739718088966 0.0988516043377867 27
1739718088997 0.023569698593643742 28
1739718089030 0.06118691455151227 29
1739718089062 0.032359229415047784 30
1739718089094 0.07775486830627205 31
1739718089126 0.06681965315012629 32
1739718089158 0.008717403097013472 33
1739718089189 0.00014189484740175848 34
1739718089222 0.027538606080866022 35
1739718089254 0.046177215201476385 36
1739718089286 0.10574151612203146 37
1739718089318 0.01586851073410086 38
1739718089351 0.11892272278748242 39
1739718089384 0.04778912419602521 40
1739718089417 0.05012131692502838 41
1739718089448 0.08172580242782752 42
1739718089480 0.0011109238708688293 43
1739718089512 0.12470017192295223 44
1739718089543 0.0001020151353242941 45
1739718089575 0.0002421380614882488 46
1739718089607 0.17784818484535478 47
1739718089639 0.2980823450084033 48
1739718089671 0.3987602338901682 49
1739718089703 0.004768659821027077 50
1739718089735 0.002459696814431434 51
1739718089767 0.0296904794867978 52
1739718089798 0.0015440605928101698 53
1739718089830 0.5550190447431387 54
1739718089862 0.018632243964149618 55
1739718089894 0.0005134975513776873 56
1739718089925 0.004512773014878219 57
1739718089958 0.03811110365348302 58
1739718089989 0.09483557896264386 59
1739718090021 0.145893437789483 60
1739718090053 0.1052933143393973 61
1739718090085 0.14381268596389643 62
1739718090116 0.009067990155242471 63
1739718090149 0.0358873868277275 64
1739718090180 0.0015802214099468824 65
1739718090212 0.04497565862506667 66
1739718090248 0.003909415689597123 67
1739718090282 0.057234087614889906 68
1739718090322 0.02121343885127292 69
1739718090357 0.03835721538121217 70
1739718090391 0.034161666362776864 71
1739718090424 0.048327223313925555 72
1739718090458 0.09994245967063091 73
1739718090492 0.0004292745905200997 74
1739718090525 0.0022462271180751117 75
1739718090558 0.030406512629572096 76
1739718090591 0.08428471735296592 77
1739718090625 0.0010024284452195545 78
1739718090658 0.28439750209588427 79
1739718090691 0.033044302521410836 80
1739718090725 0.01835973162037589 81
1739718090758 0.06630736177200822 82
1739718090793 0.012863379542277205 83
1739718090826 0.46369484791487564 84
1739718090858 0.06297172619656165 85
1739718090890 0.030666549267122846 86
1739718090923 0.05283506784213389 87
1739718090957 0.039788577079847266 88
1739718090990 0.05146420098049649 89
1739718091022 0.0029039592393140276 90
1739718091054 0.001955576238620975 91
1739718091087 0.14601162712571378 92
1739718091119 0.020636044947175906 93
1739718091151 0.04276871781268208 94
1739718091184 0.01369369056267268 95
1739718091215 0.16202091763575452 96
1739718091248 0.00792802949150841 97
1739718091280 0.018048523060394932 98
1739718091314 0.005370010705075585 99
1739718091349 0.053947118632736164 100
1739718091385 0.00020630679443602062 101
1739718091421 0.00727579142878521 102
1739718091457 0.0002206930506561116 103
1739718091495 0.16353800073140537 104
1739718091531 0.14245444006202038 105
1739718091565 0.014332768518216923 106
1739718091599 0.5480663156364532 107
1739718091632 0.06673364495986685 108
1739718091664 0.01586473705704829 109
1739718091696 0.04741214571851315 110
1739718091728 0.02729499113318495 111
1739718091760 0.014134451076182069 112
1739718091792 0.04494776527464695 113
1739718091824 0.0002340809598804495 114
1739718091856 0.02018668431802784 115
1739718091888 0.09747128395328657 116
1739718091920 0.0008929184587801791 117
1739718091952 0.0049668827077555345 118
1739718091984 0.007878165557861907 119
1739718092016 0.0865255586130139 120
1739718092047 0.001402914322037753 121
1739718092079 0.07079643831959195 122
1739718092111 0.9199371208835342 123
1739718092143 0.09253916802510491 124
1739718092175 0.02280185849419159 125
1739718092206 0.1610118335557598 126
1739718092238 2.298778663380783e-07 127
1739718092269 0.022096532348459333 128
1739718092301 0.07251555619009033 129
1739718092332 0.005149732807417578 130
1739718092364 0.5284182972729118 131
1739718092395 0.010830793119975054 132
1739718092427 0.008861546908627237 133
1739718092459 0.0016950990045906484 134
1739718092491 0.44143620361715447 135
1739718092522 0.030091012331211812 136
1739718092554 0.022018117659591118 137
1739718092586 0.012716196241369783 138
1739718092618 0.03248941996330517 139
1739718092652 0.025766582830239845 140
1739718092685 0.13779405715428836 141
1739718092717 0.002539490679925167 142
1739718092748 0.01573760752431992 143
1739718092780 0.006628978417979545 144
1739718092812 0.048588440306779966 145
1739718092843 0.1055469756495399 146
1739718092875 0.07699176254240883 147
1739718092908 0.0077680368870081465 148
1739718092939 0.019369990639567694 149
1739718092971 0.0012898678755640769 150
1739718093003 0.27713651598512595 151
1739718093035 0.0002895144568197362 152
1739718093067 0.24855742762811892 153
1739718093099 0.16876853732634278 154
1739718093131 0.03661379345475142 155
1739718093163 0.04594072923618012 156
1739718093195 0.0029828585933655834 157
1739718093227 0.03798790203424291 158
1739718093259 0.07778938734600185 159
1739718093292 0.0013856940828320466 160
1739718093326 0.00036434577000039956 161
1739718093359 0.001048450759770334 162
1739718093391 0.024962769149654715 163
1739718093423 0.027807152570560784 164
1739718093455 0.45270933385549994 165
1739718093488 0.004965162913335537 166
1739718093520 0.49140367355336567 167
1739718093552 0.02934433222070585 168
1739718093585 0.023047223634575894 169
1739718093618 0.012599579085095325 170
1739718093650 0.021796463686555946 171
1739718093682 0.018927952122244355 172
1739718093714 0.04386499469405529 173
1739718093746 4.432092136574231 174
1739718093778 0.019701132245654087 175
1739718093809 0.1469293768172118 176
1739718093841 0.05235863130532728 177
1739718093873 0.07136403862868998 178
1739718093905 0.02297724334814399 179
1739718093937 0.10293736227784799 180
1739718093969 4.545131384852023e-05 181
1739718094001 0.16016820976032117 182
1739718094033 0.00625326505931317 183
1739718094065 0.0001978082631896089 184
1739718094097 0.039736731225434196 185
1739718094129 0.021363836240432258 186
1739718094160 0.0011341606895749988 187
1739718094192 0.04550670099253838 188
1739718094224 0.020633506997450014 189
1739718094255 0.023892583496291017 190
1739718094287 0.015810937812552647 191
1739718094319 0.02553774413367361 192
1739718094350 0.12152765394581762 193
1739718094382 0.08314163174399636 194
1739718094413 0.04096266264884332 195
1739718094445 0.005879171150574146 196
1739718094477 0.10113261197921017 197
1739718094509 0.051218716891791666 198
1739718094541 0.0019598504855314765 199
1739718094573 0.16704944807173203 200
1739718094605 0.11583040442330106 201
1739718094637 0.09368868123137969 202
1739718094669 0.3808642957443999 203
1739718094702 0.019269853072391124 204
1739718094734 0.01924512997912198 205
1739718094766 0.04931272477640359 206
1739718094798 0.006060581091878643 207
1739718094830 0.006915838885312744 208
1739718094862 0.02315152455076961 209
1739718094893 0.0017897848150399103 210
1739718094925 0.14704507022475627 211
1739718094957 0.0390974532892051 212
1739718094989 0.0043819419189250215 213
1739718095021 0.03558752565756955 214
1739718095053 0.003584718920089008 215
1739718095085 0.12494920298943463 216
1739718095117 0.018823888560632336 217
1739718095148 0.01860277211980624 218
1739718095180 0.0024484679529438993 219
1739718095212 0.03377633721351767 220
1739718095244 0.007097245008043214 221
1739718095278 0.0001261461946547229 222
1739718095313 0.015344240526884795 223
1739718095348 0.029542190754994868 224
1739718095383 0.01827834590735041 225
1739718095418 0.5770593696484423 226
1739718095454 0.010150173003679831 227
1739718095489 0.00015774205843909362 228
1739718095525 0.0004371859235519165 229
1739718095558 0.04833994950016413 230
1739718095592 0.11757536722751975 231
1739718095624 0.49390361721207116 232
1739718095657 0.030278641099205358 233
1739718095690 0.005026421222934845 234
1739718095724 0.016938465998392372 235
1739718095757 0.09926939914708921 236
1739718095790 0.06538311120799184 237
1739718095823 0.4375694569913154 238
1739718095857 0.00023162785619443817 239
1739718095890 0.040533709557819424 240
1739718095923 0.03759114240091826 241
1739718095955 0.019404751779592434 242
1739718095989 0.02847199770635382 243
1739718096022 0.09263691355689287 244
1739718096055 0.0443315855090543 245
1739718096088 4.7077834764642366e-06 246
1739718096121 0.06576565657041697 247
1739718096154 0.04563110763541093 248
1739718096187 0.00826588743991687 249
1739718096221 0.3570229710863731 250
1739718096254 0.007934638953304688 251
1739718096287 0.1650621983790395 252
1739718096320 0.006073479264002691 253
1739718096353 4.866137664225801e-05 254
1739718096386 0.2518544412094641 255
1739718096418 0.010017048987109842 256
1739718096451 0.4770433205734881 257
1739718096483 0.07587628893431142 258
1739718096516 0.002354026062264465 259
1739718096549 0.0022780745633192295 260
1739718096582 0.06618669031549047 261
1739718096615 0.010559904629143886 262
1739718096647 0.0767223928708508 263
1739718096680 0.0032894028013912076 264
1739718096713 0.016268084213063926 265
1739718096746 0.08584524508546373 266
1739718096779 0.057156588250160276 267
1739718096812 0.5030182796342927 268
1739718096845 0.006571417824883408 269
1739718096877 0.002777129690660979 270
1739718096908 0.02424292749153283 271
1739718096940 0.04260426019974411 272
1739718096972 0.04083080375709321 273
1739718097003 0.033832117022251876 274
1739718097035 0.05367255882444348 275
1739718097067 0.01002561741384985 276
1739718097099 0.012183749016804201 277
1739718097131 0.027185527906606933 278
1739718097162 0.01525130118585619 279
1739718097194 0.0037035963026713376 280
1739718097225 0.031059138912373913 281
1739718097257 0.01660016522431761 282
1739718097288 0.042627730223548925 283
1739718097320 0.010243927767461 284
1739718097351 0.013848194249159783 285
1739718097383 0.07138101273073763 286
1739718097414 0.14401164575381012 287
1739718097446 0.12586569125855607 288
1739718097478 0.13316509129173335 289
1739718097510 0.06076572865910364 290
1739718097542 0.363092012929195 291
1739718097573 0.26109061664021 292
1739718097605 0.2762786243874405 293
1739718097637 0.24396795261180282 294
1739718097668 0.11064169838508961 295
1739718097700 0.020775764839395063 296
1739718097732 0.04037247795044924 297
1739718097763 0.041954209984939844 298
1739718097795 0.28473176463866817 299
1739718097827 0.00037786804750195333 300
1739718097860 0.0036443747671823395 301
1739718097892 0.040492030402350276 302
1739718097924 0.0034112063901857856 303
1739718097956 0.015810758616260655 304
1739718097988 0.026555900776684235 305
1739718098020 0.029869650213077338 306
1739718098052 0.0008995608196469211 307
1739718098083 0.056277791666333024 308
1739718098115 0.05671507014350256 309
1739718098147 0.0949929157189604 310
1739718098179 0.08278848539979718 311
1739718098211 0.00023289737686996322 312
1739718098243 0.024888443654671404 313
1739718098275 0.006352909848027278 314
1739718098307 0.015266856099829267 315
1739718098339 0.14261061123330165 316
1739718098371 0.002716871553708757 317
1739718098402 0.18509501347687227 318
1739718098435 0.003461216366786879 319
