1739718098487 78.80536666099175 0
1739718098520 57.97796008514919 1
1739718098552 19.08323324596804 2
1739718098584 5.8064216598136955 3
1739718098615 5.6359730624610975 4
1739718098648 0.5387927715655638 5
1739718098680 1.757571310017675 6
1739718098712 0.6913114296844375 7
1739718098744 0.3363274013086473 8
1739718098777 0.4707779162508216 9
1739718098809 0.04141683822039342 10
1739718098841 0.05815694572385597 11
1739718098873 0.41402249861591367 12
1739718098905 0.4302109197815634 13
1739718098937 0.046526230976741 14
1739718098969 0.011105176814515174 15
1739718099001 0.011202273849920091 16
1739718099034 0.021051278351944643 17
1739718099066 3.5055674880517216e-05 18
1739718099098 0.14803959699349634 19
1739718099129 0.013388103305497894 20
1739718099162 0.14305773189719023 21
1739718099193 0.10643394774714601 22
1739718099225 0.28576384519752374 23
1739718099257 0.019510939049308125 24
1739718099289 0.08638862250504213 25
1739718099321 0.0007384114996407512 26
1739718099354 0.029964951593727727 27
1739718099385 0.07800555583129994 28
1739718099417 0.11414862989055338 29
1739718099449 0.02026577316872907 30
1739718099481 0.8728393222758142 31
1739718099513 0.0011882354270804775 32
1739718099545 0.0006048478645632822 33
1739718099577 0.004101855404741481 34
1739718099609 0.2898102029509592 35
1739718099641 0.009764361816212923 36
1739718099673 0.04455360338335823 37
1739718099706 0.017012046258190635 38
1739718099737 0.1335174443791065 39
1739718099770 0.00042852901412832473 40
1739718099801 0.536321921681149 41
1739718099833 0.08946772897863013 42
1739718099866 0.0044164376223442235 43
1739718099898 0.014364044830553542 44
1739718099930 0.17301202196942 45
1739718099962 0.06120490989848895 46
1739718099995 0.04483060179329324 47
1739718100027 0.24356164325385954 48
1739718100060 0.013248591335598858 49
1739718100092 0.012679842653639304 50
1739718100124 0.04794400295058761 51
1739718100156 0.002756689730031641 52
1739718100188 0.10078310510204187 53
1739718100220 0.01420909117813637 54
1739718100253 0.014923214893908531 55
1739718100285 0.010079150937455778 56
1739718100317 0.0721060067198818 57
1739718100349 0.30796032739135876 58
1739718100382 0.00042488436789803386 59
1739718100414 0.5395180663114751 60
1739718100446 0.033111483190534294 61
1739718100478 0.00028166265814189327 62
1739718100510 0.057160821103787104 63
1739718100542 0.06090837806298059 64
1739718100575 0.00031189727147704424 65
1739718100607 0.00724058701265386 66
1739718100639 0.0908954379961187 67
1739718100671 0.042871587749406526 68
1739718100703 0.023272815068783856 69
1739718100735 0.01815697247839672 70
1739718100767 0.07586102342206683 71
1739718100799 0.0001576743993731586 72
1739718100831 0.009142939068009361 73
1739718100863 0.004592886254811021 74
1739718100895 0.013607315169992579 75
1739718100927 0.00976524834136337 76
1739718100958 0.0015791716928308306 77
1739718100990 0.00023688383575689933 78
1739718101022 0.002279183114029781 79
1739718101054 0.1524563781535982 80
1739718101086 0.006422171050901077 81
1739718101118 0.11411112309198083 82
1739718101151 0.10423732749664641 83
1739718101184 0.03881168533959914 84
1739718101216 0.024228516472668996 85
1739718101248 0.00660399453700799 86
1739718101280 0.11483379500542205 87
1739718101312 0.00010524184341377645 88
1739718101362 0.09522739615953524 89
1739718101400 0.028071932302274623 90
1739718101433 0.0072906637558622645 91
