1739718881469 72.76187107735971 0
1739718881495 49.72574545708316 1
1739718881522 24.405623553702252 2
1739718881548 17.116893956522574 3
1739718881575 12.707694835947093 4
1739718881601 10.699471719904816 5
1739718881627 6.100777496832235 6
1739718881654 4.7006683956983695 7
1739718881680 5.913258008969784 8
1739718881707 6.617838163432988 9
1739718881733 5.404920820081642 10
1739718881759 4.568754985386443 11
1739718881785 2.0421799027089924 12
1739718881811 5.085258723687888 13
1739718881836 3.779363585215109 14
1739718881863 5.450360012409606 15
1739718881888 2.722783524437003 16
1739718881914 14.470832069025922 17
1739718881940 4.079745662160861 18
1739718881967 4.321517240833735 19
1739718881993 5.908794753431752 20
1739718882019 5.300203806025059 21
1739718882045 3.803142353543725 22
1739718882072 5.378522942740003 23
