1739714786013 174.49768878697174 0
1739714786018 174.46223205180686 1
1739714786023 174.4267833720809 2
1739714786028 174.39134274582145 3
1739714786032 174.35591017105665 4
1739714786036 174.32048564581527 5
1739714786041 174.2850691681264 6
1739714786045 174.2496607360198 7
1739714786048 174.2142603475258 8
1739714786052 174.17886800067507 9
1739714786056 174.14348369349906 10
1739714786060 174.10810742402953 11
1739714786064 174.07273919029885 12
1739714786069 174.0373789903399 13
1739714786073 174.00202682218614 14
1739714786076 173.9666826838715 15
1739714786080 173.9313465734304 16
1739714786084 173.89601848889794 17
1739714786089 173.86069842830946 18
1739714786093 173.82538638970115 19
1739714786097 173.79008237110955 20
1739714786101 173.7547863705717 21
1739714786105 173.7194983861253 22
1739714786109 173.68421841580843 23
1739714786113 173.6489464576597 24
1739714786117 173.61368250971844 25
1739714786121 173.57842657002425 26
1739714786125 173.54317863661737 27
1739714786129 173.50793870753864 28
1739714786133 173.47270678082924 29
1739714786137 173.43748285453103 30
1739714786142 173.40226692668637 31
1739714786145 173.36705899533806 32
1739714786149 173.3318590585295 33
1739714786154 173.2966671143045 34
1739714786158 173.2614831607076 35
1739714786162 173.22630719578368 36
1739714786166 173.19113921757818 37
1739714786170 173.15597922413716 38
1739714786175 173.12082721350708 39
1739714786179 173.08568318373491 40
1739714786183 173.05054713286827 41
1739714786188 173.01541905895527 42
1739714786191 172.9802989600444 43
1739714786196 172.94518683418485 44
1739714786200 172.91008267942618 45
1739714786203 172.87498649381862 46
1739714786207 172.83989827541276 47
1739714786212 172.80481802225984 48
1739714786216 172.7697457324116 49
1739714786222 172.73468140392026 50
1739714786226 172.6996250348385 51
1739714786231 172.66457662321966 52
1739714786235 172.62953616711755 53
1739714786239 172.59450366458648 54
1739714786243 172.55947911368122 55
1739714786247 172.52446251245718 56
1739714786251 172.4894538589702 57
1739714786255 172.45445315127665 58
1739714786259 172.41946038743345 59
1739714786264 172.38447556549806 60
1739714786268 172.34949868352842 61
1739714786273 172.31452973958295 62
1739714786277 172.27956873172062 63
1739714786281 172.24461565800098 64
1739714786286 172.20967051648398 65
1739714786290 172.1747333052302 66
1739714786294 172.13980402230067 67
1739714786299 172.10488266575703 68
1739714786303 172.06996923366123 69
1739714786307 172.0350637240759 70
1739714786311 172.00016613506423 71
1739714786316 171.96527646468988 72
1739714786320 171.93039471101685 73
1739714786324 171.8955208721099 74
1739714786329 171.86065494603423 75
1739714786333 171.82579693085552 76
1739714786337 171.79094682463992 77
1739714786342 171.75610462545424 78
1739714786347 171.72127033136573 79
1739714786351 171.68644394044205 80
1739714786355 171.65162545075162 81
1739714786359 171.61681486036306 82
1739714786363 171.5820121673458 83
1739714786367 171.54721736976964 84
1739714786371 171.51243046570488 85
1739714786376 171.47765145322236 86
1739714786379 171.4428803303935 87
1739714786384 171.40811709529015 88
1739714786388 171.37336174598468 89
1739714786392 171.33861428055 90
1739714786397 171.30387469705954 91
1739714786401 171.26914299358722 92
1739714786405 171.2344191682075 93
1739714786409 171.19970321899535 94
1739714786413 171.16499514402616 95
1739714786417 171.13029494137598 96
1739714786421 171.09560260912136 97
1739714786425 171.0609181453392 98
1739714786429 171.02624154810707 99
1739714786433 170.991572815503 100
1739714786437 170.95691194560553 101
1739714786441 170.9222589364937 102
1739714786445 170.88761378624716 103
1739714786449 170.8529764929459 104
1739714786453 170.81834705467048 105
1739714786457 170.78372546950214 106
1739714786461 170.7491117355224 107
1739714786464 170.7145058508134 108
1739714786468 170.67990781345776 109
1739714786472 170.64531762153868 110
1739714786476 170.61073527313974 111
1739714786481 170.57616076634517 112
1739714786485 170.54159409923963 113
1739714786488 170.50703526990827 114
1739714786493 170.47248427643686 115
1739714786497 170.4379411169116 116
1739714786501 170.40340578941914 117
1739714786504 170.3688782920467 118
1739714786508 170.33435862288212 119
1739714786512 170.29984678001355 120
1739714786516 170.2653427615298 121
1739714786520 170.2308465655201 122
1739714786524 170.19635819007422 123
1739714786528 170.16187763328244 124
1739714786532 170.12740489323556 125
1739714786536 170.09293996802495 126
1739714786542 170.05848285574226 127
1739714786546 170.02403355447993 128
1739714786550 169.98959206233067 129
1739714786554 169.9551583773879 130
1739714786558 169.92073249774543 131
1739714786562 169.88631442149762 132
1739714786565 169.85190414673923 133
1739714786570 169.81750167156574 134
1739714786574 169.78310699407297 135
1739714786578 169.74872011235723 136
1739714786582 169.71434102451548 137
1739714786586 169.679969728645 138
1739714786590 169.64560622284384 139
1739714786594 169.61125050521025 140
1739714786598 169.5769025738432 141
1739714786602 169.5425624268421 142
1739714786606 169.50823006230678 143
1739714786610 169.47390547833777 144
1739714786615 169.43958867303596 145
1739714786618 169.40527964450274 146
1739714786622 169.3709783908401 147
1739714786627 169.3366849101504 148
1739714786631 169.30239920053666 149
1739714786635 169.2681212601023 150
1739714786639 169.23385108695126 151
1739714786644 169.19958867918803 152
1739714786650 169.16533403491755 153
1739714786655 169.13108715224527 154
1739714786659 169.0968480292772 155
1739714786663 169.06261666411976 156
1739714786667 169.02839305487998 157
1739714786671 168.99417719966533 158
1739714786676 168.95996909658376 159
1739714786681 168.92576874374376 160
1739714786686 168.8915761392543 161
1739714786690 168.85739128122498 162
1739714786694 168.82321416776566 163
1739714786698 168.7890447969869 164
1739714786702 168.75488316699972 165
1739714786706 168.72072927591557 166
1739714786710 168.68658312184647 167
1739714786715 168.65244470290497 168
1739714786720 168.61831401720403 169
1739714786724 168.58419106285717 170
1739714786728 168.55007583797837 171
1739714786732 168.51596834068218 172
1739714786736 168.48186856908362 173
1739714786740 168.44777652129815 174
1739714786745 168.41369219544183 175
1739714786750 168.37961558963116 176
1739714786754 168.34554670198318 177
1739714786758 168.31148553061539 178
1739714786763 168.27743207364577 179
1739714786767 168.2433863291929 180
1739714786772 168.20934829537572 181
1739714786776 168.17531797031378 182
1739714786781 168.14129535212714 183
1739714786785 168.10728043893624 184
1739714786789 168.07327322886218 185
1739714786793 168.03927372002642 186
1739714786797 168.005281910551 187
1739714786802 167.9712977985583 188
1739714786806 167.93732138217155 189
1739714786810 167.9033526595141 190
1739714786814 167.86939162871 191
1739714786819 167.8354382878838 192
1739714786823 167.80149263516043 193
1739714786828 167.7675546686654 194
1739714786832 167.73362438652475 195
1739714786836 167.699701786865 196
1739714786841 167.66578686781307 197
1739714786845 167.6318796274965 198
1739714786850 167.59798006404327 199
1739714786854 167.56408817558184 200
1739714786858 167.53020396024124 201
1739714786863 167.4963274161509 202
1739714786867 167.46245854144084 203
1739714786871 167.42859733424152 204
1739714786875 167.3947437926839 205
1739714786879 167.3608979148995 206
1739714786883 167.32705969902017 207
1739714786887 167.29322914317845 208
1739714786892 167.25940624550725 209
1739714786896 167.22559100414006 210
1739714786900 167.19178341721084 211
1739714786904 167.15798348285398 212
1739714786908 167.12419119920446 213
1739714786912 167.0904065643976 214
1739714786917 167.0566295765695 215
1739714786921 167.02286023385645 216
1739714786924 166.9890985343954 217
1739714786928 166.95534447632377 218
1739714786933 166.92159805777945 219
1739714786936 166.88785927690088 220
1739714786941 166.85412813182685 221
1739714786945 166.82040462069688 222
1739714786949 166.78668874165075 223
1739714786953 166.75298049282884 224
1739714786957 166.71927987237206 225
1739714786961 166.68558687842173 226
1739714786966 166.65190150911974 227
1739714786970 166.61822376260838 228
1739714786974 166.58455363703055 229
1739714786979 166.55089113052955 230
1739714786983 166.51723624124918 231
1739714786988 166.48358896733382 232
1739714786992 166.4499493069282 233
1739714786997 166.4163172581777 234
1739714787001 166.38269281922805 235
1739714787005 166.34907598822556 236
1739714787010 166.315466763317 237
1739714787014 166.28186514264962 238
1739714787018 166.24827112437123 239
1739714787022 166.21468470663 240
1739714787026 166.18110588757477 241
1739714787030 166.14753466535464 242
1739714787034 166.11397103811947 243
1739714787038 166.08041500401941 244
1739714787043 166.04686656120518 245
1739714787047 166.0133257078279 246
1739714787051 165.97979244203933 247
1739714787055 165.94626676199164 248
1739714787060 165.9127486658375 249
1739714787064 165.87923815173 250
1739714787068 165.84573521782286 251
1739714787072 165.81223986227013 252
1739714787077 165.77875208322655 253
1739714787081 165.74527187884715 254
1739714787085 165.7117992472875 255
1739714787089 165.67833418670375 256
1739714787093 165.64487669525246 257
1739714787097 165.6114267710907 258
1739714787101 165.57798441237603 259
1739714787105 165.54454961726645 260
1739714787110 165.51112238392056 261
1739714787114 165.47770271049734 262
1739714787119 165.44429059515628 263
1739714787123 165.4108860360574 264
1739714787128 165.37748903136116 265
1739714787132 165.34409957922858 266
1739714787136 165.31071767782103 267
1739714787140 165.2773433253006 268
1739714787145 165.24397651982957 269
1739714787149 165.21061725957088 270
1739714787153 165.17726554268805 271
1739714787158 165.14392136734486 272
1739714787162 165.1105847317057 273
1739714787166 165.07725563393547 274
1739714787171 165.0439340721995 275
1739714787175 165.01062004466363 276
1739714787179 164.9773135494942 277
1739714787183 164.94401458485802 278
1739714787187 164.9107231489223 279
1739714787190 164.87743923985494 280
1739714787194 164.8441628558241 281
1739714787198 164.81089399499857 282
1739714787202 164.77763265554762 283
1739714787206 164.74437883564096 284
1739714787211 164.7111325334487 285
1739714787218 164.6778937471416 286
1739714787223 164.64466247489088 287
1739714787228 164.61143871486814 288
1739714787232 164.5782224652455 289
1739714787236 164.54501372419563 290
1739714787240 164.5118124898916 291
1739714787244 164.47861876050706 292
1739714787248 164.44543253421602 293
1739714787253 164.41225380919306 294
1739714787258 164.3790825836132 295
1739714787262 164.34591885565206 296
1739714787267 164.31276262348555 297
1739714787272 164.2796138852902 298
1739714787276 164.24647263924294 299
1739714787281 164.2133388835213 300
1739714787285 164.18021261630315 301
1739714787289 164.14709383576698 302
1739714787294 164.11398254009163 303
1739714787298 164.08087872745654 304
1739714787302 164.0477823960415 305
1739714787306 164.01469354402693 306
1739714787310 163.9816121695936 307
1739714787314 163.9485382709229 308
1739714787319 163.91547184619654 309
1739714787323 163.88241289359684 310
1739714787327 163.84936141130657 311
1739714787331 163.81631739750893 312
1739714787334 163.78328085038765 313
1739714787338 163.7502517681269 314
1739714787342 163.71723014891143 315
1739714787347 163.68421599092628 316
1739714787351 163.65120929235718 317
1739714787355 163.61821005139024 318
1739714787359 163.58521826621202 319
1739714787363 163.5522339350096 320
1739714787367 163.5192570559706 321
1739714787371 163.48628762728296 322
1739714787375 163.45332564713527 323
1739714787379 163.42037111371647 324
1739714787383 163.38742402521606 325
1739714787387 163.35448437982402 326
1739714787391 163.32155217573072 327
1739714787395 163.28862741112712 328
1739714787399 163.2557100842046 329
1739714787403 163.22280019315497 330
1739714787407 163.18989773617062 331
1739714787412 163.1570027114444 332
1739714787416 163.12411511716954 333
1739714787419 163.09123495153983 334
1739714787423 163.05836221274959 335
1739714787427 163.0254968989935 336
1739714787431 162.9926390084668 337
1739714787435 162.9597885393651 338
1739714787439 162.92694548988467 339
1739714787443 162.89410985822204 340
1739714787448 162.86128164257445 341
1739714787452 162.8284608411394 342
1739714787456 162.79564745211496 343
1739714787460 162.76284147369975 344
1739714787464 162.73004290409273 345
1739714787468 162.69725174149337 346
1739714787472 162.66446798410172 347
1739714787476 162.6316916301182 348
1739714787480 162.59892267774373 349
1739714787484 162.5661611251797 350
1739714787489 162.53340697062802 351
1739714787493 162.50066021229102 352
1739714787497 162.46792084837148 353
1739714787501 162.4351888770728 354
1739714787505 162.40246429659868 355
1739714787509 162.36974710515338 356
1739714787513 162.3370373009417 357
1739714787517 162.30433488216872 358
1739714787521 162.27163984704018 359
1739714787525 162.23895219376217 360
1739714787529 162.2062719205414 361
1739714787532 162.1735990255849 362
1739714787536 162.14093350710027 363
1739714787541 162.10827536329558 364
1739714787548 162.07562459237926 365
1739714787552 162.04298119256035 366
1739714787556 162.01034516204828 367
1739714787560 161.97771649905306 368
1739714787565 161.94509520178502 369
1739714787569 161.91248126845508 370
1739714787573 161.87987469727454 371
1739714787577 161.84727548645532 372
1739714787581 161.81468363420964 373
1739714787585 161.78209913875023 374
1739714787589 161.74952199829042 375
1739714787593 161.71695221104392 376
1739714787597 161.68438977522484 377
1739714787601 161.6518346890479 378
1739714787605 161.61928695072817 379
1739714787609 161.5867465584813 380
1739714787613 161.55421351052334 381
1739714787617 161.52168780507088 382
1739714787621 161.48916944034085 383
1739714787625 161.45665841455073 384
1739714787629 161.4241547259185 385
1739714787633 161.3916583726626 386
1739714787637 161.35916935300193 387
1739714787641 161.32668766515582 388
1739714787645 161.29421330734414 389
1739714787648 161.26174627778713 390
1739714787652 161.22928657470558 391
1739714787656 161.1968341963208 392
1739714787661 161.1643891408544 393
1739714787665 161.1319514065286 394
1739714787668 161.0995209915661 395
1739714787673 161.06709789418994 396
1739714787676 161.0346821126238 397
1739714787680 161.00227364509163 398
1739714787685 160.96987248981802 399
1739714787688 160.93747864502797 400
1739714787692 160.90509210894692 401
1739714787696 160.87271287980076 402
1739714787700 160.84034095581595 403
1739714787705 160.80797633521934 404
1739714787709 160.7756190162382 405
1739714787713 160.74326899710044 406
1739714787717 160.71092627603423 407
1739714787721 160.67859085126838 408
1739714787725 160.64626272103206 409
1739714787729 160.61394188355493 410
1739714787733 160.5816283370671 411
1739714787737 160.54932207979925 412
1739714787741 160.51702310998238 413
1739714787745 160.48473142584808 414
1739714787749 160.4524470256283 415
1739714787753 160.42016990755556 416
1739714787757 160.38790006986275 417
1739714787762 160.35563751078325 418
1739714787766 160.32338222855105 419
1739714787770 160.2911342214004 420
1739714787774 160.258893487566 421
1739714787778 160.22666002528337 422
1739714787782 160.19443383278798 423
1739714787786 160.16221490831612 424
1739714787790 160.1300032501045 425
1739714787794 160.09779885639014 426
1739714787798 160.06560172541072 427
1739714787801 160.03341185540427 428
1739714787805 160.00122924460928 429
1739714787809 159.9690538912647 430
1739714787813 159.9368857936101 431
1739714787817 159.90472494988526 432
1739714787821 159.87257135833067 433
1739714787825 159.84042501718702 434
1739714787829 159.80828592469575 435
1739714787833 159.77615407909855 436
1739714787837 159.74402947863766 437
1739714787841 159.71191212155583 438
1739714787845 159.6798020060961 439
1739714787849 159.64769913050216 440
1739714787852 159.61560349301806 441
1739714787856 159.5835150918884 442
1739714787861 159.55143392535814 443
1739714787865 159.51935999167276 444
1739714787869 159.48729328907814 445
1739714787873 159.45523381582075 446
1739714787877 159.42318157014742 447
1739714787881 159.39113655030542 448
1739714787885 159.35909875454257 449
1739714787889 159.3270681811071 450
1739714787893 159.29504482824777 451
1739714787897 159.26302869421363 452
1739714787901 159.23101977725435 453
1739714787905 159.19901807562005 454
1739714787909 159.1670235875612 455
1739714787913 159.13503631132886 456
1739714787918 159.10305624517449 457
1739714787922 159.07108338735 458
1739714787927 159.0391177361078 459
1739714787932 159.00715928970075 460
1739714787937 158.9752080463821 461
1739714787942 158.94326400440565 462
1739714787947 158.91132716202566 463
1739714787951 158.87939751749673 464
1739714787956 158.8474750690741 465
1739714787960 158.81555981501333 466
1739714787964 158.78365175357047 467
1739714787968 158.75175088300207 468
1739714787972 158.71985720156513 469
1739714787976 158.68797070751702 470
1739714787980 158.6560913991157 471
1739714787984 158.62421927461955 472
1739714787988 158.59235433228733 473
1739714787992 158.5604965703783 474
1739714787996 158.52864598715226 475
1739714788000 158.49680258086943 476
1739714788004 158.46496634979033 477
1739714788008 158.43313729217616 478
1739714788012 158.4013154062885 479
1739714788016 158.36950069038932 480
1739714788021 158.3376931427411 481
1739714788025 158.30589276160683 482
1739714788029 158.27409954524984 483
1739714788033 158.24231349193403 484
1739714788037 158.21053459992368 485
1739714788041 158.17876286748358 486
1739714788045 158.14699829287895 487
1739714788049 158.11524087437542 488
1739714788053 158.0834906102392 489
1739714788057 158.05174749873683 490
1739714788061 158.02001153813535 491
1739714788065 157.98828272670232 492
1739714788069 157.95656106270562 493
1739714788073 157.92484654441373 494
1739714788077 157.8931391700954 495
1739714788081 157.86143893802011 496
1739714788085 157.8297458464576 497
1739714788089 157.79805989367802 498
1739714788093 157.76638107795216 499
