1739714940469 161.27430058352513 0
1739714940473 158.0767440676153 1
1739714940478 154.94342559313412 2
1739714940483 151.87302603166845 3
1739714940487 148.86425462021953 4
1739714940491 145.91584829201454 5
1739714940496 143.02657102577157 6
1739714940500 140.19521321280058 7
1739714940504 137.42059104134492 8
1739714940509 134.70154589759358 9
1739714940513 132.03694378281568 10
1739714940517 129.42567474609046 11
1739714940521 126.86665233212705 12
1739714940526 124.35881304368719 13
1739714940530 121.90111581814344 14
1739714940534 119.4925415177234 15
1739714940538 117.13209243300696 16
1739714940543 114.81879179926113 17
1739714940546 112.55168332521184 18
1739714940550 110.3298307338674 19
1739714940554 108.15231731502305 20
1739714940558 106.01824548908958 21
1739714940562 103.92673638190166 22
1739714940567 101.87692941017558 23
1739714940572 99.86798187729636 24
1739714940577 97.8990685791278 25
1739714940582 95.96938141954784 26
1739714940586 94.07812903542487 27
1739714940591 92.22453643075825 28
1739714940595 90.40784461971818 29
1739714940600 88.62731027832785 30
1739714940604 86.88220540454122 31
1739714940609 85.17181698647674 32
1739714940613 83.49544667857728 33
1739714940618 81.85241048547334 34
1739714940622 80.24203845333442 35
1739714940627 78.66367436850112 36
1739714940631 77.11667546319727 37
1739714940635 75.60041212812776 38
1739714940653 74.11426763177516 39
1739714940664 72.65763784621332 40
1739714940672 71.22993097926292 41
1739714940677 69.83056731281906 42
1739714940682 68.45897894718723 43
1739714940687 67.11460955126833 44
1739714940692 65.79691411843928 45
1739714940696 64.50535872798021 46
1739714940700 63.239420311904546 47
1739714940705 61.998586427051336 48
1739714940709 60.78235503230576 49
1739714940713 59.59023427081578 50
1739714940717 58.42174225707841 51
1739714940722 57.276406868772085 52
1739714940725 56.15376554321604 53
1739714940730 55.053365078340406 54
1739714940734 53.97476143805515 55
1739714940738 52.917519561908335 56
1739714940743 51.88121317892835 57
1739714940748 50.865424625547 58
1739714940752 49.86974466750409 59
1739714940756 48.8937723256364 60
1739714940761 47.937114705457255 61
1739714940765 46.999386830435235 62
1739714940769 46.0802114788832 63
1739714940773 45.179219024371655 64
1739714940778 44.296047279582375 65
1739714940782 43.430341343520915 66
1739714940786 42.58175345200887 67
1739714940790 41.749942831378675 68
1739714940794 40.934575555296185 69
1739714940799 40.13532440463805 70
1739714940803 39.35186873035298 71
1739714940807 38.583894319237956 72
1739714940812 37.831093262562156 73
1739714940816 37.093163827473234 74
1739714940820 36.36981033112229 75
1739714940824 35.66074301744564 76
1739714940829 34.965677936542896 77
1739714940833 34.28433682659268 78
1739714940837 33.61644699824854 79
1739714940841 32.96174122145959 80
1739714940846 32.31995761466103 81
1739714940850 31.690839536282006 82
1739714940854 31.074135478518894 83
1739714940858 30.469598963323755 84
1739714940863 29.87698844055874 85
1739714940867 29.296067188268854 86
1739714940871 28.72660321502604 87
1739714940876 28.16836916429936 88
1739714940880 27.621142220806696 89
1739714940885 27.084704018804604 90
1739714940889 26.558840552274187 91
1739714940893 26.043342086961676 92
1739714940897 25.53800307423339 93
1739714940902 25.042622066705864 94
1739714940906 24.557001635612774 95
1739714940910 24.08094828987114 96
1739714940916 23.614272396810424 97
1739714940922 23.15678810452864 98
1739714940926 22.708313265840683 99
1739714940930 22.268669363784927 100
1739714940935 21.837681438654702 101
1739714940940 21.41517801652222 102
1739714940945 21.000991039223333 103
1739714940951 20.594955795772005 104
1739714940956 20.19691085517411 105
1739714940960 19.80669800061138 106
1739714940965 19.42416216496602 107
1739714940969 19.049151367658233 108
1739714940974 18.68151665276869 109
1739714940978 18.321112028419158 110
1739714940982 17.967794407384826 111
1739714940986 17.62142354891247 112
1739714940990 17.281862001719304 113
1739714940995 16.948975048147897 114
1739714940999 16.62263064945298 115
1739714941003 16.30269939219656 116
1739714941007 15.989054435728326 117
1739714941012 15.681571460728751 118
1739714941016 15.380128618792996 119
1739714941020 15.084606483033747 120
1739714941025 14.794887999682159 121
1739714941029 14.510858440666246 122
1739714941033 14.232405357146325 123
1739714941037 13.959418533987959 124
1739714941041 13.691789945153083 125
1739714941046 13.42941370999025 126
1739714941050 13.172186050405656 127
1739714941054 12.920005248896773 128
1739714941058 12.672771607430866 129
1739714941063 12.430387407151166 130
1739714941067 12.192756868893586 131
1739714941071 11.959786114497486 132
1739714941076 11.73138312889426 133
1739714941079 11.507457722957753 134
1739714941088 11.287921497101005 135
1739714941093 11.072687805604085 136
1739714941097 10.861671721658146 137
1739714941101 10.654790003110945 138
1739714941105 10.451961058899824 139
1739714941110 10.253104916157836 140
1739714941114 10.05814318797959 141
1739714941118 9.866999041833262 142
1739714941123 9.679597168605644 143
1739714941127 9.495863752267573 144
1739714941131 9.315726440146815 145
1739714941135 9.139114313796432 146
1739714941139 8.965957860446295 147
1739714941144 8.796188945026186 148
1739714941148 8.629740782748641 149
1739714941152 8.466547912240454 150
1739714941157 8.306546169211662 151
1739714941161 8.149672660650987 152
1739714941165 7.995865739537442 153
1739714941169 7.845064980057378 154
1739714941174 7.697211153316864 155
1739714941179 7.552246203539484 156
1739714941183 7.410113224739659 157
1739714941187 7.27075643786197 158
1739714941191 7.1341211683770425 159
1739714941195 7.00015382432491 160
1739714941199 6.868801874796626 161
1739714941204 6.7400138288456235 162
1739714941208 6.6137392148198355 163
1739714941213 6.489928560106369 164
1739714941218 6.368533371280335 165
1739714941222 6.2495061146497015 166
1739714941226 6.132800197188266 167
1739714941230 6.0183699478488935 168
1739714941234 5.90617059924944 169
1739714941238 5.796158269723832 170
1739714941242 5.688289945731015 171
1739714941246 5.582523464614588 172
1739714941250 5.4788174977060295 173
1739714941255 5.377131533764726 174
1739714941258 5.2774258627479735 175
1739714941263 5.179661559904364 176
1739714941267 5.0838004701841255 177
1739714941271 4.989805192959934 178
1739714941275 4.8976390670521575 179
1739714941279 4.807266156052277 180
1739714941283 4.718651233938681 181
1739714941287 4.631759770978733 182
1739714941292 4.5465579199117165 183
1739714941296 4.463012502406757 184
1739714941300 4.3810909957903 185
1739714941304 4.300761520037893 186
1739714941309 4.221992825024774 187
1739714941313 4.144754278030216 188
1739714941317 4.069015851490614 189
1739714941321 3.9947481109961123 190
1739714941326 3.9219222035262202 191
1739714941330 3.850509845919353 192
1739714941334 3.780483313571839 193
1739714941338 3.7118154293616894 194
1739714941342 3.64447955279267 195
1739714941346 3.5784495693542997 196
1739714941350 3.513699880093468 197
1739714941355 3.450205391393397 198
1739714941359 3.3879415049558745 199
1739714941363 3.326884107982644 200
1739714941367 3.2670095635520506 201
1739714941371 3.2082947011869534 202
1739714941375 3.1507168076101735 203
1739714941380 3.0942536176837137 204
1739714941384 3.03888330552803 205
1739714941388 2.984584475817882 206
1739714941392 2.9313361552510924 207
1739714941396 2.879117784186904 208
1739714941400 2.827909208450481 209
1739714941404 2.777690671300266 210
1739714941408 2.728442805554921 211
1739714941412 2.6801466258767044 212
1739714941416 2.632783521208181 213
1739714941420 2.586335247359143 214
1739714941424 2.540783919740808 215
1739714941428 2.4961120062443647 216
1739714941433 2.4523023202609235 217
1739714941437 2.4093380138401663 218
1739714941441 2.3672025709847944 219
1739714941445 2.32587980107823 220
1739714941449 2.2853538324427527 221
1739714941453 2.2456091060256322 222
1739714941457 2.206630369210552 223
1739714941462 2.1684026697519823 224
1739714941466 2.1309113498299523 225
1739714941470 2.094142040222843 226
1739714941475 2.0580806545958956 227
1739714941479 2.0227133839030764 228
1739714941483 1.9880266909000752 229
1739714941488 1.9540073047662379 230
1739714941492 1.9206422158332084 231
1739714941496 1.8879186704182438 232
1739714941500 1.8558241657600203 233
1739714941504 1.8243464450549716 234
1739714941508 1.7934734925921478 235
1739714941512 1.7631935289845664 236
1739714941517 1.7334950064952388 237
1739714941521 1.7043666044559203 238
1739714941525 1.6757972247767299 239
1739714941529 1.6477759875449185 240
1739714941533 1.6202922267109 241
1739714941537 1.593335485859891 242
1739714941541 1.5668955140674405 243
1739714941546 1.5409622618371386 244
1739714941550 1.5155258771189284 245
1739714941555 1.490576701406416 246
1739714941558 1.4661052659115132 247
1739714941563 1.4421022878150267 248
1739714941567 1.418558666591565 249
1739714941571 1.395465480407343 250
1739714941575 1.3728139825893964 251
1739714941579 1.3505955981648357 252
1739714941584 1.3288019204687094 253
1739714941588 1.3074247078191277 254
1739714941593 1.286455880258294 255
1739714941597 1.2658875163581773 256
1739714941600 1.245711850089486 257
1739714941605 1.2259212677527118 258
1739714941609 1.2065083049700243 259
1739714941613 1.1874656437367852 260
1739714941617 1.1687861095315053 261
1739714941621 1.1504626684830712 262
1739714941625 1.1324884245941338 263
1739714941630 1.1148566170195282 264
1739714941634 1.0975606173985866 265
1739714941639 1.0805939272403813 266
1739714941643 1.0639501753607175 267
1739714941647 1.0476231153699553 268
1739714941652 1.031606623210581 269
1739714941656 1.0158946947435805 270
1739714941660 1.000481443382623 271
1739714941664 0.985361097775114 272
1739714941673 0.970527999529197 273
1739714941678 0.9559766009857555 274
1739714941683 0.9417014630345738 275
1739714941688 0.9276972529737466 276
1739714941692 0.9139587424114696 277
1739714941697 0.9004808052093944 278
1739714941702 0.8872584154667328 279
1739714941706 0.8742866455442357 280
1739714941711 0.8615606641273454 281
1739714941715 0.8490757343276821 282
1739714941720 0.8368272118221111 283
1739714941725 0.8248105430286689 284
1739714941729 0.8130212633185994 285
1739714941733 0.8014549952637741 286
1739714941737 0.7901074469188241 287
1739714941742 0.7789744101372578 288
1739714941747 0.7680517589209217 289
1739714941751 0.757335447802136 290
1739714941755 0.746821510257813 291
1739714941759 0.7365060571550243 292
1739714941763 0.7263852752272479 293
1739714941767 0.7164554255808482 294
1739714941771 0.7067128422310545 295
1739714941775 0.6971539306669201 296
1739714941779 0.68777516644469 297
1739714941784 0.6785730938089692 298
1739714941788 0.6695443243411875 299
1739714941793 0.660685535634789 300
1739714941798 0.6519934699966408 301
1739714941803 0.6434649331741047 302
1739714941807 0.6350967931073079 303
1739714941811 0.6268859787060675 304
1739714941815 0.6188294786510137 305
1739714941820 0.6109243402184308 306
1739714941824 0.6031676681283015 307
1739714941828 0.5955566234151654 308
1739714941833 0.5880884223212705 309
1739714941837 0.5807603352116324 310
1739714941841 0.5735696855105185 311
1739714941846 0.5665138486589617 312
1739714941850 0.5595902510928812 313
1739714941854 0.5527963692414092 314
1739714941858 0.5461297285449905 315
1739714941863 0.5395879024929082 316
1739714941867 0.5331685116798126 317
1739714941871 0.5268692228809008 318
1739714941876 0.5206877481453669 319
1739714941881 0.5146218439077566 320
1739714941886 0.508669310116884 321
1739714941891 0.5028279893819528 322
1739714941895 0.4970957661355398 323
1739714941900 0.4914705658131158 324
1739714941905 0.4859503540487626 325
1739714941911 0.48053313588677765 326
1739714941916 0.4752169550088533 327
1739714941920 0.46999989297650074 328
1739714941925 0.46488006848843444 329
1739714941929 0.45985563665263623 330
1739714941933 0.45492478827275146 331
1739714941937 0.45008574914861343 332
1739714941942 0.44533677939053834 333
1739714941946 0.44067617274717835 334
1739714941950 0.43610225594662044 335
1739714941954 0.4316133880504958 336
1739714941958 0.427207959820842 337
1739714941963 0.42288439309943004 338
1739714941967 0.41864114019937115 339
1739714941971 0.41447668330869014 340
1739714941976 0.41038953390569294 341
1739714941981 0.406378232185842 342
1739714941986 0.40244134649994523 343
1739714941991 0.39857747280342776 344
1739714941995 0.3947852341164481 345
1739714942000 0.3910632799946739 346
1739714942004 0.38741028601048133 347
1739714942009 0.38382495324439175 348
1739714942013 0.38030600778651397 349
1739714942017 0.3768522002478325 350
1739714942021 0.37346230528111696 351
1739714942024 0.3701351211112727 352
1739714942029 0.36686946907495044 353
1739714942033 0.36366419316921744 354
1739714942037 0.36051815960912514 355
1739714942041 0.3574302563939974 356
1739714942045 0.3543993928822476 357
1739714942050 0.3514244993745818 358
1739714942055 0.3485045267054077 359
1739714942060 0.345638445842276 360
1739714942064 0.34282524749323046 361
1739714942068 0.3400639417218656 362
1739714942072 0.33735355756997853 363
1739714942077 0.33469314268763967 364
1739714942081 0.3320817629705414 365
1739714942085 0.32951850220449336 366
1739714942096 0.3270024617169012 367
1739714942100 0.32453276003510695 368
1739714942105 0.32210853255145816 369
1739714942109 0.319728931194947 370
1739714942113 0.31739312410932785 371
1739714942118 0.31510029533755385 372
1739714942122 0.3128496445124131 373
1739714942127 0.31064038655326065 374
1739714942131 0.30847175136870303 375
1739714942134 0.30634298356513373 376
1739714942139 0.30425334216098826 377
1739714942144 0.30220210030662437 378
1739714942148 0.3001885450096987 379
1739714942152 0.29821197686594536 380
1739714942156 0.2962717097952368 381
1739714942160 0.2943670707828376 382
1739714942165 0.29249739962573074 383
1739714942169 0.2906620486839327 384
1739714942173 0.2888603826366884 385
1739714942177 0.28709177824345283 386
1739714942182 0.28535562410956594 387
1739714942186 0.28365132045652847 388
1739714942191 0.2819782788967759 389
1739714942195 0.28033592221289033 390
1739714942200 0.2787236841411267 391
1739714942204 0.2771410091591934 392
1739714942208 0.27558735227819936 393
1739714942212 0.2740621788386742 394
1739714942216 0.27256496431059074 395
1739714942220 0.2710951940973117 396
1739714942224 0.26965236334337517 397
1739714942228 0.26823597674605176 398
1739714942233 0.2668455483705898 399
1739714942237 0.2654806014690886 400
1739714942242 0.26414066830291294 401
1739714942246 0.26282528996859494 402
1739714942250 0.26153401622713085 403
1739714942254 0.2602664053366443 404
1739714942258 0.2590220238883023 405
1739714942262 0.25780044664545826 406
1739714942267 0.25660125638594206 407
1739714942271 0.2554240437474333 408
1739714942275 0.25426840707586 409
1739714942279 0.2531339522767693 410
1739714942283 0.2520202926696032 411
1739714942287 0.2509270488448168 412
1739714942291 0.24985384852380552 413
1739714942296 0.24880032642155975 414
1739714942300 0.24776612411201127 415
1739714942304 0.2467508898960046 416
1739714942308 0.24575427867185745 417
1739714942312 0.24477595180844716 418
1739714942316 0.24381557702077178 419
1739714942321 0.2428728282479472 420
1739714942325 0.24194738553358844 421
1739714942329 0.24103893490852374 422
1739714942333 0.24014716827579624 423
1739714942337 0.23927178329791599 424
1739714942341 0.238412483286308 425
1739714942346 0.23756897709292482 426
1739714942350 0.236740979003957 427
1739714942354 0.2359282086356408 428
1739714942358 0.23513039083207563 429
1739714942362 0.23434725556505046 430
1739714942366 0.23357853783580973 431
1739714942370 0.23282397757874648 432
1739714942374 0.2320833195669623 433
1739714942378 0.23135631331967324 434
1739714942382 0.2306427130114161 435
1739714942386 0.2299422773830249 436
1739714942390 0.22925476965434097 437
1739714942395 0.2285799574386216 438
1739714942399 0.22791761265861538 439
1739714942403 0.2272675114642677 440
1739714942407 0.2266294341520324 441
1739714942412 0.22600316508575163 442
1739714942418 0.22538849261906896 443
1739714942423 0.22478520901936164 444
1739714942428 0.22419311039313825 445
1739714942433 0.223611996612899 446
1739714942437 0.2230416712454098 447
1739714942441 0.2224819414813714 448
1739714942446 0.22193261806645403 449
1739714942451 0.22139351523367357 450
1739714942456 0.22086445063708027 451
1739714942461 0.2203452452867265 452
1739714942467 0.219835723484912 453
1739714942472 0.21933571276365002 454
1739714942477 0.2188450438233565 455
1739714942482 0.21836355047272704 456
1739714942501 0.2178910695697736 457
1739714942512 0.21742744096400765 458
1739714942517 0.21697250743975022 459
1739714942522 0.21652611466052474 460
1739714942526 0.2160881111145429 461
1739714942530 0.2156583480612357 462
1739714942535 0.21523667947882366 463
1739714942539 0.21482296201290213 464
1739714942544 0.21441705492601815 465
1739714942548 0.2140188200482263 466
1739714942552 0.2136281217285958 467
1739714942556 0.21324482678766374 468
1739714942560 0.2128688044707971 469
1739714942564 0.21249992640246235 470
1739714942568 0.2121380665413783 471
1739714942573 0.21178310113652782 472
1739714942577 0.21143490868403328 473
1739714942581 0.2110933698848469 474
1739714942586 0.21075836760327263 475
1739714942590 0.2104297868262747 476
1739714942594 0.2101075146235855 477
1739714942599 0.2097914401085683 478
1739714942603 0.20948145439984522 479
1739714942607 0.20917745058365758 480
1739714942612 0.20887932367695428 481
1739714942616 0.20858697059118914 482
1739714942620 0.20830029009681972 483
1739714942625 0.20801918278848455 484
1739714942629 0.2077435510508487 485
1739714942633 0.20747329902511377 486
1739714942637 0.20720833257616614 487
1739714942641 0.20694855926035596 488
1739714942645 0.2066938882938989 489
1739714942650 0.2064442305218817 490
1739714942654 0.20619949838786752 491
1739714942658 0.2059596059040763 492
1739714942662 0.20572446862214805 493
1739714942667 0.2054940036044554 494
1739714942670 0.20526812939597958 495
1739714942675 0.20504676599670998 496
1739714942679 0.20482983483458994 497
1739714942682 0.20461725873896436 498
1739714942687 0.2044089619145461 499
