1739716305933 169.55165869845337 0
1739716305939 164.49800020178571 1
1739716305945 170.40147717418554 2
1739716305950 165.91549603005637 3
1739716305955 159.8362411008633 4
1739716305960 164.252915118922 5
1739716305965 156.07433125747676 6
1739716305970 156.49247248955206 7
1739716305975 158.74157728953926 8
1739716305980 150.03555553911218 9
1739716305985 151.4468955531811 10
1739716305990 147.10375330729957 11
1739716305995 146.46395311125548 12
1739716306000 141.68445714367678 13
1739716306005 143.4836994672606 14
1739716306009 141.33520647635518 15
1739716306014 134.96867235134374 16
1739716306019 138.26278401889707 17
1739716306024 127.6914615218285 18
1739716306029 133.72918842491487 19
1739716306034 126.29467140730523 20
1739716306039 125.61808677317786 21
1739716306044 126.68549763684092 22
1739716306048 117.81487042245323 23
1739716306053 119.80524349868264 24
1739716306058 118.08621614375144 25
1739716306063 116.22687499422443 26
1739716306067 115.43157868681368 27
1739716306072 116.15591827196512 28
1739716306077 115.08524044562071 29
1739716306082 113.83125686555721 30
1739716306086 104.33300381981607 31
1739716306091 111.63162424605758 32
1739716306096 105.0418903026508 33
1739716306100 107.51118818546102 34
1739716306105 103.97777490529934 35
1739716306110 100.90542837450145 36
1739716306115 97.63861001426766 37
1739716306120 100.09980813943501 38
1739716306125 95.48107505152362 39
1739716306131 96.42485148408763 40
1739716306136 94.29813467030313 41
1739716306141 95.21829549059699 42
1739716306146 92.3957192990948 43
1739716306151 94.16919174810155 44
1739716306156 88.4569108549051 45
1739716306161 88.14733636492768 46
1739716306165 89.8391712416214 47
1739716306170 88.07761805031902 48
1739716306175 87.2501448439449 49
1739716306180 82.31643121370294 50
1739716306185 82.52302193576311 51
1739716306189 80.27954253771682 52
1739716306194 83.9393898847827 53
1739716306199 76.86540068056594 54
1739716306204 76.2310391073882 55
1739716306209 78.76778944400117 56
1739716306214 76.02056361377478 57
1739716306219 75.57945206423723 58
1739716306224 75.28914752586212 59
1739716306228 76.45523045876644 60
1739716306234 69.83586687421736 61
1739716306239 73.29667685776595 62
1739716306244 67.7354434944953 63
1739716306249 71.15967413791012 64
1739716306254 69.99586520224348 65
1739716306258 65.5321943922205 66
1739716306263 66.0825115286923 67
1739716306268 66.22301390740152 68
1739716306272 63.33750350560101 69
1739716306277 63.026569964355325 70
1739716306283 61.93342348869168 71
1739716306288 63.64900142279923 72
1739716306292 59.24875858192241 73
1739716306297 59.87667243610518 74
1739716306302 60.1158498620261 75
1739716306307 57.616088314088834 76
1739716306311 59.43779260513219 77
1739716306316 58.26549481098702 78
1739716306321 54.79513733067645 79
1739716306325 58.28833925242235 80
1739716306330 56.56614682239728 81
1739716306335 52.44917546316925 82
1739716306339 52.11762668324284 83
1739716306344 51.274003833114236 84
1739716306349 52.483856158164315 85
1739716306354 52.30014455059275 86
1739716306359 51.35012134633573 87
1739716306364 50.70054995761696 88
1739716306368 49.90993681625608 89
1739716306373 51.47391996948388 90
1739716306378 48.51656025874352 91
1739716306383 50.05332425753538 92
1739716306387 47.57947223753808 93
1739716306393 48.177983427931366 94
1739716306397 45.2937427127939 95
1739716306402 45.34007967905879 96
1739716306407 46.186740786815335 97
1739716306412 44.89439747479885 98
1739716306417 44.65465891835112 99
1739716306421 43.040103872403606 100
1739716306427 41.798427936513285 101
1739716306431 41.73478368528091 102
1739716306436 43.44899292149477 103
1739716306441 42.56089413269477 104
1739716306445 40.7595574998544 105
1739716306450 40.83323756152679 106
1739716306454 40.594027867895626 107
1739716306459 40.518937254424564 108
1739716306464 38.34372086334431 109
1739716306469 39.1128116466038 110
1739716306474 39.97587939880072 111
1739716306494 38.432399538222114 112
1739716306510 35.071827237039585 113
1739716306519 37.99833497960773 114
1739716306525 36.1500438717238 115
1739716306531 37.27711759005785 116
1739716306536 35.503968640252175 117
1739716306542 35.59537015936656 118
1739716306548 34.529417646506445 119
1739716306553 36.72198810564159 120
1739716306558 32.82488130453997 121
1739716306563 35.19866517910207 122
1739716306568 33.862715063387036 123
1739716306573 31.89053409823757 124
1739716306578 33.96899520497656 125
1739716306584 32.93305537710603 126
1739716306589 30.205549508635528 127
1739716306595 33.14504898627163 128
1739716306600 31.62730390721178 129
1739716306606 30.70086506060904 130
1739716306612 30.25120333907032 131
1739716306617 30.65697196682421 132
1739716306622 29.974044970975495 133
1739716306627 29.602175493178102 134
1739716306634 28.667107823347717 135
1739716306640 29.04360433432205 136
1739716306645 28.34301891272829 137
1739716306650 27.90640053133884 138
1739716306655 28.809107614757544 139
1739716306660 28.008744103263613 140
1739716306665 27.515195322998785 141
1739716306670 26.420288144752504 142
1739716306675 27.021652816068837 143
1739716306686 26.81469508237967 144
1739716306691 25.97296381699839 145
1739716306696 26.42923137631038 146
1739716306702 24.863351047251285 147
1739716306707 26.289678698336353 148
1739716306712 25.22580981033647 149
1739716306716 25.074663769256848 150
1739716306721 24.61793663375832 151
1739716306726 26.60509435111257 152
1739716306730 23.65888544488337 153
1739716306737 23.650978193952696 154
1739716306743 23.748437778652434 155
1739716306749 22.92759615384824 156
1739716306754 23.468692375912248 157
1739716306759 23.41620769128692 158
1739716306764 22.144768317246516 159
1739716306769 21.637979889864354 160
1739716306774 22.49172698931965 161
1739716306779 21.694812462935865 162
1739716306784 22.074541286601228 163
1739716306789 22.31892610287931 164
1739716306794 22.12085517663002 165
1739716306799 21.485655063133805 166
1739716306804 21.831654518047724 167
1739716306809 21.349372635948093 168
1739716306814 20.93042380673242 169
1739716306818 19.434348605345264 170
1739716306823 20.014989279293196 171
1739716306828 20.95226465121259 172
1739716306832 18.999868164772565 173
1739716306837 20.043351600822895 174
1739716306842 19.551131882506237 175
1739716306847 19.55182811524584 176
1739716306852 19.09587803444994 177
1739716306857 19.80107999993037 178
1739716306862 18.94171604050056 179
1739716306866 19.18888309225663 180
1739716306871 19.030427858137845 181
1739716306876 18.207378644234687 182
1739716306881 18.515735873674828 183
1739716306886 18.288982583176516 184
1739716306891 18.19082368651818 185
1739716306896 18.251413479302954 186
1739716306901 17.665910620604297 187
1739716306906 18.143940972660175 188
1739716306911 18.152740829332146 189
1739716306916 16.933687613909875 190
1739716306921 17.449984458353683 191
1739716306925 16.64883331174286 192
1739716306930 16.621014666607717 193
1739716306935 16.159274110244688 194
1739716306940 17.31845796468193 195
1739716306944 16.262102516346136 196
1739716306949 17.132376687751474 197
1739716306954 16.003918544301833 198
1739716306959 17.145392637067324 199
1739716306964 16.1672625694346 200
1739716306969 14.774709632738784 201
1739716306974 14.630013394929309 202
1739716306979 15.563271173061725 203
1739716306990 15.322273245085334 204
1739716306996 15.058189738054585 205
1739716307002 15.201695881190144 206
1739716307007 15.779008199679515 207
1739716307011 14.319179759295144 208
1739716307016 15.457331569452027 209
1739716307021 15.268869774196256 210
1739716307026 14.447055064982989 211
1739716307031 13.915111287665962 212
1739716307036 14.223992258403054 213
1739716307041 14.627221328830236 214
1739716307045 14.526039405424457 215
1739716307051 14.048815382962198 216
1739716307055 13.755897888843469 217
1739716307060 13.647900158240608 218
1739716307065 14.105315720593838 219
1739716307070 14.28895741662701 220
1739716307075 13.509624107476386 221
1739716307080 13.228589991102309 222
1739716307085 12.779382665759773 223
1739716307089 13.83961232972012 224
1739716307112 13.48714040051279 225
1739716307122 12.879329704594005 226
1739716307129 13.086361876074491 227
1739716307135 12.593169046707924 228
1739716307141 13.168396105502557 229
1739716307146 12.362766833680622 230
1739716307152 13.046370491197573 231
1739716307157 12.74205297135679 232
1739716307162 12.986046978351183 233
1739716307166 12.547411825075892 234
1739716307171 12.1672580195481 235
1739716307177 12.465352723786694 236
1739716307182 11.934852079513506 237
1739716307186 12.532028620390962 238
1739716307191 12.190750996510978 239
1739716307195 12.210156454341888 240
1739716307200 12.160360015285043 241
1739716307205 11.91522235456899 242
1739716307209 11.872365659215221 243
1739716307214 11.437576193182428 244
1739716307219 11.431850000246426 245
1739716307224 11.28433191654654 246
1739716307228 11.467394376731361 247
1739716307233 11.304617769469315 248
1739716307238 10.922043386214835 249
1739716307244 11.537440152441441 250
1739716307249 10.930844170754314 251
1739716307254 11.804307155053126 252
1739716307259 11.02227061844779 253
1739716307264 10.287422364693342 254
1739716307270 10.844541847186088 255
1739716307275 10.53969888035771 256
1739716307281 10.478620935376608 257
1739716307287 10.750695258789788 258
1739716307292 10.329059343187605 259
1739716307297 10.80154037078277 260
1739716307302 10.486384268107273 261
1739716307307 9.762807497323863 262
1739716307312 10.389397366241722 263
1739716307318 10.41014420917114 264
1739716307323 10.536274171011081 265
1739716307328 10.303397176240026 266
1739716307333 9.678351105231974 267
1739716307338 10.069394378344674 268
1739716307343 9.319648688013167 269
1739716307348 9.464157130405344 270
1739716307353 10.552548872215771 271
1739716307358 9.856787725122983 272
1739716307362 9.939318808944424 273
1739716307367 9.15674468657317 274
1739716307372 9.913395301538815 275
1739716307377 9.287823763075753 276
1739716307383 9.532717007716894 277
1739716307388 9.167870817703571 278
1739716307394 9.52743247447195 279
1739716307399 9.303353584659384 280
1739716307404 8.955423011883642 281
1739716307409 8.89295389296876 282
1739716307414 9.374872010681251 283
1739716307419 9.375304505993242 284
1739716307423 8.951193742419067 285
1739716307428 9.42308999347451 286
1739716307433 9.04799838766636 287
1739716307438 9.126678974957 288
1739716307443 8.72305578901626 289
1739716307448 8.570506952910977 290
1739716307453 9.107222566018564 291
1739716307458 9.67918863233251 292
1739716307462 8.723892962502555 293
1739716307467 8.498774446795135 294
1739716307472 9.004573688958287 295
1739716307477 8.55211036167556 296
1739716307482 8.818479976964602 297
1739716307487 8.62437350042585 298
1739716307492 8.626839294969031 299
1739716307496 8.913675656990545 300
1739716307502 8.3518626013788 301
1739716307507 8.423161348802115 302
1739716307512 8.808130364373017 303
1739716307517 8.887098514173578 304
1739716307521 8.183832770326703 305
1739716307526 8.161046474862728 306
1739716307531 8.678932005466478 307
1739716307536 8.470344339489946 308
1739716307541 7.898337219640795 309
1739716307546 8.04332173177386 310
1739716307551 8.3290427331339 311
1739716307555 7.971594746542046 312
1739716307560 8.020643433679053 313
1739716307564 7.878412222252203 314
1739716307569 7.824183675045333 315
1739716307574 7.7202188723731675 316
1739716307579 8.040552233157868 317
1739716307583 7.592639516658421 318
1739716307588 7.358086385171978 319
1739716307593 8.249256011034692 320
1739716307598 8.329695998383528 321
1739716307603 8.37303293406317 322
1739716307607 7.187834784143648 323
1739716307612 7.351712005953513 324
1739716307617 7.630553264480289 325
1739716307622 8.218210189004129 326
1739716307627 7.41479207325947 327
1739716307632 8.16741101157652 328
1739716307636 7.340031437582317 329
1739716307642 7.40132478320978 330
1739716307646 7.637668706540959 331
1739716307651 7.70203162167921 332
1739716307656 7.570997397412143 333
1739716307661 7.680672790368431 334
1739716307666 7.451096809486608 335
1739716307671 7.741939570710924 336
1739716307676 7.337255288815426 337
1739716307681 7.3713632088143815 338
1739716307686 7.4392794843664625 339
1739716307700 7.803747645525663 340
1739716307705 7.493790810989549 341
1739716307710 6.365628208043461 342
1739716307714 7.8231587988108355 343
1739716307719 7.352412602036599 344
1739716307724 7.13877659400999 345
1739716307728 7.190010859119014 346
1739716307733 7.240599542641553 347
1739716307738 7.463583957497752 348
1739716307743 7.079516123650942 349
1739716307747 7.252719368718259 350
1739716307752 6.951031614668369 351
1739716307757 6.788685080729755 352
1739716307761 7.45077169028005 353
1739716307766 7.217996181560809 354
1739716307770 6.950971549855751 355
1739716307775 7.21756589095894 356
1739716307780 7.062514052230204 357
1739716307785 7.112078722279762 358
1739716307789 7.092314786029182 359
1739716307794 6.899144658780026 360
1739716307798 6.694404935764002 361
1739716307803 6.821873209244694 362
1739716307807 6.863194256594733 363
1739716307812 7.06822462867028 364
1739716307817 6.630517783179413 365
1739716307821 6.7838508275217935 366
1739716307826 6.567775447822384 367
1739716307832 6.648583757988607 368
1739716307836 6.62854868565118 369
1739716307841 6.568576855204753 370
1739716307846 6.5882417039215655 371
1739716307850 6.643290570095719 372
1739716307855 6.60883823473303 373
1739716307860 6.476156523738932 374
1739716307865 6.821705130549679 375
1739716307869 6.460981161958503 376
1739716307874 6.690396508339332 377
1739716307879 6.47432693088079 378
1739716307883 6.652432302977267 379
1739716307888 6.756144184300277 380
1739716307893 6.82612040894698 381
1739716307897 6.661065754007291 382
1739716307902 6.315381697224079 383
1739716307907 6.776623394868506 384
1739716307911 6.65137205578564 385
1739716307916 6.200156840167447 386
1739716307921 5.928433244536477 387
1739716307925 6.067971285545197 388
1739716307930 5.763513168864019 389
1739716307935 5.96571255189484 390
1739716307939 5.865062955654719 391
1739716307945 6.654045926189935 392
1739716307949 6.233924999396076 393
1739716307954 6.213981354066796 394
1739716307959 6.185122240330666 395
1739716307964 6.273197770153163 396
1739716307969 6.350064582677944 397
1739716307974 6.007035661681132 398
1739716307978 6.199580964935883 399
1739716307983 5.870319855469925 400
1739716307988 5.9623277236721535 401
1739716307993 6.4793599788466265 402
1739716307997 6.128899001934151 403
1739716308002 6.2493675404072 404
1739716308007 6.089518015503205 405
1739716308012 6.316565861513981 406
1739716308016 6.296837210843216 407
1739716308021 6.110400425495828 408
1739716308026 6.060427407546624 409
1739716308031 6.076192351454476 410
1739716308036 6.178797925445457 411
1739716308041 6.18199879337878 412
1739716308045 6.12704502621383 413
1739716308050 6.003450627248105 414
1739716308055 5.967912463895885 415
1739716308059 5.969931823165499 416
1739716308064 5.796675413029097 417
1739716308069 5.764976896282279 418
1739716308074 6.067558429906077 419
1739716308078 5.796892232266149 420
1739716308083 6.060877251856923 421
1739716308087 6.073361017662848 422
1739716308092 5.581409231366564 423
1739716308097 5.7024716407981755 424
1739716308101 5.9950382881177475 425
1739716308106 6.138038887653692 426
1739716308112 5.921221944764332 427
1739716308117 5.691497191847515 428
1739716308122 5.946187844939611 429
1739716308127 5.6349217344747755 430
1739716308131 5.878385361359673 431
1739716308136 5.914132505773589 432
1739716308141 5.6593452776214805 433
1739716308145 5.825035292271747 434
1739716308150 6.452235723669559 435
1739716308155 5.5821910803692365 436
1739716308159 5.8217009582360655 437
1739716308164 5.935175999418022 438
1739716308169 6.112158583353411 439
1739716308173 5.605187595005616 440
1739716308178 5.720797090818791 441
1739716308183 5.551718674745825 442
1739716308188 5.502577578456201 443
1739716308193 5.578866075944319 444
1739716308197 5.5126473694158005 445
1739716308202 5.358903696448665 446
1739716308207 5.702805596559034 447
1739716308212 5.48419646528269 448
1739716308217 6.1782741200765425 449
1739716308221 5.7470036436658845 450
1739716308226 5.864393465711066 451
1739716308231 5.462810631316734 452
1739716308236 5.620849593300472 453
1739716308240 5.627013106864192 454
1739716308245 5.952833611255533 455
1739716308250 5.75011199484102 456
1739716308254 5.875177047390956 457
1739716308259 5.532070988224327 458
1739716308264 5.441341305142489 459
1739716308268 5.758980404283051 460
1739716308273 5.473020556108469 461
1739716308277 5.538630630667893 462
1739716308282 5.244668165673799 463
1739716308287 5.748595434826322 464
1739716308292 5.557376900277331 465
1739716308297 5.92666380212594 466
1739716308302 5.850798963856237 467
1739716308306 5.660554650142337 468
1739716308311 5.642200885450938 469
1739716308316 5.473740126189945 470
1739716308321 5.661539509681307 471
1739716308326 5.444020447816668 472
1739716308330 5.357341204074769 473
1739716308335 5.376595890884486 474
1739716308340 5.9534179812857175 475
1739716308344 5.931746267946255 476
1739716308349 5.277185676132869 477
1739716308354 5.3778933724217755 478
1739716308358 5.229193643505538 479
1739716308363 5.592654226061061 480
1739716308368 5.8661291995147335 481
1739716308372 5.422217504026419 482
1739716308377 5.462525218654949 483
1739716308382 5.428706266050336 484
1739716308386 5.10455872188909 485
1739716308391 5.343497129890737 486
1739716308395 5.464292724137638 487
1739716308400 5.416536650018043 488
1739716308405 5.10577189371231 489
1739716308409 5.134415151151816 490
1739716308414 4.919794637445401 491
1739716308419 5.4820925689699465 492
1739716308423 5.448886429227832 493
1739716308428 5.496631393532497 494
1739716308433 5.549609526924348 495
1739716308438 5.487670611752921 496
1739716308442 5.507446396489654 497
1739716308447 5.455915965354988 498
1739716308451 5.038945852879321 499
