1739719399731 6.441574004750794 0
1739719399757 7.176849963062427 1
1739719399783 3.239714087064761 2
1739719399809 2.53256340889354 3
1739719399835 7.301457815369942 4
1739719399861 5.051178167984579 5
1739719399886 4.473427011677959 6
1739719399913 4.562866880321227 7
1739719399939 4.509361559209617 8
1739719399965 4.947279157910087 9
1739719399991 2.8984903892274243 10
1739719400017 0.17413609377646322 11
1739719400043 3.2256491886822527 12
1739719400069 7.959862024775784 13
1739719400095 2.683780403754352 14
1739719400121 4.908236938052388 15
1739719400147 12.609092044168529 16
1739719400172 5.0310532606651295 17
1739719400198 1.1258787783905317 18
1739719400224 3.3248028766869915 19
1739719400249 9.384843609698295 20
1739719400275 5.263730023223185 21
1739719400300 3.0857665559472394 22
1739719400327 1.8989792546917301 23
1739719400353 4.0925887475511695 24
1739719400379 3.2580943362917414 25
1739719400406 3.8202188127189416 26
1739719400431 0.24745020630549358 27
1739719400457 4.334091344298057 28
1739719400483 4.608235957112575 29
1739719400509 15.356246612730873 30
1739719400535 6.597760347779638 31
1739719400561 2.6802692623301487 32
1739719400588 1.3534199276621643 33
1739719400615 2.639011260802591 34
1739719400710 5.025858376447275 35
1739719400745 6.388407963865106 36
1739719400772 2.254888999000613 37
1739719400798 9.139875448594564 38
1739719400824 4.449487439419345 39
1739719400849 8.51501550305372 40
1739719400874 5.4091465978712945 41
1739719400899 8.111907726203597 42
1739719400925 5.2638059449538055 43
1739719400952 7.82375884324259 44
1739719400977 7.987837787270657 45
1739719401003 6.925257643092977 46
1739719401029 3.3121271949014455 47
1739719401055 6.264504869775472 48
1739719401081 4.188022456685214 49
1739719401106 5.9874434653118955 50
1739719401131 7.628307132556884 51
1739719401157 5.51044712982494 52
1739719401183 3.727526642621328 53
1739719401208 4.3040161278274836 54
1739719401234 7.888284139950559 55
1739719401260 3.0709711038799097 56
1739719401285 5.4611465084340365 57
1739719401311 3.8491886481117903 58
1739719401337 5.7738995068956225 59
1739719401363 0.4913782960763987 60
1739719401389 4.648019157042246 61
1739719401415 6.634666089990546 62
1739719401440 3.530967333287789 63
1739719401466 3.14837055665927 64
1739719401491 2.267149827159943 65
1739719401517 5.591108485359025 66
1739719401543 3.680970856117599 67
1739719401569 5.740467467892412 68
1739719401594 6.600279931721129 69
1739719401620 5.653476460339308 70
1739719401646 5.760123335493299 71
1739719401672 6.523188250924914 72
1739719401697 1.3600262307469702 73
1739719401723 5.726266469580522 74
1739719401749 4.839687713612815 75
1739719401774 5.649829063995333 76
1739719401800 5.272348407482064 77
1739719401826 3.9599449113566054 78
1739719401852 4.652879393561774 79
1739719401878 6.147224877049838 80
1739719401904 2.74129304570582 81
1739719401930 7.061119044560609 82
1739719401955 3.728140984368045 83
1739719401982 6.214189007438956 84
1739719402013 4.253199290650837 85
1739719402040 10.123575766953934 86
1739719402067 7.329459600526521 87
1739719402096 6.4755511936259085 88
1739719402122 3.062237464864788 89
1739719402148 0.18044054496467596 90
1739719402173 3.9465377360178016 91
1739719402199 3.5672974128605315 92
1739719402225 5.103092754560581 93
1739719402251 6.000286004501188 94
1739719402277 2.0304985802368862 95
1739719402303 7.609456637553197 96
1739719402329 6.336400453943302 97
1739719402354 5.086470285192549 98
1739719402380 1.9132231132599702 99
1739719402406 3.4819974810630185 100
1739719402431 5.259058560217838 101
1739719402457 5.325019142716128 102
1739719402483 3.8649633192302497 103
1739719402508 5.349180590273371 104
1739719402534 4.955320129900938 105
1739719402560 4.328512303174237 106
1739719402585 3.7438671896997753 107
1739719402611 4.4609510289352645 108
1739719402636 1.8672774404179586 109
1739719402662 5.507351118290622 110
1739719402688 9.799320667637184 111
1739719402713 6.837957462151173 112
1739719402741 2.255188445548044 113
1739719402767 5.718205151135759 114
1739719402793 9.238873823685928 115
1739719402819 3.667051345308472 116
1739719402844 7.640994912152575 117
1739719402870 6.060529434656633 118
1739719402896 5.387963095085836 119
1739719402921 4.496693321271455 120
1739719402947 3.4207394198187013 121
1739719402973 6.0813304451605195 122
1739719402999 6.045330232311908 123
1739719403024 3.822306394203159 124
1739719403050 2.121471868390456 125
1739719403075 2.806434977912231 126
1739719403101 8.595609907987011 127
1739719403126 3.779165019473379 128
1739719403152 5.5943294047627985 129
1739719403177 5.3602756076505225 130
1739719403203 5.5927721424294825 131
1739719403229 3.2607442665371456 132
1739719403255 6.711150004434173 133
1739719403281 4.414102025406914 134
1739719403307 11.117261196283033 135
1739719403332 5.526367525897527 136
1739719403358 2.934568894014832 137
1739719403384 3.3964072067862214 138
1739719403410 4.226216685127693 139
1739719403436 7.075005744292767 140
1739719403462 3.5429930522106674 141
1739719403488 5.7380211595287305 142
1739719403514 1.1664383540566567 143
1739719403540 14.072094076056132 144
1739719403566 1.5763406841581171 145
1739719403593 4.828372421399331 146
1739719403619 6.522823546308482 147
1739719403645 2.5053738594281048 148
1739719403671 2.592682794319794 149
1739719403697 4.66101043439746 150
1739719403723 4.259151341882813 151
1739719403749 5.435215561160683 152
1739719403775 2.2654605443805313 153
1739719403801 3.2091770162429234 154
1739719403827 10.152820014577456 155
1739719403853 4.3010736546881985 156
1739719403878 5.928150933733243 157
1739719403904 6.011293577373852 158
1739719403930 4.834027796061955 159
1739719403956 7.385308658548154 160
1739719403982 7.005936687605475 161
1739719404007 4.743680327300422 162
1739719404038 3.9643158269261902 163
1739719404067 1.1063916682614015 164
1739719404101 8.10409870199293 165
1739719404129 5.894125148153899 166
1739719404158 5.904197191312713 167
1739719404186 6.192113454742401 168
1739719404215 4.726997240066269 169
1739719404243 5.058818817427959 170
1739719404272 0.05687233580013607 171
1739719404298 3.9915854408045557 172
1739719404324 1.8096233247441165 173
1739719404350 2.2595207652346003 174
1739719404375 3.8403298335523286 175
1739719404401 4.1400665034328465 176
1739719404426 5.28611287175493 177
1739719404452 7.091563413880445 178
1739719404478 3.137749619820395 179
1739719404503 5.043227773890575 180
1739719404529 2.4330134322269 181
1739719404555 8.318066669781546 182
1739719404580 3.487613675328667 183
1739719404606 2.372334309611507 184
1739719404631 2.5260223575164495 185
1739719404657 3.690565126254352 186
1739719404683 3.702972586343461 187
1739719404708 7.799585491414214 188
1739719404734 1.4266658420173886 189
1739719404759 6.228029498722618 190
1739719404785 0.7046802505588593 191
1739719404811 9.315124451940362 192
1739719404837 5.286864393682662 193
1739719404864 2.7647148054531927 194
1739719404889 5.728277604025108 195
1739719404915 5.454766180644087 196
1739719404941 4.836638342122533 197
1739719404968 7.032786432702749 198
1739719404993 3.6541125794579137 199
1739719405019 5.025577172207137 200
1739719405045 8.837435997577986 201
1739719405071 4.388760575266651 202
1739719405097 2.906393222259041 203
1739719405123 1.4935353468190713 204
1739719405148 5.149702035798746 205
1739719405174 2.2970003069503635 206
1739719405200 4.1494846542750885 207
1739719405226 4.693742646266239 208
1739719405252 5.255414159083897 209
1739719405278 3.1444610120716376 210
1739719405304 8.361788600675968 211
1739719405330 5.485139812230807 212
1739719405356 3.7143077532191553 213
1739719405382 2.605084062638852 214
1739719405410 2.829812685159926 215
1739719405435 5.259805914364708 216
1739719405461 1.985525274303955 217
1739719405487 5.633873269736669 218
1739719405513 6.349541495187004 219
1739719405538 4.591823359293457 220
1739719405564 2.3791635097341244 221
1739719405590 6.081973410093633 222
1739719405616 4.544214345479109 223
1739719405643 12.689318657768302 224
1739719405669 1.8238967157252384 225
1739719405694 3.9599883701671925 226
1739719405720 4.228804793034904 227
1739719405746 3.2438179505742792 228
1739719405772 11.05116400515917 229
1739719405797 5.833767477637706 230
1739719405823 7.070225551352734 231
1739719405849 6.729718079824434 232
1739719405876 3.5017444188726143 233
1739719405901 5.298798864264055 234
1739719405927 2.500505752421172 235
1739719405953 0.5625548077749711 236
1739719405979 4.976925456888085 237
1739719406005 4.540080451684192 238
1739719406031 8.33739479913019 239
1739719406057 4.835972593950135 240
1739719406083 2.9470944095594764 241
1739719406109 8.649442727798121 242
1739719406135 3.510059144992349 243
1739719406161 5.258158650774345 244
1739719406187 3.8915934826559178 245
1739719406213 3.9760082800512433 246
1739719406238 5.747558049543596 247
1739719406264 6.557248176639316 248
1739719406290 7.770592701966196 249
1739719406315 4.405768945798372 250
1739719406341 3.7147061591072275 251
1739719406367 6.083691120869878 252
1739719406393 6.995816483198378 253
1739719406419 6.112456847858367 254
1739719406445 11.163126918222765 255
1739719406470 7.021191598149184 256
1739719406496 3.9041174404002814 257
1739719406522 1.939126190353521 258
1739719406548 4.427017265024522 259
1739719406574 4.388301235004443 260
1739719406600 4.535739177305625 261
1739719406626 3.4420307915312205 262
1739719406652 6.664012008051088 263
1739719406678 3.0717122330409183 264
1739719406703 6.35836568173102 265
1739719406729 3.048484590577955 266
1739719406755 6.289830902090518 267
1739719406781 1.3093333846604085 268
1739719406807 6.112343286204984 269
1739719406833 3.1916302807802097 270
1739719406859 2.672513869662838 271
1739719406885 7.326656246290008 272
1739719406911 4.252707883230012 273
1739719406937 3.246091664715645 274
1739719406963 2.9876669473927597 275
1739719406989 4.348209341769559 276
1739719407015 2.2293054780707795 277
1739719407041 6.5451137620130275 278
1739719407067 2.9875703722090994 279
1739719407093 5.79475982696984 280
1739719407118 4.191675298361243 281
1739719407144 6.014860937929551 282
1739719407169 5.963701004760458 283
1739719407194 2.8464398605767025 284
1739719407220 7.252325036595727 285
1739719407245 5.240178895271804 286
1739719407271 4.1029288691574575 287
1739719407296 0.5977369234199494 288
1739719407322 9.122361346774698 289
1739719407347 6.768463031446498 290
1739719407373 2.375273745815461 291
1739719407399 2.9913908740522985 292
1739719407424 4.411448286178841 293
1739719407449 3.0517363070040973 294
1739719407475 3.8123973159372735 295
1739719407501 7.945022216144588 296
1739719407527 6.127355422563972 297
1739719407553 6.009605323079646 298
1739719407579 6.690380268809035 299
1739719407605 6.209466639946197 300
1739719407631 2.196751214862478 301
1739719407656 3.494869435993603 302
1739719407683 6.656862778913417 303
1739719407708 7.296677109266136 304
1739719407734 3.448229837147133 305
1739719407761 4.343005248824431 306
1739719407788 4.939204433585398 307
1739719407814 3.430795579337164 308
1739719407841 0.8897071434997866 309
1739719407867 2.4560432934873093 310
1739719407894 6.200001147205675 311
1739719407920 4.575233620301867 312
1739719407947 4.467504639946638 313
1739719407974 7.167093653533733 314
1739719408001 4.640678209191467 315
1739719408027 3.2730272692014726 316
1739719408054 3.1883035444718635 317
1739719408082 6.697664917404182 318
1739719408109 3.391898856935325 319
1739719408136 5.226131619194251 320
1739719408162 7.554818253207556 321
1739719408189 4.724907113997425 322
1739719408216 3.0230630461326227 323
1739719408242 5.255991849299864 324
1739719408269 3.2835046027452366 325
1739719408296 4.7775555479529945 326
1739719408325 3.0238668394559727 327
1739719408352 2.360106172039244 328
1739719408379 5.598013099198412 329
1739719408406 6.24433410543997 330
1739719408433 8.900732422533283 331
1739719408460 4.744516737604758 332
1739719408487 5.636667995587255 333
1739719408514 4.159192131364311 334
1739719408541 2.2068772796246363 335
1739719408567 7.98882765373206 336
1739719408594 2.3563115590591512 337
1739719408621 4.5787287599295 338
1739719408647 4.4435954802601305 339
1739719408674 2.9754522510168284 340
1739719408701 4.861505031300755 341
1739719408728 5.811748317857305 342
1739719408754 2.6271825904002357 343
1739719408781 4.977686484966338 344
1739719408809 5.226362145014296 345
1739719408837 2.4926951098401164 346
1739719408864 7.670866352404755 347
1739719408890 4.738004657583886 348
1739719408917 4.459072119911657 349
1739719408944 1.0046945635131612 350
1739719408970 4.610901588231027 351
1739719409003 7.567657043526081 352
1739719409030 2.271828517694273 353
1739719409057 11.994362736800028 354
1739719409085 4.620129062933871 355
1739719409112 4.295522786750121 356
1739719409140 4.593453378214332 357
1739719409167 3.4962414168782385 358
1739719409194 6.134670530570612 359
1739719409220 2.1069851886898636 360
1739719409246 1.735270189218817 361
1739719409272 5.627136413597689 362
1739719409298 8.458459094665477 363
1739719409323 4.821057743412875 364
1739719409349 1.8339573160662503 365
1739719409375 5.638818163566668 366
1739719409401 4.900392985587797 367
1739719409426 4.531177335576304 368
1739719409452 6.571760498727077 369
1739719409478 4.183590813465557 370
1739719409504 7.6036602600317 371
1739719409529 3.71974974953712 372
1739719409555 4.910348448922879 373
1739719409581 5.940432731470569 374
1739719409607 7.0992716365445645 375
1739719409633 2.49529045467481 376
1739719409659 8.297292197602527 377
1739719409685 6.699592278631506 378
1739719409711 2.8351267856530393 379
1739719409736 5.8126827127219896 380
1739719409762 4.776032142254877 381
1739719409788 7.3670048869871545 382
1739719409814 5.742834910137838 383
1739719409840 2.6074985293168624 384
1739719409866 5.215715628388911 385
1739719409892 5.081796987578111 386
1739719409917 3.9296541540296386 387
1739719409943 6.358787895021969 388
1739719409969 3.70444636691539 389
1739719409995 5.986393874481934 390
1739719410021 6.6438802671848975 391
1739719410047 4.178879263551185 392
1739719410073 6.531322428636029 393
1739719410098 8.13647468753705 394
1739719410124 5.934238382121105 395
1739719410150 3.835398537418577 396
1739719410176 3.1777781757021253 397
1739719410202 7.217265399768875 398
1739719410227 5.536231372243495 399
1739719410253 2.3768080921505925 400
1739719410279 7.279970637304657 401
1739719410305 5.182513602271689 402
1739719410331 5.610033565262264 403
1739719410356 2.2025586841390687 404
1739719410382 3.8549441413502703 405
1739719410408 1.9305627779115713 406
1739719410434 5.284470642724738 407
1739719410460 1.802614660237786 408
1739719410486 4.3958285117644715 409
1739719410512 3.4376437300451244 410
1739719410537 5.144693397975522 411
1739719410563 7.452897756120899 412
1739719410589 9.009546633072508 413
1739719410615 5.001444623438912 414
1739719410641 4.356723427413476 415
1739719410667 1.8455564473332138 416
1739719410692 6.189156830125975 417
1739719410719 3.9544342409542774 418
1739719410745 6.253987373223636 419
1739719410771 4.471009426408962 420
1739719410797 6.140123736265974 421
1739719410823 4.360150281514256 422
1739719410849 5.541849679477237 423
1739719410875 9.453613006730135 424
1739719410901 3.225414240075635 425
1739719410927 2.5996387628518627 426
1739719410953 4.080555367290351 427
1739719410979 0.7760696419262959 428
1739719411005 3.857333978593233 429
1739719411031 6.5729661591141495 430
1739719411058 5.175085191940733 431
1739719411083 8.541696185489156 432
1739719411109 1.5737689170087805 433
1739719411135 6.030272771478219 434
1739719411161 1.9472149395397838 435
1739719411187 8.545866665288429 436
1739719411214 5.660270278700652 437
1739719411240 3.6123919000922124 438
1739719411266 4.738231913107187 439
1739719411292 1.5180711604026613 440
1739719411318 3.6502540846628255 441
1739719411344 2.5786328964808143 442
1739719411370 4.241559085633592 443
1739719411396 2.4806803191252613 444
1739719411422 4.662232183736257 445
1739719411448 6.167997817918817 446
1739719411474 3.786456176972516 447
1739719411500 6.220649489746841 448
1739719411526 3.7387710860406913 449
1739719411552 2.5827127903406883 450
1739719411577 6.443589654189016 451
1739719411602 3.4454959790749666 452
1739719411628 4.840616878630889 453
1739719411654 7.985220595661241 454
1739719411680 3.9562413525902964 455
1739719411706 3.1376380872181993 456
1739719411732 4.950590358212287 457
1739719411758 6.679173228076974 458
1739719411783 2.261587024171601 459
1739719411809 6.573789061667007 460
1739719411835 1.2336683373965178 461
1739719411861 4.556496459593222 462
1739719411886 5.565343224352742 463
1739719411912 1.1171194315078847 464
1739719411938 7.535551722916259 465
1739719411963 4.038844899268995 466
1739719411989 4.701716529658702 467
1739719412015 7.585061389759391 468
1739719412041 3.5575139589705858 469
1739719412067 5.984280359280433 470
1739719412093 2.0418192472729504 471
1739719412119 8.524015705153564 472
1739719412146 3.6642974480825896 473
1739719412171 9.547252108408106 474
1739719412197 7.062400324062211 475
1739719412223 4.554194744713566 476
1739719412249 5.360998890589889 477
1739719412274 1.6946144798805935 478
1739719412300 2.2069008702744872 479
1739719412326 10.819463539561172 480
1739719412352 3.886713851962334 481
1739719412377 3.9978177918080493 482
1739719412403 6.209454228309846 483
1739719412429 3.191490856535732 484
1739719412456 2.602460366449662 485
1739719412481 2.596820967243949 486
1739719412507 5.454249475947905 487
1739719412533 6.8697735705559335 488
1739719412559 9.034977590614362 489
1739719412584 3.7031868918363857 490
1739719412610 3.087875844140308 491
1739719412636 4.37047035899963 492
1739719412662 6.449871475799121 493
1739719412688 5.010341705227394 494
1739719412714 5.915580899389776 495
1739719412740 2.9966054129547097 496
1739719412766 7.242204012170713 497
1739719412792 1.953645802156465 498
1739719412818 7.641550682601395 499
