1739716320996 171.8183150022979 0
1739716321002 160.86155928497695 1
1739716321008 163.41067805237856 2
1739716321014 157.61009525531756 3
1739716321020 154.15857101782103 4
1739716321025 151.75243480650437 5
1739716321031 148.49465173853716 6
1739716321038 151.8082992102507 7
1739716321044 148.26562673161098 8
1739716321049 145.80531915212276 9
1739716321055 141.52099207384654 10
1739716321060 143.34046823707743 11
1739716321066 137.9702073349967 12
1739716321071 135.4492167695309 13
1739716321077 136.095549829718 14
1739716321083 133.05803401243418 15
1739716321088 128.6527342552131 16
1739716321094 128.344096564233 17
1739716321101 127.41561518847038 18
1739716321107 124.97101956688456 19
1739716321113 123.75063628975273 20
1739716321118 120.62841522499973 21
1739716321124 117.93228606034769 22
1739716321130 117.5820895001432 23
1739716321136 115.02271027847583 24
1739716321142 115.54038676921643 25
1739716321148 113.29603932200986 26
1739716321153 111.47848465649925 27
1739716321159 108.55618112551102 28
1739716321165 107.59919407228007 29
1739716321170 106.25889647468539 30
1739716321176 104.45370260203262 31
1739716321182 101.44503133965675 32
1739716321188 102.57103733897524 33
1739716321194 97.79822423860853 34
1739716321200 96.43755666335964 35
1739716321206 98.60164309159963 36
1739716321212 94.37465409065351 37
1739716321218 96.37087466316365 38
1739716321223 92.55735517014391 39
1739716321229 90.57705731861628 40
1739716321234 91.60759809711884 41
1739716321240 89.46705375335691 42
1739716321246 88.54648668741284 43
1739716321252 85.4234237973161 44
1739716321258 84.41319794961268 45
1739716321264 84.43963101668866 46
1739716321269 85.33674908932021 47
1739716321275 82.50271838747736 48
1739716321280 78.17897085953147 49
1739716321286 80.87245698976758 50
1739716321292 76.67590815493273 51
1739716321298 75.84398130164394 52
1739716321304 78.1497741656985 53
1739716321310 74.04737228419081 54
1739716321316 74.59247757958192 55
1739716321321 71.23085507804701 56
1739716321327 73.72093418241978 57
1739716321333 71.61204441726392 58
1739716321338 70.39874291790822 59
1739716321345 67.60057531521112 60
1739716321350 67.77766506317296 61
1739716321356 64.28783349316075 62
1739716321362 63.79080015416239 63
1739716321367 65.11292980676498 64
1739716321373 61.948078211197505 65
1739716321379 62.97006359111389 66
1739716321384 62.53710067269332 67
1739716321390 62.10304794183713 68
1739716321396 61.24624184153305 69
1739716321401 58.768777048018265 70
1739716321407 57.519529918321574 71
1739716321413 58.42611616692897 72
1739716321419 55.400282633577746 73
1739716321424 56.56686837353305 74
1739716321430 56.190004152049916 75
1739716321435 54.63609987980928 76
1739716321441 53.717533126502985 77
1739716321446 52.751147367703936 78
1739716321452 51.46389189547108 79
1739716321457 51.964762092030085 80
1739716321463 49.99438012342992 81
1739716321469 49.139508820428944 82
1739716321474 48.01382413135092 83
1739716321480 47.41955799315032 84
1739716321486 47.75640003888288 85
1739716321491 47.1746043698468 86
1739716321497 46.48394618890491 87
1739716321502 46.29780985255576 88
1739716321508 43.939610023895256 89
1739716321514 43.91282937012668 90
1739716321519 43.07443624876486 91
1739716321525 42.682312377808834 92
1739716321531 41.565095175841485 93
1739716321536 41.51396184157122 94
1739716321542 42.40185718735908 95
1739716321548 39.90067905166626 96
1739716321554 39.60075097635275 97
1739716321560 39.15713675623872 98
1739716321566 38.16258816833269 99
1739716321573 38.95882523888266 100
1739716321580 37.446624848351 101
1739716321585 38.405582132404085 102
1739716321591 35.514533651797045 103
1739716321597 36.139121445664095 104
1739716321604 35.80127098584535 105
1739716321610 34.97693955155487 106
1739716321616 35.22600614196923 107
1739716321621 33.994306155016254 108
1739716321627 33.434772373923714 109
1739716321632 32.087064169617655 110
1739716321638 33.903690342062085 111
1739716321644 32.29816827578199 112
1739716321650 31.819110173780974 113
1739716321656 31.153766141293318 114
1739716321661 31.47716845582363 115
1739716321668 29.675690477684547 116
1739716321674 29.785057078469798 117
1739716321679 29.077395637691712 118
1739716321685 28.93545260913163 119
1739716321690 28.283845728944012 120
1739716321696 28.016175239165175 121
1739716321701 28.17462278510059 122
1739716321707 28.535848779535993 123
1739716321712 27.004286647276693 124
1739716321717 25.433852044468182 125
1739716321723 25.93282476301921 126
1739716321729 25.20009162382913 127
1739716321735 25.75381828340102 128
1739716321741 25.050701961962524 129
1739716321746 24.880644015578646 130
1739716321752 25.32432458464977 131
1739716321757 23.972892945345002 132
1739716321764 24.306226480962984 133
1739716321769 23.422295580272515 134
1739716321775 23.568833664108094 135
1739716321781 23.0054869479259 136
1739716321786 22.122841451881207 137
1739716321792 21.976304809785734 138
1739716321803 20.605957868757155 139
1739716321808 21.60993326296689 140
1739716321814 20.8227900135533 141
1739716321819 21.000199723059783 142
1739716321825 20.694445533577838 143
1739716321831 20.568209625526325 144
1739716321836 20.904416796743625 145
1739716321842 19.471430484469398 146
1739716321847 19.83599386539478 147
1739716321853 19.043903521887668 148
1739716321858 18.634366244877704 149
1739716321864 18.487286895992302 150
1739716321870 18.254416503006052 151
1739716321876 17.820794352947622 152
1739716321881 17.7649753927771 153
1739716321886 17.120827023729845 154
1739716321892 16.30229609808241 155
1739716321897 16.995164714597376 156
1739716321902 16.39536218246428 157
1739716321908 17.183838557566148 158
1739716321914 16.417916690835355 159
1739716321920 15.999399493872023 160
1739716321926 16.04477189793771 161
1739716321931 16.19413905891875 162
1739716321936 15.149629388651167 163
1739716321942 14.868157029104742 164
1739716321947 15.323456118953466 165
1739716321953 15.347389615327723 166
1739716321958 14.560341970904146 167
1739716321963 14.518629978022513 168
1739716321969 14.139765747600066 169
1739716321974 14.366812014559754 170
1739716321979 13.607228576752133 171
1739716321985 13.423446204523342 172
1739716321990 13.570357679145529 173
1739716321996 12.885330779659544 174
1739716322001 13.536750288944473 175
1739716322006 12.13149988234108 176
1739716322012 12.734479711906342 177
1739716322017 12.818474977884087 178
1739716322023 13.11240805664087 179
1739716322028 12.514278289660501 180
1739716322033 11.479201128450848 181
1739716322039 11.779403058880277 182
1739716322044 11.593493479866998 183
1739716322050 11.082711821601123 184
1739716322056 11.123946220133032 185
1739716322061 10.756476820886473 186
1739716322067 10.452860787856563 187
1739716322072 10.141213593209743 188
1739716322078 10.463007541958365 189
1739716322084 10.286227185375939 190
1739716322089 10.317158082936366 191
1739716322095 10.409731593359021 192
1739716322100 10.22380320863254 193
1739716322106 9.388487649142759 194
1739716322111 9.19393054728279 195
1739716322117 9.199507644219437 196
1739716322123 9.291838946639016 197
1739716322128 9.711274801917504 198
1739716322133 9.621847940659931 199
1739716322139 8.633430199132746 200
1739716322144 8.400231882090246 201
1739716322150 8.685473846468241 202
1739716322155 8.324812681045097 203
1739716322161 8.558943758604386 204
1739716322167 8.465437611858302 205
1739716322172 8.094953828066844 206
1739716322178 7.786882344707262 207
1739716322183 8.25243436006574 208
1739716322189 7.615908487672939 209
1739716322195 7.632349313059049 210
1739716322204 7.666620716948914 211
1739716322210 7.789185205161393 212
1739716322216 7.185996309980243 213
1739716322222 7.271159851337066 214
1739716322228 7.370470739772774 215
1739716322234 6.7158526841551645 216
1739716322240 6.93878396030281 217
1739716322246 6.727206192304647 218
1739716322252 6.617341176649108 219
1739716322259 6.6643744838792545 220
1739716322267 6.610178071756163 221
1739716322274 6.291913066643143 222
1739716322280 6.173043804024174 223
1739716322286 6.847914081017831 224
1739716322292 6.36654318355015 225
1739716322297 6.060613885383285 226
1739716322304 6.021541262101532 227
1739716322310 5.527625653008324 228
1739716322316 5.688699416788366 229
1739716322322 6.081138640912547 230
1739716322328 5.667995210806149 231
1739716322334 5.469698367499732 232
1739716322340 5.624248885799381 233
1739716322345 5.465947705932166 234
1739716322351 5.530474825118244 235
1739716322357 5.252146201114015 236
1739716322363 5.283361340484382 237
1739716322369 5.355664154067567 238
1739716322374 4.764856484536042 239
1739716322380 5.004072145464573 240
1739716322386 5.2359246634629075 241
1739716322392 4.336574586701532 242
1739716322398 4.7662176764478685 243
1739716322404 4.550309723887473 244
1739716322409 4.835545435702669 245
1739716322415 4.655849804827596 246
1739716322420 4.591909929908988 247
1739716322426 4.334530426660313 248
1739716322432 4.490863481245716 249
1739716322438 4.309977616752244 250
1739716322443 4.0277118632138675 251
1739716322449 4.356272574244489 252
1739716322455 4.237349580225996 253
1739716322461 4.51360677816117 254
1739716322466 4.143844866816207 255
1739716322472 3.9145662198942546 256
1739716322478 4.263332555495801 257
1739716322483 4.084790556445931 258
1739716322489 4.01339950174035 259
1739716322494 3.5734504330163235 260
1739716322500 3.8578803343742654 261
1739716322506 3.751055763890315 262
1739716322511 3.6988777876382444 263
1739716322517 3.5721107520699458 264
1739716322522 3.5431433857068386 265
1739716322527 3.7113896769314105 266
1739716322533 3.112000596173998 267
1739716322539 3.240854593626369 268
1739716322545 2.6448505205425694 269
1739716322551 3.1984368877766562 270
1739716322556 3.4842425052153945 271
1739716322562 3.324744034139465 272
1739716322568 3.21595310692802 273
1739716322574 3.1615189706312257 274
1739716322580 3.3349940519888763 275
1739716322586 3.1539883202681804 276
1739716322591 2.8809673297300016 277
1739716322597 2.787865648924903 278
1739716322602 3.228445247479219 279
1739716322608 2.8511970327885177 280
1739716322613 2.668039548856132 281
1739716322619 3.035464159104642 282
1739716322625 2.61380967775763 283
1739716322630 2.745214124631554 284
1739716322636 2.7430564186586786 285
1739716322642 2.8745266395581393 286
1739716322647 2.539286699076694 287
1739716322652 2.5380877646290982 288
1739716322658 2.39975249528231 289
1739716322663 2.590857211291103 290
1739716322669 2.4541333246514205 291
1739716322675 2.747596915217659 292
1739716322681 2.3246116450954766 293
1739716322686 2.4055085819515116 294
1739716322692 2.281699259997765 295
1739716322698 2.1636153547378836 296
1739716322703 2.3382789148580536 297
1739716322709 2.503534510340213 298
1739716322714 2.196413882527954 299
1739716322721 2.103539434208688 300
1739716322728 2.17852909446741 301
1739716322734 2.1024948786088182 302
1739716322741 1.9542460495868876 303
1739716322747 2.036765221518908 304
1739716322754 1.8774192985168459 305
1739716322760 2.030107840645321 306
1739716322767 1.9488045288777338 307
1739716322773 2.0298069332303728 308
1739716322779 2.1336409234211082 309
1739716322785 1.7330575652049138 310
1739716322791 2.128110631969631 311
1739716322796 1.9347434897900386 312
1739716322802 1.8666402834036153 313
1739716322810 1.8527435518489415 314
1739716322816 1.8695695668397954 315
1739716322822 1.5272973292443095 316
1739716322828 1.625025190219271 317
1739716322834 1.723010621971565 318
1739716322839 1.6580005676839165 319
1739716322845 1.7004514864708364 320
1739716322850 1.6788041461983092 321
1739716322855 1.5871001209823279 322
1739716322861 1.6436735179335462 323
1739716322867 1.7288995930117592 324
1739716322872 1.3946278750623076 325
1739716322878 1.5769964428968353 326
1739716322884 1.5900709831473474 327
1739716322890 1.6847664062496608 328
1739716322896 1.589134707751894 329
1739716322901 1.5499851706388743 330
1739716322907 1.3398816710424764 331
1739716322913 1.4790400524846845 332
1739716322919 1.3783162207701685 333
1739716322925 1.252909132287485 334
1739716322931 1.5847351684846147 335
1739716322936 1.302897555779006 336
1739716322942 1.2685432421398815 337
1739716322947 1.451499081590157 338
1739716322953 1.27817798591969 339
1739716322959 1.2451856551058882 340
1739716322964 1.2908012093381456 341
1739716322970 1.1473721631274985 342
1739716322975 1.2257394434295141 343
1739716322981 1.1383992096614808 344
1739716322987 1.1751144112274985 345
1739716322992 1.1077574249957574 346
1739716322998 1.1586643475250222 347
1739716323004 1.1766108182003152 348
1739716323009 1.2370416121626449 349
1739716323015 1.2091544288883995 350
1739716323022 0.9237323126353048 351
1739716323028 1.0546888211202141 352
1739716323034 0.9947306205249976 353
1739716323040 0.9714198508352235 354
1739716323046 1.0850215932399478 355
1739716323051 0.9672421856161912 356
1739716323057 0.9111623599498829 357
1739716323063 0.8677756000924349 358
1739716323069 1.0478241714341487 359
1739716323075 0.892340312444695 360
1739716323081 1.037018467159116 361
1739716323086 0.9031417003208122 362
1739716323092 0.9105345363228609 363
1739716323099 0.9680095147284519 364
1739716323105 0.7637272847664967 365
1739716323111 0.9143285211554004 366
1739716323118 0.9750391929208557 367
1739716323123 0.9139481262395779 368
1739716323129 0.8499815029671685 369
1739716323135 0.8062504475644331 370
1739716323141 1.0159734251285892 371
1739716323146 0.9043944040893833 372
1739716323152 0.8671990393343217 373
1739716323157 0.7289323832571436 374
1739716323163 0.8758476700870105 375
1739716323169 0.7396352793995418 376
1739716323174 0.7601949931807142 377
1739716323180 0.7373366150056183 378
1739716323186 0.711839775627704 379
1739716323191 0.6285673369735492 380
1739716323197 0.6715525325566726 381
1739716323202 0.6741390494863913 382
1739716323208 0.7542303233280295 383
1739716323214 0.7399385958157173 384
1739716323219 0.6102508224216446 385
1739716323225 0.7297775636384102 386
1739716323231 0.7569477702261692 387
1739716323236 0.6676986946681996 388
1739716323242 0.6934673556331317 389
1739716323248 0.6292329115042955 390
1739716323254 0.6745228701662722 391
1739716323259 0.790882941654876 392
1739716323265 0.5731425748149684 393
1739716323271 0.6157027687238147 394
1739716323276 0.6238639573154763 395
1739716323282 0.5886699503021721 396
1739716323288 0.6539888672702506 397
1739716323294 0.5681522168900434 398
1739716323299 0.6334418316750393 399
1739716323305 0.5695667878961409 400
1739716323311 0.558258323020505 401
1739716323317 0.6366137181240488 402
1739716323322 0.45461567271019343 403
1739716323328 0.5848399620521121 404
1739716323334 0.6130514291046865 405
1739716323339 0.5814177235726443 406
1739716323345 0.4175506947683591 407
1739716323351 0.534804156302864 408
1739716323356 0.5661044425090103 409
1739716323362 0.44767100686707606 410
1739716323368 0.5229387642402437 411
1739716323374 0.5269400486370861 412
1739716323380 0.48473045270361803 413
1739716323386 0.5375648970949635 414
1739716323392 0.4103517012162074 415
1739716323399 0.4125144781284451 416
1739716323405 0.37688994201556275 417
1739716323411 0.47879277635293405 418
1739716323419 0.4107297184909987 419
1739716323426 0.5711135674075 420
1739716323434 0.44580510015639574 421
1739716323440 0.4533242829264185 422
1739716323446 0.5232671910671702 423
1739716323452 0.36668368470593865 424
1739716323459 0.369270560769214 425
1739716323465 0.4684110995815235 426
1739716323471 0.43586382459941114 427
1739716323479 0.32031265874507503 428
1739716323485 0.4072336560647272 429
1739716323491 0.3192999767323483 430
1739716323498 0.3527997172177345 431
1739716323504 0.3294867458490129 432
1739716323512 0.4020487851339007 433
1739716323519 0.3434416973007785 434
1739716323525 0.4380711009529258 435
1739716323532 0.3899240344751956 436
1739716323540 0.3818886869326041 437
1739716323547 0.35269281999395596 438
1739716323553 0.33337350148038286 439
1739716323559 0.31207723301437595 440
1739716323566 0.3414280144247016 441
1739716323573 0.32548815401267833 442
1739716323580 0.36616248490737197 443
1739716323586 0.366959691063435 444
1739716323595 0.26587412660820675 445
1739716323602 0.3736094533033197 446
1739716323608 0.2845922061323827 447
1739716323615 0.3330790594460312 448
1739716323621 0.2992028897572254 449
1739716323628 0.3426560589188131 450
1739716323634 0.23411763910824412 451
1739716323640 0.28597407510097994 452
1739716323646 0.4349952974570598 453
1739716323652 0.4333021351001051 454
1739716323658 0.3142796238745767 455
1739716323664 0.2640618634015785 456
1739716323671 0.25224831618132926 457
1739716323678 0.3786008315818952 458
1739716323685 0.2634447106861935 459
1739716323692 0.2975655115246755 460
1739716323698 0.3187303238939561 461
1739716323705 0.2739288691656787 462
1739716323711 0.2740366414507869 463
1739716323717 0.1994501833349475 464
1739716323723 0.30232573369787064 465
1739716323729 0.26478813938581525 466
1739716323734 0.2518252527131393 467
1739716323741 0.2716404303897888 468
1739716323747 0.3400209416578039 469
1739716323753 0.2855184398586486 470
1739716323759 0.28959172464555294 471
1739716323765 0.26064084196610504 472
1739716323771 0.2211320800447117 473
1739716323777 0.20414045395576605 474
1739716323783 0.25991171178056804 475
1739716323789 0.2677716625453331 476
1739716323795 0.2544545697724687 477
1739716323801 0.2622461388435092 478
1739716323806 0.2584927373793747 479
1739716323813 0.28671572752956537 480
1739716323820 0.24110128138135 481
1739716323826 0.2593939184961584 482
1739716323831 0.2232429618459574 483
1739716323837 0.23926029883443867 484
1739716323843 0.295437988004946 485
1739716323849 0.20555061926444781 486
1739716323854 0.1942758730820052 487
1739716323860 0.16694859595656308 488
1739716323866 0.23892713726023057 489
1739716323872 0.2171238957349273 490
1739716323878 0.21798895528898346 491
1739716323884 0.17156329058206873 492
1739716323890 0.24610801129209034 493
1739716323896 0.14961846470275628 494
1739716323902 0.16701183077173382 495
1739716323908 0.12533049595991705 496
1739716323914 0.2324628083176512 497
1739716323920 0.21859995566133308 498
1739716323925 0.21733762889789912 499
