1739717378876 177.1735385118021 0
1739717378907 5656.312987321746 1
1739717378939 297.2830465232987 2
1739717378971 7549.131577804555 3
1739717379004 0.0045638346639519075 4
1739717379036 3.0308627052671526 5
1739717379069 0.3914918033407019 6
1739717379101 1.2946749826005084 7
1739717379133 5.350207385790482 8
1739717379165 0.1306663134934472 9
1739717379198 4337.554648403588 10
1739717379230 15.108533937300496 11
1739717379262 3.077832869584472 12
1739717379295 41739.76850864146 13
1739717379327 10.270239515994186 14
1739717379359 437.1227225307198 15
1739717379392 182.32987437696963 16
1739717379424 2738.5025611907754 17
1739717379456 28148.097894364404 18
1739717379488 2229250.5220431946 19
1739717379520 21.274867256153183 20
1739717379552 132.36210968648305 21
1739717379585 1.195569114653433 22
1739717379617 51.60936206400749 23
1739717379649 148.46035654971953 24
1739717379682 4.601722669777335 25
1739717379714 6351054.781960147 26
1739717379747 0.004079443778826507 27
1739717379779 23.583601863261638 28
1739717379812 1027808109.1896186 29
1739717379844 11995797580.199114 30
1739717379876 7620986.626899953 31
1739717379909 1061896296.1778092 32
1739717379942 1.397632947195944 33
1739717379974 25145593.65716565 34
1739717380007 17185858.814689755 35
1739717380039 99916.4001031349 36
1739717380072 6.666767959605033 37
1739717380105 68.81842892724859 38
1739717380137 13280.734086772496 39
1739717380169 49387.00208056066 40
1739717380202 560.7254137756676 41
1739717380234 4288.533442819346 42
1739717380266 0.3207042670887359 43
1739717380299 0.014600856602692861 44
1739717380331 2940.28254323017 45
1739717380363 16649422628768.99 46
1739717380396 5.9859951002008535e+19 47
1739717380428 2447755172334.8804 48
1739717380460 60591873496492.17 49
1739717380493 17789536492603.527 50
1739717380525 5775584428478.526 51
1739717380557 2.4726698283178283e+19 52
1739717380589 21196906570628.49 53
1739717380622 1450625073031465.0 54
1739717380653 4.870690403343999e+16 55
1739717380686 2325148240572042.5 56
1739717380719 2.054481422846916e+16 57
1739717380751 1.0673618623997038e+20 58
1739717380784 9.210816513239514e+22 59
1739717380816 5.1448680694359025e+25 60
1739717380849 4.731872111567878e+25 61
1739717380881 3.4451016766481543e+19 62
1739717380913 1.8657617472405694e+22 63
1739717380946 1.1604447593339746e+16 64
1739717380978 1.9925529361929334e+29 65
1739717381011 3.175644556405302e+24 66
1739717381043 9.729801541341935e+20 67
1739717381076 5.577972992212362e+21 68
1739717381108 5.917845950013374e+19 69
1739717381141 111294526144885.8 70
1739717381173 1.616119916851551e+19 71
1739717381206 9.939826884811295e+17 72
1739717381238 330231589588.1155 73
1739717381271 1.211427569269571e+20 74
1739717381303 1.662271891087832e+17 75
1739717381336 2.4712008256597716e+16 76
1739717381369 1650871086.3713775 77
1739717381401 83430291.68247613 78
1739717381434 11159530.679770766 79
1739717381466 5.248794642275666 80
1739717381498 10666549.23978528 81
1739717381530 212999776.07738262 82
1739717381562 52.457476641337315 83
1739717381595 0.06519665302061742 84
1739717381627 836.6620993330852 85
1739717381659 844.3620084907417 86
1739717381692 446753.87963577016 87
1739717381724 171.83095947137588 88
1739717381756 512619.0554565151 89
1739717381788 348972930.4550826 90
1739717381821 32485628.408281155 91
1739717381853 199557251511863.5 92
1739717381885 486259369400597.44 93
1739717381917 116937.58684009447 94
1739717381949 26.385514685157023 95
1739717381981 69.91946697164242 96
1739717382014 13.59525288104845 97
1739717382046 0.0037712935572393985 98
1739717382078 37708511.16804884 99
1739717382111 11680008430908.62 100
1739717382143 2957856987.200088 101
1739717382175 19373678.514695015 102
1739717382207 0.09531445558672792 103
1739717382239 3.84962099174461 104
1739717382271 663.1615423269068 105
1739717382304 108359.3790902545 106
1739717382336 16.88321169853756 107
1739717382368 250515335.84157962 108
1739717382401 22452698.13760906 109
1739717382433 191177209.85531914 110
1739717382465 24033.914182558754 111
1739717382497 38605.886495080886 112
1739717382530 0.02597923489778644 113
1739717382562 0.09139725218789388 114
1739717382594 11.764363110401604 115
1739717382627 0.4992801487996337 116
1739717382659 8.413050073622703 117
1739717382691 9146.842081161805 118
1739717382723 666.1959556272714 119
1739717382755 0.0008762615478288534 120
1739717382787 29.34314939055799 121
1739717382820 37956.036395694595 122
1739717382853 10.837887173136501 123
1739717382885 26418.20176202783 124
1739717382918 29.59996607833604 125
1739717382951 3327.8429290166528 126
1739717382983 25808815184.421185 127
1739717383016 13663217.961258939 128
1739717383048 2526754.817266199 129
1739717383080 0.573613638031082 130
1739717383112 5293.344570213152 131
1739717383145 9.428231998291837 132
1739717383177 16.86276827468022 133
1739717383210 19780.43390789991 134
1739717383242 1598.5188303395742 135
1739717383275 0.4061658758971271 136
1739717383307 0.50559160045911 137
1739717383340 0.04584411894378312 138
1739717383372 103.88259480926351 139
1739717383405 17363.717145604598 140
1739717383438 461308.950049073 141
1739717383470 0.003455578076245405 142
1739717383503 15.086395168198084 143
1739717383535 0.4772993620324117 144
1739717383568 2002760.4990376907 145
1739717383600 54473081.17167681 146
1739717383633 8352.808294859526 147
1739717383665 337200.0842644442 148
1739717383697 4749686.0235959105 149
1739717383729 192243058.66127652 150
1739717383761 376238614887445.94 151
1739717383793 14307303297.30993 152
1739717383826 1637522729222310.5 153
1739717383859 4.411215507293015e+16 154
1739717383891 29292860924945.69 155
1739717383923 800437326408609.4 156
1739717383956 137354658012966.48 157
1739717383988 28285922186.705223 158
1739717384021 97554087.70635037 159
1739717384054 10035957.743774673 160
1739717384087 4791550.5779312 161
1739717384121 97329664.7548621 162
1739717384154 926.8855480518616 163
1739717384187 45.996650122364635 164
1739717384219 27.935542761098716 165
1739717384252 0.019427296839362836 166
1739717384285 4.044624265166207 167
1739717384318 0.056481333554347826 168
1739717384351 2675506.893881071 169
1739717384383 7560720.848314599 170
1739717384416 5.878515974405801 171
1739717384449 4.326056633948695 172
1739717384482 0.0012024566871362756 173
1739717384515 1021.9069533123262 174
1739717384548 3847.3031033217003 175
1739717384580 26594.478925652886 176
1739717384614 6.832755042236392 177
1739717384647 0.17241219151933715 178
1739717384679 192.14084942114874 179
1739717384711 107.92002803884434 180
1739717384744 180.78756173508808 181
1739717384776 5.573493022482515 182
1739717384809 4.452885990073448 183
1739717384842 39.041599553359895 184
1739717384874 478487.4283809611 185
1739717384906 84617.33724341237 186
1739717384939 0.5396694419535424 187
1739717384972 4640211.745403783 188
1739717385005 833.8347176611682 189
1739717385038 15189.640777418246 190
1739717385070 241.3594701622654 191
1739717385102 604.8173874305688 192
1739717385135 95.06040624208555 193
1739717385168 0.013584693463111693 194
1739717385200 0.00010157332201606321 195
1739717385233 4725014.048200234 196
1739717385266 151209.12816917905 197
1739717385298 431.7156127282541 198
1739717385330 5.080887031971502 199
1739717385363 19.655270135932497 200
1739717385396 88.8462890350467 201
1739717385428 0.9147915631190621 202
1739717385461 6809924.279310861 203
1739717385493 828960132955.0477 204
1739717385526 3573206946384.762 205
1739717385559 874292070071.8645 206
1739717385591 18516764838141.227 207
1739717385623 216924464.08001736 208
1739717385656 149672326001.31384 209
1739717385688 3.8531323554525216e+17 210
1739717385720 1.5671149125343046e+17 211
1739717385752 1147599887114049.0 212
1739717385785 8.6121856101077e+28 213
1739717385817 1.958893734160558e+29 214
1739717385850 4.793599149560128e+24 215
1739717385882 8.252833884011776e+20 216
1739717385915 1.1423208790412825e+26 217
1739717385947 8.377775918855945e+24 218
1739717385980 2.525972805631504e+26 219
1739717386012 3.3583767455292186e+27 220
1739717386045 2.1285045194885252e+30 221
1739717386077 7.526047233782042e+26 222
1739717386110 1.7471105523925583e+24 223
1739717386142 4.13427143750906e+17 224
1739717386175 2.8942478701217534e+19 225
1739717386207 6238943022247535.0 226
1739717386240 312588947829.3898 227
1739717386272 6483636423.114845 228
1739717386305 981.8347514803346 229
1739717386338 5884780.857305838 230
1739717386370 1113185.7284301792 231
1739717386402 4980942.470574068 232
1739717386435 2549718565.2344494 233
1739717386468 8062.190016567658 234
1739717386500 80.86753338001124 235
1739717386532 0.1836771720865944 236
1739717386565 311.2941589622287 237
1739717386597 2795.2248837853685 238
1739717386629 46322.25327747976 239
1739717386662 816.7067329016792 240
1739717386694 222573873.17734075 241
1739717386726 32904373595.773018 242
1739717386759 316693230.3945679 243
1739717386792 226317.94432729497 244
1739717386824 0.49034738001134676 245
1739717386856 0.193863909538126 246
1739717386889 0.3101716355810771 247
1739717386921 988420.6409463765 248
1739717386954 821.5458468525678 249
1739717386986 4.186155362627372 250
1739717387018 1680195534328475.2 251
1739717387051 664321390987.3618 252
1739717387084 87454905023139.94 253
1739717387116 7634396.44750967 254
1739717387148 16773.675768522797 255
1739717387193 2193.4712317165845 256
1739717387227 9249849.67114814 257
1739717387261 7.049372028056768 258
1739717387294 3.392570846383565 259
1739717387328 0.13590993913153496 260
1739717387362 0.0014818474939017692 261
1739717387396 0.011547662136980476 262
1739717387432 0.029669657304939808 263
1739717387474 590632.3500770032 264
1739717387510 164385.9023335325 265
1739717387549 5.2176871074107485 266
1739717387583 585859.0594490172 267
1739717387617 362.39501301093156 268
1739717387652 2.632828852608233 269
1739717387685 30237.953954153647 270
1739717387719 220.08863052660476 271
1739717387752 0.0015196976051101393 272
1739717387786 620.9714116009405 273
1739717387819 41923561284.55907 274
1739717387853 15201611.462987669 275
1739717387887 113717788193.87909 276
1739717387920 140924973673483.94 277
1739717387953 24412937645870.082 278
1739717387986 6419587969825.351 279
1739717388020 45949043881.23456 280
1739717388053 11186.900971890396 281
1739717388086 0.4322507862095517 282
1739717388120 5.469672223964086 283
1739717388153 0.6020039321859825 284
1739717388186 27.242424997683223 285
1739717388220 188669.75350257687 286
1739717388252 7199743774.297956 287
1739717388285 121258984.06365956 288
1739717388317 278590.59412348375 289
1739717388349 9.60429064920433 290
1739717388381 209.92159137628633 291
1739717388413 4.803287319778916 292
1739717388446 4151.465799530007 293
1739717388479 7.350558271678919 294
1739717388511 0.5312698643289695 295
1739717388544 1.2774702173517947 296
1739717388576 0.08735431102230035 297
1739717388609 1987860.6752520215 298
1739717388640 14.04492289031615 299
1739717388673 1321.2627104253972 300
1739717388705 19.145019966988823 301
1739717388737 2829681.9805757743 302
1739717388769 0.8341799006465054 303
1739717388802 68922.6670353573 304
1739717388834 2.4266233484027913 305
1739717388867 0.33400373648917514 306
1739717388899 258.06907124399044 307
1739717388931 3722.3646065298767 308
1739717388963 667.363861381475 309
1739717388996 334120.97001765773 310
1739717389028 282695.2368418031 311
1739717389061 5365.403064764564 312
1739717389093 18717.236054090503 313
1739717389125 652551.2226426223 314
1739717389159 21137.647491459345 315
1739717389192 4235956.750298574 316
1739717389224 113.07677667030873 317
1739717389258 188.93224863922134 318
1739717389290 71.15261256365828 319
1739717389323 18.66159804963337 320
1739717389355 0.1287408320284019 321
1739717389388 9.066948003833469 322
1739717389421 4.637524606512761 323
1739717389453 0.1424075871375397 324
1739717389486 4413.895313131088 325
1739717389518 6981.347320353159 326
1739717389550 7882.1704661893455 327
1739717389583 24021.754750936907 328
1739717389615 1106426.320171445 329
1739717389647 56729169709815.78 330
1739717389680 1402743912091.2974 331
1739717389712 1698646417.6048954 332
1739717389744 264762.1399124819 333
1739717389776 4.738745000275056 334
1739717389809 1232.8963446993396 335
1739717389841 25.035341570775152 336
1739717389873 8.395124098368054 337
1739717389906 31581559952.528526 338
1739717389938 4.6480612928806626e+21 339
1739717389971 710534870444488.4 340
1739717390004 829135717366308.9 341
1739717390037 562152584387829.8 342
1739717390071 2269565179113120.5 343
1739717390104 45693670151.61319 344
1739717390136 4167528893.81625 345
1739717390168 3908338809.347145 346
1739717390201 1892291.8470801672 347
1739717390234 9296.456366476976 348
1739717390267 197.5443974713801 349
1739717390299 9.651752183090753 350
1739717390332 235.61393998340534 351
1739717390365 9.86642519911889 352
1739717390398 18.885342317610117 353
1739717390429 837156841669.5035 354
1739717390461 16857248342.76784 355
1739717390494 7897069058.31367 356
1739717390527 1461559.1609654762 357
1739717390559 9459.359542601269 358
1739717390591 8.090898529204464 359
1739717390624 52321.92653279271 360
1739717390656 80.59893390102184 361
1739717390689 9135.481522097034 362
1739717390722 3215748413.2312636 363
1739717390754 98425797.01232395 364
1739717390787 31513707.650578417 365
1739717390820 4013.5359493414726 366
1739717390852 25.069389250559624 367
1739717390884 583.8920251289438 368
1739717390916 0.5363878540934166 369
1739717390948 239.7351059454716 370
1739717390981 0.057593141175001736 371
1739717391013 1.76117456769687 372
1739717391045 0.0012317875636657703 373
1739717391078 539885.199567064 374
1739717391110 25.042111624152547 375
1739717391143 23.63274232875031 376
1739717391175 9271820.972993562 377
1739717391208 49317177586.1444 378
1739717391239 4.945221248990724e+16 379
1739717391272 1.2830753902201188e+20 380
1739717391305 8.977487720885705e+17 381
1739717391338 1.412183092519597e+20 382
1739717391370 5.739069809135151e+21 383
1739717391402 3.584108352118048e+20 384
1739717391435 7.60275047842956e+20 385
1739717391467 1.0317939567811283e+17 386
1739717391499 858487441811011.5 387
1739717391532 225663616005788.78 388
1739717391565 3.47865969839664e+16 389
1739717391597 5.349142283296862e+20 390
1739717391629 5.844661683401742e+17 391
1739717391661 7.3713798388979e+17 392
1739717391694 2.2130481380338634e+20 393
1739717391726 8988769798419.545 394
1739717391759 2308659570.7152157 395
1739717391791 1600554603.829456 396
1739717391824 1513482086.666552 397
1739717391856 84611199.68232505 398
1739717391888 179685314.5433581 399
1739717391920 166498.2246515305 400
1739717391952 1.6006206918434673 401
1739717391985 1.1233613812465546 402
1739717392017 12.581223820799583 403
1739717392048 2.8695265008127854e-05 404
1739717392080 30.62872266810357 405
1739717392113 3.0031144892348465 406
1739717392145 49.887290568364556 407
1739717392178 0.4068378029224134 408
1739717392210 0.020614765730818246 409
1739717392243 418.4011629550661 410
1739717392275 311.04634307460617 411
1739717392307 223638.70080572754 412
1739717392339 29151295.980739146 413
1739717392371 2253.557322972228 414
1739717392404 17693566.96981283 415
1739717392438 89962.020247129 416
1739717392470 111.1754781441741 417
1739717392502 0.6353777185303408 418
1739717392535 995226.8564473421 419
1739717392567 2153.4576028544448 420
1739717392599 0.1273012864593769 421
1739717392632 0.1683619557439297 422
1739717392664 15790.442820618751 423
1739717392696 1706.7582058629866 424
1739717392729 114.91682639579234 425
1739717392761 5.316871957470052 426
1739717392793 0.011037338814927317 427
1739717392826 0.021879844494753484 428
1739717392858 667.6030805257105 429
1739717392891 25573374.238856357 430
1739717392924 48288.45355656219 431
1739717392956 0.06374759893378737 432
1739717392988 366.98889012922297 433
1739717393021 56.971798544818725 434
1739717393056 33.95382775460104 435
1739717393088 336958.487008048 436
1739717393120 5462.2475560806515 437
1739717393153 193889.5396741753 438
1739717393185 10399.453907381367 439
1739717393218 1084842.5526772188 440
1739717393250 223.52818736457394 441
1739717393282 4352239.954955907 442
1739717393315 43866161.52100226 443
1739717393347 1902620427290537.5 444
1739717393379 2.3522736151587935e+21 445
1739717393412 3.855654746787806e+22 446
1739717393445 1.6944446311233663e+19 447
1739717393477 84016649943924.03 448
1739717393510 37451245210.16356 449
1739717393542 8147580185637.257 450
1739717393574 1.1616385427282225e+18 451
1739717393607 5.712774311580964e+19 452
1739717393639 5.350066281526189e+18 453
1739717393671 5.301443454646296e+19 454
1739717393703 230192883273997.75 455
1739717393735 42293439.62581592 456
1739717393767 6659494.514984871 457
1739717393799 142199408198.3074 458
1739717393831 323.09367322659574 459
1739717393863 22994.489753669015 460
1739717393896 17.18053037186133 461
1739717393928 0.4399700691520613 462
1739717393961 32296964945.618877 463
1739717393993 1414459366720.972 464
1739717394025 2886665832392.9717 465
1739717394057 11108061892803.395 466
1739717394089 225999825.28025344 467
1739717394122 154.13983748800896 468
1739717394154 376.1368957457532 469
1739717394186 13940331.45122538 470
1739717394219 253032251.234967 471
1739717394252 67702391951.35095 472
1739717394284 14644.91918156506 473
1739717394316 23218297.975046467 474
1739717394349 4980359.75625078 475
1739717394381 704343145.4100152 476
1739717394413 40592770.09025412 477
1739717394446 18324069844.86453 478
1739717394480 7212237376.348212 479
1739717394513 378007157.5521224 480
1739717394546 199355.88152931264 481
1739717394578 39551.42423451016 482
1739717394611 9916.988091650901 483
1739717394643 2.63828586617402 484
1739717394675 4.458358717169121 485
1739717394707 206.64617104902922 486
1739717394740 1162444151.2727566 487
1739717394773 6203.556855902203 488
1739717394805 19.616829030217026 489
1739717394837 0.8334399833526318 490
1739717394870 141.6928249780603 491
1739717394902 28271295.188127697 492
1739717394935 44449.42787017223 493
1739717394967 117921.85319341811 494
1739717395000 116608.68119473137 495
1739717395032 47836400537.140785 496
1739717395065 97560430523.69821 497
1739717395097 1.3366400006704502e+18 498
1739717395130 2.1617006726662783e+19 499
