1739715163700 169.52366071818852 0
1739715163706 169.2850865482151 1
1739715163710 168.9776374428389 2
1739715163716 168.64999535525072 3
1739715163722 168.31676873649198 4
1739715163726 167.9823396175578 5
1739715163731 167.64802169103052 6
1739715163735 167.3142081065629 7
1739715163739 166.98101584722616 8
1739715163744 166.64847904708694 9
1739715163748 166.31660698728106 10
1739715163752 165.98540149501892 11
1739715163756 165.65486216333414 12
1739715163760 165.3249879170184 13
1739715163764 164.99577748240213 14
1739715163769 164.6672295282853 15
1739715163773 164.3393427082125 16
1739715163778 164.0121156731512 17
1739715163782 163.68554707529063 18
1739715163786 163.3596355691771 19
1739715163790 163.03437981204976 20
1739715163794 162.70977846393748 21
1739715163798 162.38583018768264 22
1739715163802 162.06253364894448 23
1739715163806 161.73988751619532 24
1739715163810 161.41789046071523 25
1739715163814 161.09654115658546 26
1739715163818 160.77583828068296 27
1739715163822 160.45578051267333 28
1739715163826 160.13636653500524 29
1739715163829 159.8175950329037 30
1739715163833 159.49946469436395 31
1739715163837 159.1819742101452 32
1739715163841 158.86512227376463 33
1739715163845 158.54890758149082 34
1739715163849 158.23332883233792 35
1739715163854 157.91838472805915 36
1739715163858 157.60407397314106 37
1739715163861 157.29039527479694 38
1739715163865 156.977347342961 39
1739715163869 156.66492889028228 40
1739715163873 156.35313863211823 41
1739715163877 156.04197528652912 42
1739715163881 155.73143757427152 43
1739715163885 155.4215242187926 44
1739715163889 155.11223394622388 45
1739715163893 154.8035654853754 46
1739715163897 154.49551756772945 47
1739715163901 154.1880889274349 48
1739715163906 153.88127830130102 49
1739715163911 153.57508442879166 50
1739715163915 153.26950605201927 51
1739715163919 152.96454191573875 52
1739715163923 152.66019076734202 53
1739715163927 152.35645135685164 54
1739715163932 152.05332243691524 55
1739715163936 151.75080276279957 56
1739715163940 151.44889109238457 57
1739715163944 151.1475861861577 58
1739715163948 150.84688680720797 59
1739715163952 150.54679172122016 60
1739715163956 150.2472996964691 61
1739715163960 149.94840950381382 62
1739715163964 149.65011991669192 63
1739715163968 149.35242971111356 64
1739715163972 149.05533766565603 65
1739715163977 148.7588425614578 66
1739715163981 148.46294318221297 67
1739715163985 148.16763831416546 68
1739715163990 147.87292674610345 69
1739715163994 147.57880726935355 70
1739715163999 147.28527867777547 71
1739715164004 146.99233976775588 72
1739715164008 146.69998933820335 73
1739715164013 146.40822619054236 74
1739715164018 146.11704912870783 75
1739715164022 145.8264569591395 76
1739715164028 145.53644849077654 77
1739715164033 145.24702253505174 78
1739715164039 144.95817790588612 79
1739715164044 144.66991341968352 80
1739715164050 144.3822278953247 81
1739715164057 144.09512015416234 82
1739715164062 143.8085890200153 83
1739715164067 143.5226333191629 84
1739715164072 143.23725188034018 85
1739715164077 142.95244353473157 86
1739715164082 142.66820711596628 87
1739715164088 142.38454146011227 88
1739715164096 142.10144540567114 89
1739715164102 141.8189177935728 90
1739715164108 141.53695746717 91
1739715164113 141.25556327223276 92
1739715164119 140.97473405694336 93
1739715164124 140.69446867189095 94
1739715164130 140.414765970066 95
1739715164135 140.1356248068552 96
1739715164140 139.85704404003604 97
1739715164146 139.5790225297718 98
1739715164151 139.30155913860585 99
1739715164156 139.02465273145674 100
1739715164161 138.74830217561274 101
1739715164166 138.47250634072674 102
1739715164171 138.19726409881108 103
1739715164176 137.92257432423216 104
1739715164180 137.6484358937054 105
1739715164185 137.37484768628997 106
1739715164189 137.1018085833837 107
1739715164195 136.82931746871787 108
1739715164199 136.55737322835213 109
1739715164204 136.28597475066925 110
1739715164209 136.01512092637017 111
1739715164214 135.74481064846876 112
1739715164219 135.47504281228677 113
1739715164224 135.20581631544883 114
1739715164228 134.93713005787723 115
1739715164233 134.66898294178702 116
1739715164237 134.40137387168085 117
1739715164241 134.13430175434402 118
1739715164245 133.86776549883945 119
1739715164249 133.60176401650256 120
1739715164254 133.33629622093653 121
1739715164257 133.07136102800703 122
1739715164261 132.8069573558375 123
1739715164266 132.543084124804 124
1739715164271 132.27974025753036 125
1739715164275 132.01692467888327 126
1739715164279 131.7546363159673 127
1739715164282 131.49287409812004 128
1739715164286 131.23163695690715 129
1739715164290 130.9709238261175 130
1739715164294 130.71073364175837 131
1739715164298 130.4510653420505 132
1739715164302 130.19191786742317 133
1739715164306 129.9332901605096 134
1739715164310 129.67518116614193 135
1739715164314 129.4175898313464 136
1739715164319 129.1605151053387 137
1739715164323 128.90395593951902 138
1739715164326 128.64791128746737 139
1739715164330 128.39238010493878 140
1739715164334 128.13736134985854 141
1739715164339 127.88285398231741 142
1739715164345 127.62885696456706 143
1739715164381 127.37536926101514 144
1739715164392 127.12238983822066 145
1739715164398 126.8699176648893 146
1739715164402 126.61795171186871 147
1739715164407 126.36649095214385 148
1739715164411 126.11553436083227 149
1739715164415 125.86508091517956 150
1739715164419 125.61512959455457 151
1739715164423 125.36567938044492 152
1739715164427 125.11672925645226 153
1739715164431 124.86827820828779 154
1739715164436 124.62032522376747 155
1739715164441 124.37286929280762 156
1739715164446 124.12590940742032 157
1739715164450 123.87944456170871 158
1739715164454 123.63347375186257 159
1739715164458 123.38799597615372 160
1739715164462 123.1430102349315 161
1739715164466 122.89851553061825 162
1739715164470 122.6545108677048 163
1739715164474 122.41099525274599 164
1739715164478 122.16796769435615 165
1739715164482 121.92542720320458 166
1739715164487 121.68337279201121 167
1739715164491 121.44180347554202 168
1739715164495 121.20071827060464 169
1739715164499 120.96011619604394 170
1739715164503 120.7199962727376 171
1739715164506 120.4803575235916 172
1739715164510 120.24119897353599 173
1739715164514 120.00251964952032 174
1739715164518 119.76431858050941 175
1739715164523 119.5265947974788 176
1739715164526 119.28934733341062 177
1739715164530 119.05257522328901 178
1739715164534 118.81627750409594 179
1739715164538 118.58045321480677 180
1739715164542 118.34510139638604 181
1739715164546 118.11022109178303 182
1739715164551 117.87581134592759 183
1739715164555 117.64187120572574 184
1739715164559 117.40839972005543 185
1739715164563 117.17539593976234 186
1739715164567 116.9428589176555 187
1739715164571 116.71078770850318 188
1739715164575 116.47918136902845 189
1739715164579 116.24803895790517 190
1739715164583 116.0173595357536 191
1739715164586 115.78714216513636 192
1739715164590 115.557385910554 193
1739715164594 115.32808983844106 194
1739715164598 115.09925301716176 195
1739715164602 114.87087451700576 196
1739715164606 114.64295341018416 197
1739715164611 114.41548877082526 198
1739715164615 114.18847967497044 199
1739715164619 113.96192520057002 200
1739715164623 113.73582442747913 201
1739715164627 113.51017643745361 202
1739715164631 113.28498031414595 203
1739715164636 113.06023514310112 204
1739715164639 112.83594001175258 205
1739715164644 112.6120940094181 206
1739715164648 112.38869622729578 207
1739715164651 112.16574575845995 208
1739715164655 111.94324169785718 209
1739715164659 111.7211831423022 210
1739715164663 111.49956919047388 211
1739715164667 111.27839894291124 212
1739715164670 111.0576715020094 213
1739715164674 110.83738597201564 214
1739715164678 110.61754145902535 215
1739715164681 110.39813707097817 216
1739715164685 110.17917191765378 217
1739715164689 109.96064511066828 218
1739715164693 109.7425557634699 219
1739715164697 109.52490299133535 220
1739715164701 109.30768591136572 221
1739715164705 109.09090364248252 222
1739715164709 108.87455530542388 223
1739715164713 108.65864002274071 224
1739715164717 108.44315691879258 225
1739715164722 108.22810511974403 226
1739715164725 108.01348375356054 227
1739715164729 107.79929195000481 228
1739715164733 107.58552884063289 229
1739715164737 107.37219355879017 230
1739715164741 107.15928523960768 231
1739715164745 106.94680301999823 232
1739715164748 106.73474603865262 233
1739715164752 106.52311343603579 234
1739715164756 106.3119043543829 235
1739715164760 106.1011179376958 236
1739715164764 105.890753331739 237
1739715164769 105.68080968403605 238
1739715164773 105.47128614386561 239
1739715164777 105.26218186225789 240
1739715164781 105.05349599199072 241
1739715164786 104.8452276875859 242
1739715164790 104.63737610530544 243
1739715164794 104.42994040314785 244
1739715164798 104.2229197408444 245
1739715164802 104.01631327985547 246
1739715164806 103.8101201833667 247
1739715164810 103.60433961628553 248
1739715164814 103.39897074523726 249
1739715164818 103.1940127385616 250
1739715164823 102.98946476630887 251
1739715164827 102.78532600023641 252
1739715164831 102.58159561380485 253
1739715164835 102.3782727821746 254
1739715164839 102.17535668220204 255
1739715164843 101.97284649243608 256
1739715164847 101.7707413931144 257
1739715164851 101.56904056616 258
1739715164855 101.36774319517743 259
1739715164860 101.16684846544923 260
1739715164864 100.96635556393254 261
1739715164868 100.76626367925526 262
1739715164872 100.56657200171263 263
1739715164876 100.36727972326368 264
1739715164880 100.16838603752761 265
1739715164884 99.96989013978033 266
1739715164888 99.77179122695087 267
1739715164892 99.57408849761785 268
1739715164896 99.376781152006 269
1739715164900 99.17986839198265 270
1739715164904 98.98334942105424 271
1739715164911 98.78722344436268 272
1739715164915 98.59148966868216 273
1739715164919 98.39614730241539 274
1739715164923 98.20119555559027 275
1739715164928 98.00663363985646 276
1739715164932 97.81246076848178 277
1739715164936 97.61867615634894 278
1739715164940 97.42527901995197 279
1739715164944 97.2322685773929 280
1739715164948 97.03964404837821 281
1739715164956 96.84740465421555 282
1739715164960 96.65554961781024 283
1739715164964 96.46407816366195 284
1739715164969 96.27298951786123 285
1739715164975 96.08228290808617 286
1739715164980 95.89195756359905 287
1739715164985 95.70201271524292 288
1739715164990 95.51244759543829 289
1739715164994 95.32326143817976 290
1739715164999 95.13445347903263 291
1739715165004 94.94602295512965 292
1739715165008 94.75796910516766 293
1739715165013 94.57029116940423 294
1739715165017 94.3829883896544 295
1739715165021 94.19606000928735 296
1739715165026 94.00950527322308 297
1739715165029 93.82332342792915 298
1739715165034 93.63751372141745 299
1739715165038 93.4520754032408 300
1739715165042 93.26700772448979 301
1739715165046 93.08230993778945 302
1739715165050 92.89798129729601 303
1739715165054 92.71402105869376 304
1739715165058 92.53042847919161 305
1739715165062 92.34720281752008 306
1739715165067 92.16434333392783 307
1739715165071 91.98184929017876 308
1739715165075 91.79971994954848 309
1739715165081 91.61795457682128 310
1739715165086 91.43655243828698 311
1739715165092 91.25551280173761 312
1739715165097 91.07483493646428 313
1739715165101 90.8945181132541 314
1739715165106 90.71456160438683 315
1739715165112 90.5349646836319 316
1739715165117 90.35572662624512 317
1739715165121 90.17684670896568 318
1739715165127 89.99832421001287 319
1739715165133 89.82015840908309 320
1739715165139 89.64234858734655 321
1739715165143 89.46489402744434 322
1739715165148 89.28779401348521 323
1739715165152 89.11104783104248 324
1739715165157 88.93465476715102 325
1739715165161 88.75861411030401 326
1739715165166 88.58292515045004 327
1739715165170 88.40758717898994 328
1739715165174 88.23259948877367 329
1739715165178 88.05796137409743 330
1739715165183 87.88367213070032 331
1739715165188 87.70973105576165 332
1739715165193 87.5361374478976 333
1739715165199 87.36289060715833 334
1739715165203 87.189989835025 335
1739715165208 87.01743443440658 336
1739715165212 86.84522370963701 337
1739715165216 86.6733569664721 338
1739715165220 86.50183351208658 339
1739715165224 86.33065265507105 340
1739715165229 86.1598137054291 341
1739715165233 85.98931597457418 342
1739715165237 85.81915877532677 343
1739715165241 85.64934142191139 344
1739715165245 85.47986322995352 345
1739715165250 85.3107235164768 346
1739715165254 85.14192159990004 347
1739715165258 84.97345680003423 348
1739715165262 84.80532843807964 349
1739715165266 84.637535836623 350
1739715165270 84.47007831963434 351
1739715165275 84.30295521246433 352
1739715165279 84.1361658418412 353
1739715165283 83.96970953586798 354
1739715165287 83.8035856240195 355
1739715165292 83.63779343713952 356
1739715165296 83.47233230743788 357
1739715165300 83.30720156848767 358
1739715165304 83.14240055522225 359
1739715165308 82.9779286039325 360
1739715165312 82.81378505226388 361
1739715165317 82.64996923921368 362
1739715165321 82.48648050512804 363
1739715165326 82.32331819169929 364
1739715165332 82.16048164196296 365
1739715165337 81.99797020029506 366
1739715165341 81.83578321240925 367
1739715165345 81.67392002535395 368
1739715165350 81.5123799875097 369
1739715165354 81.35116244858618 370
1739715165358 81.19026675961955 371
1739715165362 81.02969227296954 372
1739715165366 80.86943834231694 373
1739715165370 80.70950432266042 374
1739715165374 80.54988957031414 375
1739715165378 80.39059344290474 376
1739715165383 80.23161529936876 377
1739715165387 80.07295449994977 378
1739715165391 79.9146104061957 379
1739715165395 79.75658238095602 380
1739715165399 79.5988697883792 381
1739715165403 79.44147199390969 382
1739715165407 79.28438836428552 383
1739715165411 79.12761826753535 384
1739715165416 78.97116107297592 385
1739715165420 78.81501615120924 386
1739715165425 78.65918287411992 387
1739715165429 78.50366061487264 388
1739715165433 78.34844874790919 389
1739715165437 78.19354664894601 390
1739715165441 78.03895369497147 391
1739715165445 77.88466926424317 392
1739715165450 77.73069273628529 393
1739715165454 77.57702349188602 394
1739715165458 77.4236609130948 395
1739715165462 77.27060438321969 396
1739715165466 77.11785328682483 397
1739715165470 76.9654070097278 398
1739715165474 76.81326493899685 399
1739715165478 76.66142646294853 400
1739715165482 76.50989097114477 401
1739715165486 76.3586578543906 402
1739715165490 76.20772650473135 403
1739715165494 76.05709631545005 404
1739715165498 75.906766681065 405
1739715165502 75.75673699732698 406
1739715165506 75.60700666121686 407
1739715165509 75.45757507094292 408
1739715165514 75.30844162593831 409
1739715165518 75.15960572685857 410
1739715165521 75.01106677557884 411
1739715165526 74.86282417519169 412
1739715165530 74.7148773300042 413
1739715165534 74.56722564553566 414
1739715165537 74.419868528515 415
1739715165543 74.27280538687816 416
1739715165549 74.1260356297657 417
1739715165554 73.9795586675202 418
1739715165558 73.83337391168376 419
1739715165563 73.68748077499566 420
1739715165568 73.54187867138954 421
1739715165572 73.3965670159912 422
1739715165576 73.25154522511596 423
1739715165580 73.10681271626625 424
1739715165584 72.9623689081291 425
1739715165588 72.81821322057368 426
1739715165592 72.67434507464883 427
1739715165596 72.53076389258061 428
1739715165600 72.38746909776985 429
1739715165604 72.2444601147897 430
1739715165608 72.10173636938313 431
1739715165612 71.95929728846062 432
1739715165616 71.81714230009754 433
1739715165620 71.67527083353197 434
1739715165624 71.53368231916208 435
1739715165629 71.39237618854374 436
1739715165632 71.2513518743882 437
1739715165636 71.11060881055957 438
1739715165641 70.97014643207257 439
1739715165645 70.82996417508998 440
1739715165649 70.69006147692032 441
1739715165653 70.55043777601547 442
1739715165657 70.41109251196829 443
1739715165661 70.2720251255102 444
1739715165665 70.1332350585089 445
1739715165669 69.99472175396595 446
1739715165673 69.85648465601435 447
1739715165677 69.71852320991634 448
1739715165681 69.58083686206089 449
1739715165685 69.44342505996148 450
1739715165689 69.30628725225371 451
1739715165693 69.1694228886929 452
1739715165698 69.03283142015196 453
1739715165702 68.89651229861883 454
1739715165706 68.76046497719432 455
1739715165710 68.62468891008972 456
1739715165714 68.48918355262457 457
1739715165719 68.35394836122428 458
1739715165723 68.21898279341784 459
1739715165726 68.0842863078356 460
1739715165731 67.94985836420688 461
1739715165735 67.8156984233578 462
1739715165739 67.68180594720889 463
1739715165743 67.54818039877286 464
1739715165746 67.41482124215243 465
1739715165750 67.28172794253786 466
1739715165754 67.14889996620491 467
1739715165758 67.01633678051245 468
1739715165762 66.88403785390025 469
1739715165766 66.7520026558867 470
1739715165770 66.62023065706674 471
1739715165774 66.48872132910935 472
1739715165779 66.35747414475556 473
1739715165783 66.22648857781608 474
1739715165787 66.09576410316916 475
1739715165791 65.96530019675838 476
1739715165794 65.83509633559039 477
1739715165798 65.70515199773273 478
1739715165803 65.57546666231158 479
1739715165807 65.44603980950976 480
1739715165810 65.31687092056421 481
1739715165815 65.18795947776415 482
1739715165819 65.05930496444866 483
1739715165823 64.9309068650046 484
1739715165827 64.80276466486441 485
1739715165831 64.674877850504 486
1739715165835 64.54724590944049 487
1739715165839 64.41986833023019 488
1739715165843 64.29274460246627 489
1739715165847 64.16587421677676 490
1739715165851 64.03925666482237 491
1739715165855 63.912891439294334 492
1739715165859 63.78677803391227 493
1739715165863 63.66091594342207 494
1739715165867 63.53530466359373 495
1739715165870 63.409943691219354 496
1739715165874 63.28483252411087 497
1739715165878 63.15997066109806 498
1739715165882 63.03535760202636 499
