1739718805000 0.18013620996928292 0
1739718805025 0.03381196960966889 1
1739718805050 1.0833207922106016 2
1739718805076 0.31140110121665243 3
1739718805102 0.15237891776288415 4
1739718805128 0.42119766149448684 5
1739718805154 0.00010573667618457233 6
1739718805180 0.0366980667495443 7
1739718805206 0.23426521492383062 8
1739718805233 0.45302539942197084 9
1739718805258 0.06448643439629315 10
1739718805284 0.12024728825054364 11
1739718805310 0.0035838280040589995 12
1739718805335 0.8154605653513379 13
1739718805362 0.027688589327315237 14
1739718805387 0.0670583260840922 15
1739718805413 0.003374462386124929 16
1739718805438 0.15764288047335248 17
1739718805463 0.3665259034569652 18
1739718805489 0.009155402841619673 19
1739718805515 0.00042834305753736314 20
1739718805540 0.5825276565686954 21
1739718805566 0.46140862660917736 22
1739718805591 1.385056023791319 23
1739718805616 0.001201031622839668 24
1739718805642 0.0015072854334593603 25
1739718805668 0.08876215767988864 26
1739718805694 1.1765318632618367 27
1739718805720 0.453054043753719 28
1739718805746 0.2535243594832387 29
1739718805771 0.08474485699058852 30
1739718805797 0.036090812828094655 31
1739718805823 0.03208695055869084 32
1739718805850 0.11911122619159525 33
1739718805875 0.01338462961032954 34
1739718805901 0.9354888388160463 35
1739718805927 1.1122094240719027 36
1739718805952 0.12806883722566448 37
1739718805978 0.09474727065783452 38
1739718806003 0.9802296574492445 39
1739718806029 0.00011198786464946633 40
1739718806055 2.729754470782095e-05 41
1739718806081 0.05306732671910916 42
1739718806108 0.13592626154704768 43
1739718806134 0.3810908844331049 44
1739718806159 0.17111118554271953 45
1739718806185 0.06714629581595968 46
1739718806211 0.06355347857139729 47
1739718806237 0.008535217502824018 48
1739718806262 0.02327132598727067 49
1739718806288 0.15072903054582884 50
1739718806313 0.10334443531293577 51
1739718806339 0.10521573133584611 52
1739718806364 0.0002382570320323013 53
1739718806389 0.02402676175195801 54
1739718806415 0.03343298858003507 55
1739718806441 0.3803891138221217 56
1739718806466 0.00715534571635999 57
1739718806492 0.00031564912795782363 58
1739718806518 0.28557275511714025 59
1739718806543 0.01467362362749279 60
1739718806568 0.01771027321234086 61
1739718806594 0.8141025120985604 62
1739718806619 0.008734789759814118 63
1739718806644 0.001558820434726786 64
1739718806669 0.8672731357889942 65
1739718806694 0.08906015802180559 66
1739718806720 0.005862563886370251 67
1739718806745 0.03608819216705954 68
1739718806771 0.08334462576621761 69
1739718806796 0.154637799929445 70
1739718806822 0.02840759308678118 71
1739718806848 0.013615039328241454 72
1739718806873 0.5643290879412142 73
1739718806898 0.18020550510359537 74
1739718806924 0.13816935616602435 75
1739718806949 0.008874521694712914 76
1739718806975 0.18687029669913924 77
1739718807000 0.4861988753342837 78
1739718807026 0.41962093288233515 79
1739718807051 0.17648141075131468 80
1739718807077 0.17476008924733671 81
1739718807103 0.2168212787814383 82
1739718807129 0.0702237880871922 83
1739718807155 0.07783684401924743 84
1739718807180 0.2576926802744428 85
1739718807205 0.0034673445105588823 86
1739718807232 0.015514152084498392 87
1739718807257 0.006990977872671603 88
1739718807283 0.07154937609695845 89
1739718807308 0.24661414033234585 90
1739718807334 0.010733082071343384 91
1739718807360 0.16606057717386336 92
1739718807385 0.00051135743026905 93
1739718807411 0.49136752524103394 94
1739718807436 5.9718821384071897e-05 95
1739718807462 0.011758937539079263 96
1739718807487 0.027559923556430405 97
1739718807512 0.025307991325838573 98
1739718807538 0.062391656078242874 99
1739718807564 0.12323389748524353 100
1739718807589 1.4641758071418989 101
1739718807615 0.21956632858509162 102
1739718807641 0.04259873856506917 103
1739718807666 0.19370480060787473 104
1739718807692 0.0014787209595779796 105
1739718807718 0.020670050898219626 106
1739718807744 0.05174621334227658 107
1739718807769 0.020651740736485714 108
1739718807794 0.022429541905273537 109
1739718807820 0.001146354749882358 110
1739718807846 0.05165320019457917 111
1739718807871 0.00028922319846303026 112
1739718807897 0.10665691304815542 113
1739718807923 0.17234737091400046 114
1739718807949 7.380906209086188e-05 115
1739718807976 0.0693411078891019 116
1739718808002 7.8390139545713104 117
1739718808028 0.15910289298609306 118
1739718808053 0.050166302166882074 119
1739718808079 0.016205848216938434 120
1739718808145 0.3490052174518505 121
1739718808171 0.09592870151207482 122
1739718808196 0.06876926187369602 123
1739718808221 0.0002822958419782768 124
1739718808246 0.015848957075111816 125
1739718808271 0.07562588800623023 126
1739718808296 0.1851571647240893 127
1739718808322 0.03410915123802867 128
1739718808348 0.020605412516111032 129
1739718808373 8.537631392949196e-05 130
1739718808398 0.14580477521212348 131
1739718808424 0.17567253326989998 132
1739718808450 0.17709490304847716 133
1739718808475 0.07754895969168625 134
1739718808500 0.38874141451779753 135
1739718808525 0.20368207634178906 136
1739718808551 0.10794310063446683 137
1739718808576 0.019931023981472118 138
1739718808602 0.16808962399696328 139
1739718808627 0.09959009944825825 140
1739718808653 0.006267501718701309 141
1739718808678 0.02397355014333217 142
1739718808704 0.12921670018667553 143
1739718808729 0.48216296866357905 144
1739718808755 0.007796288075537387 145
1739718808780 0.0007089408006488717 146
1739718808805 0.000557260799564864 147
1739718808830 0.12437731610906726 148
1739718808856 0.12098157865842955 149
1739718808882 0.39984768162026335 150
1739718808907 0.05499582169814598 151
1739718808933 0.022011854865263122 152
1739718808958 0.5285154130912667 153
1739718808983 0.7656641312521096 154
1739718809008 0.008745245537755046 155
1739718809034 0.07024929723095108 156
1739718809059 0.1401726658372457 157
1739718809085 0.01384524367021112 158
1739718809110 0.12989171864735327 159
1739718809136 0.09834754454646273 160
1739718809161 0.001257450459984168 161
1739718809187 0.0026141173568827725 162
1739718809212 0.04259122687285966 163
1739718809238 0.21732315693807427 164
1739718809263 0.23485855569362774 165
1739718809289 0.1059131423944492 166
1739718809314 0.3910693171919226 167
1739718809340 0.012291624894210902 168
1739718809365 0.12037285698736686 169
1739718809391 0.4685445580649404 170
1739718809416 0.085028563801033 171
1739718809442 0.24510275504529985 172
1739718809467 0.05280851623928748 173
1739718809493 0.22031862518049516 174
1739718809518 0.43470849204378603 175
1739718809543 0.009262737543460372 176
1739718809569 0.05180111027910498 177
1739718809595 0.1429052008579753 178
1739718809620 0.4031109885629672 179
1739718809646 0.007727549061131424 180
1739718809672 0.4342255936402312 181
1739718809697 0.0028700274718977898 182
1739718809723 0.0021037098742358543 183
1739718809749 0.09212508757129252 184
1739718809774 0.30214539114700995 185
1739718809799 0.17061641949130008 186
1739718809825 0.35775454165627896 187
1739718809851 0.020923038601793426 188
1739718809876 0.1516208288435095 189
1739718809902 0.04875539182543556 190
1739718809928 0.10670784426942832 191
1739718809953 0.10937966647577103 192
1739718809979 0.001229345989090967 193
1739718810004 0.8894829603891508 194
1739718810030 0.006595112064008068 195
1739718810056 0.08901206339302918 196
1739718810082 0.15185682342601858 197
1739718810108 0.04883836034447496 198
1739718810134 0.23963252270947794 199
1739718810159 0.0012649050270563472 200
1739718810185 0.3950741054662221 201
1739718810211 0.002026414741376474 202
1739718810236 5.599968093368575e-06 203
1739718810262 0.5871479190539192 204
1739718810287 0.03686169333090898 205
1739718810313 0.010073761023574965 206
1739718810338 0.5571484934689367 207
1739718810363 0.32217987354692884 208
1739718810388 0.06856016315149158 209
1739718810414 0.00016523494740337266 210
1739718810439 0.027007739731216614 211
1739718810465 0.013494444764653456 212
1739718810490 0.058672205263404116 213
1739718810516 0.026336020906278835 214
1739718810542 0.006795817886731024 215
1739718810568 0.018826378157505323 216
1739718810593 0.133382084632607 217
1739718810619 0.050523937329708855 218
1739718810645 0.13318412439641822 219
1739718810671 0.03494318580700607 220
1739718810696 0.00048331407496698053 221
1739718810721 0.3640032896092593 222
1739718810747 0.037014442984654936 223
1739718810773 0.027967740231235813 224
1739718810798 0.2992109894497189 225
1739718810823 0.0020935069638610975 226
1739718810849 0.31498637325891526 227
1739718810874 0.28093562698163294 228
1739718810900 0.03890798771665667 229
1739718810926 0.34308102547967756 230
1739718810951 0.0717297184858344 231
1739718810977 0.007890570647154293 232
1739718811002 0.03375359169939088 233
1739718811028 0.002967680446355604 234
1739718811053 0.014657635018332447 235
1739718811079 0.009839186801161278 236
1739718811104 0.10830459191162838 237
1739718811130 0.02547042976724502 238
1739718811156 0.18773472718742057 239
1739718811182 0.00010779636126057905 240
1739718811207 0.004021468844894727 241
1739718811233 0.16972826641935296 242
1739718811259 0.8032931828298715 243
1739718811285 0.34686487647493536 244
1739718811310 0.09219344378108234 245
1739718811336 0.7976825348572313 246
1739718811362 0.12609832556469022 247
1739718811387 0.0004988524970430176 248
1739718811412 0.8859329509029892 249
1739718811438 0.04239944135391343 250
1739718811464 0.06981220133977362 251
1739718811489 0.044662788164005984 252
1739718811514 0.16394648252299227 253
1739718811539 0.1219190271934751 254
1739718811565 0.1571361468123162 255
1739718811591 0.0025429164517745337 256
1739718811616 0.35161336675762145 257
1739718811642 0.02586885963370726 258
1739718811668 0.0013473559969521913 259
1739718811694 0.06294164538503226 260
1739718811720 0.14062244023970769 261
1739718811745 0.47018305599064225 262
1739718811771 0.16233805542855398 263
1739718811797 0.49092156716518315 264
1739718811822 0.3314555661907667 265
1739718811848 0.4481339665438756 266
1739718811874 0.36215690001333845 267
1739718811900 0.14469697091996758 268
1739718811925 0.33313211313344376 269
1739718811951 0.32597887554764693 270
1739718811977 0.19827262544726187 271
1739718812003 0.01633001690465706 272
1739718812028 0.2896668926690092 273
1739718812053 0.2574298543654291 274
1739718812079 0.0523051917006902 275
1739718812104 0.3884748471841164 276
1739718812130 0.065356593229009 277
1739718812156 0.6182636882226804 278
1739718812182 0.00861030302244549 279
1739718812208 0.03205293541109145 280
1739718812234 0.0172078869217005 281
1739718812260 0.3031662330283617 282
1739718812286 0.20030923892378374 283
1739718812311 0.11204743530011214 284
1739718812337 0.0034023173209100153 285
1739718812363 0.7043146149141842 286
1739718812389 0.06293231016457515 287
1739718812414 0.022602240251181627 288
1739718812439 0.03445580853214472 289
1739718812465 0.20028792489062616 290
1739718812491 0.19217940339278577 291
1739718812516 0.06277670169217538 292
1739718812542 0.050433312607694944 293
1739718812568 0.0010885214596943655 294
1739718812593 0.30179652444367044 295
1739718812619 0.31833178892319175 296
1739718812645 7.646664697304828e-05 297
1739718812671 0.0012319431768989645 298
1739718812696 0.38066302190666723 299
1739718812722 0.11827899401330352 300
1739718812747 0.0002196580203492648 301
1739718812773 0.054031481061035315 302
1739718812799 0.5558902692308595 303
1739718812824 0.09953903314526308 304
1739718812850 0.1690647392469565 305
1739718812876 0.23065903686693223 306
1739718812902 0.0667176456405081 307
1739718812927 0.02287638920087772 308
1739718812953 8.651055766264955e-05 309
1739718812979 0.19070557425327414 310
1739718813005 0.2636195219007329 311
1739718813031 0.0033825502293304754 312
1739718813056 0.032221994879897985 313
1739718813082 0.18974128980720573 314
1739718813107 0.16418975579272876 315
1739718813133 0.053907162199436635 316
1739718813161 0.5395757168181846 317
1739718813187 0.2319955391268036 318
1739718813213 0.00263883423475382 319
1739718813243 0.13021052976598427 320
1739718813269 0.8077799356493929 321
1739718813295 0.03491652188902287 322
1739718813321 0.038812171070405674 323
1739718813347 0.02224576386317354 324
1739718813372 0.017261911484362784 325
1739718813398 0.0015913544294656825 326
1739718813424 0.0009032455709155552 327
1739718813450 0.4892938772740339 328
1739718813475 0.16948560377197314 329
1739718813501 0.33780721625499094 330
1739718813526 0.003825248993491155 331
1739718813552 0.18968792287379296 332
1739718813577 0.017294275897547888 333
1739718813602 0.04390685079805424 334
1739718813628 0.8506684773739414 335
1739718813654 0.007607335887553583 336
1739718813679 0.004000452653312598 337
1739718813705 0.21364435663829004 338
1739718813730 2.8886972695735163e-05 339
1739718813756 0.3006478327789809 340
1739718813782 0.41651177742845463 341
1739718813807 0.07798738301555529 342
1739718813832 0.7475674529858661 343
1739718813858 0.0016456371297160302 344
1739718813883 0.027727094364547976 345
1739718813909 0.10202485502824966 346
1739718813934 0.03527911564270177 347
1739718813959 0.33873957555757367 348
1739718813985 0.04535911375484594 349
1739718814010 0.0724282832870234 350
1739718814035 0.034320464633783965 351
1739718814061 0.006657898088991855 352
1739718814087 0.1641772867221022 353
1739718814113 0.023180032653938493 354
1739718814138 0.01795231103777577 355
1739718814164 0.027369817826006882 356
1739718814189 0.0392245631794963 357
1739718814215 0.868222957347122 358
1739718814240 0.23747254881092253 359
1739718814265 0.15564493547927657 360
1739718814291 0.004666704306146727 361
1739718814318 0.5755016975518653 362
1739718814344 0.00653979137707197 363
1739718814370 0.0029361600059494993 364
1739718814396 0.5346579326507243 365
1739718814421 0.13197500299607276 366
1739718814446 0.10079716759412595 367
1739718814472 0.5575905360431187 368
1739718814498 0.024568774791247302 369
1739718814523 0.03722636717151121 370
1739718814550 0.6250474164342871 371
1739718814575 0.15137468010044727 372
1739718814601 0.6808673298360016 373
1739718814626 0.02201585562311973 374
1739718814652 0.005882430801333454 375
1739718814678 0.4455041508730592 376
1739718814704 8.362472173520784 377
1739718814729 0.00014707775084258452 378
1739718814755 0.0406524796936188 379
1739718814781 0.7883429613151048 380
1739718814807 0.10220980487889664 381
1739718814832 0.11981707519810476 382
1739718814858 0.16605621573503965 383
1739718814883 0.011851020633962964 384
1739718814909 0.010718763399249848 385
1739718814935 1.345413840101877 386
1739718814960 0.5130268815157313 387
1739718814986 0.09728420400987539 388
1739718815012 0.32384203805695805 389
1739718815037 0.2222306521964719 390
1739718815063 0.025695154012244044 391
1739718815088 0.36324350059413585 392
1739718815114 0.9991297930252613 393
1739718815140 0.12028551833489451 394
1739718815165 0.2543784660770028 395
1739718815190 0.9195544327859744 396
1739718815216 0.11205636803519238 397
1739718815241 0.1617278632232199 398
1739718815266 0.0019148548741665548 399
1739718815292 0.3374118425338156 400
1739718815318 0.7933877178627844 401
1739718815344 0.019094825341611096 402
1739718815369 0.11932404002945678 403
1739718815395 0.049534654393645156 404
1739718815420 0.27283061130029146 405
1739718815446 0.2191549486710839 406
1739718815471 0.024246969829535718 407
1739718815497 0.21219766023589492 408
1739718815523 0.14876133115083875 409
1739718815548 0.0585759025015996 410
1739718815573 0.0017073213788153165 411
1739718815599 0.1048053661178677 412
1739718815624 0.11524913879297083 413
1739718815650 0.6849953741424271 414
1739718815676 0.16153671256364283 415
1739718815701 0.03923236056828037 416
1739718815727 0.08062994340403365 417
1739718815753 0.034228114783883275 418
1739718815779 0.5748445728491198 419
1739718815805 0.03310929284669023 420
1739718815831 0.026576415026020515 421
1739718815857 0.13337175057637526 422
1739718815883 0.3162719266819075 423
1739718815909 0.011118949457097236 424
1739718815935 0.21541944461924423 425
1739718815961 0.0006797050075033702 426
1739718815987 0.01799178591755577 427
1739718816014 0.3898189034305564 428
1739718816040 7.354597921455616e-05 429
1739718816065 0.5449043421524371 430
1739718816091 0.04510364590961519 431
1739718816117 0.0004026907717976205 432
1739718816144 0.13605555233235145 433
1739718816170 0.006777895882639265 434
1739718816196 0.2412907867313005 435
1739718816222 0.001715971155294682 436
1739718816248 0.16810458483955015 437
1739718816274 0.9090392482645782 438
1739718816300 1.24775939840842 439
1739718816327 0.17161564817539515 440
1739718816353 0.1469304033106587 441
1739718816379 0.233559591884069 442
1739718816405 0.0992049169283795 443
1739718816433 0.20150722038861066 444
1739718816461 0.0009956053879948772 445
1739718816487 0.6607467021685582 446
1739718816514 0.009721080780396034 447
1739718816540 0.16785374003775608 448
1739718816566 0.025975753188436684 449
1739718816591 0.0005362412919687443 450
1739718816618 0.053343480020657204 451
1739718816644 0.19223395570002774 452
1739718816669 0.5099262390270574 453
1739718816695 0.03812738875405857 454
1739718816720 0.08397323970407446 455
1739718816747 0.777366094440152 456
1739718816772 1.4164555787969062 457
1739718816797 0.001827572429432217 458
1739718816823 0.000586928361561218 459
1739718816849 0.0015104146141600469 460
1739718816875 0.05344552562132405 461
1739718816901 0.09133296755947506 462
1739718816926 0.00013733852881239302 463
1739718816951 0.016545452429296195 464
1739718816977 0.0014465216744970974 465
1739718817003 0.0915613589067407 466
1739718817029 0.45586171613706605 467
1739718817055 0.0013242824417935319 468
1739718817080 0.12044970165835402 469
1739718817106 0.03633548547641543 470
1739718817132 0.506691297951935 471
1739718817158 0.2539602087684758 472
1739718817183 0.5218696161376444 473
1739718817209 0.015602391424052422 474
1739718817235 0.17563812442398924 475
1739718817260 0.02587526261416898 476
1739718817286 0.00925015499644335 477
1739718817311 0.01711471379340265 478
1739718817337 0.25507225507124576 479
1739718817363 0.010624876909734961 480
1739718817388 0.03898996735067647 481
1739718817413 0.01743118974663868 482
1739718817439 0.008128001953194408 483
1739718817465 0.020641079975952655 484
1739718817490 0.1559476075499694 485
1739718817516 0.0034893467344564587 486
1739718817542 0.01457678146691992 487
1739718817567 0.011868390755403729 488
1739718817593 0.3246413897928894 489
1739718817619 0.018956340228820416 490
1739718817645 0.02945802058973156 491
1739718817671 0.09870765405638482 492
1739718817696 0.0023621655969347623 493
1739718817722 0.117848435167727 494
1739718817748 0.010465334650927426 495
1739718817773 0.001162665599199235 496
1739718817799 1.3643526199858445 497
1739718817824 0.19987115767986594 498
1739718817850 0.2570732555309539 499
