1739715746534 38.491239493517945 0
1739715746539 8.857565341077262 1
1739715746545 2.0926639652925103 2
1739715746550 0.7261252453870104 3
1739715746555 0.3293856041317796 4
1739715746561 0.2924375793756718 5
1739715746566 0.20022515535191862 6
1739715746570 0.286365918605624 7
1739715746575 0.27167153099838964 8
1739715746579 0.23948954796995262 9
1739715746584 0.20197629090724592 10
1739715746588 0.21198228650958068 11
1739715746593 0.28715668965181196 12
1739715746597 0.2290159981807113 13
1739715746602 0.18167479737935052 14
1739715746606 0.20826883006493724 15
1739715746611 0.2800992685786949 16
1739715746616 0.2876132157223439 17
1739715746620 0.17662697671517866 18
1739715746625 0.36469677842029213 19
1739715746629 0.28753862893261967 20
1739715746634 0.23082062003087786 21
1739715746638 0.2610710011724845 22
1739715746643 0.1743180394637857 23
1739715746648 0.20462930619550643 24
1739715746652 0.2388399148451801 25
1739715746670 0.18734359131737263 26
1739715746677 0.2890503095875546 27
1739715746682 0.17254600723375163 28
1739715746687 0.1321858338461924 29
1739715746692 0.14224557020767295 30
1739715746696 0.22738884170657395 31
1739715746701 0.2401015272152298 32
1739715746706 0.1938957271224613 33
1739715746710 0.22050764898257735 34
1739715746716 0.37319168968980526 35
1739715746721 0.23392564444105562 36
1739715746726 0.1993220838151158 37
1739715746730 0.2012272225684907 38
1739715746735 0.1940750272045027 39
1739715746739 0.29148495987383355 40
1739715746744 0.1900097266215441 41
1739715746748 0.2248282016132973 42
1739715746753 0.1807344103642261 43
1739715746758 0.17296843062029155 44
1739715746763 0.19391027404483135 45
1739715746767 0.1724349523522503 46
1739715746772 0.12365555404558988 47
1739715746777 0.24298277252023975 48
1739715746782 0.18288095861716155 49
1739715746786 0.21887412684629357 50
1739715746791 0.15053536010155402 51
1739715746795 0.240189356069946 52
1739715746800 0.21288827465482574 53
1739715746804 0.2743711101280855 54
1739715746809 0.18100652395443345 55
1739715746814 0.15252798600265943 56
1739715746818 0.17882446678856212 57
1739715746823 0.16820023363437397 58
1739715746827 0.21133532986858353 59
1739715746832 0.2132470744027511 60
1739715746836 0.25910336289523594 61
1739715746841 0.28418074086572626 62
1739715746846 0.21207161963414134 63
1739715746851 0.29341889117003317 64
1739715746856 0.18511150352585481 65
1739715746860 0.18613594489536933 66
1739715746865 0.26098154176123545 67
1739715746869 0.1817086886103275 68
1739715746874 0.34112149357436883 69
1739715746878 0.208171525985757 70
1739715746883 0.2057753203518488 71
1739715746888 0.2130024114892299 72
1739715746893 0.20216227182416763 73
1739715746900 0.2027441626855012 74
1739715746905 0.27989503091097506 75
1739715746909 0.23022491393252026 76
1739715746913 0.21631105312269697 77
1739715746918 0.2036500071880418 78
1739715746923 0.15323865460078637 79
1739715746927 0.22863687618292292 80
1739715746931 0.21867614485095196 81
1739715746936 0.16668899469210097 82
1739715746940 0.2552946493029421 83
1739715746945 0.2091392644905944 84
1739715746949 0.16862438891337367 85
1739715746954 0.2938785515093469 86
1739715746958 0.15945101118310145 87
1739715746962 0.32913818116864896 88
1739715746967 0.23352561078211942 89
1739715746971 0.2033664662718656 90
1739715746975 0.2924653483698977 91
1739715746980 0.13248601098555188 92
1739715746985 0.14275202863977726 93
1739715746989 0.20127694176242275 94
1739715746993 0.27164025869786745 95
1739715746998 0.18613663748295545 96
1739715747002 0.15652983483606367 97
1739715747007 0.24772509746467472 98
1739715747011 0.26625100023155523 99
1739715747016 0.16134591442498913 100
1739715747020 0.1345132154499425 101
1739715747025 0.20061913335846732 102
1739715747030 0.21812589914856617 103
1739715747035 0.20105805960131612 104
1739715747039 0.3140854234018171 105
1739715747044 0.2405447877985642 106
1739715747050 0.3623230067789053 107
1739715747054 0.1635899323985295 108
1739715747060 0.2685078582720413 109
1739715747064 0.17002268959441205 110
1739715747069 0.28618636817981974 111
1739715747074 0.14920148268554387 112
1739715747078 0.16473619808003065 113
1739715747083 0.20320483139849263 114
1739715747087 0.22230818731635635 115
1739715747092 0.33003692720154737 116
1739715747098 0.31429735328413805 117
1739715747103 0.29596772155396883 118
1739715747108 0.13154674993939136 119
1739715747114 0.1805505415257644 120
1739715747119 0.21013273500692478 121
1739715747124 0.15074705495304047 122
1739715747129 0.24053812735204683 123
1739715747133 0.2363677459278292 124
1739715747138 0.16614962350772425 125
1739715747142 0.1655968428968927 126
1739715747147 0.25769887464435515 127
1739715747151 0.2163457709708769 128
1739715747156 0.25449515300797115 129
1739715747161 0.2073564019940308 130
1739715747165 0.22144300611656792 131
1739715747169 0.220531037011117 132
1739715747174 0.2748914237548758 133
1739715747179 0.24390732550417518 134
1739715747183 0.16538092964781212 135
1739715747187 0.13049587294811707 136
1739715747192 0.22560186555753672 137
1739715747196 0.10301132461526524 138
1739715747201 0.232658591410471 139
1739715747205 0.20312604486030109 140
1739715747210 0.26044517650209 141
1739715747214 0.10619433987044773 142
1739715747219 0.2709164618464738 143
1739715747224 0.24784390417243732 144
1739715747228 0.19280846493882042 145
1739715747233 0.20904550495810395 146
1739715747238 0.18452311557080225 147
1739715747242 0.2138104008025847 148
1739715747246 0.23344325033944396 149
1739715747251 0.22859845872240903 150
1739715747255 0.2960660789520097 151
1739715747260 0.2508891658336351 152
1739715747265 0.17620236110367243 153
1739715747269 0.1765406091773014 154
1739715747273 0.2007662682216727 155
1739715747278 0.1864059121773159 156
1739715747282 0.24424216893328113 157
1739715747287 0.24088562233828678 158
1739715747291 0.24204919182614956 159
1739715747296 0.2036588501640426 160
1739715747300 0.15494578927551944 161
1739715747305 0.17109122150834263 162
1739715747309 0.24457385636351603 163
1739715747314 0.18185096323028074 164
1739715747319 0.25806958032057375 165
1739715747323 0.26386192702924616 166
1739715747328 0.14626883849712263 167
1739715747332 0.2097512477305984 168
1739715747337 0.1935117413121875 169
1739715747341 0.21208687397130896 170
1739715747346 0.23605081735032998 171
1739715747351 0.15680335616165877 172
1739715747356 0.29521727311500084 173
1739715747361 0.2313228784849837 174
1739715747365 0.13178946924778961 175
1739715747369 0.19462482561933048 176
1739715747374 0.2753453464610683 177
1739715747378 0.24205695230419186 178
1739715747383 0.2672199530480389 179
1739715747387 0.214871690178442 180
1739715747392 0.2206118333564428 181
1739715747396 0.18795578958091555 182
1739715747400 0.19683994354766482 183
1739715747405 0.23518082261629927 184
1739715747411 0.25049173955472304 185
1739715747416 0.31959539484001726 186
1739715747422 0.15663168491422783 187
1739715747427 0.13262756924981742 188
1739715747432 0.23430126249266583 189
1739715747437 0.20604553588389993 190
1739715747442 0.17973218925534362 191
1739715747447 0.2524259025469525 192
1739715747452 0.17575722146872721 193
1739715747457 0.3211806626682183 194
1739715747462 0.17859381493371784 195
1739715747466 0.2114405253960653 196
1739715747470 0.2082048541975573 197
1739715747476 0.18717054541728234 198
1739715747480 0.176443963205826 199
1739715747485 0.18164826318339297 200
1739715747489 0.16377727773441553 201
1739715747494 0.1963624990694867 202
1739715747498 0.2897513683737506 203
1739715747502 0.12958896859418764 204
1739715747507 0.2748068841652276 205
1739715747511 0.17785941205784916 206
1739715747515 0.16844728852762528 207
1739715747520 0.18646178244247266 208
1739715747525 0.22457228112458963 209
1739715747529 0.1955411668401134 210
1739715747533 0.18387991259575415 211
1739715747538 0.1444136127326136 212
1739715747543 0.20212812093022978 213
1739715747547 0.26421020142169316 214
1739715747551 0.19097691746417292 215
1739715747556 0.17068781063029972 216
1739715747560 0.2005247859936667 217
1739715747565 0.1360545362901666 218
1739715747569 0.20402880256846126 219
1739715747574 0.23234529903121892 220
1739715747579 0.1692881168296071 221
1739715747584 0.24510955192954945 222
1739715747589 0.1699495132704326 223
1739715747594 0.2162088554477981 224
1739715747601 0.19390402849285693 225
1739715747606 0.15636581217017112 226
1739715747611 0.26067912363695384 227
1739715747617 0.12458083759133942 228
1739715747622 0.15604667157780347 229
1739715747627 0.33369899160328886 230
1739715747632 0.41298090962510614 231
1739715747637 0.19814076432497008 232
1739715747641 0.21501425608635238 233
1739715747645 0.18224979568340513 234
1739715747650 0.3118095126912136 235
1739715747654 0.2980861935379551 236
1739715747664 0.2171306164299733 237
1739715747669 0.20640353455724675 238
1739715747673 0.18104353128376852 239
1739715747679 0.471443686887849 240
1739715747683 0.18047434953465627 241
1739715747688 0.18949625039787008 242
1739715747693 0.24050756606345863 243
1739715747698 0.2946035512921967 244
1739715747703 0.2004587579032806 245
1739715747708 0.21790718607857382 246
1739715747714 0.14789593914599963 247
1739715747719 0.1977803309395564 248
1739715747724 0.1770919018644037 249
1739715747729 0.2326604841000871 250
1739715747734 0.18780331813859324 251
1739715747739 0.1422454704300682 252
1739715747744 0.1879959921163331 253
1739715747749 0.2950800882127649 254
1739715747753 0.20331397427818862 255
1739715747758 0.13989261120487076 256
1739715747762 0.19615365880800392 257
1739715747767 0.2047760837481872 258
1739715747771 0.2048425879809294 259
1739715747776 0.16492402526306982 260
1739715747780 0.2652665092741701 261
1739715747785 0.15313558707023425 262
1739715747789 0.365775460331384 263
1739715747793 0.25278159408704026 264
1739715747798 0.19322200727815012 265
1739715747802 0.2095338939882385 266
1739715747807 0.19037485954155456 267
1739715747811 0.20541304212587283 268
1739715747815 0.30089032106245767 269
1739715747820 0.15783319894906528 270
1739715747824 0.19057992574286442 271
1739715747829 0.23334925801423684 272
1739715747833 0.22730065462097926 273
1739715747838 0.27955675352375076 274
1739715747842 0.25983385998977687 275
1739715747847 0.2519277479151369 276
1739715747851 0.18545277271459504 277
1739715747855 0.4670585118328113 278
1739715747860 0.1326510063358744 279
1739715747864 0.18132289322155418 280
1739715747868 0.13460207339743824 281
1739715747873 0.2510142273558451 282
1739715747877 0.24247066831424302 283
1739715747882 0.18995986111112442 284
1739715747886 0.1611943330373574 285
1739715747890 0.2783087363046531 286
1739715747896 0.20059386735674153 287
1739715747900 0.18513967802329195 288
1739715747905 0.1758347457287193 289
1739715747910 0.18411309859380207 290
1739715747914 0.26473439819930505 291
1739715747919 0.15879673983104456 292
1739715747923 0.14901010166390644 293
1739715747928 0.18754485060148457 294
1739715747933 0.17185420284508848 295
1739715747937 0.13074118807784116 296
1739715747942 0.1421398991585864 297
1739715747946 0.18147735058520761 298
1739715747951 0.23085121301476944 299
1739715747955 0.12636633176947729 300
1739715747959 0.19994977973975853 301
1739715747964 0.16350255980787012 302
1739715747968 0.2678853743860992 303
1739715747973 0.17397454129796586 304
1739715747977 0.19686953107408656 305
1739715747982 0.23753043747277433 306
1739715747986 0.2122753506393009 307
1739715747991 0.22206436849942 308
1739715747995 0.162615525332928 309
1739715748000 0.2085836722171762 310
1739715748004 0.19132096889272768 311
1739715748009 0.13767832724159196 312
1739715748013 0.22094902702698271 313
1739715748018 0.15762175858206068 314
1739715748023 0.1750927354329982 315
1739715748027 0.18936641966476 316
1739715748032 0.20151800835521722 317
1739715748036 0.14628238637433813 318
1739715748040 0.1254327688834784 319
1739715748045 0.19254904742967013 320
1739715748054 0.1988610526901919 321
1739715748058 0.1388818601011777 322
1739715748063 0.20040786242988587 323
1739715748067 0.24167224023258457 324
1739715748072 0.1633123229777941 325
1739715748076 0.14365553246220636 326
1739715748081 0.20552358841913548 327
1739715748085 0.10922744254526406 328
1739715748089 0.19277515308872226 329
1739715748094 0.25392677953211606 330
1739715748098 0.12387613642851365 331
1739715748103 0.21862547063398177 332
1739715748107 0.23745099922640675 333
1739715748112 0.16999937656535027 334
1739715748116 0.22915348673274968 335
1739715748121 0.22645212010716068 336
1739715748125 0.23769386213801819 337
1739715748130 0.15215651553074652 338
1739715748134 0.2665902509765016 339
1739715748139 0.20305458901966678 340
1739715748144 0.18462903427124697 341
1739715748148 0.2380626631336226 342
1739715748153 0.19402025218688418 343
1739715748157 0.11493467928452251 344
1739715748161 0.24033733771395382 345
1739715748166 0.22230839401399008 346
1739715748170 0.1865030811025852 347
1739715748174 0.17343413076187666 348
1739715748179 0.27910908821181957 349
1739715748183 0.21656283614529898 350
1739715748188 0.14803480049781576 351
1739715748192 0.2251776591506571 352
1739715748196 0.22360573054235736 353
1739715748201 0.24910226429969207 354
1739715748205 0.34615142910940755 355
1739715748210 0.2588392013477819 356
1739715748214 0.17613787658407548 357
1739715748218 0.1744874514071146 358
1739715748223 0.16620382861824903 359
1739715748228 0.12219649250435081 360
1739715748233 0.14729953490644582 361
1739715748238 0.19815640965894002 362
1739715748242 0.17496194957329828 363
1739715748247 0.17496027402005848 364
1739715748252 0.19808798627767651 365
1739715748256 0.18279433857773872 366
1739715748261 0.19587323425822856 367
1739715748265 0.1926265735530896 368
1739715748270 0.25761813509743314 369
1739715748274 0.17870463281893686 370
1739715748278 0.19722002270593 371
1739715748283 0.17186568501543073 372
1739715748287 0.26799041702485793 373
1739715748291 0.2832416630897613 374
1739715748296 0.22008841038522745 375
1739715748301 0.19541970610334117 376
1739715748305 0.16640638326223905 377
1739715748310 0.17529079905107467 378
1739715748314 0.1649535162862532 379
1739715748319 0.3004274473647907 380
1739715748323 0.22287496625075293 381
1739715748328 0.12877592521673806 382
1739715748333 0.20151294802084183 383
1739715748337 0.16761582386559287 384
1739715748341 0.1608187188799482 385
1739715748346 0.15753418388947035 386
1739715748350 0.20617609862459665 387
1739715748354 0.19823794605287848 388
1739715748359 0.25716448771792105 389
1739715748363 0.3203392579458864 390
1739715748367 0.24603213545890837 391
1739715748372 0.1808074879931872 392
1739715748376 0.20489672262864408 393
1739715748380 0.2250254474559897 394
1739715748385 0.22930497121014728 395
1739715748389 0.10195497765480895 396
1739715748394 0.11861075993033217 397
1739715748398 0.14145411140318215 398
1739715748403 0.3009953736179362 399
1739715748407 0.32703652673357014 400
1739715748412 0.17820880228181757 401
1739715748416 0.14519416522994835 402
1739715748421 0.18336405571029346 403
1739715748425 0.23736379916017233 404
1739715748430 0.20213318560920146 405
1739715748434 0.23827010865317327 406
1739715748439 0.26575380282844113 407
1739715748444 0.1350044751679374 408
1739715748448 0.2762069373557664 409
1739715748454 0.15977781809944264 410
1739715748459 0.1834537026257714 411
1739715748463 0.1601249617516594 412
1739715748468 0.1924664218398803 413
1739715748473 0.2042687168041116 414
1739715748477 0.2387243715516756 415
1739715748482 0.17892395522713753 416
1739715748487 0.21957473874893454 417
1739715748491 0.16433961544788264 418
1739715748496 0.21520956547109835 419
1739715748501 0.2100828851022655 420
1739715748505 0.13599286570970726 421
1739715748510 0.2185162478241174 422
1739715748514 0.21398054879017603 423
1739715748519 0.23902702032084266 424
1739715748524 0.20178835937733872 425
1739715748534 0.1533731499825441 426
1739715748541 0.19425207318604237 427
1739715748548 0.21540503826801852 428
1739715748565 0.2847375757044315 429
1739715748571 0.278519440941664 430
1739715748577 0.18344730011239968 431
1739715748583 0.16209009284672754 432
1739715748589 0.10469555948674254 433
1739715748598 0.18482608297037864 434
1739715748605 0.21506789512152344 435
1739715748616 0.1855072633314649 436
1739715748630 0.1751824277759934 437
1739715748640 0.22756660205251802 438
1739715748652 0.27208631530719296 439
1739715748660 0.19613627600264738 440
1739715748668 0.20405304087526463 441
1739715748676 0.1677553101015149 442
1739715748683 0.1920484620917671 443
1739715748690 0.17480014612773695 444
1739715748697 0.2148260208493224 445
1739715748703 0.20158406796415732 446
1739715748711 0.140890601939641 447
1739715748724 0.28527800754107013 448
1739715748742 0.1908008747095316 449
1739715748748 0.1947636184362274 450
1739715748757 0.22209333212345947 451
1739715748764 0.20619337702866394 452
1739715748770 0.2233107741027783 453
1739715748776 0.08394777865111727 454
1739715748781 0.1280735012278351 455
1739715748786 0.3775014436292316 456
1739715748791 0.2504735255184836 457
1739715748796 0.23064038746204632 458
1739715748800 0.24815187503198888 459
1739715748805 0.1797381884733907 460
1739715748810 0.19109253197474502 461
1739715748815 0.21990615249948597 462
1739715748820 0.1879134802048139 463
1739715748825 0.2256392203656322 464
1739715748829 0.23913545132284475 465
1739715748835 0.17234709641742577 466
1739715748839 0.1383455419830998 467
1739715748844 0.17146813266616334 468
1739715748849 0.18179917293757883 469
1739715748854 0.25345679523080344 470
1739715748859 0.16909591908256968 471
1739715748864 0.18846183025629767 472
1739715748869 0.19971851252815415 473
1739715748874 0.17962558376532634 474
1739715748879 0.12321043854390931 475
1739715748884 0.16304600259677782 476
1739715748888 0.16187474346119773 477
1739715748893 0.16704526456496177 478
1739715748898 0.15923030858767198 479
1739715748903 0.1730848799680345 480
1739715748907 0.20226988034530044 481
1739715748912 0.1638107222755877 482
1739715748917 0.2106321276090529 483
1739715748921 0.1607452153414596 484
1739715748926 0.12524448481141232 485
1739715748931 0.20674672818997072 486
1739715748936 0.27039343611367106 487
1739715748940 0.23623105627884589 488
1739715748945 0.25823623883425867 489
1739715748950 0.22654438562656704 490
1739715748954 0.21235553860867604 491
1739715748959 0.13177099472139367 492
1739715748963 0.3950145432913547 493
1739715748968 0.2624821760835875 494
1739715748973 0.2685321525628394 495
1739715748977 0.22751718978667135 496
1739715748982 0.13899951143890074 497
1739715748986 0.17003220330147692 498
1739715748991 0.2037727261389142 499
