1739715296398 163.6448003933026 0
1739715296403 163.61263768488234 1
1739715296408 163.58025753652146 2
1739715296412 163.5478166949598 3
1739715296417 163.51536218533624 4
1739715296421 163.48290811456363 5
1739715296426 163.4504587138591 6
1739715296430 163.41801525168995 7
1739715296435 163.3855781076883 8
1739715296439 163.35314739483334 9
1739715296443 163.3207231461074 10
1739715296447 163.28830537049404 11
1739715296451 163.2558940697771 12
1739715296455 163.2234892435807 13
1739715296459 163.1910908908812 14
1739715296464 163.15869901046096 15
1739715296468 163.12631360104413 16
1739715296472 163.09393466133767 17
1739715296477 163.06156219004362 18
1739715296481 163.02919618586267 19
1739715296485 162.99683664749517 20
1739715296489 162.9644835736419 21
1739715296493 162.9321369630035 22
1739715296497 162.89979681428116 23
1739715296502 162.86746312617615 24
1739715296506 162.83513589739 25
1739715296510 162.80281512662467 26
1739715296514 162.77050081258218 27
1739715296519 162.73819295396504 28
1739715296523 162.70589154947575 29
1739715296527 162.67359659781727 30
1739715296531 162.6413080976928 31
1739715296535 162.60902604780568 32
1739715296539 162.57675044685973 33
1739715296544 162.5444812935588 34
1739715296548 162.5122185866072 35
1739715296552 162.4799623247093 36
1739715296556 162.44771250656996 37
1739715296560 162.41546913089417 38
1739715296565 162.3832321963871 39
1739715296569 162.3510017017544 40
1739715296573 162.31877764570183 41
1739715296577 162.28656002693543 42
1739715296581 162.25434884416154 43
1739715296585 162.2221440960868 44
1739715296590 162.18994578141795 45
1739715296594 162.15775389886218 46
1739715296598 162.12556844712688 47
1739715296603 162.0933894249196 48
1739715296607 162.06121683094827 49
1739715296611 162.0290506639211 50
1739715296616 161.99689092254653 51
1739715296620 161.96473760553312 52
1739715296624 161.9325907115899 53
1739715296628 161.90045023942614 54
1739715296632 161.86831618775122 55
1739715296636 161.83618855527487 56
1739715296640 161.8040673407071 57
1739715296645 161.77195254275819 58
1739715296649 161.7398441601387 59
1739715296653 161.70774219155925 60
1739715296657 161.67564663573108 61
1739715296662 161.64355749136536 62
1739715296666 161.6114747571737 63
1739715296671 161.579398431868 64
1739715296675 161.5473285141602 65
1739715296680 161.51526500276276 66
1739715296684 161.48320789638825 67
1739715296689 161.45115719374957 68
1739715296693 161.4191128935598 69
1739715296698 161.38707499453236 70
1739715296702 161.35504349538093 71
1739715296706 161.32301839481943 72
1739715296711 161.290999691562 73
1739715296715 161.2589873843231 74
1739715296719 161.22698147181745 75
1739715296723 161.19498195275995 76
1739715296727 161.16298882586588 77
1739715296731 161.13100208985077 78
1739715296735 161.0990217434302 79
1739715296739 161.0670477853203 80
1739715296744 161.03508021423733 81
1739715296748 161.0031190288978 82
1739715296752 160.97116422801847 83
1739715296756 160.9392158103164 84
1739715296761 160.9072737745089 85
1739715296765 160.87533811931357 86
1739715296769 160.84340884344815 87
1739715296774 160.81148594563086 88
1739715296778 160.7795694245799 89
1739715296782 160.74765927901396 90
1739715296786 160.71575550765192 91
1739715296790 160.6838581092129 92
1739715296795 160.6519670824162 93
1739715296799 160.6200824259816 94
1739715296804 160.5882041386289 95
1739715296808 160.55633221907837 96
1739715296812 160.52446666605033 97
1739715296816 160.49260747826557 98
1739715296820 160.46075465444494 99
1739715296825 160.4289081933097 100
1739715296829 160.3970680935813 101
1739715296833 160.36523435398146 102
1739715296838 160.3334069732322 103
1739715296842 160.30158595005577 104
1739715296846 160.26977128317458 105
1739715296851 160.23796297131145 106
1739715296855 160.20616101318947 107
1739715296859 160.1743654075318 108
1739715296864 160.14257615306207 109
1739715296868 160.11079324850402 110
1739715296872 160.07901669258175 111
1739715296877 160.04724648401952 112
1739715296881 160.01548262154196 113
1739715296885 159.98372510387395 114
1739715296889 159.95197392974043 115
1739715296894 159.92022909786692 116
1739715296898 159.8884906069789 117
1739715296902 159.85675845580235 118
1739715296906 159.82503264306334 119
1739715296910 159.7933131674882 120
1739715296915 159.76160002780367 121
1739715296919 159.72989322273662 122
1739715296923 159.69819275101415 123
1739715296928 159.6664986113638 124
1739715296932 159.63481080251316 125
1739715296937 159.60312932319022 126
1739715296941 159.57145417212314 127
1739715296946 159.53978534804034 128
1739715296950 159.5081228496706 129
1739715296955 159.4764666757429 130
1739715296959 159.4448168249864 131
1739715296963 159.41317329613057 132
1739715296968 159.3815360879052 133
1739715296972 159.3499051990403 134
1739715296976 159.31828062826608 135
1739715296980 159.28666237431312 136
1739715296984 159.25505043591212 137
1739715296989 159.2234448117942 138
1739715296993 159.19184550069053 139
1739715296997 159.1602525013328 140
1739715297001 159.12866581245265 141
1739715297006 159.09708543278225 142
1739715297011 159.0655113610539 143
1739715297015 159.03394359600017 144
1739715297020 159.0023821363539 145
1739715297024 158.97082698084813 146
1739715297029 158.93927812821627 147
1739715297033 158.90773557719186 148
1739715297037 158.87619932650884 149
1739715297041 158.84466937490126 150
1739715297045 158.8131457211035 151
1739715297049 158.78162836385022 152
1739715297053 158.7501173018763 153
1739715297058 158.71861253391683 154
1739715297062 158.68711405870732 155
1739715297066 158.65562187498332 156
1739715297070 158.62413598148078 157
1739715297075 158.5926563769359 158
1739715297079 158.56118306008506 159
1739715297083 158.52971602966502 160
1739715297087 158.4982552844126 161
1739715297091 158.4668008230651 162
1739715297095 158.43535264435994 163
1739715297099 158.4039107470348 164
1739715297103 158.3724751298277 165
1739715297107 158.3410457914768 166
1739715297111 158.3096227307206 167
1739715297115 158.27820594629782 168
1739715297119 158.24679543694748 169
1739715297123 158.2153912014088 170
1739715297128 158.1839932384213 171
1739715297132 158.15260154672472 172
1739715297135 158.12121612505908 173
1739715297140 158.0898369721646 174
1739715297144 158.05846408678187 175
1739715297148 158.0270974676516 176
1739715297152 157.9957371135149 177
1739715297156 157.96438302311304 178
1739715297160 157.93303519518747 179
1739715297164 157.90169362848013 180
1739715297168 157.87035832173297 181
1739715297172 157.83902927368834 182
1739715297176 157.80770648308885 183
1739715297180 157.7763899486772 184
1739715297184 157.74507966919663 185
1739715297188 157.7137756433903 186
1739715297192 157.6824778700019 187
1739715297196 157.65118634777522 188
1739715297200 157.61990107545444 189
1739715297204 157.5886220517838 190
1739715297208 157.55734927550796 191
1739715297212 157.52608274537178 192
1739715297227 157.49482246012036 193
1739715297231 157.46356841849905 194
1739715297235 157.43232061925355 195
1739715297239 157.40107906112968 196
1739715297243 157.3698437428735 197
1739715297247 157.33861466323157 198
1739715297252 157.3073918209504 199
1739715297256 157.27617521477688 200
1739715297260 157.2449648434582 201
1739715297264 157.2137607057418 202
1739715297268 157.18256280037528 203
1739715297272 157.15137112610654 204
1739715297277 157.1201856816838 205
1739715297281 157.08900646585542 206
1739715297285 157.05783347737014 207
1739715297289 157.02666671497684 208
1739715297293 156.99550617742472 209
1739715297298 156.9643518634632 210
1739715297302 156.933203771842 211
1739715297306 156.902061901311 212
1739715297310 156.8709262506204 213
1739715297314 156.8397968185207 214
1739715297319 156.8086736037626 215
1739715297323 156.7775566050971 216
1739715297328 156.74644582127524 217
1739715297332 156.71534125104864 218
1739715297337 156.68424289316894 219
1739715297341 156.65315074638818 220
1739715297345 156.6220648094585 221
1739715297349 156.5909850811324 222
1739715297353 156.55991156016267 223
1739715297357 156.52884424530222 224
1739715297362 156.49778313530425 225
1739715297366 156.46672822892236 226
1739715297370 156.4356795249102 227
1739715297375 156.40463702202183 228
1739715297379 156.37360071901145 229
1739715297383 156.34257061463356 230
1739715297387 156.31154670764292 231
1739715297391 156.28052899679454 232
1739715297395 156.24951748084368 233
1739715297400 156.21851215854582 234
1739715297404 156.18751302865672 235
1739715297409 156.15652008993246 236
1739715297413 156.1255333411292 237
1739715297417 156.0945527810035 238
1739715297421 156.06357840831222 239
1739715297425 156.03261022181223 240
1739715297429 156.00164822026093 241
1739715297434 155.9706924024158 242
1739715297438 155.9397427670346 243
1739715297442 155.9087993128754 244
1739715297446 155.8778620386964 245
1739715297451 155.84693094325624 246
1739715297455 155.81600602531364 247
1739715297460 155.78508728362763 248
1739715297464 155.75417471695755 249
1739715297469 155.72326832406293 250
1739715297473 155.69236810370353 251
1739715297477 155.66147405463943 252
1739715297481 155.63058617563087 253
1739715297485 155.59970446543844 254
1739715297490 155.56882892282295 255
1739715297494 155.53795954654547 256
1739715297498 155.50709633536718 257
1739715297502 155.47623928804975 258
1739715297506 155.445388403355 259
1739715297510 155.4145436800449 260
1739715297515 155.38370511688177 261
1739715297519 155.3528727126282 262
1739715297524 155.322046466047 263
1739715297528 155.2912263759012 264
1739715297533 155.26041244095413 265
1739715297539 155.2296046599693 266
1739715297543 155.1988030317106 267
1739715297548 155.1680075549421 268
1739715297552 155.137218228428 269
1739715297557 155.1064350509329 270
1739715297561 155.07565802122176 271
1739715297565 155.0448871380594 272
1739715297570 155.01412240021133 273
1739715297575 154.98336380644307 274
1739715297579 154.95261135552036 275
1739715297584 154.92186504620935 276
1739715297589 154.89112487727635 277
1739715297593 154.86039084748785 278
1739715297598 154.82966295561073 279
1739715297607 154.79894120041206 280
1739715297613 154.7682255806591 281
1739715297618 154.73751609511947 282
1739715297623 154.70681274256097 283
1739715297628 154.67611552175165 284
1739715297633 154.6454244314599 285
1739715297638 154.6147394704542 286
1739715297643 154.5840606375034 287
1739715297648 154.5533879313765 288
1739715297652 154.52272135084294 289
1739715297656 154.4920608946722 290
1739715297661 154.4614065616341 291
1739715297664 154.4307583504987 292
1739715297669 154.40011626003638 293
1739715297674 154.36948028901762 294
1739715297678 154.33885043621325 295
1739715297682 154.30822670039433 296
1739715297686 154.27760908033224 297
1739715297690 154.24699757479843 298
1739715297695 154.21639218256476 299
1739715297699 154.1857929024033 300
1739715297703 154.15519973308633 301
1739715297707 154.1246126733864 302
1739715297711 154.09403172207638 303
1739715297751 154.06345687792924 304
1739715297755 154.03288813971835 305
1739715297759 154.00232550621718 306
1739715297764 153.97176897619957 307
1739715297769 153.94121854843962 308
1739715297775 153.91067422171153 309
1739715297780 153.88013599478992 310
1739715297785 153.84960386644957 311
1739715297789 153.81907783546546 312
1739715297793 153.78855790061297 313
1739715297798 153.7580440606676 314
1739715297803 153.72753631440514 315
1739715297807 153.6970346606016 316
1739715297811 153.66653909803327 317
1739715297815 153.63604962547672 318
1739715297819 153.6055662417087 319
1739715297824 153.5750889455062 320
1739715297828 153.54461773564654 321
1739715297833 153.51415261090733 322
1739715297837 153.48369357006618 323
1739715297841 153.45324061190115 324
1739715297845 153.4227937351906 325
1739715297849 153.39235293871295 326
1739715297854 153.36191822124698 327
1739715297857 153.33148958157176 328
1739715297862 153.30106701846648 329
1739715297865 153.27065053071067 330
1739715297870 153.24024011708406 331
1739715297874 153.20983577636667 332
1739715297879 153.17943750733875 333
1739715297883 153.1490453087808 334
1739715297888 153.11865917947355 335
1739715297892 153.088279118198 336
1739715297896 153.05790512373534 337
1739715297901 153.02753719486708 338
1739715297905 152.99717533037503 339
1739715297910 152.96681952904106 340
1739715297914 152.93646978964742 341
1739715297919 152.90612611097663 342
1739715297924 152.87578849181136 343
1739715297930 152.84545693093457 344
1739715297935 152.81513142712947 345
1739715297940 152.7848119791796 346
1739715297944 152.75449858586856 347
1739715297949 152.7241912459803 348
1739715297953 152.6938899582991 349
1739715297957 152.66359472160937 350
1739715297962 152.6333055346958 351
1739715297966 152.60302239634333 352
1739715297972 152.57274530533712 353
1739715297977 152.54247426046263 354
1739715297981 152.51220926050553 355
1739715297986 152.48195030425174 356
1739715297990 152.45169739048737 357
1739715297994 152.42145051799892 358
1739715297999 152.39120968557305 359
1739715298003 152.36097489199662 360
1739715298007 152.3307461360568 361
1739715298011 152.30052341654095 362
1739715298015 152.2703067322368 363
1739715298019 152.2400960819322 364
1739715298023 152.20989146441522 365
1739715298028 152.17969287847436 366
1739715298032 152.14950032289815 367
1739715298036 152.11931379647552 368
1739715298040 152.08913329799557 369
1739715298044 152.05895882624768 370
1739715298048 152.0287903800214 371
1739715298052 151.99862795810662 372
1739715298056 151.9684715592935 373
1739715298060 151.93832118237228 374
1739715298065 151.9081768261336 375
1739715298069 151.87803848936835 376
1739715298073 151.8479061708675 377
1739715298079 151.81777986942248 378
1739715298084 151.78765958382482 379
1739715298088 151.75754531286628 380
1739715298093 151.727437055339 381
1739715298097 151.69733481003527 382
1739715298101 151.66723857574763 383
1739715298106 151.63714835126882 384
1739715298110 151.60706413539197 385
1739715298114 151.5769859269103 386
1739715298119 151.54691372461744 387
1739715298123 151.51684752730705 388
1739715298127 151.48678733377318 389
1739715298131 151.4567331428101 390
1739715298135 151.4266849532123 391
1739715298139 151.39664276377457 392
1739715298143 151.36660657329188 393
1739715298147 151.3365763805595 394
1739715298151 151.30655218437286 395
1739715298156 151.27653398352774 396
1739715298162 151.2465217768201 397
1739715298167 151.2165155630461 398
1739715298171 151.1865153410023 399
1739715298175 151.15652110948534 400
1739715298180 151.12653286729216 401
1739715298185 151.09655061322 402
1739715298189 151.06657434606623 403
1739715298194 151.0366040646286 404
1739715298198 151.006639767705 405
1739715298202 150.9766814540936 406
1739715298206 150.9467291225928 407
1739715298210 150.9167827720013 408
1739715298214 150.88684240111795 409
1739715298218 150.8569080087419 410
1739715298223 150.82697959367255 411
1739715298237 150.79705715470953 412
1739715298241 150.7671406906527 413
1739715298246 150.73723020030215 414
1739715298250 150.70732568245828 415
1739715298254 150.67742713592168 416
1739715298258 150.64753455949315 417
1739715298262 150.61764795197382 418
1739715298267 150.58776731216508 419
1739715298271 150.5578926388684 420
1739715298275 150.5280239308857 421
1739715298279 150.49816118701887 422
1739715298284 150.46830440607036 423
1739715298289 150.43845358684268 424
1739715298293 150.40860872813863 425
1739715298298 150.3787698287612 426
1739715298302 150.3489368875137 427
1739715298307 150.31910990319955 428
1739715298311 150.28928887462268 429
1739715298315 150.25947380058696 430
1739715298320 150.22966467989664 431
1739715298325 150.1998615113563 432
1739715298329 150.17006429377054 433
1739715298334 150.14027302594442 434
1739715298338 150.1104877066831 435
1739715298342 150.0807083347921 436
1739715298346 150.05093490907697 437
1739715298351 150.02116742834386 438
1739715298356 149.9914058913988 439
1739715298360 149.96165029704824 440
1739715298364 149.93190064409885 441
1739715298369 149.90215693135752 442
1739715298373 149.8724191576315 443
1739715298377 149.842687321728 444
1739715298382 149.81296142245478 445
1739715298386 149.7832414586197 446
1739715298391 149.75352742903087 447
1739715298395 149.7238193324966 448
1739715298399 149.6941171678255 449
1739715298404 149.66442093382645 450
1739715298408 149.6347306293085 451
1739715298412 149.60504625308099 452
1739715298416 149.57536780395347 453
1739715298421 149.54569528073574 454
1739715298425 149.51602868223787 455
1739715298430 149.48636800727007 456
1739715298434 149.45671325464295 457
1739715298439 149.42706442316725 458
1739715298443 149.39742151165402 459
1739715298448 149.36778451891445 460
1739715298452 149.33815344376004 461
1739715298456 149.30852828500252 462
1739715298460 149.27890904145391 463
1739715298464 149.24929571192638 464
1739715298469 149.2196882952324 465
1739715298473 149.19008679018467 466
1739715298477 149.1604911955961 467
1739715298482 149.1309015102799 468
1739715298486 149.1013177330495 469
1739715298490 149.0717398627185 470
1739715298494 149.04216789810081 471
1739715298499 149.01260183801057 472
1739715298503 148.98304168126222 473
1739715298508 148.95348742667034 474
1739715298512 148.92393907304978 475
1739715298516 148.8943966192156 476
1739715298521 148.86486006398317 477
1739715298525 148.83532940616817 478
1739715298529 148.80580464458626 479
1739715298534 148.77628577805356 480
1739715298538 148.7467728053864 481
1739715298542 148.71726572540126 482
1739715298547 148.68776453691498 483
1739715298551 148.6582692387446 484
1739715298556 148.62877982970724 485
1739715298560 148.59929630862052 486
1739715298564 148.56981867430218 487
1739715298568 148.54034692557016 488
1739715298572 148.51088106124266 489
1739715298577 148.48142108013818 490
1739715298581 148.45196698107534 491
1739715298585 148.42251876287318 492
1739715298589 148.3930764243508 493
1739715298593 148.3636399643276 494
1739715298597 148.33420938162334 495
1739715298602 148.30478467505782 496
1739715298606 148.27536584345117 497
1739715298611 148.24595288562378 498
1739715298615 148.21654580039626 499
