1739717952076 99.09872695190424 0
1739717952103 50.83239497412902 1
1739717952129 27.646727738975493 2
1739717952156 16.882771074880292 3
1739717952183 12.05127534139136 4
1739717952209 11.027950558930304 5
1739717952236 7.539866433712767 6
1739717952263 5.783232017913135 7
1739717952291 6.588270271061272 8
1739717952318 7.863613840408762 9
1739717952345 5.123234523116801 10
1739717952371 5.719184108173084 11
1739717952398 3.985456295795152 12
1739717952425 4.470455306956075 13
1739717952451 4.936600918874195 14
1739717952477 4.779773900170021 15
1739717952504 4.547985455332609 16
1739717952531 6.833783457631312 17
1739717952558 5.8975209526532675 18
1739717952585 5.134901007891054 19
1739717952612 5.677332301216103 20
1739717952639 5.790717343647048 21
1739717952665 5.723388204517411 22
1739717952692 6.6765623414830015 23
1739717952719 4.255156111670731 24
1739717952746 5.374270557366728 25
1739717952773 5.66886166652269 26
1739717952800 4.090667186025332 27
1739717952827 4.702478420396593 28
1739717952853 5.875586928110888 29
1739717952880 5.043184928069212 30
1739717952906 6.110775963955925 31
1739717952933 4.658505427241326 32
1739717952959 3.963650081813761 33
1739717952985 6.857232551931876 34
1739717953013 4.056147379150041 35
1739717953040 4.743650323369648 36
1739717953067 4.942416359988902 37
1739717953094 3.851730294843366 38
1739717953121 4.75038622801604 39
1739717953170 6.421446550603909 40
1739717953198 4.542860001510632 41
1739717953227 4.437073345976207 42
1739717953254 4.849407427271621 43
1739717953283 4.202763178045201 44
1739717953312 5.977678666734574 45
1739717953340 5.176973480146342 46
1739717953367 3.5403371630656126 47
1739717953395 5.445893184098924 48
1739717953422 4.755803465197176 49
1739717953450 6.568480412145413 50
1739717953476 5.237548090690097 51
1739717953503 4.7407589399635786 52
1739717953530 6.2418794085302896 53
1739717953557 3.800239247966936 54
1739717953584 5.775148416846197 55
