1739714720594 169.81533596875286 0
1739714720600 169.777580820737 1
1739714720605 169.7398602789348 2
1739714720610 169.7021741345172 3
1739714720615 169.66452218024187 4
1739714720620 169.626904210441 5
1739714720625 169.5893200210091 6
1739714720630 169.5517694093909 7
1739714720636 169.51425217456932 8
1739714720641 169.47676811705358 9
1739714720646 169.4393170388673 10
1739714720651 169.4018987435369 11
1739714720656 169.3645130360798 12
1739714720661 169.32715972299306 13
1739714720666 169.28983861224168 14
1739714720672 169.25254951324743 15
1739714720677 169.21529223687742 16
1739714720682 169.17806659543308 17
1739714720688 169.14087240263893 18
1739714720693 169.1037094736315 19
1739714720698 169.06657762494865 20
1739714720703 169.02947667451832 21
1739714720708 168.99240644164817 22
1739714720713 168.95536674701464 23
1739714720717 168.91835741265254 24
1739714720722 168.88137826194423 25
1739714720727 168.84442911960963 26
1739714720732 168.8075098116955 27
1739714720737 168.7706201655653 28
1739714720742 168.733760009889 29
1739714720747 168.6969291746331 30
1739714720752 168.6601274910503 31
1739714720757 168.62335479166978 32
1739714720762 168.5866109102873 33
1739714720766 168.5498956819552 34
1739714720771 168.5132089429732 35
1739714720776 168.47655053087797 36
1739714720782 168.43992028443424 37
1739714720787 168.40331804362495 38
1739714720793 168.36674364964202 39
1739714720799 168.33019694487677 40
1739714720804 168.29367777291097 41
1739714720809 168.2571859785072 42
1739714720815 168.22072140760022 43
1739714720820 168.18428390728744 44
1739714720825 168.14787332582029 45
1739714720830 168.11148951259503 46
1739714720836 168.07513231814426 47
1739714720841 168.0388015941276 48
1739714720846 168.00249719332345 49
1739714720851 167.96621896962017 50
1739714720856 167.92996677800755 51
1739714720861 167.89374047456818 52
1739714720866 167.85753991646902 53
1739714720870 167.82136496195326 54
1739714720875 167.78521547033182 55
1739714720880 167.74909130197486 56
1739714720886 167.71299231830423 57
1739714720891 167.67691838178467 58
1739714720896 167.64086935591624 59
1739714720901 167.60484510522605 60
1739714720906 167.56884549526038 61
1739714720911 167.53287039257697 62
1739714720915 167.49691966473702 63
1739714720920 167.46099318029763 64
1739714720925 167.4250908088037 65
1739714720930 167.38921242078095 66
1739714720935 167.35335788772775 67
1739714720940 167.31752708210809 68
1739714720945 167.28171987734362 69
1739714720950 167.2459361478068 70
1739714720955 167.21017576881314 71
1739714720960 167.17443861661417 72
1739714720971 167.13872456839013 73
1739714720975 167.1030335022427 74
1739714720980 167.06736529718825 75
1739714720985 167.0317198331503 76
1739714720991 166.99609699095285 77
1739714721004 166.96049665231337 78
1739714721012 166.92491869983576 79
1739714721017 166.8893630170039 80
1739714721021 166.85382948817434 81
1739714721026 166.81831799857 82
1739714721032 166.78282843427323 83
1739714721038 166.74736068221938 84
1739714721044 166.71191463019002 85
1739714721049 166.67649016680662 86
1739714721054 166.64108718152394 87
1739714721059 166.6057055646237 88
1739714721065 166.57034520720802 89
1739714721070 166.53500600119344 90
1739714721076 166.49968783930424 91
1739714721081 166.46439061506666 92
1739714721086 166.42911422280224 93
1739714721091 166.39385855762202 94
1739714721097 166.35862351542048 95
1739714721102 166.32340899286928 96
1739714721109 166.28821488741147 97
1739714721116 166.25304109725548 98
1739714721124 166.21788752136908 99
1739714721130 166.18275405947384 100
1739714721135 166.14764061203923 101
1739714721140 166.11254708027653 102
1739714721146 166.07747336613372 103
1739714721153 166.04241937228917 104
1739714721158 166.00738500214655 105
1739714721163 165.97237015982887 106
1739714721169 165.9373747501733 107
1739714721174 165.90239867872532 108
1739714721179 165.86744185173345 109
1739714721184 165.83250417614383 110
1739714721189 165.7975855595949 111
1739714721194 165.76268591041202 112
1739714721200 165.72780513760205 113
1739714721206 165.69294315084844 114
1739714721212 165.65809986050576 115
1739714721217 165.62327517759454 116
1739714721223 165.58846901379633 117
1739714721228 165.55368128144852 118
1739714721233 165.51891189353913 119
1739714721239 165.48416076370225 120
1739714721243 165.44942780621253 121
1739714721248 165.4147129359807 122
1739714721253 165.38001606854843 123
1739714721259 165.34533712008366 124
1739714721264 165.31067600737552 125
1739714721269 165.27603264782988 126
1739714721273 165.24140695946443 127
1739714721278 165.20679886090394 128
1739714721283 165.1722082713758 129
1739714721288 165.13763511070513 130
1739714721293 165.10307929931042 131
1739714721298 165.06854075819882 132
1739714721302 165.0340194089617 133
1739714721307 164.99951517377022 134
1739714721312 164.9650279753707 135
1739714721318 164.9305577370804 136
1739714721323 164.89610438278285 137
1739714721328 164.86166783692408 138
1739714721334 164.82724802450753 139
1739714721339 164.79284487109047 140
1739714721344 164.75845830277933 141
1739714721349 164.7240882462256 142
1739714721355 164.68973462862172 143
1739714721360 164.65539737769683 144
1739714721365 164.62107642171276 145
1739714721370 164.5867716894598 146
1739714721375 164.55248311025272 147
1739714721380 164.51821061392698 148
1739714721385 164.48395413083432 149
1739714721390 164.449713591839 150
1739714721395 164.41548892831398 151
1739714721400 164.3812800721369 152
1739714721405 164.34708695568617 153
1739714721410 164.3129095118373 154
1739714721415 164.27874767395886 155
1739714721420 164.244601375909 156
1739714721425 164.21047055203138 157
1739714721430 164.1763551371517 158
1739714721435 164.14225506657388 159
1739714721440 164.10817027607644 160
1739714721445 164.0741007019088 161
1739714721450 164.04004628078795 162
1739714721456 164.00600694989438 163
1739714721461 163.97198264686892 164
1739714721466 163.93797330980928 165
1739714721471 163.90397887726604 166
1739714721476 163.86999928823985 167
1739714721481 163.8360344821774 168
1739714721486 163.8020843989686 169
1739714721491 163.76814897894246 170
1739714721496 163.73422816286444 171
1739714721501 163.70032189193267 172
1739714721506 163.66643010777483 173
1739714721511 163.63255275244484 174
1739714721516 163.59868976841943 175
1739714721521 163.56484109859528 176
1739714721526 163.5310066862854 177
1739714721531 163.49718647521615 178
1739714721536 163.46338040952423 179
1739714721542 163.4295884337532 180
1739714721547 163.39581049285061 181
1739714721552 163.36204653216495 182
1739714721556 163.32829649744227 183
1739714721561 163.29456033482364 184
1739714721567 163.26083799084162 185
1739714721572 163.22712941241772 186
1739714721578 163.1934345468591 187
1739714721583 163.15975334185575 188
1739714721588 163.1260857454776 189
1739714721593 163.09243170617168 190
1739714721599 163.0587911727589 191
1739714721604 163.02516409443174 192
1739714721609 162.9915504207509 193
1739714721614 162.95795010164284 194
1739714721619 162.92436308739684 195
1739714721624 162.89078932866224 196
1739714721629 162.8572287764457 197
1739714721634 162.82368138210856 198
1739714721639 162.79014709736398 199
1739714721644 162.7566258742744 200
1739714721649 162.72311766524874 201
1739714721653 162.68962242303994 202
1739714721659 162.65614010074225 203
1739714721663 162.62267065178844 204
1739714721669 162.58921402994767 205
1739714721673 162.5557701893224 206
1739714721678 162.5223390843463 207
1739714721683 162.4889206697814 208
1739714721688 162.45551490071577 209
1739714721692 162.42212173256112 210
1739714721697 162.38874112104997 211
1739714721702 162.35537302223364 212
1739714721707 162.3220173924795 213
1739714721712 162.28867418846886 214
1739714721717 162.25534336719426 215
1739714721722 162.22202488595732 216
1739714721727 162.18871870236637 217
1739714721732 162.15542477433397 218
1739714721737 162.1221430600749 219
1739714721741 162.08887351810336 220
1739714721746 162.0556161072313 221
1739714721751 162.02237078656566 222
1739714721755 161.9891375155064 223
1739714721760 161.95591625374425 224
1739714721765 161.92270696125826 225
1739714721770 161.889509598314 226
1739714721775 161.85632412546107 227
1739714721779 161.82315050353108 228
1739714721784 161.7899886936354 229
1739714721789 161.75683865716329 230
1739714721794 161.72370035577947 231
1739714721803 161.6905737514222 232
1739714721808 161.6574588063011 233
1739714721814 161.62435548289542 234
1739714721819 161.59126374395146 235
1739714721824 161.55818355248095 236
1739714721829 161.52511487175892 237
1739714721834 161.49205766532162 238
1739714721839 161.45901189696474 239
1739714721844 161.4259775307412 240
1739714721848 161.3929545309593 241
1739714721853 161.35994286218082 242
1739714721858 161.32694248921916 243
1739714721864 161.29395337713726 244
1739714721869 161.26097549124586 245
1739714721874 161.2280087971014 246
1739714721879 161.19505326050458 247
1739714721884 161.16210884749796 248
1739714721889 161.12917552436465 249
1739714721893 161.09625325762607 250
1739714721899 161.0633420140405 251
1739714721904 161.03044176060095 252
1739714721908 160.9975524645337 253
1739714721913 160.96467409329622 254
1739714721918 160.93180661457572 255
1739714721923 160.89894999628723 256
1739714721928 160.86610420657186 257
1739714721933 160.8332692137952 258
1739714721938 160.80044498654559 259
1739714721943 160.76763149363245 260
1739714721948 160.73482870408444 261
1739714721953 160.70203658714803 262
1739714721957 160.66925511228575 263
1739714721962 160.63648424917463 264
1739714721967 160.60372396770435 265
1739714721977 160.570974237976 266
1739714721981 160.5382350303001 267
1739714721986 160.50550631519533 268
1739714721991 160.47278806338676 269
1739714721996 160.4400802458044 270
1739714722001 160.4073828335816 271
1739714722006 160.37469579805355 272
1739714722011 160.34201911075564 273
1739714722016 160.30935274342212 274
1739714722020 160.2766966679846 275
1739714722026 160.2440508565703 276
1739714722031 160.2114152815009 277
1739714722036 160.17878991529085 278
1739714722041 160.146174730646 279
1739714722046 160.11356970046228 280
1739714722051 160.08097479782398 281
1739714722055 160.04838999600258 282
1739714722061 160.01581526845519 283
1739714722066 159.9832505888233 284
1739714722070 159.9506959309312 285
1739714722075 159.91815126878475 286
1739714722080 159.8856165765701 287
1739714722085 159.85309182865188 288
1739714722089 159.82057699957252 289
1739714722094 159.7880720640504 290
1739714722099 159.75557699697862 291
1739714722103 159.7230917734239 292
1739714722108 159.69061636862511 293
1739714722113 159.658150757992 294
1739714722118 159.62569491710377 295
1739714722123 159.5932488217081 296
1739714722128 159.5608124477197 297
1739714722133 159.52838577121906 298
1739714722137 159.4959687684511 299
1739714722142 159.46356141582424 300
1739714722147 159.43116368990886 301
1739714722152 159.39877556743633 302
1739714722157 159.36639702529743 303
1739714722163 159.33402804054174 304
1739714722167 159.3016685903758 305
1739714722172 159.26931865216244 306
1739714722178 159.23697820341937 307
1739714722183 159.20464722181794 308
1739714722188 159.17232568518222 309
1739714722193 159.14001357148766 310
1739714722198 159.10771085886017 311
1739714722203 159.0754175255747 312
1739714722208 159.04313355005422 313
1739714722214 159.0108589108689 314
1739714722219 158.97859358673458 315
1739714722224 158.94633755651193 316
1739714722229 158.91409079920533 317
1739714722234 158.88185329396168 318
1739714722239 158.84962502006948 319
1739714722244 158.8174059569577 320
1739714722249 158.7851960841948 321
1739714722254 158.75299538148747 322
1739714722259 158.72080382867986 323
1739714722265 158.68862140575243 324
1739714722270 158.6564480928209 325
1739714722275 158.62428387013532 326
1739714722280 158.592128718079 327
1739714722285 158.5599826171675 328
1739714722290 158.5278455480477 329
1739714722295 158.4957174914969 330
1739714722299 158.4635984284215 331
1739714722304 158.43148833985654 332
1739714722309 158.39938720696424 333
1739714722314 158.36729501103346 334
1739714722319 158.33521173347853 335
1739714722324 158.3031373558383 336
1739714722329 158.27107185977533 337
1739714722334 158.23901522707487 338
1739714722339 158.206967439644 339
1739714722344 158.1749284795107 340
1739714722349 158.14289832882295 341
1739714722354 158.11087696984782 342
1739714722359 158.07886438497067 343
1739714722364 158.04686055669413 344
1739714722369 158.01486546763726 345
1739714722374 157.98287910053475 346
1739714722379 157.95090143823606 347
1739714722384 157.91893246370446 348
1739714722389 157.8869721600163 349
1739714722393 157.85502051036008 350
1739714722398 157.8230774980357 351
1739714722403 157.7911431064535 352
1739714722408 157.7592173191336 353
1739714722413 157.72730011970495 354
1739714722418 157.69539149190462 355
1739714722423 157.66349141957693 356
1739714722427 157.63159988667257 357
1739714722432 157.59971687724817 358
1739714722437 157.567842375465 359
1739714722442 157.5359763655885 360
1739714722448 157.50411883198757 361
1739714722453 157.47226975913355 362
1739714722458 157.4404291315996 363
1739714722463 157.40859693406003 364
1739714722468 157.37677315128943 365
1739714722473 157.3449577681619 366
1739714722478 157.31315076965032 367
1739714722483 157.2813521408258 368
1739714722488 157.24956186685665 369
1739714722493 157.21777993300802 370
1739714722497 157.18600632464077 371
1739714722502 157.1542410272111 372
1739714722507 157.12248402626963 373
1739714722512 157.0907353074609 374
1739714722517 157.05899485652247 375
1739714722521 157.0272626592843 376
1739714722526 156.99553870166818 377
1739714722531 156.9638229696869 378
1739714722536 156.93211544944361 379
1739714722541 156.90041612713122 380
1739714722546 156.86872498903168 381
1739714722551 156.83704202151526 382
1739714722555 156.80536721104014 383
1739714722560 156.77370054415138 384
1739714722565 156.74204200748065 385
1739714722570 156.71039158774525 386
1739714722575 156.67874927174788 387
1739714722581 156.64711504637563 388
1739714722586 156.6154888985995 389
1739714722591 156.58387081547386 390
1739714722596 156.55226078413574 391
1739714722601 156.5206587918042 392
1739714722606 156.48906482577976 393
1739714722611 156.45747887344402 394
1739714722617 156.4259009222585 395
1739714722622 156.3943309597647 396
1739714722636 156.36276897358294 397
1739714722653 156.33121495141236 398
1739714722662 156.2996688810298 399
1739714722667 156.26813075028952 400
1739714722672 156.2366005471225 401
1739714722678 156.20507825953612 402
1739714722683 156.1735638756132 403
1739714722688 156.14205738351188 404
1739714722693 156.11055877146464 405
1739714722699 156.07906802777813 406
1739714722704 156.0475851408323 407
1739714722709 156.01611009908018 408
1739714722714 155.984642891047 409
1739714722719 155.95318350533006 410
1739714722725 155.92173193059782 411
1739714722730 155.89028815558953 412
1739714722736 155.8588521691148 413
1739714722741 155.82742396005298 414
1739714722746 155.7960035173526 415
1739714722751 155.76459083003107 416
1739714722757 155.73318588717385 417
1739714722762 155.7017886779343 418
1739714722767 155.67039919153294 419
1739714722773 155.63901741725707 420
1739714722779 155.6076433444602 421
1739714722784 155.57627696256162 422
1739714722789 155.54491826104598 423
1739714722795 155.5135672294627 424
1739714722799 155.48222385742545 425
1739714722804 155.45088813461192 426
1739714722809 155.41956005076307 427
1739714722814 155.38823959568285 428
1739714722818 155.35692675923775 429
1739714722823 155.32562153135612 430
1739714722828 155.294323902028 431
1739714722833 155.2630338613045 432
1739714722838 155.23175139929742 433
1739714722843 155.2004765061788 434
1739714722848 155.16920917218033 435
1739714722853 155.1379493875933 436
1739714722858 155.10669714276762 437
1739714722863 155.07545242811187 438
1739714722868 155.04421523409275 439
1739714722873 155.01298555123435 440
1739714722877 154.98176337011824 441
1739714722882 154.95054868138257 442
1739714722887 154.91934147572204 443
1739714722893 154.88814174388725 444
1739714722898 154.85694947668432 445
1739714722903 154.82576466497468 446
1739714722908 154.79458729967433 447
1739714722913 154.76341737175377 448
1739714722918 154.7322548722374 449
1739714722924 154.7010997922032 450
1739714722929 154.66995212278232 451
1739714722934 154.6388118551588 452
1739714722939 154.60767898056898 453
1739714722944 154.5765534903013 454
1739714722949 154.54543537569583 455
1739714722955 154.51432462814384 456
1739714722960 154.4832212390877 457
1739714722965 154.45212520002016 458
1739714722969 154.42103650248418 459
1739714722975 154.38995513807254 460
1739714722980 154.35888109842747 461
1739714722985 154.32781437524022 462
1739714722990 154.29675496025087 463
1739714722995 154.26570284524794 464
1739714723000 154.23465802206766 465
1739714723005 154.20362048259437 466
1739714723011 154.17259021875944 467
1739714723016 154.14156722254128 468
1739714723021 154.11055148596512 469
1739714723026 154.07954300110225 470
1739714723031 154.0485417600702 471
1739714723036 154.01754775503196 472
1739714723041 153.98656097819594 473
1739714723046 153.95558142181548 474
1739714723051 153.92460907818864 475
1739714723056 153.89364393965778 476
1739714723061 153.86268599860938 477
1739714723066 153.83173524747343 478
1739714723071 153.8007916787235 479
1739714723076 153.7698552848762 480
1739714723081 153.73892605849082 481
1739714723086 153.7080039921692 482
1739714723091 153.67708907855535 483
1739714723097 153.646181310335 484
1739714723102 153.6152806802356 485
1739714723107 153.58438718102573 486
1739714723112 153.553500805515 487
1739714723117 153.52262154655358 488
1739714723122 153.49174939703218 489
1739714723127 153.46088434988135 490
1739714723132 153.4300263980716 491
1739714723137 153.3991755346129 492
1739714723142 153.36833175255452 493
1739714723148 153.33749504498454 494
1739714723154 153.30666540502963 495
1739714723161 153.27584282585514 496
1739714723166 153.24502730066425 497
1739714723171 153.21421882269811 498
1739714723176 153.18341738523532 499
