1739716100180 39.50819227929441 0
1739716100184 8.8901309520166 1
1739716100189 2.1220348702764014 2
1739716100194 0.5450398544131617 3
1739716100198 0.25954172255275193 4
1739716100203 0.22124860136340838 5
1739716100207 0.19691370517699724 6
1739716100212 0.25672316739793816 7
1739716100217 0.16896145587263997 8
1739716100223 0.18053780819100593 9
1739716100228 0.16257463811077996 10
1739716100233 0.17787616175980614 11
1739716100237 0.21955513257179435 12
1739716100242 0.135053343611039 13
1739716100246 0.22623928598940304 14
1739716100251 0.18422327772008434 15
1739716100256 0.25714988571895453 16
1739716100260 0.17021625005977628 17
1739716100265 0.14022562597514338 18
1739716100270 0.16448223006848012 19
1739716100274 0.16807084474236778 20
1739716100279 0.20871749014901902 21
1739716100285 0.27310627918796687 22
1739716100289 0.19267430680826902 23
1739716100293 0.14145430221538086 24
1739716100298 0.3574243437806058 25
1739716100302 0.17549642017776446 26
1739716100307 0.17967775993894355 27
1739716100312 0.26660863945645624 28
1739716100316 0.13681365332883472 29
1739716100320 0.17506964258628652 30
1739716100325 0.2201162951723914 31
1739716100330 0.3129837037678248 32
1739716100334 0.10089809532352159 33
1739716100339 0.15461694234160642 34
1739716100343 0.21560915222505933 35
1739716100348 0.19758660710702933 36
1739716100352 0.23608590120853706 37
1739716100357 0.297179520137899 38
1739716100361 0.21732340518444726 39
1739716100365 0.15218200857529474 40
1739716100370 0.2593669819730652 41
1739716100374 0.21274338959150227 42
1739716100380 0.2002579084784878 43
1739716100385 0.2077618929231198 44
1739716100390 0.23057684262458283 45
1739716100400 0.25954085367973684 46
1739716100405 0.16540910893339522 47
1739716100410 0.18530216080207182 48
1739716100415 0.3469079013426965 49
1739716100420 0.3084122424953941 50
1739716100425 0.19093607763512754 51
1739716100429 0.17893861960969168 52
1739716100434 0.19552207558850418 53
1739716100440 0.2280776083693267 54
1739716100444 0.2024690334944989 55
1739716100449 0.15490463529544277 56
1739716100453 0.09381528522883141 57
1739716100458 0.2834793852273101 58
1739716100462 0.2149189433923677 59
1739716100467 0.21643742984169173 60
1739716100471 0.16979564530097688 61
1739716100476 0.32381251435536607 62
1739716100481 0.2288687473036315 63
1739716100486 0.27880133478198177 64
1739716100491 0.1744464783974569 65
1739716100496 0.23864506653968298 66
1739716100501 0.2550672648821899 67
1739716100506 0.136081477584361 68
1739716100510 0.15904983665607322 69
1739716100515 0.1591471717834619 70
1739716100520 0.21875662916738 71
1739716100524 0.19303385053400351 72
1739716100529 0.21934231842338694 73
1739716100534 0.1850447927871989 74
1739716100538 0.17443688184408263 75
1739716100543 0.2171223196686845 76
1739716100548 0.19600546376524033 77
1739716100553 0.29401259902719995 78
1739716100558 0.24262381699783048 79
1739716100562 0.1432818769521273 80
1739716100567 0.24696703415862425 81
1739716100571 0.30801155094504146 82
1739716100576 0.21846418485662736 83
1739716100580 0.1567212059258833 84
1739716100585 0.251016196611706 85
1739716100590 0.20530381733221742 86
1739716100595 0.17654633386602062 87
1739716100599 0.1854087288266254 88
1739716100603 0.21539807502953434 89
1739716100608 0.231580265096846 90
1739716100613 0.2552018447160876 91
1739716100618 0.16128423579188347 92
1739716100623 0.24383686007975025 93
1739716100627 0.20345188556941893 94
1739716100632 0.20073055103503257 95
1739716100637 0.18745536351932982 96
1739716100641 0.17130104989103484 97
1739716100646 0.12136672456552496 98
1739716100651 0.1847172407410826 99
1739716100655 0.18033047731104526 100
1739716100660 0.1848046192830232 101
1739716100664 0.21563194860758103 102
1739716100669 0.19312697341450097 103
1739716100674 0.24520079212807913 104
1739716100678 0.18170620853715758 105
1739716100682 0.3038409204762008 106
1739716100687 0.1661755566333242 107
1739716100692 0.19756601763608325 108
1739716100699 0.17133141155967752 109
1739716100704 0.24979113038684292 110
1739716100710 0.1703476562829986 111
1739716100715 0.23509920464370124 112
1739716100720 0.1862720549510781 113
1739716100725 0.2022253127227704 114
1739716100731 0.13885735123081258 115
1739716100737 0.1625476995192173 116
1739716100743 0.17309077284621144 117
1739716100748 0.2659889796942676 118
1739716100753 0.14292974415876164 119
1739716100758 0.25600225923593756 120
1739716100763 0.23440253257073265 121
1739716100768 0.23499479979344773 122
1739716100773 0.20499768233906482 123
1739716100779 0.16646836467492793 124
1739716100784 0.21726812899441908 125
1739716100789 0.1708381075356627 126
1739716100794 0.1617568783838554 127
1739716100800 0.20757621041107913 128
1739716100805 0.15365866364507474 129
1739716100809 0.18342872085477255 130
1739716100814 0.31492338037495055 131
1739716100819 0.2988011556107666 132
1739716100824 0.27061921649624826 133
1739716100828 0.4049920488888626 134
1739716100833 0.12402691701355621 135
1739716100837 0.1438819345225017 136
1739716100841 0.2514781450382591 137
1739716100846 0.19727008723074385 138
1739716100851 0.2501332289307957 139
1739716100855 0.24435042131872378 140
1739716100860 0.20758761392160363 141
1739716100864 0.24252467409270195 142
1739716100869 0.2715743871608229 143
1739716100873 0.21175709366899795 144
1739716100878 0.16713364012561485 145
1739716100882 0.370675343717522 146
1739716100887 0.13187520867244185 147
1739716100891 0.18556941607200253 148
1739716100896 0.20194047381080793 149
1739716100901 0.12778310767692058 150
1739716100906 0.18884837646796732 151
1739716100911 0.17560784274256633 152
1739716100915 0.19430046465631107 153
1739716100920 0.2348863817097893 154
1739716100925 0.14766934976204274 155
1739716100930 0.2694492080350409 156
1739716100934 0.18706723037745676 157
1739716100939 0.1035109580403204 158
1739716100943 0.14468678154322973 159
1739716100948 0.15750037638624403 160
1739716100953 0.15800201518369728 161
1739716100958 0.20977445222909738 162
1739716100963 0.24966973062768213 163
1739716100967 0.2150344518479279 164
1739716100972 0.20164699168936295 165
1739716100976 0.21876385902405174 166
1739716100981 0.22604830733699544 167
1739716100986 0.21281979293810405 168
1739716100990 0.268088661085478 169
1739716100995 0.23925047320443876 170
1739716101000 0.17293739563436616 171
1739716101004 0.19686441463328438 172
1739716101009 0.2151985924136622 173
1739716101013 0.2192623834060615 174
1739716101018 0.20263720398540436 175
1739716101022 0.20379310535099807 176
1739716101027 0.16127225059486786 177
1739716101031 0.12673013957846924 178
1739716101035 0.23849918637166567 179
1739716101040 0.18927953324229224 180
1739716101044 0.4148267949084092 181
1739716101049 0.17903329368719775 182
1739716101053 0.26865683509138516 183
1739716101058 0.21814090248449067 184
1739716101062 0.18166853498767085 185
1739716101067 0.2833261157558615 186
1739716101071 0.22585496490185836 187
1739716101076 0.16917337310280745 188
1739716101080 0.13783972155556515 189
1739716101085 0.25080235432834147 190
1739716101090 0.15542638557337887 191
1739716101094 0.4369340481782192 192
1739716101099 0.2568999409633864 193
1739716101103 0.1881661247163384 194
1739716101108 0.21639983486460396 195
1739716101113 0.17049471799006935 196
1739716101118 0.20057699394125253 197
1739716101122 0.480983464945254 198
1739716101127 0.26035105652444585 199
1739716101132 0.1927904054855501 200
1739716101136 0.21746353042759134 201
1739716101141 0.14292128308289656 202
1739716101145 0.15575880816056872 203
1739716101150 0.22217349156951954 204
1739716101155 0.25886577859608556 205
1739716101160 0.17571424502684377 206
1739716101164 0.22323611235639226 207
1739716101169 0.2581564268674644 208
1739716101174 0.26150532007359917 209
1739716101178 0.2999908728182498 210
1739716101182 0.14227373161130846 211
1739716101187 0.201907384373336 212
1739716101192 0.12850498499807575 213
1739716101196 0.18638345021626299 214
1739716101201 0.2684696280970578 215
1739716101206 0.21273046765994125 216
1739716101210 0.20282057951564328 217
1739716101215 0.19537000805523963 218
1739716101220 0.21090013704184662 219
1739716101224 0.12794102977426003 220
1739716101229 0.22690360090254605 221
1739716101233 0.2218850367223324 222
1739716101238 0.29538044914362865 223
1739716101242 0.2075622357639506 224
1739716101247 0.14877705539351968 225
1739716101251 0.12141180179760644 226
1739716101256 0.22732723627317708 227
1739716101260 0.2004329990414023 228
1739716101265 0.12746898179698854 229
1739716101270 0.2364952497565096 230
1739716101274 0.27965396472574183 231
1739716101279 0.20080151820358608 232
1739716101284 0.22912823396601556 233
1739716101289 0.1702304331598211 234
1739716101294 0.2739232669429242 235
1739716101299 0.27892724176327277 236
1739716101304 0.14747408720262833 237
1739716101308 0.15479939079789898 238
1739716101313 0.3673779795087398 239
1739716101318 0.26955923743115434 240
1739716101322 0.18227278869459784 241
1739716101327 0.24386768269433534 242
1739716101331 0.190760038606586 243
1739716101336 0.15222157604183306 244
1739716101340 0.17577314655862372 245
1739716101345 0.18668116563658033 246
1739716101350 0.3677810857969194 247
1739716101354 0.235055991740944 248
1739716101359 0.38039969890271835 249
1739716101364 0.20395281393780765 250
1739716101369 0.3149272675948863 251
1739716101373 0.2587846807696217 252
1739716101378 0.18956333105827938 253
1739716101388 0.21535847374214426 254
1739716101393 0.17486143791034134 255
1739716101398 0.25612440508346823 256
1739716101403 0.17623681092124363 257
1739716101408 0.22025069079324816 258
1739716101412 0.22994539354916524 259
1739716101417 0.2378568239587163 260
1739716101422 0.21595303306491664 261
1739716101426 0.21170963893856024 262
1739716101431 0.1548274800615278 263
1739716101436 0.22717139344535142 264
1739716101441 0.18794358093984534 265
1739716101448 0.20571587176568715 266
1739716101453 0.2206301881332213 267
1739716101458 0.23931771956040718 268
1739716101462 0.19263617839497718 269
1739716101467 0.2503383602010616 270
1739716101471 0.19941325516120606 271
1739716101476 0.14080234626673355 272
1739716101481 0.1535093433554616 273
1739716101486 0.19805828331231978 274
1739716101490 0.24566864041158207 275
1739716101495 0.221734302243604 276
1739716101500 0.18339074653563772 277
1739716101505 0.146708527143296 278
1739716101509 0.210512377472897 279
1739716101513 0.17830366309539486 280
1739716101518 0.20346576807591374 281
1739716101522 0.28760954013274614 282
1739716101527 0.18584210343170945 283
1739716101532 0.16508062807123872 284
1739716101536 0.1325215086216714 285
1739716101541 0.18014582643391777 286
1739716101546 0.22291658975808518 287
1739716101550 0.15308149079822547 288
1739716101555 0.24082990302098917 289
1739716101560 0.21290704914081648 290
1739716101565 0.16984650900802878 291
1739716101569 0.2640234842663178 292
1739716101574 0.23404284361734892 293
1739716101578 0.21912839134994574 294
1739716101583 0.1231712937175491 295
1739716101588 0.17883130268254335 296
1739716101592 0.18459018372894032 297
1739716101597 0.18173189353595515 298
1739716101602 0.23701602060699792 299
1739716101607 0.2444622289432839 300
1739716101611 0.23159374484759362 301
1739716101616 0.18330727168246844 302
1739716101620 0.1659090329562173 303
1739716101625 0.2728848123309233 304
1739716101630 0.229173554316076 305
1739716101635 0.20049409595083462 306
1739716101639 0.22617923232059398 307
1739716101644 0.2243002118456862 308
1739716101649 0.20283391259152211 309
1739716101653 0.21599272337098202 310
1739716101658 0.27749367007426684 311
1739716101663 0.22621618923352532 312
1739716101667 0.14245182454263386 313
1739716101671 0.23981476422152478 314
1739716101676 0.1961810385987366 315
1739716101681 0.24416678786504703 316
1739716101685 0.17418561133541033 317
1739716101690 0.17631451897915876 318
1739716101694 0.24384134317663034 319
1739716101699 0.24548533415066168 320
1739716101704 0.2334313011662676 321
1739716101709 0.2169485896978245 322
1739716101713 0.23944158811478258 323
1739716101718 0.2628484621400232 324
1739716101722 0.16484546300269837 325
1739716101727 0.2096374154771133 326
1739716101731 0.2322929844219443 327
1739716101736 0.3093218309922111 328
1739716101740 0.20532982956489665 329
1739716101745 0.19486478465185328 330
1739716101750 0.24140771171512992 331
1739716101754 0.20772365667625842 332
1739716101759 0.25542380807661635 333
1739716101764 0.14749645350211882 334
1739716101769 0.16857700705896522 335
1739716101773 0.3102396602972411 336
1739716101778 0.3266405914250306 337
1739716101782 0.17761338916166092 338
1739716101787 0.257962575198124 339
1739716101792 0.2582044511296123 340
1739716101797 0.24990791209842467 341
1739716101802 0.23617393788438862 342
1739716101806 0.20635694129149 343
1739716101811 0.2379723561961549 344
1739716101816 0.1678702627376416 345
1739716101821 0.19250417955019278 346
1739716101825 0.1571989302748536 347
1739716101830 0.24247805407101874 348
1739716101834 0.19515941736720283 349
1739716101839 0.21155406604304422 350
1739716101844 0.1316154396563232 351
1739716101848 0.15975038388803908 352
1739716101853 0.2991887500425388 353
1739716101857 0.17679674227738032 354
1739716101862 0.15131324365341484 355
1739716101867 0.18127602725039213 356
1739716101872 0.18820991059933867 357
1739716101876 0.29083703507876235 358
1739716101881 0.15772235756575337 359
1739716101885 0.20882630941374478 360
1739716101890 0.1737413683425558 361
1739716101895 0.15052795981661787 362
1739716101900 0.39721650195339914 363
1739716101905 0.3037700837169544 364
1739716101909 0.14851097878064645 365
1739716101914 0.1877174192386314 366
1739716101919 0.28992586184524727 367
1739716101923 0.1826501598339411 368
1739716101928 0.19435581252785047 369
1739716101933 0.2483331365678474 370
1739716101937 0.21873474090539685 371
1739716101942 0.2325817540879104 372
1739716101947 0.14501954882951162 373
1739716101952 0.14811196919085115 374
1739716101956 0.17467360178481448 375
1739716101961 0.19863413912679026 376
1739716101966 0.10783075095971842 377
1739716101970 0.15181035767795342 378
1739716101975 0.20270979900011118 379
1739716101980 0.19322847319940967 380
1739716101984 0.1434549722407494 381
1739716101989 0.24659224665105148 382
1739716101994 0.222505682475856 383
1739716101999 0.1234526775018183 384
1739716102003 0.1435127210790632 385
1739716102009 0.1846068019841194 386
1739716102013 0.17542564502568608 387
1739716102018 0.3026199541594172 388
1739716102023 0.1619145146028784 389
1739716102028 0.2666880053874219 390
1739716102033 0.26490267709104093 391
1739716102037 0.21677418999775125 392
1739716102042 0.21353517509529213 393
1739716102046 0.23351628805212116 394
1739716102051 0.21191807515570246 395
1739716102056 0.2636404139793626 396
1739716102060 0.2937060287243312 397
1739716102065 0.16881331162357827 398
1739716102069 0.15868250996622812 399
1739716102074 0.20065623164035853 400
1739716102079 0.19966624580971457 401
1739716102083 0.22649621019834457 402
1739716102088 0.17944620690411542 403
1739716102092 0.19117287930330099 404
1739716102097 0.25555708598243265 405
1739716102101 0.18465356375910708 406
1739716102106 0.21007596206679502 407
1739716102111 0.1926602743424631 408
1739716102115 0.2172341416431535 409
1739716102120 0.18538880966031374 410
1739716102124 0.21346373580294917 411
1739716102129 0.16305746746270813 412
1739716102133 0.2168501720901215 413
1739716102138 0.22152202720266856 414
1739716102143 0.2548838552791397 415
1739716102147 0.24021583046472922 416
1739716102152 0.21424179486598127 417
1739716102156 0.20558925007881435 418
1739716102161 0.18872027055645735 419
1739716102165 0.23598331194012995 420
1739716102170 0.12949274475625813 421
1739716102174 0.14857131236711305 422
1739716102179 0.22088321175696454 423
1739716102183 0.1931996617814969 424
1739716102188 0.25871022967174234 425
1739716102193 0.3118433657666696 426
1739716102197 0.19601963045336707 427
1739716102202 0.20568204219607988 428
1739716102207 0.20102753405901394 429
1739716102211 0.19469231652121247 430
1739716102216 0.20252925935248672 431
1739716102221 0.2668638322940272 432
1739716102226 0.12707823230049095 433
1739716102231 0.20279238756525392 434
1739716102235 0.36090760914540143 435
1739716102240 0.17695262450825724 436
1739716102244 0.18224437573121025 437
1739716102249 0.18404613599480896 438
1739716102254 0.20018318997977924 439
1739716102259 0.3166323903979685 440
1739716102263 0.1763431984522359 441
1739716102268 0.31038928498567364 442
1739716102273 0.22355375815054035 443
1739716102277 0.19655293912010172 444
1739716102282 0.2211643103146403 445
1739716102287 0.2600402683516085 446
1739716102291 0.21508563124321947 447
1739716102296 0.23112958720287344 448
1739716102300 0.17833829087656652 449
1739716102305 0.20560652482811234 450
1739716102310 0.18977671030839452 451
1739716102315 0.19208135486003056 452
1739716102320 0.21020638936976618 453
1739716102325 0.2717138547298135 454
1739716102329 0.2981853631461653 455
1739716102334 0.18291017316417282 456
1739716102339 0.20780504831172286 457
1739716102344 0.21817985206211238 458
1739716102349 0.1549839728430991 459
1739716102354 0.23505145208116623 460
1739716102359 0.24551441546259906 461
1739716102363 0.1980557486331505 462
1739716102368 0.2998722863018672 463
1739716102373 0.21523791959524433 464
1739716102377 0.24066086617342028 465
1739716102382 0.17411212269209891 466
1739716102387 0.21843006627299524 467
1739716102392 0.19414916636174312 468
1739716102396 0.2475600372229623 469
1739716102401 0.14054124476862984 470
1739716102406 0.2518179401573997 471
1739716102411 0.2035319778600598 472
1739716102415 0.16211821270195687 473
1739716102420 0.24521692790308197 474
1739716102425 0.21260667728174767 475
1739716102429 0.15239393720603533 476
1739716102434 0.18622798090418757 477
1739716102439 0.24322539848150634 478
1739716102443 0.16807452880039983 479
1739716102453 0.17953935789667758 480
1739716102458 0.24704210635553114 481
1739716102463 0.20559446577410068 482
1739716102468 0.16524915131074305 483
1739716102473 0.21468752903885177 484
1739716102477 0.1795038708838415 485
1739716102482 0.212534545210071 486
1739716102487 0.20951785585000407 487
1739716102491 0.23640861088443205 488
1739716102496 0.15767928887611427 489
1739716102500 0.22129100611122293 490
1739716102505 0.16694286390321514 491
1739716102510 0.14570423435093222 492
1739716102515 0.17132705590999506 493
1739716102520 0.27922370641289707 494
1739716102524 0.16875438594543904 495
1739716102529 0.2506596379540792 496
1739716102534 0.1474925075453535 497
1739716102539 0.18988461849357402 498
1739716102543 0.1411522600406067 499
