1739715287781 170.3745847965837 0
1739715287788 170.33976166182347 1
1739715287794 170.30420207079976 2
1739715287799 170.26843181131895 3
1739715287805 170.23260864278245 4
1739715287810 170.19677986646875 5
1739715287815 170.16095964112563 6
1739715287820 170.1251521822349 7
1739715287825 170.08935872237524 8
1739715287830 170.0535795994327 9
1739715287835 170.0178148830875 10
1739715287841 169.98206456276478 11
1739715287846 169.9463286040207 12
1739715287851 169.91060696545733 13
1739715287857 169.87489960379563 14
1739715287862 169.83920647539597 15
1739715287867 169.80352753671298 16
1739715287873 169.76786274443018 17
1739715287878 169.73221205549936 18
1739715287884 169.69657542715072 19
1739715287889 169.66095281689428 20
1739715287895 169.62534418251926 21
1739715287900 169.58974948209223 22
1739715287905 169.55416867395533 23
1739715287911 169.51860171672408 24
1739715287916 169.4830485692856 25
1739715287921 169.4475091907965 26
1739715287927 169.41198354068115 27
1739715287932 169.37647157862943 28
1739715287937 169.34097326459508 29
1739715287942 169.30548855879366 30
1739715287948 169.2700174217006 31
1739715287953 169.2345598140496 32
1739715287958 169.1991156968302 33
1739715287966 169.16368503128666 34
1739715287971 169.1282677789155 35
1739715287980 169.092863901464 36
1739715287987 169.0574733609282 37
1739715287992 169.02209611955143 38
1739715287998 168.986732139822 39
1739715288003 168.95138138447194 40
1739715288009 168.91604381647497 41
1739715288014 168.88071939904466 42
1739715288019 168.84540809563302 43
1739715288025 168.81010986992854 44
1739715288030 168.77482468585453 45
1739715288036 168.73955250756737 46
1739715288042 168.704293299455 47
1739715288048 168.66904702613508 48
1739715288054 168.63381365245334 49
1739715288059 168.59859314348216 50
1739715288064 168.56338546451855 51
1739715288070 168.52819058108284 52
1739715288075 168.49300845891696 53
1739715288080 168.45783906398285 54
1739715288086 168.42268236246085 55
1739715288092 168.38753832074818 56
1739715288097 168.35240690545737 57
1739715288103 168.3172880834146 58
1739715288109 168.2821818216583 59
1739715288114 168.2470880874376 60
1739715288120 168.2120068482107 61
1739715288125 168.17693807164352 62
1739715288131 168.14188172560807 63
1739715288137 168.1068377781811 64
1739715288143 168.07180619764247 65
1739715288148 168.03678695247382 66
1739715288154 168.0017800113571 67
1739715288160 167.966785343173 68
1739715288166 167.93180291699974 69
1739715288171 167.8968327021115 70
1739715288178 167.86187466797696 71
1739715288183 167.82692878425812 72
1739715288189 167.7919950208086 73
1739715288195 167.75707334767273 74
1739715288201 167.72216373508354 75
1739715288209 167.68726615346202 76
1739715288215 167.6523805734155 77
1739715288221 167.61750696573614 78
1739715288226 167.58264530139996 79
1739715288232 167.54779555156523 80
1739715288238 167.5129576875714 81
1739715288244 167.47813168093754 82
1739715288249 167.44331750336138 83
1739715288254 167.40851512671773 84
1739715288260 167.37372452305726 85
1739715288265 167.3389456646054 86
1739715288270 167.30417852376107 87
1739715288276 167.26942307309523 88
1739715288281 167.23467928534984 89
1739715288287 167.1999471334365 90
1739715288292 167.16522659043548 91
1739715288298 167.1305176295942 92
1739715288304 167.09582022432622 93
1739715288311 167.0611343482101 94
1739715288317 167.02645997498803 95
1739715288323 166.99179707856484 96
1739715288329 166.95714563300672 97
1739715288334 166.9225056125401 98
1739715288339 166.8878769915505 99
1739715288345 166.85325974458164 100
1739715288350 166.81865384633372 101
1739715288355 166.78405927166295 102
1739715288361 166.74947599558007 103
1739715288366 166.7149039932493 104
1739715288372 166.68034323998722 105
1739715288377 166.64579371126192 106
1739715288383 166.6112553826916 107
1739715288388 166.57672823004373 108
1739715288394 166.5422122292338 109
1739715288399 166.50770735632452 110
1739715288404 166.47321358752444 111
1739715288410 166.4387308991872 112
1739715288415 166.40425926781035 113
1739715288420 166.3697986700344 114
1739715288425 166.33534908264176 115
1739715288430 166.30091048255568 116
1739715288436 166.26648284683938 117
1739715288441 166.2320661526949 118
1739715288446 166.19766037746234 119
1739715288452 166.16326549861859 120
1739715288458 166.12888149377656 121
1739715288463 166.09450834068417 122
1739715288469 166.0601460172234 123
1739715288475 166.02579450140922 124
1739715288481 165.9914537713889 125
1739715288488 165.95712380544077 126
1739715288493 165.92280458197357 127
1739715288499 165.8884960795253 128
1739715288505 165.85419827676245 129
1739715288511 165.819911152479 130
1739715288517 165.78563468559557 131
1739715288523 165.75136885515852 132
1739715288528 165.7171136403391 133
1739715288534 165.68286902043246 134
1739715288539 165.64863497485675 135
1739715288545 165.61441148315254 136
1739715288553 165.58019852498154 137
1739715288559 165.5459960801261 138
1739715288564 165.51180412848808 139
1739715288570 165.47762265008822 140
1739715288575 165.44345162506517 141
1739715288582 165.40929103367475 142
1739715288588 165.3751408562891 143
1739715288594 165.34100107339566 144
1739715288599 165.3068716655967 145
1739715288604 165.27275261360836 146
1739715288610 165.23864389825965 147
1739715288615 165.204545500492 148
1739715288621 165.17045740135822 149
1739715288627 165.1363795820219 150
1739715288632 165.1023120237564 151
1739715288638 165.06825470794428 152
1739715288643 165.0342076160764 153
1739715288649 165.0001707297513 154
1739715288655 164.96614403067423 155
1739715288662 164.9321275006567 156
1739715288667 164.89812112161545 157
1739715288673 164.8641248755718 158
1739715288679 164.83013874465104 159
1739715288685 164.7961627110815 160
1739715288690 164.76219675719398 161
1739715288696 164.72824086542096 162
1739715288703 164.69429501829595 163
1739715288711 164.66035919845262 164
1739715288717 164.62643338862435 165
1739715288722 164.5925175716433 166
1739715288728 164.55861173043988 167
1739715288734 164.52471584804195 168
1739715288740 164.49082990757418 169
1739715288745 164.45695389225736 170
1739715288751 164.42308778540792 171
1739715288756 164.38923157043678 172
1739715288762 164.35538523084924 173
1739715288768 164.32154875024398 174
1739715288774 164.28772211231248 175
1739715288779 164.2539053008385 176
1739715288784 164.22009829969724 177
1739715288790 164.18630109285485 178
1739715288796 164.1525136643676 179
1739715288803 164.11873599838157 180
1739715288809 164.08496807913184 181
1739715288814 164.05120989094172 182
1739715288820 164.01746141822235 183
1739715288825 163.9837226454722 184
1739715288830 163.949993557276 185
1739715288836 163.91627413830466 186
1739715288841 163.88256437331435 187
1739715288847 163.848864247146 188
1739715288852 163.81517374472475 189
1739715288858 163.78149285105928 190
1739715288863 163.7478215512413 191
1739715288870 163.71415983044488 192
1739715288875 163.6805076739261 193
1739715288881 163.64686506702222 194
1739715288887 163.61323199515118 195
1739715288893 163.5796084438112 196
1739715288898 163.54599439858 197
1739715288904 163.5123898451145 198
1739715288910 163.47879476915003 199
1739715288915 163.44520915649986 200
1739715288921 163.41163299305475 201
1739715288927 163.37806626478235 202
1739715288933 163.3445089577267 203
1739715288938 163.31096105800756 204
1739715288944 163.27742255182008 205
1739715288950 163.24389342543427 206
1739715288955 163.21037366519425 207
1739715288960 163.1768632575181 208
1739715288969 163.14336218889696 209
1739715288975 163.10987044589476 210
1739715288983 163.07638801514787 211
1739715288991 163.04291488336415 212
1739715288997 163.0094510373228 213
1739715289002 162.97599646387394 214
1739715289008 162.9425511499377 215
1739715289013 162.9091150825042 216
1739715289018 162.87568824863285 217
1739715289024 162.84227063545183 218
1739715289029 162.8088622301577 219
1739715289035 162.77546302001502 220
1739715289041 162.74207299235562 221
1739715289047 162.70869213457843 222
1739715289052 162.67532043414886 223
1739715289057 162.64195787859828 224
1739715289065 162.6086044555238 225
1739715289072 162.57526015258753 226
1739715289079 162.54192495751653 227
1739715289085 162.50859885810175 228
1739715289091 162.4752818421984 229
1739715289097 162.44197389772472 230
1739715289106 162.4086750126621 231
1739715289113 162.37538517505442 232
1739715289120 162.34210437300752 233
1739715289126 162.30883259468914 234
1739715289132 162.2755698283281 235
1739715289138 162.2423160622142 236
1739715289144 162.20907128469753 237
1739715289149 162.17583548418818 238
1739715289155 162.14260864915602 239
1739715289160 162.1093907681299 240
1739715289166 162.07618182969767 241
1739715289173 162.0429818225054 242
1739715289178 162.00979073525718 243
1739715289184 161.97660855671487 244
1739715289190 161.94343527569728 245
1739715289196 161.91027088108032 246
1739715289201 161.8771153617961 247
1739715289207 161.8439687068329 248
1739715289212 161.8108309052347 249
1739715289219 161.7777019461008 250
1739715289225 161.74458181858523 251
1739715289230 161.7114705118968 252
1739715289236 161.6783680152984 253
1739715289242 161.64527431810677 254
1739715289247 161.61218940969204 255
1739715289254 161.57911327947755 256
1739715289260 161.54604591693928 257
1739715289266 161.51298731160557 258
1739715289271 161.47993745305698 259
1739715289277 161.44689633092543 260
1739715289283 161.41386393489444 261
1739715289289 161.38084025469837 262
1739715289295 161.3478252801223 263
1739715289300 161.31481900100152 264
1739715289306 161.28182140722132 265
1739715289311 161.24883248871677 266
1739715289316 161.2158522354719 267
1739715289321 161.18288063752001 268
1739715289326 161.14991768494284 269
1739715289332 161.1169633678706 270
1739715289338 161.08401767648132 271
1739715289344 161.0510806010008 272
1739715289349 161.01815213170207 273
1739715289355 160.9852322589053 274
1739715289360 160.95232097297747 275
1739715289366 160.9194182643316 276
1739715289371 160.88652412342717 277
1739715289377 160.85363854076925 278
1739715289383 160.8207615069085 279
1739715289389 160.78789301244055 280
1739715289394 160.75503304800617 281
1739715289399 160.72218160429048 282
1739715289405 160.689338672023 283
1739715289410 160.65650424197725 284
1739715289415 160.6236783049703 285
1739715289420 160.59086085186277 286
1739715289425 160.55805187355833 287
1739715289431 160.52525136100343 288
1739715289436 160.49245930518717 289
1739715289441 160.45967569714077 290
1739715289447 160.4269005279376 291
1739715289452 160.39413378869253 292
1739715289457 160.36137547056205 293
1739715289463 160.32862556474367 294
1739715289468 160.2958840624758 295
1739715289473 160.26315095503753 296
1739715289479 160.23042623374818 297
1739715289485 160.19770988996726 298
1739715289490 160.16500191509402 299
1739715289496 160.13230230056718 300
1739715289501 160.09961103786497 301
1739715289506 160.06692811850442 302
1739715289512 160.03425353404154 303
1739715289517 160.0015872760706 304
1739715289523 159.96892933622436 305
1739715289529 159.9362797061735 306
1739715289534 159.9036383776265 307
1739715289539 159.8710053423293 308
1739715289545 159.8383805920651 309
1739715289550 159.8057641186542 310
1739715289556 159.7731559139537 311
1739715289561 159.7405559698571 312
1739715289566 159.7079642782943 313
1739715289572 159.6753808312313 314
1739715289577 159.6428056206699 315
1739715289583 159.61023863864736 316
1739715289589 159.5776798772366 317
1739715289594 159.54512932854539 318
1739715289599 159.5125869847165 319
1739715289605 159.48005283792745 320
1739715289610 159.4475268803902 321
1739715289616 159.41500910435076 322
1739715289621 159.3824995020894 323
1739715289626 159.34999806592 324
1739715289632 159.31750478819004 325
1739715289637 159.28501966128044 326
1739715289642 159.2525426776051 327
1739715289648 159.22007382961098 328
1739715289654 159.18761310977766 329
1739715289660 159.15516051061726 330
1739715289666 159.12271602467408 331
1739715289671 159.09027964452466 332
1739715289677 159.0578513627773 333
1739715289683 159.02543117207196 334
1739715289689 158.99301906508012 335
1739715289695 158.96061503450449 336
1739715289700 158.9282190730788 337
1739715289706 158.89583117356761 338
1739715289712 158.86345132876622 339
1739715289718 158.83107953150036 340
1739715289724 158.798715774626 341
1739715289729 158.76636005102927 342
1739715289735 158.73401235362607 343
1739715289740 158.70167267536195 344
1739715289746 158.66934100921208 345
1739715289751 158.63701734818088 346
1739715289757 158.60470168530193 347
1739715289762 158.5723940136377 348
1739715289768 158.5400943262794 349
1739715289773 158.50780261634685 350
1739715289778 158.47551887698816 351
1739715289783 158.44324310137975 352
1739715289788 158.41097528272616 353
1739715289793 158.3787154142595 354
1739715289799 158.34646348923968 355
1739715289804 158.31421950095418 356
1739715289809 158.28198344271777 357
1739715289815 158.24975530787233 358
1739715289820 158.2175350897866 359
1739715289825 158.18532278185637 360
1739715289830 158.15311837750394 361
1739715289835 158.12092187017797 362
1739715289841 158.08873325335364 363
1739715289846 158.05655252053202 364
1739715289852 158.02437966524047 365
1739715289857 157.99221468103173 366
1739715289862 157.96005756148452 367
1739715289867 157.927908300203 368
1739715289872 157.89576689081647 369
1739715289877 157.86363332697957 370
1739715289882 157.8315076023718 371
1739715289888 157.79938971069768 372
1739715289894 157.7672796456863 373
1739715289899 157.7351774010913 374
1739715289904 157.70308297069073 375
1739715289909 157.67099634828693 376
1739715289914 157.6389175277061 377
1739715289919 157.60684650279862 378
1739715289924 157.57478326743856 379
1739715289930 157.54272781552356 380
1739715289935 157.51068014097487 381
1739715289940 157.47864023773693 382
1739715289945 157.44660809977754 383
1739715289951 157.41458372108738 384
1739715289956 157.3825670956802 385
1739715289961 157.35055821759238 386
1739715289967 157.31855708088304 387
1739715289978 157.28656367963367 388
1739715289983 157.25457800794817 389
1739715289988 157.22260005995273 390
1739715289994 157.19062982979545 391
1739715289999 157.1586673116464 392
1739715290005 157.1267124996976 393
1739715290010 157.0947653881625 394
1739715290015 157.06282597127625 395
1739715290020 157.03089424329545 396
1739715290025 156.99897019849772 397
1739715290031 156.96705383118208 398
1739715290036 156.9351451356684 399
1739715290042 156.90324410629748 400
1739715290047 156.87135073743093 401
1739715290052 156.83946502345088 402
1739715290058 156.80758695876003 403
1739715290063 156.77571653778142 404
1739715290068 156.74385375495837 405
1739715290073 156.71199860475429 406
1739715290078 156.68015108165258 407
1739715290084 156.64831118015667 408
1739715290089 156.6164788947895 409
1739715290094 156.58465422009394 410
1739715290100 156.55283715063212 411
1739715290105 156.52102768098572 412
1739715290110 156.48922580575572 413
1739715290115 156.45743151956222 414
1739715290121 156.42564481704437 415
1739715290126 156.39386569286026 416
1739715290132 156.3620941416869 417
1739715290137 156.33033015821982 418
1739715290142 156.29857373717334 419
1739715290147 156.2668248732802 420
1739715290152 156.23508356129148 421
1739715290157 156.20334979597655 422
1739715290162 156.17162357212305 423
1739715290167 156.13990488453643 424
1739715290173 156.1081937280403 425
1739715290178 156.076490097476 426
1739715290183 156.04479398770263 427
1739715290188 156.0131053935969 428
1739715290193 155.98142431005297 429
1739715290198 155.94975073198265 430
1739715290204 155.91808465431473 431
1739715290209 155.88642607199543 432
1739715290214 155.854774979988 433
1739715290220 155.8231313732727 434
1739715290225 155.79149524684675 435
1739715290230 155.75986659572402 436
1739715290235 155.7282454149353 437
1739715290240 155.69663169952776 438
1739715290246 155.6650254445652 439
1739715290251 155.63342664512786 440
1739715290257 155.6018352963122 441
1739715290262 155.57025139323093 442
1739715290267 155.53867493101296 443
1739715290272 155.5071059048031 444
1739715290277 155.47554430976214 445
1739715290282 155.44399014106676 446
1739715290288 155.41244339390934 447
1739715290293 155.38090406349787 448
1739715290299 155.34937214505598 449
1739715290304 155.3178476338228 450
1739715290309 155.2863305250527 451
1739715290314 155.25482081401552 452
1739715290319 155.22331849599612 453
1739715290325 155.19182356629466 454
1739715290330 155.1603360202262 455
1739715290336 155.12885585312077 456
1739715290342 155.0973830603233 457
1739715290347 155.06591763719342 458
1739715290352 155.0344595791055 459
1739715290357 155.00300888144847 460
1739715290362 154.97156553962577 461
1739715290368 154.94012954905534 462
1739715290373 154.9087009051694 463
1739715290378 154.87727960341448 464
1739715290384 154.8458656392512 465
1739715290389 154.81445900815442 466
1739715290394 154.78305970561294 467
1739715290399 154.75166772712947 468
1739715290404 154.72028306822065 469
1739715290409 154.6889057244169 470
1739715290414 154.65753569126235 471
1739715290419 154.62617296431466 472
1739715290425 154.59481753914514 473
1739715290430 154.56346941133856 474
1739715290435 154.53212857649302 475
1739715290441 154.50079503022005 476
1739715290446 154.4694687681443 477
1739715290452 154.4381497859037 478
1739715290456 154.40683807914922 479
1739715290462 154.3755336435448 480
1739715290467 154.34423647476743 481
1739715290472 154.31294656850693 482
1739715290478 154.28166392046592 483
1739715290483 154.25038852635976 484
1739715290488 154.2191203819164 485
1739715290493 154.1878594828765 486
1739715290499 154.15660582499316 487
1739715290504 154.12535940403194 488
1739715290510 154.0941202157708 489
1739715290515 154.06288825599995 490
1739715290521 154.031663520522 491
1739715290526 154.0004460051515 492
1739715290531 153.96923570571522 493
1739715290537 153.93803261805203 494
1739715290543 153.90683673801274 495
1739715290548 153.87564806146 496
1739715290554 153.84446658426825 497
1739715290559 153.81329230232396 498
1739715290564 153.78212521152497 499
