1739714790171 169.83714672730142 0
1739714790175 169.80257845874186 1
1739714790179 169.76801811162468 2
1739714790184 169.73346568397324 3
1739714790188 169.69892117381153 4
1739714790192 169.66438457916405 5
1739714790196 169.6298558980559 6
1739714790200 169.5953351285126 7
1739714790204 169.56082226856037 8
1739714790208 169.52631731622586 9
1739714790212 169.49182026953636 10
1739714790216 169.45733112651962 11
1739714790220 169.422849885204 12
1739714790224 169.3883765436183 13
1739714790228 169.35391109979204 14
1739714790232 169.31945355175515 15
1739714790236 169.28500389753813 16
1739714790240 169.25056213517206 17
1739714790244 169.2161282626885 18
1739714790248 169.18170227811962 19
1739714790252 169.14728417949814 20
1739714790256 169.11287396485722 21
1739714790260 169.07847163223073 22
1739714790263 169.0440771796529 23
1739714790267 169.0096906051587 24
1739714790272 168.97531190678342 25
1739714790276 168.94094108256309 26
1739714790279 168.9065781305342 27
1739714790284 168.8722230487337 28
1739714790288 168.83787583519927 29
1739714790292 168.80353648796898 30
1739714790296 168.7692050050815 31
1739714790299 168.73488138457603 32
1739714790303 168.70056562449233 33
1739714790307 168.6662577228707 34
1739714790311 168.63195767775193 35
1739714790315 168.59766548717747 36
1739714790319 168.5633811491891 37
1739714790323 168.52910466182942 38
1739714790327 168.49483602314132 39
1739714790331 168.46057523116835 40
1739714790335 168.42632228395465 41
1739714790339 168.3920771795447 42
1739714790343 168.35783991598385 43
1739714790347 168.32361049131765 44
1739714790351 168.28938890359234 45
1739714790355 168.25517515085474 46
1739714790360 168.22096923115222 47
1739714790364 168.1867711425325 48
1739714790367 168.15258088304404 49
1739714790372 168.11839845073578 50
1739714790377 168.0842238436572 51
1739714790381 168.05005705985832 52
1739714790385 168.0158980973896 53
1739714790389 167.9817469543022 54
1739714790394 167.94760362864773 55
1739714790398 167.91346811847833 56
1739714790401 167.87934042184673 57
1739714790405 167.84522053680615 58
1739714790409 167.81110846141036 59
1739714790413 167.77700419371374 60
1739714790417 167.742907731771 61
1739714790420 167.70881907363764 62
1739714790425 167.6747382173696 63
1739714790429 167.64066516102318 64
1739714790433 167.60659990265555 65
1739714790437 167.5725424403241 66
1739714790441 167.538492772087 67
1739714790445 167.50445089600285 68
1739714790449 167.47041681013076 69
1739714790453 167.43639051253038 70
1739714790457 167.4023720012619 71
1739714790461 167.36836127438616 72
1739714790465 167.3343583299644 73
1739714790469 167.30036316605842 74
1739714790473 167.26637578073053 75
1739714790477 167.23239617204368 76
1739714790481 167.19842433806124 77
1739714790486 167.16446027684722 78
1739714790490 167.1305039864661 79
1739714790495 167.0965554649828 80
1739714790499 167.06261471046298 81
1739714790503 167.0286817209727 82
1739714790507 166.99475649457855 83
1739714790511 166.9608390293477 84
1739714790515 166.9269293233479 85
1739714790518 166.89302737464726 86
1739714790522 166.8591331813146 87
1739714790527 166.8252467414192 88
1739714790530 166.79136805303088 89
1739714790534 166.75749711421994 90
1739714790538 166.72363392305735 91
1739714790542 166.68977847761442 92
1739714790546 166.65593077596318 93
1739714790550 166.6220908161761 94
1739714790557 166.5882585963261 95
1739714790561 166.55443411448678 96
1739714790565 166.52061736873227 97
1739714790569 166.48680835713708 98
1739714790573 166.45300707777636 99
1739714790576 166.4192135287258 100
1739714790581 166.38542770806157 101
1739714790585 166.3516496138604 102
1739714790589 166.3178792441995 103
1739714790593 166.28411659715672 104
1739714790616 166.25036167081035 105
1739714790625 166.2166144632392 106
1739714790631 166.18287497252268 107
1739714790636 166.14914319674062 108
1739714790640 166.11541913397357 109
1739714790645 166.08170278230241 110
1739714790650 166.0479941398086 111
1739714790654 166.01429320457422 112
1739714790659 165.98059997468175 113
1739714790663 165.9469144482143 114
1739714790667 165.91323662325544 115
1739714790671 165.87956649788936 116
1739714790675 165.84590407020067 117
1739714790680 165.8122493382745 118
1739714790684 165.7786023001967 119
1739714790688 165.7449629540533 120
1739714790692 165.71133129793125 121
1739714790696 165.67770732991775 122
1739714790700 165.64409104810065 123
1739714790704 165.61048245056824 124
1739714790708 165.57688153540946 125
1739714790712 165.54328830071367 126
1739714790717 165.5097027445708 127
1739714790721 165.4761248650713 128
1739714790725 165.44255466030612 129
1739714790729 165.40899212836678 130
1739714790733 165.37543726734526 131
1739714790737 165.3418900753342 132
1739714790742 165.30835055042655 133
1739714790746 165.27481869071602 134
1739714790750 165.24129449429674 135
1739714790754 165.20777795926324 136
1739714790758 165.17426908371075 137
1739714790762 165.14076786573503 138
1739714790766 165.1072743034322 139
1739714790770 165.07378839489905 140
1739714790774 165.04031013823288 141
1739714790778 165.00683953153143 142
1739714790782 164.97337657289307 143
1739714790787 164.93992126041658 144
1739714790791 164.9064735922013 145
1739714790795 164.8730335663472 146
1739714790799 164.83960118095465 147
1739714790803 164.80617643412455 148
1739714790807 164.77275932395835 149
1739714790811 164.7393498485581 150
1739714790815 164.70594800602618 151
1739714790819 164.67255379446573 152
1739714790823 164.63916721198018 153
1739714790826 164.60578825667363 154
1739714790830 164.57241692665067 155
1739714790835 164.53905322001643 156
1739714790838 164.5056971348765 157
1739714790843 164.472348669337 158
1739714790847 164.43900782150467 159
1739714790851 164.4056745894866 160
1739714790856 164.3723489713906 161
1739714790860 164.33903096532484 162
1739714790865 164.305720569398 163
1739714790869 164.27241778171947 164
1739714790873 164.239122600399 165
1739714790877 164.20583502354685 166
1739714790884 164.1725550492739 167
1739714790888 164.13928267569145 168
1739714790893 164.10601790091133 169
1739714790896 164.07276072304606 170
1739714790901 164.03951114020842 171
1739714790906 164.00626915051188 172
1739714790910 163.97303475207036 173
1739714790914 163.93980794299833 174
1739714790918 163.9065887214107 175
1739714790923 163.8733770854231 176
1739714790929 163.8401730331514 177
1739714790933 163.80697656271218 178
1739714790938 163.77378767222254 179
1739714790942 163.74060635979995 180
1739714790946 163.70743262356254 181
1739714790950 163.67426646162892 182
1739714790954 163.64110787211814 183
1739714790958 163.60795685314991 184
1739714790964 163.57481340284434 185
1739714790968 163.54167751932212 186
1739714790972 163.50854920070438 187
1739714790976 163.47542844511278 188
1739714790981 163.44231525066965 189
1739714790985 163.40920961549762 190
1739714790992 163.37611153771996 191
1739714790997 163.34302101546047 192
1739714791001 163.30993804684337 193
1739714791005 163.27686262999347 194
1739714791009 163.24379476303605 195
1739714791013 163.21073444409694 196
1739714791018 163.17768167130248 197
1739714791024 163.14463644277947 198
1739714791028 163.11159875665538 199
1739714791033 163.07856861105796 200
1739714791038 163.0455460041157 201
1739714791042 163.01253093395744 202
1739714791046 162.97952339871256 203
1739714791053 162.94652339651105 204
1739714791057 162.9135309254834 205
1739714791061 162.88054598376047 206
1739714791065 162.84756856947374 207
1739714791069 162.8145986807552 208
1739714791073 162.78163631573742 209
1739714791078 162.74868147255327 210
1739714791083 162.71573414933638 211
1739714791088 162.6827943442207 212
1739714791094 162.64986205534086 213
1739714791100 162.61693728083185 214
1739714791104 162.58402001882925 215
1739714791110 162.55111026746914 216
1739714791114 162.51820802488808 217
1739714791118 162.48531328922317 218
1739714791123 162.4524260586121 219
1739714791127 162.41954633119295 220
1739714791131 162.38667410510428 221
1739714791135 162.35380937848535 222
1739714791138 162.3209521494757 223
1739714791142 162.28810241621554 224
1739714791146 162.25526017684558 225
1739714791150 162.22242542950698 226
1739714791154 162.18959817234136 227
1739714791159 162.15677840349105 228
1739714791164 162.1239661210987 229
1739714791168 162.09116132330752 230
1739714791173 162.0583640082612 231
1739714791177 162.02557417410404 232
1739714791181 161.9927918189808 233
1739714791187 161.96001694103668 234
1739714791192 161.9272495384175 235
1739714791196 161.89448960926947 236
1739714791201 161.86173715173942 237
1739714791205 161.82899216397465 238
1739714791209 161.7962546441229 239
1739714791214 161.7635245903325 240
1739714791219 161.7308020007523 241
1739714791223 161.6980868735316 242
1739714791227 161.66537920682015 243
1739714791231 161.63267899876834 244
1739714791235 161.59998624752706 245
1739714791240 161.5673009512476 246
1739714791244 161.53462310808183 247
1739714791248 161.50195271618207 248
1739714791252 161.46928977370126 249
1739714791256 161.4366342787927 250
1739714791260 161.4039862296103 251
1739714791264 161.37134562430845 252
1739714791269 161.33871246104204 253
1739714791274 161.3060867379665 254
1739714791278 161.27346845323757 255
1739714791283 161.24085760501183 256
1739714791287 161.20825419144612 257
1739714791291 161.17565821069786 258
1739714791296 161.143069660925 259
1739714791301 161.11048854028587 260
1739714791305 161.07791484693954 261
1739714791309 161.04534857904534 262
1739714791313 161.0127897347632 263
1739714791318 160.98023831225362 264
1739714791322 160.94769430967747 265
1739714791327 160.91515772519628 266
1739714791331 160.88262855697192 267
1739714791336 160.8501068031669 268
1739714791340 160.81759246194423 269
1739714791345 160.78508553146722 270
1739714791350 160.75258600989994 271
1739714791356 160.72009389540682 272
1739714791361 160.68760918615286 273
1739714791366 160.65513188030346 274
1739714791370 160.6226619760247 275
1739714791378 160.59019947148292 276
1739714791382 160.55774436484518 277
1739714791388 160.52529665427892 278
1739714791392 160.49285633795222 279
1739714791397 160.4604234140334 280
1739714791401 160.42799788069155 281
1739714791405 160.3955797360961 282
1739714791410 160.36316897841706 283
1739714791414 160.33076560582492 284
1739714791419 160.29836961649065 285
1739714791423 160.26598100858573 286
1739714791427 160.23359978028216 287
1739714791431 160.2012259297524 288
1739714791436 160.1688594551695 289
1739714791441 160.13650035470684 290
1739714791445 160.10414862653846 291
1739714791449 160.07180426883883 292
1739714791454 160.03946727978297 293
1739714791458 160.0071376575463 294
1739714791462 159.9748154003049 295
1739714791466 159.94250050623512 296
1739714791470 159.91019297351403 297
1739714791474 159.87789280031907 298
1739714791478 159.84559998482828 299
1739714791482 159.81331452522002 300
1739714791485 159.7810364196733 301
1739714791490 159.7487656663677 302
1739714791494 159.71650226348302 303
1739714791498 159.68424620919984 304
1739714791503 159.65199750169904 305
1739714791507 159.61975613916218 306
1739714791512 159.58752211977108 307
1739714791516 159.55529544170832 308
1739714791520 159.52307610315677 309
1739714791525 159.49086410229998 310
1739714791530 159.45865943732176 311
1739714791534 159.42646210640663 312
1739714791538 159.39427210773948 313
1739714791543 159.3620894395058 314
1739714791547 159.32991409989148 315
1739714791551 159.29774608708294 316
1739714791555 159.26558539926714 317
1739714791561 159.23343203463145 318
1739714791565 159.20128599136376 319
1739714791569 159.16914726765256 320
1739714791573 159.13701586168662 321
1739714791578 159.10489177165547 322
1739714791583 159.07277499574894 323
1739714791588 159.04066553215736 324
1739714791593 159.00856337907172 325
1739714791597 158.97646853468333 326
1739714791602 158.94438099718406 327
1739714791607 158.91230076476623 328
1739714791612 158.88022783562272 329
1739714791616 158.84816220794696 330
1739714791621 158.81610387993268 331
1739714791625 158.7840528497742 332
1739714791630 158.7520091156665 333
1739714791634 158.71997267580477 334
1739714791639 158.68794352838484 335
1739714791643 158.65592167160304 336
1739714791647 158.62390710365617 337
1739714791652 158.59189982274148 338
1739714791656 158.55989982705677 339
1739714791660 158.52790711480034 340
1739714791665 158.49592168417095 341
1739714791669 158.46394353336785 342
1739714791673 158.43197266059076 343
1739714791677 158.40000906403998 344
1739714791681 158.36805274191616 345
1739714791685 158.33610369242064 346
1739714791689 158.30416191375502 347
1739714791693 158.27222740412157 348
1739714791698 158.24030016172293 349
1739714791702 158.20838018476238 350
1739714791707 158.17646747144352 351
1739714791712 158.14456201997055 352
1739714791716 158.11266382854808 353
1739714791720 158.0807728953813 354
1739714791725 158.0488892186759 355
1739714791731 158.01701279663789 356
1739714791735 157.98514362747392 357
1739714791740 157.95328170939112 358
1739714791744 157.9214270405971 359
1739714791748 157.88957961929992 360
1739714791752 157.85773944370814 361
1739714791757 157.82590651203083 362
1739714791761 157.79408082247753 363
1739714791765 157.76226237325827 364
1739714791769 157.73045116258365 365
1739714791773 157.6986471886646 366
1739714791777 157.6668504497126 367
1739714791782 157.63506094393972 368
1739714791786 157.6032786695584 369
1739714791790 157.57150362478163 370
1739714791794 157.53973580782278 371
1739714791798 157.50797521689586 372
1739714791802 157.4762218502153 373
1739714791806 157.444475705996 374
1739714791810 157.41273678245332 375
1739714791814 157.3810050778032 376
1739714791819 157.349280590262 377
1739714791822 157.31756331804652 378
1739714791826 157.2858532593742 379
1739714791830 157.25415041246282 380
1739714791834 157.22245477553065 381
1739714791838 157.19076634679658 382
1739714791842 157.15908512447984 383
1739714791846 157.12741110680025 384
1739714791850 157.09574429197798 385
1739714791855 157.06408467823385 386
1739714791860 157.03243226378905 387
1739714791865 157.00078704686538 388
1739714791870 156.96914902568489 389
1739714791874 156.93751819847037 390
1739714791878 156.90589456344492 391
1739714791882 156.87427811883222 392
1739714791886 156.84266886285644 393
1739714791891 156.81106679374216 394
1739714791896 156.77947190971443 395
1739714791900 156.74788420899895 396
1739714791905 156.7163036898217 397
1739714791909 156.6847303504092 398
1739714791913 156.65316418898863 399
1739714791917 156.62160520378737 400
1739714791921 156.5900533930335 401
1739714791925 156.55850875495543 402
1739714791929 156.5269712877822 403
1739714791933 156.4954409897432 404
1739714791937 156.46391785906837 405
1739714791941 156.43240189398816 406
1739714791945 156.40089309273344 407
1739714791949 156.36939145353557 408
1739714791954 156.3378969746264 409
1739714791958 156.30640965423834 410
1739714791963 156.27492949060408 411
1739714791967 156.24345648195705 412
1739714791971 156.211990626531 413
1739714791975 156.18053192256014 414
1739714791980 156.14908036827921 415
1739714791984 156.1176359619235 416
1739714791988 156.0861987017287 417
1739714791993 156.05476858593096 418
1739714791998 156.023345612767 419
1739714792002 155.9919297804738 420
1739714792006 155.96052108728924 421
1739714792010 155.92911953145125 422
1739714792014 155.89772511119847 423
1739714792018 155.86633782476991 424
1739714792022 155.83495767040517 425
1739714792026 155.80358464634426 426
1739714792031 155.77221875082768 427
1739714792035 155.74085998209634 428
1739714792039 155.7095083383918 429
1739714792043 155.67816381795598 430
1739714792047 155.64682641903124 431
1739714792051 155.61549613986045 432
1739714792055 155.5841729786871 433
1739714792059 155.55285693375492 434
1739714792064 155.52154800330828 435
1739714792068 155.49024618559199 436
1739714792072 155.4589514788513 437
1739714792076 155.42766388133205 438
1739714792080 155.3963833912804 439
1739714792084 155.36511000694307 440
1739714792088 155.33384372656724 441
1739714792093 155.3025845484006 442
1739714792098 155.27133247069128 443
1739714792103 155.24008749168792 444
1739714792108 155.20884960963957 445
1739714792112 155.17761882279586 446
1739714792116 155.14639512940676 447
1739714792120 155.11517852772286 448
1739714792124 155.0839690159951 449
1739714792128 155.05276659247502 450
1739714792132 155.02157125541456 451
1739714792137 154.99038300306609 452
1739714792141 154.95920183368256 453
1739714792145 154.92802774551728 454
1739714792149 154.89686073682412 455
1739714792153 154.8657008058575 456
1739714792157 154.83454795087212 457
1739714792161 154.80340217012323 458
1739714792165 154.77226346186666 459
1739714792169 154.74113182435858 460
1739714792173 154.71000725585571 461
1739714792178 154.67888975461517 462
1739714792182 154.64777931889466 463
1739714792187 154.61667594695226 464
1739714792192 154.58557963704655 465
1739714792196 154.55449038743666 466
1739714792201 154.523408196382 467
1739714792205 154.4923330621427 468
1739714792209 154.46126498297917 469
1739714792213 154.43020395715237 470
1739714792217 154.3991499829238 471
1739714792222 154.36810305855516 472
1739714792226 154.33706318230907 473
1739714792230 154.30603035244823 474
1739714792234 154.27500456723595 475
1739714792237 154.2439858249361 476
1739714792242 154.2129741238128 477
1739714792246 154.1819694621309 478
1739714792250 154.15097183815556 479
1739714792254 154.11998125015245 480
1739714792259 154.08899769638768 481
1739714792263 154.05802117512786 482
1739714792267 154.02705168464013 483
1739714792271 153.996089223192 484
1739714792275 153.96513378905158 485
1739714792279 153.93418538048718 486
1739714792283 153.90324399576792 487
1739714792287 153.87230963316316 488
1739714792291 153.84138229094287 489
1739714792295 153.81046196737736 490
1739714792299 153.77954866073753 491
1739714792303 153.7486423692946 492
1739714792306 153.71774309132044 493
1739714792310 153.68685082508725 494
1739714792314 153.65596556886777 495
1739714792318 153.6250873209352 496
1739714792323 153.59421607956315 497
1739714792326 153.5633518430258 498
1739714792331 153.53249460959773 499
