1739716043392 140.59555476372734 0
1739716043404 126.04348987238816 1
1739716043410 107.40481412132723 2
1739716043415 94.11426587363661 3
1739716043420 79.78461714531001 4
1739716043425 71.39186952514653 5
1739716043430 60.61031505153147 6
1739716043435 49.74919566347931 7
1739716043439 43.97777636630491 8
1739716043444 38.935514326916206 9
1739716043449 33.19158495797308 10
1739716043454 29.112701549714085 11
1739716043459 24.674591258939575 12
1739716043463 21.70984706411806 13
1739716043468 18.481927792490985 14
1739716043473 15.847776376447328 15
1739716043478 13.469023865213881 16
1739716043483 11.856763825843645 17
1739716043487 10.233626241637134 18
1739716043492 9.192140714966799 19
1739716043496 7.946512851712589 20
1739716043501 6.440915742055475 21
1739716043505 5.8483854144817125 22
1739716043510 4.969024369586398 23
1739716043515 4.698538806835382 24
1739716043519 3.7603504992555723 25
1739716043524 3.2435794432916194 26
1739716043528 2.8632439614736573 27
1739716043533 2.2695383554330304 28
1739716043537 2.0842389563504953 29
1739716043542 1.8437518777697124 30
1739716043546 1.8329052693390864 31
1739716043551 1.2768182418327332 32
1739716043556 1.1820802530562826 33
1739716043560 1.4437531569287028 34
1739716043565 1.0024955786332563 35
1739716043571 0.9966154807001075 36
1739716043575 0.8397866927351526 37
1739716043580 0.785813711039421 38
1739716043585 0.6709184166324169 39
1739716043591 0.6546243155922771 40
1739716043596 0.5623694044078775 41
1739716043600 0.6382434858855449 42
1739716043605 0.4751372943509375 43
1739716043610 0.6129587609007263 44
1739716043614 0.4574919792261433 45
1739716043619 0.5148207660619857 46
1739716043623 0.46487449243531903 47
1739716043628 0.41334104763538015 48
1739716043633 0.4671373194151753 49
1739716043637 0.28154147986367134 50
1739716043642 0.28934412075210003 51
1739716043647 0.23949060267956768 52
1739716043651 0.32710894618016106 53
1739716043656 0.28766690444345944 54
1739716043660 0.3045397723021607 55
1739716043665 0.31721225602764586 56
1739716043669 0.2472308093446685 57
1739716043674 0.2276118519556864 58
1739716043679 0.24030114079709047 59
1739716043683 0.19251015017819945 60
1739716043688 0.22404183524160545 61
1739716043692 0.24355796285749004 62
1739716043697 0.22095290362664174 63
1739716043702 0.2913329648785432 64
1739716043707 0.2357733970193813 65
1739716043711 0.3560491147372911 66
1739716043716 0.30287863500925216 67
1739716043721 0.19248127311130955 68
1739716043725 0.30164336689411536 69
1739716043730 0.15974356239900916 70
1739716043734 0.19575792514436816 71
1739716043739 0.24231905427787936 72
1739716043743 0.13794846670820957 73
1739716043748 0.24494471952924646 74
1739716043753 0.22258293782689087 75
1739716043758 0.24520857646801322 76
1739716043763 0.19030586002720304 77
1739716043767 0.2222403576119983 78
1739716043772 0.25228388446572725 79
1739716043776 0.22266091056068618 80
1739716043781 0.1959827344564865 81
1739716043785 0.20208291203777118 82
1739716043790 0.19146423703954216 83
1739716043794 0.13549777147202727 84
1739716043799 0.2009839275506955 85
1739716043803 0.15630661282510525 86
1739716043808 0.1539104426642646 87
1739716043812 0.1972695377988395 88
1739716043817 0.14516597125276995 89
1739716043821 0.16022565420119197 90
1739716043826 0.31180781691909626 91
1739716043830 0.16636267320438627 92
1739716043835 0.18560966218494632 93
1739716043840 0.23726466858271394 94
1739716043844 0.23534064754920278 95
1739716043849 0.2145105550834915 96
1739716043854 0.1766574665020466 97
1739716043859 0.1525543975564032 98
1739716043863 0.19730613273375375 99
1739716043868 0.36795962173375507 100
1739716043873 0.2297027207037776 101
1739716043877 0.2100515498488058 102
1739716043882 0.16442854254002326 103
1739716043886 0.21467732590987532 104
1739716043891 0.2095814926681012 105
1739716043895 0.16396621280203752 106
1739716043900 0.2396605726500964 107
1739716043904 0.1971853028935067 108
1739716043909 0.2595310921826997 109
1739716043913 0.16413242579622692 110
1739716043918 0.16700194045216 111
1739716043922 0.2206895478494195 112
1739716043927 0.14312435719665711 113
1739716043932 0.14824222543464338 114
1739716043936 0.19951911799733332 115
1739716043942 0.11478751579852375 116
1739716043946 0.29984613335741983 117
1739716043951 0.17838453207547947 118
1739716043956 0.17425375236006305 119
1739716043961 0.20245119904219863 120
1739716043966 0.26885735062209093 121
1739716043971 0.15879545491112426 122
1739716043976 0.22108378280089983 123
1739716043980 0.2521742221926798 124
1739716043985 0.26088539540485567 125
1739716043989 0.22184327217556837 126
1739716043994 0.15370435214322717 127
1739716043999 0.18730865860186163 128
1739716044003 0.26714357462966626 129
1739716044008 0.19439899799496976 130
1739716044012 0.2259799689454937 131
1739716044017 0.21541769661248863 132
1739716044022 0.21253146468948034 133
1739716044026 0.2155111028081399 134
1739716044031 0.20036085854279395 135
1739716044036 0.1691351867733775 136
1739716044041 0.17292501222917178 137
1739716044046 0.28986777138050807 138
1739716044050 0.1479729800119772 139
1739716044055 0.17228100134551713 140
1739716044059 0.1778429731521132 141
1739716044064 0.20825326784160098 142
1739716044068 0.20336000579323424 143
1739716044073 0.24158424591650987 144
1739716044077 0.2266558866330551 145
1739716044081 0.21865005235749385 146
1739716044086 0.260848595752711 147
1739716044090 0.2286893456586212 148
1739716044095 0.18746540990914906 149
1739716044099 0.19069170118677825 150
