1739718883368 110.37223891142258 0
1739718883400 43.93544626251914 1
1739718883433 18.267730092039585 2
1739718883465 8.056323083223013 3
1739718883497 2.6256714057514268 4
1739718883529 2.5328339095761265 5
1739718883560 1.5391609086837714 6
1739718883592 1.304814628461011 7
1739718883623 8.601412591447769e-05 8
1739718883654 0.010843172686790433 9
1739718883685 0.026134041081942592 10
1739718883716 0.23021380129180918 11
1739718883747 0.006253142914655491 12
1739718883779 0.007348883729881465 13
1739718883812 0.011282793549772787 14
1739718883844 0.17664663866952374 15
1739718883876 0.04090167146768993 16
1739718883908 0.07430024755647459 17
1739718883939 0.05250820194205321 18
1739718883971 0.01055981137735567 19
1739718884003 0.05826724199763133 20
1739718884035 0.02656817293249276 21
1739718884067 0.014202178951660187 22
1739718884098 0.3960107327618488 23
1739718884129 0.10617023340004615 24
1739718884160 0.06734025485698267 25
1739718884193 6.17021103539848e-05 26
1739718884225 0.09555938994666685 27
1739718884257 0.2859998587784384 28
1739718884290 0.03186325004936533 29
1739718884322 0.06991611120693163 30
1739718884353 0.039221184712760586 31
1739718884385 0.07972038504047207 32
1739718884417 0.06683274445305942 33
1739718884449 0.008187482199670974 34
1739718884481 0.46863823293138274 35
1739718884512 0.11514955067676469 36
1739718884543 0.07949599788760978 37
1739718884578 3.559980732752364e-05 38
1739718884611 0.09235004434661429 39
1739718884644 0.0004699607902473439 40
1739718884676 0.011322199564256723 41
1739718884708 0.001517361616271335 42
1739718884739 0.12467698835266856 43
1739718884769 0.003128754995911615 44
1739718884801 0.020454420599788133 45
1739718884831 0.02975781938769157 46
1739718884862 0.5349754737584925 47
1739718884893 0.0036620766963516437 48
1739718884924 0.027184825838089673 49
1739718884956 0.0517280120767695 50
1739718884989 0.011291173689209672 51
1739718885022 0.11626319127139009 52
1739718885053 0.007037578037927186 53
1739718885085 0.0101834585385347 54
1739718885117 0.10813333570504101 55
1739718885148 0.08246848677552744 56
1739718885180 0.0019274032103496314 57
1739718885211 0.015384215207943643 58
1739718885242 0.051826628478901425 59
1739718885273 0.005171029783757214 60
1739718885304 0.09604502933900212 61
1739718885335 0.0696833528812662 62
1739718885367 0.05224040922132029 63
1739718885399 0.23903770296469934 64
1739718885430 0.17072242557643022 65
1739718885462 0.0008448613077416086 66
1739718885493 0.06231833870214367 67
1739718885525 0.1055905189623356 68
1739718885556 0.0004552571163459587 69
1739718885588 0.01614245197839581 70
1739718885621 0.05062280709264142 71
1739718885654 0.051413006227631626 72
1739718885687 0.01675652767268033 73
1739718885719 0.14003503929251568 74
1739718885751 0.03423792617405311 75
1739718885783 0.024787717065799138 76
1739718885815 0.0005555120184257734 77
1739718885846 0.031101611147114256 78
1739718885878 0.3100846561385542 79
1739718885910 0.27208950342653176 80
1739718885942 0.35547948748029806 81
1739718885976 0.375869377375644 82
1739718886009 0.014329311055259045 83
1739718886041 0.08392693832881308 84
1739718886073 0.1308459014834628 85
1739718886105 0.0002858754313489974 86
1739718886136 0.10388911579839352 87
1739718886167 0.0053021360955239705 88
1739718886198 0.027557294774007805 89
1739718886230 0.0026486684467004343 90
1739718886262 0.04980861531742565 91
1739718886296 0.11309168483661336 92
1739718886329 0.017670779393169803 93
1739718886363 0.012137910645698998 94
1739718886395 0.6179206466105021 95
1739718886426 0.6371819570819779 96
1739718886457 0.01964591598750206 97
1739718886489 0.3837804123493099 98
1739718886520 0.012190395926560535 99
1739718886551 1.00706391456078e-06 100
1739718886584 0.057369855356448014 101
1739718886617 0.006131099985417406 102
1739718886649 0.01533429075286106 103
1739718886680 0.008379261633116445 104
1739718886711 0.043357337456358946 105
1739718886743 0.13597435646009096 106
1739718886774 0.044742738371361696 107
1739718886805 0.05975069818886725 108
1739718886837 0.003402526426692236 109
1739718886868 0.725399605281342 110
1739718886899 0.07683783127387686 111
1739718886931 0.011509991792382001 112
1739718886963 0.1161754291908691 113
1739718886994 0.33227386733234265 114
1739718887025 0.3862541577462412 115
1739718887056 0.4161345370829473 116
1739718887088 0.014499716757689783 117
1739718887119 0.17456718641373384 118
1739718887151 0.07946171477295484 119
1739718887182 0.01686313030797635 120
1739718887229 0.15902773067381756 121
1739718887261 0.002705306337993673 122
1739718887294 0.5299843153784767 123
1739718887325 0.171526854328509 124
1739718887357 0.008860068068693603 125
1739718887388 0.0454413787249707 126
1739718887420 0.014207826764809993 127
1739718887451 0.10590554519262449 128
1739718887482 0.02302814516557957 129
1739718887514 0.014343952588378608 130
1739718887547 0.05262870887029767 131
1739718887582 0.4973528515619134 132
1739718887614 0.0006012676356673399 133
1739718887647 0.00971959771217542 134
1739718887678 0.0004883345877548421 135
1739718887710 0.009758818392968069 136
1739718887741 0.045041737441334516 137
1739718887773 0.01619885440856578 138
1739718887804 0.005821366968268525 139
1739718887836 0.21514193658747174 140
1739718887867 0.08543747336513866 141
1739718887898 0.025984010042247523 142
1739718887929 0.03728327029500096 143
1739718887961 0.4450737372161634 144
1739718887993 0.07923710879768445 145
1739718888024 0.004246170215646784 146
1739718888055 0.0033856037749018723 147
1739718888086 0.19468772970619444 148
1739718888118 0.09604397461929408 149
1739718888149 0.013909704235313975 150
1739718888181 0.015203056876681463 151
1739718888214 0.0010762155077051654 152
1739718888248 0.3832136180288906 153
1739718888280 2.2581902635444044 154
1739718888312 0.038261091110910334 155
1739718888344 0.11652309110713645 156
1739718888375 0.018447539978185455 157
1739718888406 0.02364423914722771 158
1739718888438 0.06981941888038226 159
1739718888470 0.22965603445224597 160
1739718888502 0.6532339654966749 161
1739718888534 0.0696039969568012 162
1739718888565 0.10300922785994004 163
1739718888597 0.5995726848811868 164
1739718888629 0.0032778210104269442 165
1739718888660 0.03469205370921089 166
1739718888691 0.04316012316057919 167
1739718888722 1.7665282466837378e-06 168
1739718888754 0.03361752560578373 169
1739718888786 0.3098012117005895 170
1739718888818 0.0030094157397812554 171
1739718888850 0.17795584822059643 172
1739718888883 0.14644298411623932 173
1739718888914 0.00803243272789978 174
1739718888945 0.08714168424362619 175
1739718888976 0.26716050813555897 176
1739718889007 0.010784832005355748 177
1739718889039 0.032838764727432426 178
1739718889070 0.11128317854566946 179
1739718889101 0.08510104021187241 180
1739718889132 0.020732576055510547 181
1739718889163 7.279580928804983e-05 182
1739718889195 0.0047557702464048205 183
1739718889226 0.15038286686280486 184
1739718889259 0.016472232202105867 185
1739718889292 0.062483866574866896 186
1739718889325 0.00046404977133475623 187
1739718889358 1.8215738311024255e-07 188
1739718889389 0.4966003494216643 189
1739718889420 0.0023487882103390523 190
1739718889452 6.303425049246043e-05 191
1739718889483 0.04125391910472467 192
1739718889514 0.11711749799370354 193
1739718889545 0.07214020221163775 194
1739718889576 0.05606681203465417 195
1739718889607 0.028893178765721072 196
1739718889638 0.05590060198394599 197
1739718889670 0.0011205135073220904 198
1739718889702 0.0018660099632479617 199
1739718889733 0.0611928893351806 200
1739718889765 0.09935866325258079 201
1739718889796 0.001869185082134546 202
1739718889828 0.02390296370347533 203
1739718889859 0.007350894374303263 204
1739718889890 0.10047708777109528 205
1739718889922 0.10777638529249481 206
1739718889953 0.007065899440685864 207
1739718889984 0.025401460698932385 208
1739718890015 0.009193710610355612 209
1739718890047 0.032455173785722304 210
1739718890078 0.00026555317036156987 211
1739718890110 0.048969644155461844 212
1739718890141 0.014163996663609159 213
1739718890173 0.03156325086569811 214
1739718890204 0.06479054670938353 215
1739718890235 0.00837517213943376 216
1739718890267 0.0058398059512150165 217
1739718890298 0.0021091870792320764 218
1739718890329 0.0005134425026918782 219
1739718890361 0.07374057357708483 220
1739718890392 0.017637547986839502 221
1739718890424 0.0703273839156674 222
1739718890455 0.054930427372541085 223
1739718890486 0.3700378179855953 224
1739718890517 0.03783183011245364 225
1739718890549 0.03999056799028452 226
1739718890581 0.035834067546089816 227
1739718890614 0.11479574214286005 228
1739718890645 0.040072939733354074 229
1739718890677 0.005438642654333925 230
1739718890709 0.13197884835609308 231
1739718890741 0.1988347482658043 232
1739718890773 0.009267849106084112 233
1739718890805 0.0059849944943002895 234
1739718890838 0.04902387139935185 235
1739718890870 0.20919252240801942 236
1739718890902 2.4390238592057707e-05 237
1739718890935 0.15430448051630294 238
1739718890968 0.1506882099712736 239
1739718891001 0.05543984435290804 240
1739718891033 0.02833280363753318 241
1739718891066 0.051835540946097755 242
1739718891099 0.2235126040965601 243
1739718891131 0.19058895882628096 244
1739718891164 0.09634450715665116 245
1739718891197 0.07056040770127289 246
1739718891229 0.03394426095489597 247
1739718891262 0.38498936553487106 248
1739718891295 0.15557085713348173 249
1739718891327 0.30448242026664696 250
1739718891359 0.31221057658149826 251
1739718891392 0.20839841961446512 252
1739718891425 0.4747413589854649 253
1739718891457 0.0032777650928358243 254
1739718891489 0.022133014192239456 255
1739718891522 0.0036497307492747437 256
1739718891555 0.001336137665126126 257
1739718891588 0.030870069879796957 258
1739718891621 0.10328129713835776 259
1739718891653 0.02947780539514014 260
1739718891686 0.013717497447311591 261
1739718891718 0.08308579481146587 262
1739718891751 0.010144906183625298 263
1739718891784 0.09211819216871213 264
1739718891816 0.03676334695678524 265
1739718891849 0.009920415957588047 266
1739718891881 0.10646775322254731 267
1739718891914 0.02695719772427243 268
1739718891946 0.977800790334825 269
1739718891979 0.03910540565097891 270
1739718892012 0.01624387899443043 271
1739718892045 0.005192238985540675 272
1739718892077 0.15956040145183845 273
1739718892109 0.069247538361637 274
1739718892141 0.10507168286479236 275
1739718892172 0.09614221838966507 276
1739718892204 0.06154563709308522 277
1739718892235 0.01612943220936792 278
1739718892267 0.31594799075743 279
1739718892299 0.12336384205774538 280
1739718892330 0.030320059364779932 281
1739718892363 0.019204357254583852 282
1739718892398 0.005965479126901853 283
1739718892433 0.014564800774014246 284
1739718892467 0.0014564550107820872 285
1739718892501 0.03781577932349649 286
1739718892533 0.6632976817122722 287
1739718892567 0.01491401463694527 288
1739718892600 0.004484569618992987 289
1739718892633 0.058148575403061266 290
1739718892666 0.03552772399917935 291
1739718892701 0.0005172417239066179 292
1739718892735 0.3627047569629763 293
1739718892770 0.06406703208164814 294
1739718892804 0.00930712608987344 295
1739718892836 0.005975173301128595 296
1739718892869 0.014557095363122753 297
1739718892902 0.04067512181938319 298
1739718892934 0.042348397391891245 299
1739718892966 0.1697037001966541 300
1739718892998 0.07323004996378417 301
1739718893029 0.38450786423533645 302
1739718893061 0.02390039704789253 303
1739718893093 6.49399111408051e-05 304
1739718893124 0.3304267693065902 305
1739718893156 0.07176510943197072 306
1739718893188 0.07152805707638225 307
1739718893219 0.06097545313243867 308
1739718893261 0.006006229301119344 309
1739718893299 0.032363387088233685 310
1739718893333 0.02898954154820631 311
1739718893366 0.10799715505158572 312
1739718893398 0.0011407538763257598 313
1739718893430 0.018617171198901997 314
1739718893462 0.00071845100074586 315
1739718893494 0.030016585487420287 316
1739718893528 0.006890212994744581 317
1739718893561 0.3811832890367548 318
1739718893593 0.17040613117079376 319
1739718893625 0.06177778705838415 320
1739718893656 0.059336068436708696 321
1739718893688 0.05601881806096281 322
1739718893720 0.02628584339314496 323
1739718893752 0.09960115034042763 324
1739718893784 0.1528890204508568 325
1739718893817 0.06470472711572592 326
1739718893849 0.047308809095547244 327
1739718893882 0.22073181837249373 328
1739718893914 0.014581720616589685 329
1739718893946 0.1514732836897231 330
1739718893977 0.011668986322245426 331
1739718894009 0.0019911327861591413 332
1739718894043 0.00010189295474562766 333
1739718894076 0.01725865798497946 334
1739718894109 6.440663910537815e-05 335
1739718894142 0.1548953229943416 336
1739718894175 0.03253686111061508 337
1739718894210 0.14693952678396927 338
1739718894241 0.013076925914765222 339
1739718894273 0.053032419056683267 340
1739718894305 0.002025980871819666 341
1739718894337 0.023965224414973153 342
1739718894368 0.002666219881571741 343
1739718894401 0.11599437361914394 344
1739718894433 0.0005000897349310839 345
1739718894465 0.419524465230026 346
1739718894497 0.113509241653986 347
1739718894529 0.05041488773605999 348
1739718894560 0.14426012314038433 349
1739718894592 0.0005277360153339784 350
1739718894623 0.00026577099283269076 351
1739718894655 0.03108201405785962 352
1739718894686 0.15048888681170303 353
1739718894719 0.003751555799916703 354
1739718894750 0.04411180288764725 355
1739718894782 0.26495599090742095 356
1739718894814 3.0321875711663916e-05 357
1739718894846 0.04176119280476348 358
1739718894879 0.07443044719851553 359
1739718894911 0.12994379466866252 360
1739718894942 0.0006972381285408499 361
1739718894974 2.800083250608624e-05 362
1739718895006 0.0654702949528681 363
1739718895037 0.013004309164519397 364
1739718895070 0.112938917520396 365
1739718895102 0.003430926696978367 366
1739718895134 0.019444768311057993 367
1739718895167 0.03482947665128716 368
1739718895199 0.10215229305488957 369
1739718895232 0.3066406761606442 370
1739718895264 0.0036559632559567544 371
1739718895296 0.25241112684542405 372
1739718895328 0.00753243972289663 373
1739718895364 0.06142216854721756 374
1739718895396 0.044553061001875505 375
1739718895429 0.1341196535521204 376
1739718895462 0.037449023612728886 377
1739718895494 0.35348226663467636 378
1739718895537 0.03587180962251692 379
1739718895629 0.034869383252415016 380
1739718895662 0.026396624893728755 381
1739718895696 0.00022238175471463493 382
1739718895728 0.05094693587924481 383
1739718895760 0.037035478901222586 384
1739718895792 0.0008708773036614645 385
1739718895825 0.0008936808333510263 386
1739718895862 0.0004671012941836292 387
1739718895898 0.012412332507911525 388
1739718895931 0.04899179540044101 389
1739718895963 0.018929286676558098 390
1739718895995 0.02007219585119983 391
1739718896028 0.08995285978268437 392
1739718896061 0.022706260020240523 393
1739718896093 0.14839244834089205 394
1739718896125 0.05499166404155568 395
1739718896158 0.23336903725004937 396
1739718896191 0.10979155118717863 397
1739718896225 0.2806619668832512 398
1739718896258 0.014059091605032844 399
1739718896290 0.03567202506366491 400
1739718896322 0.13146902241744776 401
1739718896354 0.0008085495594631439 402
1739718896386 0.3657793416420628 403
1739718896418 0.0024952455629971013 404
1739718896457 0.06968200032466361 405
1739718896494 0.015186704746004157 406
1739718896526 0.001423347955282276 407
1739718896558 0.0005555580355871597 408
1739718896589 0.00017757953526470363 409
1739718896621 0.07727733070066352 410
1739718896653 0.10260066517310439 411
1739718896684 0.09395407499923422 412
1739718896716 0.06581213256013749 413
1739718896749 0.0013224259917833385 414
1739718896781 0.14090639905155514 415
1739718896813 0.14837447799821907 416
1739718896845 0.05562111000972406 417
1739718896877 0.2548865703541791 418
1739718896909 0.06777985230788643 419
1739718896942 0.0015388851335786358 420
1739718896974 0.00013353548357507059 421
1739718897006 0.11883471132419753 422
1739718897038 0.018225990844337434 423
1739718897070 0.0020273586327422947 424
1739718897103 0.043523124890969614 425
1739718897136 0.054095593973852954 426
1739718897169 0.004868727470340806 427
1739718897202 0.027153866533121507 428
1739718897234 0.13879035894811687 429
1739718897266 0.00012972020819780302 430
1739718897298 0.0074568244139921495 431
1739718897330 0.02280060901223639 432
1739718897362 3.8336388074904175e-06 433
1739718897394 0.012860110244490176 434
1739718897426 0.0067221757812178425 435
1739718897458 0.21774513577817142 436
1739718897490 0.015586830176659931 437
1739718897522 0.10986765710030577 438
1739718897554 0.004382673946074613 439
1739718897585 0.0022640586977656736 440
1739718897618 0.030601594705483133 441
1739718897650 0.001025871413358665 442
1739718897682 0.043979015836977546 443
1739718897714 0.4713493007269671 444
1739718897745 0.5394773046713189 445
1739718897778 0.10188531763935388 446
1739718897810 0.00316844871772955 447
1739718897842 0.024017795786976933 448
1739718897873 0.0029056808869553146 449
1739718897905 0.0006771625532442005 450
1739718897937 0.0197934576104107 451
1739718897969 0.15658818921512407 452
1739718898001 0.08951300182282125 453
1739718898032 0.01640213580584754 454
1739718898064 0.04200507536500839 455
1739718898095 0.0012795413192068983 456
1739718898127 0.026163596735893687 457
1739718898159 0.0006559360407975347 458
1739718898191 0.02311867098624147 459
1739718898222 0.09638817522944955 460
1739718898253 0.01790439865982126 461
1739718898285 0.050584082985647365 462
1739718898316 0.011755606029658573 463
1739718898348 0.08646837977121155 464
1739718898379 0.0807184445469204 465
1739718898411 0.0029790980545590503 466
1739718898443 0.0005099863202138625 467
1739718898476 0.0946474326671811 468
1739718898507 0.021581929373793503 469
1739718898539 0.017906019072663697 470
1739718898571 0.020764320670726484 471
1739718898603 0.015945883682115934 472
1739718898635 0.07471416472107907 473
1739718898667 0.09929447694335763 474
1739718898699 0.37412174533245646 475
1739718898731 3.4474154058717266e-06 476
1739718898764 0.042571669725270024 477
1739718898796 0.030826086220282396 478
1739718898828 0.004308845475483539 479
1739718898862 0.31301763537126587 480
1739718898894 0.02354797841277078 481
1739718898928 0.11536540463491686 482
1739718898961 0.0027231840027902494 483
1739718898994 0.026684936771879577 484
1739718899028 0.00392191446713814 485
1739718899062 0.20302118402592825 486
1739718899096 0.0036597517789856465 487
1739718899129 0.0012135018258357152 488
1739718899162 0.0019297616144445572 489
1739718899195 0.06233706972984238 490
1739718899228 0.05564795202740959 491
1739718899262 0.0035913560130480045 492
1739718899294 0.1354574180846066 493
1739718899328 0.00011212113952221096 494
1739718899360 0.03026598074921029 495
1739718899393 0.2727655429936812 496
1739718899425 0.099381732043267 497
1739718899458 0.0013993003558794136 498
1739718899491 0.400515442197172 499
