1739714613123 169.5236607181885 0
1739714613130 166.13155373084047 1
1739714613135 162.81463995027926 2
1739714613140 159.57115698835898 3
1739714613144 156.39938605704208 4
1739714613148 153.29765080927038 5
1739714613153 150.2643162141249 6
1739714613157 147.2977874651075 7
1739714613161 144.39650892042079 8
1739714613165 141.5589630741698 9
1739714613169 138.7836695574486 10
1739714613173 136.06918416831613 11
1739714613177 133.41409792970498 12
1739714613180 130.8170361743418 13
1739714613184 128.27665765579496 14
1739714613188 125.79165368479771 15
1739714613192 123.36074729002766 16
1739714613195 120.98269240255439 17
1739714613200 118.65627306319617 18
1739714613203 116.38030265205488 19
1739714613207 114.15362313952666 20
1739714613212 111.97510435810909 21
1739714613216 109.84364329435347 22
1739714613219 107.75816340033202 23
1739714613223 105.7176139240147 24
1739714613227 103.72096925797021 25
1739714613230 101.76722830582841 26
1739714613234 99.8554138659602 27
1739714613238 97.9845720318508 28
1739714613242 96.15377160866059 29
1739714613246 94.36210354548548 30
1739714613249 92.60868038284562 31
1739714613253 90.8926357149476 32
1739714613257 89.21312366628123 33
1739714613261 87.56931838212655 34
1739714613265 85.9604135325614 35
1739714613268 84.38562182957394 36
1739714613272 82.84417455689723 37
1739714613275 81.33532111219665 38
1739714613279 79.85832856125228 39
1739714613282 78.41248120379089 40
1739714613286 76.99708015063366 41
1739714613290 75.6114429118355 42
1739714613294 74.25490299550424 43
1739714613299 72.92680951699641 44
1739714613303 71.62652681819691 45
1739714613308 70.3534340965992 46
1739714613312 69.10692504391153 47
1739714613317 67.88640749392323 48
1739714613322 66.69130307937411 49
1739714613326 65.52104689757715 50
1739714613331 64.37508718455341 51
1739714613336 63.25288499744499 52
1739714613340 62.15391390497903 53
1739714613344 61.07765968576325 54
1739714613349 60.023620034199844 55
1739714613353 58.99130427381079 56
1739714613357 57.98023307777473 57
1739714613361 56.98993819648081 58
1739714613366 56.01996219191085 59
1739714613370 55.06985817866741 60
1739714613374 54.1391895714698 61
1739714613380 53.227529838946246 62
1739714613385 52.334462263554975 63
1739714613389 51.459579707471946 64
1739714613393 50.60248438428768 65
1739714613398 49.76278763636057 66
1739714613402 48.94010971767786 67
1739714613407 48.13407958208034 68
1739714613412 47.34433467671037 69
1739714613416 46.570520740547614 70
1739714613421 45.81229160789989 71
1739714613426 45.069309016720844 72
1739714613431 44.34124242162965 73
1739714613435 43.62776881151136 74
1739714613440 42.928572531579974 75
1739714613444 42.24334510978978 76
1739714613448 41.571785087483136 77
1739714613452 40.9135978541668 78
1739714613457 40.26849548631116 79
1739714613461 39.63619659006994 80
1739714613465 39.01642614782074 81
1739714613469 38.40891536842958 82
1739714613474 37.81340154114499 83
1739714613477 37.22962789302994 84
1739714613481 36.65734344984254 85
1739714613486 36.09630290027839 86
1739714613490 35.54626646349022 87
1739714613495 35.006999759802646 88
1739714613499 34.478273684541776 89
1739714613504 33.95986428490188 90
1739714613508 33.45155263977335 91
1739714613512 32.95312474245792 92
1739714613516 32.46437138619947 93
1739714613520 31.98508805246017 94
1739714613525 31.515074801874164 95
1739714613529 31.054136167811983 96
1739714613533 30.60208105249144 97
1739714613537 30.158722625571844 98
1739714613542 29.72387822517039 99
1739714613546 29.297369261240746 100
1739714613551 28.879021121255928 101
1739714613555 28.468663078138707 102
1739714613559 28.06612820038426 103
1739714613563 27.67125326432141 104
1739714613567 27.283878668459913 105
1739714613570 26.903848349872888 106
1739714613575 26.53100970256443 107
1739714613579 26.165213497774154 108
1739714613583 25.806313806171165 109
1739714613587 25.45416792189163 110
1739714613592 25.108636288374875 111
1739714613596 24.769582425954397 112
1739714613601 24.436872861161092 113
1739714613605 24.110377057697082 114
1739714613610 23.789967349039756 115
1739714613614 23.47551887263638 116
1739714613618 23.166909505650814 117
1739714613622 22.864019802224895 118
1739714613626 22.56673293221765 119
1739714613630 22.274934621386933 120
1739714613634 21.98851309297847 121
1739714613638 21.707359010688418 122
1739714613642 21.431365422966472 123
1739714613646 21.160427708627132 124
1739714613650 20.89444352373763 125
1739714613654 20.63331274975208 126
1739714613658 20.376937442861475 127
1739714613663 20.125221784530943 128
1739714613667 19.87807203319514 129
1739714613671 19.63539647708463 130
1739714613676 19.397105388155687 131
1739714613680 19.163110977097425 132
1739714613684 18.93332734939028 133
1739714613688 18.707670462390922 134
1739714613692 18.486058083418815 135
1739714613696 18.2684097488208 136
1739714613700 18.054646723990118 137
1739714613704 17.8446919643173 138
1739714613707 17.63847007705059 139
1739714613711 17.435907284044312 140
1739714613715 17.236931385374035 141
1739714613719 17.041471723797905 142
1739714613723 16.84945915004403 143
1739714613726 16.66082598890423 144
1739714613730 16.47550600611516 145
1739714613734 16.29343437600798 146
1739714613738 16.1145476499083 147
1739714613742 15.938783725268767 148
1739714613746 15.766081815516909 149
1739714613749 15.596382420600987 150
1739714613753 15.429627298217909 151
1739714613757 15.265759435706425 152
1739714613761 15.104723022590402 153
1739714613766 14.946463423756434 154
1739714613770 14.790927153251046 155
1739714613774 14.638061848682703 156
1739714613779 14.487816246214384 157
1739714613783 14.340140156132877 158
1739714613787 14.194984438981079 159
1739714613791 14.05230098224005 160
1739714613795 13.912042677547937 161
1739714613799 13.774163398442983 162
1739714613802 13.638617978618521 163
1739714613806 13.505362190677571 164
1739714613810 13.374352725375688 165
1739714613814 13.245547171340128 166
1739714613818 13.11890399525458 167
1739714613821 12.994382522498206 168
1739714613833 12.871942918228493 169
1739714613837 12.751546168897441 170
1739714613840 12.633154064190911 171
1739714613844 12.516729179381212 172
1739714613848 12.402234858083292 173
1739714613852 12.289635195405003 174
1739714613856 12.178895021482331 175
1739714613860 12.069979885390314 176
1739714613864 11.962856039421254 177
1739714613868 11.857490423721227 178
1739714613872 11.753850651276803 179
1739714613875 11.65190499324369 180
1739714613879 11.551622364609212 181
1739714613883 11.452972310181055 182
1739714613887 11.355924990894446 183
1739714613891 11.26045117043046 184
1739714613895 11.166522202138124 185
1739714613899 11.074110016253321 186
1739714613903 10.98318710740748 187
1739714613906 10.893726522419403 188
1739714613911 10.805701848363562 189
1739714613915 10.719087200908369 190
1739714613919 10.633857212918416 191
1739714613923 10.549987023314138 192
1739714613927 10.467452266183265 193
1739714613932 10.38622906013803 194
1739714613937 10.306293997912507 195
1739714613941 10.227624136194404 196
1739714613945 10.150196985685975 197
1739714613949 10.073990501388728 198
1739714613953 9.998983073106645 199
1739714613957 9.92515351616295 200
1739714613961 9.852481062325442 201
1739714613966 9.780945350935543 202
1739714613970 9.710526420236398 203
1739714613974 9.641204698895361 204
1739714613978 9.572960997716404 205
1739714613982 9.505776501538058 206
1739714613986 9.439632761312636 207
1739714613990 9.374511686362432 208
1739714613995 9.310395536808965 209
1739714614000 9.24726691617116 210
1739714614005 9.185108764128609 211
1739714614009 9.123904349446168 212
1739714614014 9.06363726305603 213
1739714614018 9.004291411293792 214
1739714614022 8.945851009284858 215
1739714614027 8.888300574477842 216
1739714614032 8.831624920321444 217
1739714614037 8.775809150081635 218
1739714614041 8.720838650795795 219
1739714614046 8.666699087360874 220
1739714614051 8.613376396752182 221
1739714614057 8.560856782370088 222
1739714614062 8.509126708511628 223
1739714614068 8.45817289496399 224
1739714614073 8.407982311717383 225
1739714614079 8.358542173794287 226
1739714614083 8.309839936192564 227
1739714614088 8.261863288939777 228
1739714614093 8.214600152256168 229
1739714614097 8.1680386718239 230
1739714614102 8.122167214160026 231
1739714614106 8.076974362090816 232
1739714614111 8.032448910325238 233
1739714614116 7.988579861125236 234
1739714614120 7.945356420070686 235
1739714614126 7.902767991916711 236
1739714614131 7.860804176541482 237
1739714614136 7.819454764982195 238
1739714614142 7.778709735557509 239
1739714614146 7.73855925007418 240
1739714614151 7.698993650116192 241
1739714614156 7.660003453414445 242
1739714614160 7.621579350295103 243
1739714614165 7.58371220020501 244
1739714614173 7.546393028312142 245
1739714614179 7.509613022179696 246
1739714614184 7.473363528511952 247
1739714614189 7.437636049970317 248
1739714614194 7.402422242058069 249
1739714614199 7.367713910072097 250
1739714614203 7.333503006120255 251
1739714614208 7.299781626202723 252
1739714614212 7.266542007356132 253
1739714614217 7.233776524858764 254
1739714614223 7.2014776894957055 255
1739714614228 7.169638144882445 256
1739714614232 7.138250664845694 257
1739714614237 7.107308150860079 258
1739714614241 7.076803629539468 259
1739714614246 7.046730250181773 260
1739714614250 7.01708128236591 261
1739714614254 6.987850113599852 262
1739714614259 6.959030247018558 263
1739714614264 6.930615299130714 264
1739714614268 6.902598997613197 265
1739714614274 6.8749751791520985 266
1739714614279 6.847737787329462 267
1739714614284 6.820880870554436 268
1739714614289 6.794398580038178 269
1739714614293 6.768285167811277 270
1739714614297 6.742534984782832 271
1739714614301 6.717142478840335 272
1739714614305 6.692102192989279 273
1739714614310 6.667408763531851 274
1739714614315 6.6430569182835955 275
1739714614324 6.619041474827366 276
1739714614329 6.595357338803693 277
1739714614336 6.571999502236718 278
1739714614341 6.548963041895051 279
1739714614346 6.526243117686506 280
1739714614351 6.503834971086347 281
1739714614356 6.481733923597883 282
1739714614361 6.459935375245092 283
1739714614366 6.438434803096299 284
1739714614370 6.417227759818315 285
1739714614375 6.39630987226038 286
1739714614380 6.375676840067265 287
1739714614384 6.355324434320827 288
1739714614389 6.335248496209464 289
1739714614394 6.315444935724821 290
1739714614399 6.295909730385166 291
1739714614404 6.276638923984872 292
1739714614408 6.257628625369328 293
1739714614413 6.238875007234898 294
1739714614417 6.220374304953253 295
1739714614421 6.202122815419573 296
1739714614426 6.184116895924091 297
1739714614431 6.166352963046572 298
1739714614436 6.148827491573035 299
1739714614440 6.131537013434423 300
1739714614445 6.114478116666626 301
1739714614449 6.097647444391459 302
1739714614453 6.08104169381814 303
1739714614457 6.064657615264721 304
1739714614462 6.048492011199229 305
1739714614466 6.032541735299921 306
1739714614471 6.016803691534309 307
1739714614476 6.001274833256585 308
1739714614480 5.985952162322983 309
1739714614484 5.9708327282247335 310
1739714614488 5.955913627238219 311
1739714614492 5.9411920015919915 312
1739714614497 5.926665038650225 313
1739714614502 5.9123299701123155 314
1739714614507 5.898184071228289 315
1739714614511 5.884224660029558 316
1739714614516 5.870449096574933 317
1739714614521 5.856854782211284 318
1739714614526 5.8434391588487875 319
1739714614530 5.830199708250265 320
1739714614535 5.817133951334452 321
1739714614540 5.804239447492823 322
1739714614545 5.791513793919668 323
1739714614551 5.778954624955225 324
1739714614556 5.766559611441519 325
1739714614561 5.754326460090678 326
1739714614565 5.742252912865455 327
1739714614570 5.730336746371654 328
1739714614575 5.7185757712623095 329
1739714614579 5.706967831653271 330
1739714614583 5.695510804550008 331
1739714614588 5.684202599285418 332
1739714614593 5.673041156968312 333
1739714614597 5.662024449942477 334
1739714614602 5.651150481256044 335
1739714614607 5.6404172841408915 336
1739714614611 5.629822921501956 337
1739714614616 5.619365485416246 338
1739714614621 5.609043096641251 339
1739714614626 5.59885390413269 340
1739714614631 5.588796084571316 341
1739714614635 5.578867841898641 342
1739714614640 5.569067406861318 343
1739714614645 5.55939303656409 344
1739714614650 5.5498430140311275 345
1739714614656 5.540415647775504 346
1739714614660 5.531109271376678 347
1739714614665 5.521922243065887 348
1739714614670 5.512852945319173 349
1739714614674 5.503899784457999 350
1739714614680 5.495061190257187 351
1739714614685 5.486335615560137 352
1739714614690 5.477721535901095 353
1739714614696 5.469217449134387 354
1739714614701 5.460821875070452 355
1739714614706 5.452533355118508 356
1739714614711 5.444350451935758 357
1739714614716 5.4362717490830335 358
1739714614720 5.42829585068663 359
1739714614725 5.420421381106353 360
1739714614729 5.4126469846094905 361
1739714614734 5.404971325050833 362
1739714614738 5.39739308555829 363
1739714614743 5.389910968224312 364
1739714614747 5.382523693802777 365
1739714614751 5.37523000141138 366
1739714614756 5.368028648239286 367
1739714614760 5.360918409260061 368
1739714614765 5.353898076949689 369
1739714614769 5.346966461009649 370
1739714614773 5.340122388094847 371
1739714614777 5.3333647015464685 372
1739714614781 5.32669226112945 373
1739714614785 5.320103942774657 374
1739714614789 5.313598638325589 375
1739714614793 5.307175255289539 376
1739714614796 5.300832716593109 377
1739714614800 5.294569960342013 378
1739714614804 5.288385939585118 379
1739714614808 5.2822796220825055 380
1739714614812 5.276249990077704 381
1739714614816 5.270296040073733 382
1739714614820 5.264416782613163 383
1739714614824 5.258611242061897 384
1739714614829 5.252878456396693 385
1739714614835 5.2472174769964015 386
1739714614840 5.241627368436734 387
1739714614844 5.236107208288568 388
1739714614847 5.23065608691974 389
1739714614852 5.225273107300194 390
1739714614855 5.219957384810433 391
1739714614859 5.214708047053299 392
1739714614863 5.209524233668875 393
1739714614867 5.2044050961525885 394
1739714614871 5.199349797676339 395
1739714614875 5.19435751291267 396
1739714614879 5.189427427861923 397
1739714614883 5.18455873968226 398
1739714614887 5.17975065652255 399
1739714614891 5.175002397358072 400
1739714614895 5.170313191828939 401
1739714614898 5.165682280081248 402
1739714614902 5.16110891261081 403
1739714614906 5.15659235010955 404
1739714614910 5.15213186331444 405
1739714614915 5.1477267328588425 406
1739714614919 5.143376249126447 407
1739714614923 5.139079712107502 408
1739714614927 5.1348364312574475 409
1739714614931 5.130645725357896 410
1739714614935 5.126506922379839 411
1739714614939 5.122419359349131 412
1739714614943 5.1183823822141 413
1739714614947 5.114395345715433 414
1739714614950 5.110457613258038 415
1739714614954 5.106568556785088 416
1739714614958 5.102727556654013 417
1739714614962 5.098934001514583 418
1739714614966 5.095187288188908 419
1739714614970 5.091486821553347 420
1739714614973 5.087832014422332 421
1739714614977 5.0842222874341045 422
1739714614982 5.080657068938177 423
1739714614986 5.077135794884663 424
1739714614990 5.073657908715347 425
1739714614995 5.070222861256475 426
1739714614999 5.066830110613279 427
1739714615003 5.063479122066097 428
1739714615007 5.060169367968248 429
1739714615011 5.0569003276453826 430
1739714615015 5.0536714872965405 431
1739714615019 5.050482339896651 432
1739714615023 5.047332385100676 433
1739714615027 5.044221129149139 434
1739714615031 5.041148084775198 435
1739714615035 5.038112771113142 436
1739714615039 5.035114713608331 437
1739714615043 5.032153443928518 438
1739714615047 5.0292284998765115 439
1739714615051 5.026339425304263 440
1739714615055 5.023485770028199 441
1739714615060 5.020667089745943 442
1739714615064 5.0178829459542085 443
1739714615068 5.0151329058680565 444
1739714615073 5.012416542341355 445
1739714615077 5.0097334337883765 446
1739714615081 5.007083164106736 447
1739714615085 5.004465322601369 448
1739714615089 5.00187950390977 449
1739714615093 4.999325307928268 450
1739714615098 4.996802339739515 451
1739714615101 4.994310209540947 452
1739714615105 4.99184853257449 453
1739714615109 4.98941692905715 454
1739714615114 4.987015024112801 455
1739714615118 4.98464244770486 456
1739714615122 4.98229883457009 457
1739714615126 4.979983824153276 458
1739714615129 4.9776970605429955 459
1739714615133 4.975438192408262 460
1739714615137 4.973206872936123 461
1739714615141 4.971002759770209 462
1739714615145 4.968825514950192 463
1739714615148 4.966674804852114 464
1739714615153 4.964550300129613 465
1739714615157 4.962451675655999 466
1739714615160 4.960378610467228 467
1739714615165 4.958330787705663 468
1739714615169 4.956307894564663 469
1739714615173 4.954309622234037 470
1739714615177 4.95233566584622 471
1739714615180 4.950385724423292 472
1739714615184 4.948459500824745 473
1739714615188 4.94655670169601 474
1739714615192 4.944677037417729 475
1739714615196 4.942820222055778 476
1739714615200 4.9409859733119745 477
1739714615204 4.939174012475583 478
1739714615208 4.937384064375382 479
1739714615211 4.935615857332573 480
1739714615215 4.933869123114263 481
1739714615219 4.932143596887628 482
1739714615223 4.930439017174778 483
1739714615226 4.928755125808243 484
1739714615230 4.927091667887073 485
1739714615234 4.925448391733593 486
1739714615238 4.923825048850774 487
1739714615241 4.922221393880182 488
1739714615246 4.9206371845605705 489
1739714615250 4.919072181687003 490
1739714615254 4.917526149070609 491
1739714615257 4.915998853498874 492
1739714615262 4.914490064696478 493
1739714615266 4.912999555286755 494
1739714615270 4.9115271007535934 495
1739714615275 4.910072479403979 496
1739714615279 4.908635472330972 497
1739714615283 4.9072158633772345 498
1739714615287 4.905813439099127 499
