1739714914962 165.14557731251756 0
1739714914968 161.8495697195576 1
1739714914972 158.62067887964085 2
1739714914977 155.45748752065816 3
1739714914980 152.35861058074335 4
1739714914984 149.3226943729884 5
1739714914988 146.34841577620787 6
1739714914993 143.43448145077605 7
1739714914997 140.57962707860122 8
1739714915001 137.7826166263429 9
1739714915005 135.0422416310149 10
1739714915009 132.35732050715225 11
1739714915013 129.72669787475772 12
1739714915017 127.15238830955002 13
1739714915022 124.62992071353958 14
1739714915025 122.15822653030617 15
1739714915030 119.7362603052212 16
1739714915034 117.36299913663736 17
1739714915038 115.03934544826113 18
1739714915042 112.76227179362759 19
1739714915046 110.53082793260266 20
1739714915050 108.34408371331591 21
1739714915054 106.20112861514453 22
1739714915058 104.10107130356698 23
1739714915062 102.04303919651517 24
1739714915065 100.02617804186823 25
1739714915069 98.04965150574412 26
1739714915073 96.11264077125797 27
1739714915077 94.2143441474286 28
1739714915081 92.3539766879263 29
1739714915085 90.53076981936572 30
1739714915089 88.74397097885938 31
1739714915093 86.99284326055647 32
1739714915098 85.27666507090274 33
1739714915102 83.59472979236541 34
1739714915107 81.94634545537747 35
1739714915112 80.33083441826294 36
1739714915116 78.74753305491454 37
1739714915121 77.19673461325897 38
1739714915125 75.67678793253222 39
1739714915129 74.18707353647916 40
1739714915134 72.72698459082767 41
1739714915139 71.29592663632589 42
1739714915143 69.89331732783212 43
1739714915147 68.51858617930127 44
1739714915151 67.1711743145163 45
1739714915155 65.8505342234182 46
1739714915160 64.5561295238925 47
1739714915165 63.2874347288742 48
1739714915170 62.04393501863775 49
1739714915175 60.82512601814188 50
1739714915179 59.63051357930424 51
1739714915183 58.45961356808307 52
1739714915188 57.31195165624776 53
1739714915192 56.187063117723135 54
1739714915196 55.08449262939595 55
1739714915200 54.00379407627477 56
1739714915204 52.94453036089824 57
1739714915209 51.90627321688918 58
1739714915213 50.88860302655506 59
1739714915217 49.89110864243815 60
1739714915221 48.9133872127216 61
1739714915225 47.955044010399725 62
1739714915229 47.01569226612403 63
1739714915233 46.0949530046383 64
1739714915238 45.192454884718906 65
1739714915242 44.30783404253851 66
1739714915246 43.440733938373626 67
1739714915251 42.59080520657849 68
1739714915255 41.75770550875026 69
1739714915259 40.94109939001171 70
1739714915263 40.14065813834033 71
1739714915267 39.35605964687423 72
1739714915271 38.58698827912706 73
1739714915276 37.83313473704594 74
1739714915280 37.09419593184819 75
1739714915284 36.369874857574324 76
1739714915288 35.659880467296034 77
1739714915313 34.96392755191991 78
1739714915325 34.28173662152884 79
1739714915331 33.613033789204664 80
1739714915336 32.95755065727668 81
1739714915341 32.31502420594269 82
1739714915345 31.68519668421001 83
1739714915349 31.067815503105034 84
1739714915353 30.462633131102145 85
1739714915357 29.869406991722663 86
1739714915361 29.287899363256876 87
1739714915365 28.71787728056257 88
1739714915369 28.15911243889497 89
1739714915372 27.611381099723975 90
1739714915377 27.07446399849566 91
1739714915381 26.548146254295947 92
1739714915385 26.032217281375477 93
1739714915389 25.526470702495676 94
1739714915393 25.030704264056713 95
1739714915397 24.544719752969357 96
1739714915401 24.068322915233246 97
1739714915405 23.601323376185338 98
1739714915410 23.143534562382623 99
1739714915413 22.694773625084586 100
1739714915417 22.254861365301515 101
1739714915421 21.82362216037499 102
1739714915425 21.400883892058676 103
1739714915429 20.986477876067276 104
1739714915433 20.580238793063074 105
1739714915438 20.182004621049227 106
1739714915442 19.791616569140825 107
1739714915446 19.408919012684297 108
1739714915450 19.03375942969719 109
1739714915454 18.6659883386004 110
1739714915458 18.30545923721612 111
1739714915462 17.95202854300478 112
1739714915466 17.605555534515272 113
1739714915470 17.26590229402317 114
1739714915474 16.932933651332235 115
1739714915478 16.60651712871488 116
1739714915482 16.286522886968235 117
1739714915486 15.972823672562319 118
1739714915490 15.665294765857983 119
1739714915494 15.36381393037236 120
1739714915498 15.06826136307011 121
1739714915501 14.778519645659431 122
1739714915505 14.494473696872047 123
1739714915509 14.216010725706742 124
1739714915513 13.943020185616815 125
1739714915517 13.67539372962194 126
1739714915521 13.413025166325413 127
1739714915524 13.155810416818237 128
1739714915528 12.903647472451762 129
1739714915532 12.656436353461263 130
1739714915536 12.414079068422712 131
1739714915540 12.176479574526066 132
1739714915544 11.943543738648017 133
1739714915547 11.715179299208089 134
1739714915551 11.491295828792062 135
1739714915555 11.271804697526855 136
1739714915559 11.056619037191886 137
1739714915563 10.845653706051587 138
1739714915567 10.63882525439455 139
1739714915572 10.43605189076482 140
1739714915577 10.237253448871396 141
1739714915581 10.042351355161996 142
1739714915585 9.851268597047666 143
1739714915589 9.66392969176499 144
1739714915594 9.480260655863034 145
1739714915598 9.300188975302152 146
1739714915602 9.123643576152523 147
1739714915606 8.950554795880022 148
1739714915610 8.780854355207687 149
1739714915615 8.614475330541003 150
1739714915619 8.451352126945704 151
1739714915623 8.291420451666859 152
1739714915627 8.134617288178289 153
1739714915631 7.980880870751627 154
1739714915635 7.830150659534494 155
1739714915639 7.6823673161275465 156
1739714915644 7.537472679650238 157
1739714915648 7.395409743285626 158
1739714915652 7.256122631294269 159
1739714915657 7.119556576488047 160
1739714915663 6.985657898154399 161
1739714915668 6.854373980422126 162
1739714915672 6.725653251059647 163
1739714915676 6.599445160697109 164
1739714915681 6.47570016246388 165
1739714915684 6.354369692032897 166
1739714915689 6.235406148063826 167
1739714915693 6.1187628730370305 168
1739714915697 6.004394134470279 169
1739714915701 5.892255106510765 170
1739714915705 5.782301851894746 171
1739714915709 5.674491304267452 172
1739714915713 5.568781250855964 173
1739714915718 5.465130315488139 174
1739714915721 5.363497941950465 175
1739714915726 5.263844377678066 176
1739714915730 5.1661306577703545 177
1739714915734 5.070318589325555 178
1739714915738 4.97637073608787 179
1739714915742 4.884250403401035 180
1739714915747 4.793921623461937 181
1739714915751 4.70534914086851 182
1739714915756 4.6184983984558485 183
1739714915761 4.533335523414827 184
1739714915765 4.449827313687554 185
1739714915769 4.367941224634149 186
1739714915774 4.287645355965351 187
1739714915779 4.208908438935654 188
1739714915785 4.131699823791768 189
1739714915789 4.055989467471339 190
1739714915794 3.981747921546783 191
1739714915798 3.9089463204095094 192
1739714915802 3.8375563696895325 193
1739714915808 3.7675503349059674 194
1739714915812 3.6989010303436105 195
1739714915816 3.6315818081511533 196
1739714915820 3.565566547656673 197
1739714915824 3.5008296448959473 198
1739714915828 3.4373460023493316 199
1739714915832 3.375091018883156 200
1739714915837 3.3140405798914268 201
1739714915841 3.2541710476338843 202
1739714915845 3.1954592517664944 203
1739714915849 3.137882480060535 204
1739714915853 3.081418469306446 205
1739714915856 3.026045396398867 206
1739714915861 2.971741869599132 207
1739714915864 2.9184869199717554 208
1739714915868 2.8662599929913926 209
1739714915872 2.8150409403168637 210
1739714915876 2.764810011728986 211
1739714915880 2.7155478472287924 212
1739714915884 2.6672354692931375 213
1739714915888 2.619854275284322 214
1739714915893 2.5733860300108744 215
1739714915897 2.527812858436326 216
1739714915901 2.483117238533104 217
1739714915905 2.4392819942785877 218
1739714915910 2.396290288790579 219
1739714915914 2.3541256175992906 220
1739714915918 2.3127718020532444 221
1739714915922 2.2722129828563333 222
1739714915926 2.232433613733443 223
1739714915930 2.193418455222087 224
1739714915934 2.155152568587551 225
1739714915938 2.117621309859043 226
1739714915942 2.080810323984494 227
1739714915946 2.0447055391015567 228
1739714915950 2.0092931609225966 229
1739714915955 1.9745596672313361 230
1739714915959 1.9404918024888682 231
1739714915963 1.9070765725470638 232
1739714915967 1.8743012394669445 233
1739714915974 1.8421533164401966 234
1739714915978 1.8106205628115895 235
1739714915982 1.7796909792003934 236
1739714915986 1.749352802718744 237
1739714915989 1.7195945022851118 238
1739714915993 1.6904047740308759 239
1739714915997 1.6617725367982557 240
1739714916001 1.6336869277276862 241
1739714916005 1.60613729793292 242
1739714916009 1.5791132082620911 243
1739714916013 1.5526044251429911 244
1739714916017 1.5266009165109444 245
1739714916021 1.5010928478175947 246
1739714916026 1.4760705781189936 247
1739714916030 1.4515246562414286 248
1739714916034 1.4274458170234336 249
1739714916038 1.403824977632441 250
1739714916042 1.3806532339546842 251
1739714916046 1.35792185705671 252
1739714916050 1.3356222897172945 253
1739714916053 1.313746143028188 254
1739714916057 1.292285193062395 255
1739714916062 1.2712313776086477 256
1739714916066 1.250576792970723 257
1739714916070 1.230313690830354 258
1739714916074 1.2104344751724065 259
1739714916078 1.1909316992711643 260
1739714916082 1.1717980627364373 261
1739714916086 1.153026408618317 262
1739714916090 1.1346097205694652 263
1739714916094 1.1165411200637052 264
1739714916098 1.0988138636698561 265
1739714916102 1.0814213403796984 266
1739714916106 1.064357068988987 267
1739714916110 1.0476146955304406 268
1739714916114 1.031187990757712 269
1739714916118 1.0150708476792976 270
1739714916122 0.9992572791413858 271
1739714916126 0.9837414154587011 272
1739714916131 0.9685175020923611 273
1739714916134 0.9535798973738158 274
1739714916139 0.9389230702739727 275
1739714916143 0.9245415982165883 276
1739714916147 0.9104301649350313 277
1739714916151 0.8965835583716166 278
1739714916155 0.8829966686185737 279
1739714916159 0.8696644858999112 280
1739714916167 0.8565820985932852 281
1739714916171 0.8437446912911466 282
1739714916176 0.8311475429003249 283
1739714916180 0.8187860247793267 284
1739714916185 0.8066555989125812 285
1739714916189 0.7947518161208893 286
1739714916193 0.7830703143073897 287
1739714916197 0.7716068167383007 288
1739714916201 0.760357130357744 289
1739714916205 0.7493171441360248 290
1739714916209 0.7384828274506308 291
1739714916213 0.7278502284993545 292
1739714916217 0.7174154727448757 293
1739714916221 0.7071747613901896 294
1739714916224 0.6971243698842462 295
1739714916228 0.6872606464572348 296
1739714916235 0.6775800106848909 297
1739714916240 0.6680789520812707 298
1739714916246 0.6587540287194195 299
1739714916251 0.6496018658793805 300
1739714916255 0.6406191547229927 301
1739714916260 0.631802650994959 302
1739714916266 0.623149173749661 303
1739714916271 0.6146556041031883 304
1739714916275 0.6063188840101151 305
1739714916280 0.5981360150645058 306
1739714916284 0.590104057324673 307
1739714916288 0.5822201281612261 308
1739714916292 0.5744814011279387 309
1739714916296 0.5668851048549771 310
1739714916301 0.5594285219640709 311
1739714916305 0.5521089880051534 312
1739714916309 0.5449238904140667 313
1739714916314 0.5378706674909146 314
1739714916318 0.5309468073986403 315
1739714916323 0.5241498471814562 316
1739714916327 0.5174773718026711 317
1739714916331 0.5109270132016058 318
1739714916335 0.5044964493691628 319
1739714916340 0.498183403441704 320
1739714916344 0.4919856428128554 321
1739714916349 0.4859009782629081 322
1739714916353 0.4799272631054423 323
1739714916357 0.4740623923508466 324
1739714916362 0.4683043018863855 325
1739714916366 0.4626509676725072 326
1739714916370 0.45710040495503024 327
1739714916374 0.45165066749295124 328
1739714916378 0.4462998468015041 329
1739714916382 0.44104607141020463 330
1739714916387 0.43588750613557453 331
1739714916392 0.43082235136825986 332
1739714916396 0.42584884237422477 333
1739714916400 0.42096524860979395 334
1739714916404 0.4161698730502358 335
1739714916408 0.4110809425948791 336
1739714916412 0.40646563594542645 337
1739714916416 0.4019334527978937 338
1739714916420 0.3974828283823682 339
1739714916425 0.39311222817637465 340
1739714916429 0.38882014731176423 341
1739714916434 0.384605109993326 342
1739714916439 0.3804656689288677 343
1739714916443 0.3764004047705749 344
1739714916448 0.37240792556739977 345
1739714916453 0.3684868662282464 346
1739714916457 0.36463588799579083 347
1739714916462 0.3608536779306687 348
1739714916466 0.357138948405849 349
1739714916470 0.3534904366110043 350
1739714916474 0.3499069040666538 351
1739714916478 0.3463871361478978 352
1739714916482 0.34292994161755924 353
1739714916486 0.33953415216853594 354
1739714916490 0.3361986219751813 355
1739714916495 0.33292222725354975 356
1739714916499 0.32970386583029027 357
1739714916503 0.3265424567200861 358
1739714916507 0.3234369397113937 359
1739714916511 0.3203862749603765 360
1739714916516 0.31738944259283103 361
1739714916519 0.31444544231397753 362
1739714916523 0.31155329302593543 363
1739714916527 0.30871203245274764 364
1739714916531 0.305920716772791 365
1739714916536 0.30317842025843944 366
1739714916540 0.300484234922826 367
1739714916545 0.2978372701735643 368
1739714916549 0.2952366524733034 369
1739714916554 0.29268152500696387 370
1739714916558 0.2901710473555283 371
1739714916562 0.28732953549062534 372
1739714916566 0.2849143680423168 373
1739714916571 0.28254122941832277 374
1739714916575 0.28020934615463 375
1739714916579 0.277917959543708 376
1739714916583 0.27566632534720525 377
1739714916587 0.27345371351429787 378
1739714916591 0.2712794079055913 379
1739714916596 0.2691427060224556 380
1739714916600 0.26704291874169483 381
1739714916603 0.2649793700554337 382
1739714916607 0.2629513968161261 383
1739714916611 0.2609583484865809 384
1739714916615 0.258999586894911 385
1739714916619 0.2570744859942933 386
1739714916623 0.2551824316274619 387
1739714916627 0.2533228212958304 388
1739714916631 0.2514950639331518 389
1739714916635 0.24969857968362616 390
1739714916639 0.24793279968437798 391
1739714916643 0.2461971658522012 392
1739714916648 0.2444911306744889 393
1739714916652 0.24281415700428613 394
1739714916656 0.2411657178593507 395
1739714916660 0.23954529622517548 396
1739714916664 0.2379523848618632 397
1739714916668 0.23638648611480814 398
1739714916672 0.23484711172907838 399
1739714916676 0.2333337826674566 400
1739714916680 0.2318460289320329 401
1739714916684 0.23001254980918315 402
1739714916688 0.22858294124914838 403
1739714916692 0.22717735811626438 404
1739714916696 0.22579536927138602 405
1739714916700 0.2244365516753476 406
1739714916704 0.22310049023255704 407
1739714916707 0.2217867776376757 408
1739714916712 0.22049501422530512 409
1739714916716 0.21922480782262518 410
1739714916720 0.2179757736049252 411
1739714916723 0.21674753395397442 412
1739714916727 0.21553971831916635 413
1739714916731 0.21435196308139012 414
1739714916735 0.21318391141956497 415
1739714916739 0.21203521317979807 416
1739714916743 0.21090552474710378 417
1739714916748 0.20979450891962897 418
1739714916752 0.20870183478535378 419
1739714916756 0.20762717760119193 420
1739714916760 0.2065702186744715 421
1739714916764 0.20553064524672057 422
1739714916768 0.20450815037973527 423
1739714916772 0.20350243284387162 424
1739714916776 0.20251319700852488 425
1739714916780 0.20154015273473952 426
1739714916785 0.20058301526993097 427
1739714916789 0.19927401283437784 428
1739714916793 0.19835614016270917 429
1739714916797 0.19745316115931538 430
1739714916802 0.19656481594393227 431
1739714916805 0.19569084943107828 432
1739714916809 0.19483101123837027 433
1739714916814 0.19398505559663973 434
1739714916818 0.19315274126181597 435
1739714916822 0.19233383142852914 436
1739714916826 0.19152809364541593 437
1739714916830 0.19073529973207975 438
1739714916834 0.18995522569766904 439
1739714916838 0.1891876516610654 440
1739714916842 0.18843236177261324 441
1739714916846 0.1876891441373906 442
1739714916850 0.1869577907399741 443
1739714916854 0.1862380973706744 444
1739714916858 0.18552986355320591 445
1739714916862 0.18483289247377344 446
1739714916866 0.18414699091153214 447
1739714916870 0.18347196917041375 448
1739714916874 0.18280764101226435 449
1739714916878 0.18215382359129767 450
1739714916882 0.18151033738981487 451
1739714916886 0.1805122758669887 452
1739714916890 0.17989713968976462 453
1739714916894 0.1792916272081535 454
1739714916898 0.1786955758748449 455
1739714916902 0.17810882607488535 456
1739714916906 0.1775312210702738 457
1739714916910 0.17696260694564867 458
1739714916914 0.17640283255503947 459
1739714916918 0.17585174946966414 460
1739714916922 0.17530921192675006 461
1739714916926 0.17477507677935405 462
1739714916930 0.1742492034471678 463
1739714916934 0.17373145386828065 464
1739714916938 0.17322169245188232 465
1739714916942 0.17271978603189436 466
1739714916947 0.17222560382149765 467
1739714916951 0.1717390173685466 468
1739714916955 0.17125990051185314 469
1739714916959 0.17078812933831608 470
1739714916963 0.1703235821408822 471
1739714916967 0.16986613937732584 472
1739714916971 0.16941568362982373 473
1739714916977 0.1686098145256048 474
1739714916982 0.1681811374890797 475
1739714916986 0.16775892099054027 476
1739714916990 0.16734305993793122 477
1739714916994 0.16693345108274416 478
1739714916998 0.16652999298568877 479
1739714917002 0.16613258598304884 480
1739714917005 0.16574113215369285 481
1739714917009 0.16535553528674785 482
1739714917013 0.16497570084989635 483
1739714917017 0.1646015359583049 484
1739714917021 0.1642329493441572 485
1739714917026 0.1638698513267855 486
1739714917031 0.16351215378338171 487
1739714917036 0.16315977012028537 488
1739714917040 0.1628126152448252 489
1739714917044 0.16247060553771206 490
1739714917049 0.1621336588259628 491
1739714917053 0.16180169435635317 492
1739714917057 0.16147463276938268 493
1739714917061 0.16079242322027879 494
1739714917066 0.1604830213885553 495
1739714917070 0.1601781076357221 496
1739714917074 0.15987761208266074 497
1739714917078 0.15958146603349418 498
1739714917082 0.15928960195393596 499
