1739715243505 169.52366071818852 0
1739715243510 169.49996450523588 1
1739715243515 169.4691636188194 2
1739715243519 169.43623607512575 3
1739715243524 169.40267532861694 4
1739715243528 169.36892941937356 5
1739715243532 169.33513275890476 6
1739715243536 169.30132566972662 7
1739715243541 169.26752024760793 8
1739715243545 169.23372012028568 9
1739715243549 169.1999263750857 10
1739715243553 169.1661393372102 11
1739715243557 169.1323591032245 12
1739715243562 169.0985857011029 13
1739715243566 169.0648191382427 14
1739715243571 169.03105941586827 15
1739715243575 168.99730653335232 16
1739715243579 168.96356048951222 17
1739715243583 168.92982128299906 18
1739715243588 168.89608891241417 19
1739715243592 168.86236337634432 20
1739715243597 168.82864467337197 21
1739715243601 168.79493280207856 22
1739715243605 168.76122776104535 23
1739715243610 168.727529548854 24
1739715243614 168.69383816408632 25
1739715243619 168.66015360532435 26
1739715243623 168.62647587115066 27
1739715243627 168.59280496014776 28
1739715243631 168.55914087089886 29
1739715243636 168.52548360198728 30
1739715243640 168.49183315199662 31
1739715243644 168.45818951951094 32
1739715243648 168.42455270311441 33
1739715243652 168.39092270139176 34
1739715243656 168.35729951292777 35
1739715243661 168.3236831363077 36
1739715243665 168.29007357011704 37
1739715243669 168.25647081294164 38
1739715243674 168.22287486336762 39
1739715243679 168.18928571998146 40
1739715243684 168.15570338136985 41
1739715243689 168.12212784611992 42
1739715243693 168.08855911281898 43
1739715243699 168.05499718005478 44
1739715243704 168.02144204641527 45
1739715243708 167.98789371048875 46
1739715243713 167.9543521708638 47
1739715243717 167.92081742612942 48
1739715243722 167.8872894748747 49
1739715243726 167.8537683156893 50
1739715243730 167.820253947163 51
1739715243735 167.78674636788594 52
1739715243739 167.75324557644856 53
1739715243743 167.71975157144172 54
1739715243747 167.6862643514564 55
1739715243751 167.652783915084 56
1739715243756 167.61931026091625 57
1739715243760 167.58584338754505 58
1739715243764 167.55238329356277 59
1739715243769 167.51892997756204 60
1739715243773 167.48548343813576 61
1739715243778 167.45204367387714 62
1739715243782 167.4186106833797 63
1739715243786 167.38518446523736 64
1739715243791 167.3517650180442 65
1739715243795 167.31835234039465 66
1739715243799 167.2849464308835 67
1739715243805 167.25154728810583 68
1739715243809 167.21815491065706 69
1739715243814 167.18476929713282 70
1739715243818 167.15139044612908 71
1739715243823 167.1180183562422 72
1739715243827 167.08465302606865 73
1739715243832 167.05129445420553 74
1739715243838 167.01794263924992 75
1739715243843 166.98459757979938 76
1739715243847 166.95125927445173 77
1739715243852 166.91792772180514 78
1739715243856 166.88460292045804 79
1739715243860 166.85128486900913 80
1739715243865 166.81797356605753 81
1739715243869 166.78466901020252 82
1739715243874 166.75137120004385 83
1739715243878 166.71808013418143 84
1739715243883 166.6847958112156 85
1739715243888 166.65151822974687 86
1739715243892 166.61824738837615 87
1739715243897 166.5849832857047 88
1739715243902 166.55172592033392 89
1739715243906 166.51847529086564 90
1739715243910 166.48523139590202 91
1739715243915 166.45199423404546 92
1739715243919 166.41876380389857 93
1739715243923 166.38554010406455 94
1739715243927 166.3523231331466 95
1739715243932 166.31911288974842 96
1739715243937 166.28590937247392 97
1739715243941 166.25271257992742 98
1739715243946 166.21952251071335 99
1739715243951 166.1863391634366 100
1739715243956 166.15316253670238 101
1739715243960 166.1199926291161 102
1739715243965 166.08682943928355 103
1739715243970 166.05367296581085 104
1739715243974 166.02052320730425 105
1739715243978 165.98738016237053 106
1739715243983 165.95424382961664 107
1739715243987 165.9211142076499 108
1739715243993 165.8879912950779 109
1739715243997 165.85487509050847 110
1739715244001 165.82176559254992 111
1739715244005 165.78866279981065 112
1739715244009 165.75556671089953 113
1739715244013 165.72247732442563 114
1739715244019 165.68939463899838 115
1739715244024 165.65631865322752 116
1739715244029 165.623249365723 117
1739715244033 165.59018677509528 118
1739715244038 165.55713087995488 119
1739715244042 165.52408167891278 120
1739715244047 165.49103917058017 121
1739715244053 165.45800335356859 122
1739715244059 165.42497422648995 123
1739715244063 165.39195178795632 124
1739715244067 165.35893603658013 125
1739715244071 165.32592697097422 126
1739715244077 165.29292458975158 127
1739715244081 165.25992889152562 128
1739715244085 165.22693987490985 129
1739715244089 165.19395753851845 130
1739715244094 165.1609818809655 131
1739715244098 165.12801290086563 132
1739715244103 165.0950505968337 133
1739715244107 165.06209496748488 134
1739715244112 165.0291460114346 135
1739715244117 164.9962037272987 136
1739715244122 164.9632681136933 137
1739715244127 164.9303391692346 138
1739715244131 164.89741689253944 139
1739715244137 164.86450128222475 140
1739715244141 164.83159233690773 141
1739715244146 164.7986900552061 142
1739715244150 164.76579443573766 143
1739715244154 164.73290547712062 144
1739715244158 164.70002317797346 145
1739715244163 164.66714753691497 146
1739715244167 164.63427855256424 147
1739715244171 164.60141622354067 148
1739715244176 164.5685605484639 149
1739715244180 164.535711525954 150
1739715244184 164.50286915463118 151
1739715244189 164.47003343311616 152
1739715244193 164.43720436002965 153
1739715244197 164.40438193399302 154
1739715244201 164.37156615362773 155
1739715244205 164.33875701755548 156
1739715244210 164.30595452439846 157
1739715244214 164.27315867277906 158
1739715244219 164.24036946131991 159
1739715244223 164.20758688864413 160
1739715244228 164.17481095337487 161
1739715244232 164.14204165413588 162
1739715244236 164.10927898955097 163
1739715244242 164.07652295824434 164
1739715244246 164.04377355884048 165
1739715244254 164.01103078996422 166
1739715244258 163.97829465024066 167
1739715244262 163.94556513829522 168
1739715244267 163.91284225275348 169
1739715244271 163.8801259922416 170
1739715244275 163.84741635538575 171
1739715244279 163.81471334081263 172
1739715244284 163.78201694714903 173
1739715244288 163.7493271730222 174
1739715244292 163.71664401705968 175
1739715244297 163.68396747788918 176
1739715244301 163.65129755413884 177
1739715244306 163.618634244437 178
1739715244311 163.58597754741243 179
1739715244315 163.55332746169404 180
1739715244319 163.52068398591118 181
1739715244324 163.4880471186934 182
1739715244328 163.45541685867056 183
1739715244332 163.42279320447292 184
1739715244337 163.3901761547309 185
1739715244341 163.3575657080753 186
1739715244345 163.3249618631372 187
1739715244349 163.29236461854796 188
1739715244353 163.25977397293929 189
1739715244358 163.22718992494316 190
1739715244363 163.19461247319182 191
1739715244368 163.1620416163178 192
1739715244372 163.129477352954 193
1739715244376 163.09691968173365 194
1739715244380 163.0643686012901 195
1739715244384 163.03182411025722 196
1739715244389 162.99928620726902 197
1739715244393 162.9667548909598 198
1739715244398 162.93423015996427 199
1739715244402 162.90171201291741 200
1739715244406 162.86920044845442 201
1739715244411 162.83669546521082 202
1739715244415 162.80419706182258 203
1739715244419 162.77170523692567 204
1739715244422 162.73921998915662 205
1739715244426 162.70674131715214 206
1739715244431 162.6742692195493 207
1739715244437 162.64180369498536 208
1739715244443 162.60934474209796 209
1739715244448 162.57689235952506 210
1739715244452 162.54444654590483 211
1739715244458 162.51200729987585 212
1739715244463 162.47957462007687 213
1739715244467 162.447148505147 214
1739715244473 162.41472895372564 215
1739715244479 162.38231596445257 216
1739715244484 162.34990953596767 217
1739715244488 162.31750966691132 218
1739715244492 162.285116355924 219
1739715244496 162.25272960164673 220
1739715244501 162.2203494027206 221
1739715244506 162.1879757577871 222
1739715244510 162.155608665488 223
1739715244515 162.12324812446536 224
1739715244519 162.09089413336156 225
1739715244523 162.05854669081924 226
1739715244528 162.02620579548145 227
1739715244532 161.9938714459913 228
1739715244537 161.96154364099235 229
1739715244542 161.9292223791285 230
1739715244546 161.89690765904385 231
1739715244552 161.86459947938286 232
1739715244557 161.8322978387902 233
1739715244561 161.800002735911 234
1739715244566 161.76771416939042 235
1739715244570 161.73543213787417 236
1739715244574 161.7031566400081 237
1739715244578 161.6708876744385 238
1739715244583 161.63862523981174 239
1739715244587 161.6063693347747 240
1739715244591 161.57411995797446 241
1739715244596 161.54187710805834 242
1739715244600 161.50964078367403 243
1739715244604 161.47741098346953 244
1739715244608 161.44518770609307 245
1739715244613 161.41297095019314 246
1739715244617 161.3807607144187 247
1739715244622 161.34855699741888 248
1739715244626 161.31635979784306 249
1739715244630 161.284169114341 250
1739715244634 161.25198494556264 251
1739715244638 161.21980729015846 252
1739715244642 161.18763614677894 253
1739715244646 161.15547151407503 254
1739715244651 161.1233133906979 255
1739715244655 161.0911617752991 256
1739715244660 161.05901666653037 257
1739715244664 161.02687806304382 258
1739715244668 160.99474596349177 259
1739715244672 160.9626203665269 260
1739715244676 160.93050127080218 261
1739715244681 160.89838867497087 262
1739715244685 160.86628257768652 263
1739715244689 160.83418297760286 264
1739715244693 160.80208987337423 265
1739715244697 160.7700032636548 266
1739715244702 160.73792314709948 267
1739715244708 160.7058495223632 268
1739715244713 160.67378238810124 269
1739715244717 160.64172174296922 270
1739715244722 160.60966758562307 271
1739715244727 160.57761991471887 272
1739715244731 160.54557872891317 273
1739715244735 160.51354402686263 274
1739715244740 160.4815158072244 275
1739715244744 160.44949406865584 276
1739715244748 160.4174788098145 277
1739715244752 160.38547002935837 278
1739715244757 160.35346772594562 279
1739715244761 160.3214718982348 280
1739715244765 160.2894825448847 281
1739715244769 160.2574996645544 282
1739715244774 160.22552325590337 283
1739715244778 160.19355331759115 284
1739715244782 160.16158984827783 285
1739715244786 160.12963284662362 286
1739715244791 160.09768231128908 287
1739715244796 160.06573824093508 288
1739715244800 160.03380063422267 289
1739715244804 160.00186948981337 290
1739715244809 159.9699448063688 291
1739715244813 159.93802658255112 292
1739715244818 159.90611481702248 293
1739715244822 159.87420950844555 294
1739715244826 159.84231065548315 295
1739715244830 159.81041825679853 296
1739715244834 159.77853231105507 297
1739715244838 159.74665281691654 298
1739715244842 159.714779773047 299
1739715244847 159.68291317811082 300
1739715244851 159.6510530307726 301
1739715244855 159.6191993296972 302
1739715244859 159.58735207354985 303
1739715244864 159.55551126099604 304
1739715244869 159.52367689070164 305
1739715244873 159.4918489613326 306
1739715244877 159.46002747155532 307
1739715244882 159.4282124200365 308
1739715244886 159.39640380544301 309
1739715244890 159.36460162644212 310
1739715244895 159.3328058817014 311
1739715244899 159.30101656988856 312
1739715244903 159.26923368967175 313
1739715244907 159.2374572397194 314
1739715244911 159.20568721870012 315
1739715244916 159.17392362528295 316
1739715244921 159.14216645813707 317
1739715244925 159.11041571593208 318
1739715244929 159.0786713973378 319
1739715244933 159.04693350102434 320
1739715244937 159.01520202566212 321
1739715244941 158.98347696992192 322
1739715244946 158.95175833247458 323
1739715244950 158.92004611199152 324
1739715244954 158.88834030714423 325
1739715244958 158.85664091660462 326
1739715244963 158.8249479390447 327
1739715244967 158.7932613731371 328
1739715244972 158.76158121755444 329
1739715244975 158.72990747096972 330
1739715244980 158.6982401320563 331
1739715244984 158.66657919948773 332
1739715244988 158.6349246719378 333
1739715244992 158.60327654808083 334
1739715244996 158.57163482659118 335
1739715245001 158.53999950614357 336
1739715245005 158.50837058541308 337
1739715245009 158.47674806307504 338
1739715245013 158.44513193780494 339
1739715245017 158.41352220827883 340
1739715245022 158.3819188731728 341
1739715245025 158.35032193116325 342
1739715245030 158.31873138092706 343
1739715245034 158.28714722114123 344
1739715245038 158.25556945048302 345
1739715245042 158.2239980676301 346
1739715245046 158.1924330712604 347
1739715245050 158.16087446005199 348
1739715245054 158.1293222326835 349
1739715245059 158.0977763878336 350
1739715245063 158.0662369241813 351
1739715245067 158.03470384040608 352
1739715245071 158.00317713518746 353
1739715245077 157.9716568072053 354
1739715245082 157.9401428551399 355
1739715245087 157.9086352776717 356
1739715245092 157.87713407348144 357
1739715245096 157.8456392412502 358
1739715245100 157.81415077965934 359
1739715245105 157.7826686873905 360
1739715245110 157.75119296312553 361
1739715245114 157.71972360554665 362
1739715245118 157.68826061333633 363
1739715245123 157.65680398517742 364
1739715245127 157.6253537197529 365
1739715245131 157.59390981574614 366
1739715245136 157.5624722718408 367
1739715245140 157.53104108672076 368
1739715245145 157.49961625907014 369
1739715245149 157.46819778757362 370
1739715245153 157.43678567091575 371
1739715245157 157.40537990778174 372
1739715245161 157.37398049685692 373
1739715245166 157.34258743682682 374
1739715245170 157.31120072637748 375
1739715245174 157.279820364195 376
1739715245179 157.24844634896584 377
1739715245184 157.2170786793769 378
1739715245188 157.18571735411513 379
1739715245192 157.15436237186788 380
1739715245197 157.1230137313228 381
1739715245202 157.09167143116773 382
1739715245206 157.060335470091 383
1739715245211 157.02900584678093 384
1739715245215 156.99768255992632 385
1739715245219 156.96636560821628 386
1739715245223 156.93505499034012 387
1739715245227 156.90375070498743 388
1739715245232 156.87245275084808 389
1739715245236 156.8411611266123 390
1739715245240 156.80987583097055 391
1739715245245 156.77859686261354 392
1739715245249 156.74732422023237 393
1739715245253 156.71605790251832 394
1739715245262 156.68479790816295 395
1739715245267 156.65354423585822 396
1739715245272 156.6222968842963 397
1739715245276 156.59105585216957 398
1739715245281 156.5598211381708 399
1739715245285 156.52859274099308 400
1739715245289 156.49737065932956 401
1739715245294 156.46615489187403 402
1739715245299 156.43494543732015 403
1739715245303 156.4037422943622 404
1739715245307 156.37254546169459 405
1739715245312 156.34135493801207 406
1739715245316 156.31017072200956 407
1739715245320 156.27899281238243 408
1739715245324 156.24782120782618 409
1739715245329 156.21665590703674 410
1739715245333 156.1854969087102 411
1739715245337 156.15434421154293 412
1739715245342 156.1231978142317 413
1739715245346 156.0920577154735 414
1739715245350 156.0609239139655 415
1739715245354 156.02979640840533 416
1739715245358 155.99867519749083 417
1739715245363 155.96756027992006 418
1739715245368 155.93645165439145 419
1739715245372 155.90534931960363 420
1739715245376 155.87425327425564 421
1739715245381 155.8431635170466 422
1739715245385 155.81208004667616 423
1739715245389 155.78100286184403 424
1739715245393 155.74993196125035 425
1739715245398 155.7188673435954 426
1739715245402 155.68780900758 427
1739715245406 155.65675695190487 428
1739715245411 155.62571117527145 429
1739715245415 155.594671676381 430
1739715245419 155.56363845393545 431
1739715245423 155.53261150663684 432
1739715245427 155.5015908331875 433
1739715245431 155.47057643228996 434
1739715245436 155.43956830264722 435
1739715245440 155.40856644296247 436
1739715245444 155.37757085193908 437
1739715245448 155.34658152828086 438
1739715245452 155.31559847069184 439
1739715245456 155.28462167787632 440
1739715245461 155.25365114853884 441
1739715245465 155.2226868813843 442
1739715245469 155.1917288751179 443
1739715245474 155.16077712844495 444
1739715245478 155.12983164007122 445
1739715245482 155.09889240870277 446
1739715245486 155.06795943304573 447
1739715245490 155.03703271180672 448
1739715245494 155.0061122436926 449
1739715245498 154.97519802741044 450
1739715245503 154.94429006166763 451
1739715245507 154.91338834517182 452
1739715245511 154.88249287663103 453
1739715245516 154.85160365475346 454
1739715245520 154.82072067824757 455
1739715245525 154.78984394582218 456
1739715245529 154.7589734561864 457
1739715245534 154.7281092080495 458
1739715245538 154.69725120012114 459
1739715245542 154.66639943111124 460
1739715245546 154.63555389973004 461
1739715245550 154.6047146046879 462
1739715245555 154.5738815446956 463
1739715245559 154.54305471846416 464
1739715245564 154.51223412470497 465
1739715245569 154.4814197621295 466
1739715245574 154.4506116294497 467
1739715245578 154.4198097253776 468
1739715245583 154.38901404862565 469
1739715245587 154.35822459790668 470
1739715245591 154.32744137193356 471
1739715245595 154.29666436941955 472
1739715245599 154.26589358907816 473
1739715245604 154.23512902962324 474
1739715245608 154.20437068976892 475
1739715245613 154.1736185682295 476
1739715245617 154.1428726637197 477
1739715245622 154.1121329749543 478
1739715245626 154.08139950064867 479
1739715245630 154.05067223951824 480
1739715245634 154.01995119027873 481
1739715245639 153.98923635164618 482
1739715245643 153.958527722337 483
1739715245647 153.9278253010677 484
1739715245652 153.89712908655517 485
1739715245656 153.86643907751662 486
1739715245661 153.83575527266936 487
1739715245665 153.80507767073115 488
1739715245669 153.77440627042003 489
1739715245674 153.7437410704542 490
1739715245678 153.71308206955223 491
1739715245683 153.68242926643288 492
1739715245687 153.6517826598153 493
1739715245691 153.62114224841883 494
1739715245696 153.59050803096312 495
1739715245700 153.55988000616816 496
1739715245705 153.52925817275406 497
1739715245709 153.49864252944133 498
1739715245713 153.4680330749507 499
