1739716164384 37.878261168893886 0
1739716164390 9.216160838092437 1
1739716164396 2.174486266005402 2
1739716164402 0.5052906816080992 3
1739716164407 0.22030433015799272 4
1739716164413 0.1447164476942947 5
1739716164418 0.11971959558309613 6
1739716164423 0.07920729972130051 7
1739716164428 0.0797827616130981 8
1739716164434 0.08368637733043104 9
1739716164440 0.08889765314050091 10
1739716164445 0.06968222101249345 11
1739716164451 0.1417086120380002 12
1739716164456 0.13122300185819336 13
1739716164462 0.06884337022027995 14
1739716164467 0.07514473201301997 15
1739716164473 0.10917711740731184 16
1739716164478 0.10160995754638455 17
1739716164483 0.19524307294482562 18
1739716164489 0.10768962401374922 19
1739716164495 0.0991961812307278 20
1739716164501 0.060274377086437715 21
1739716164508 0.10482894403192322 22
1739716164513 0.08449684331310223 23
1739716164518 0.07063451913239324 24
1739716164524 0.08208815694109799 25
1739716164529 0.09674112181118187 26
1739716164534 0.0875281304924609 27
1739716164539 0.05827874811903645 28
1739716164545 0.12351417208112574 29
1739716164551 0.1264398639720449 30
1739716164556 0.08859461801153702 31
1739716164562 0.08814951061589123 32
1739716164567 0.1042033990655927 33
1739716164573 0.10007413749320301 34
1739716164578 0.08419905563796626 35
1739716164585 0.09890328732150469 36
1739716164591 0.07565199437281889 37
1739716164597 0.08687557258592037 38
1739716164604 0.05401841510372329 39
1739716164610 0.07016579492775935 40
1739716164616 0.12058787599527888 41
1739716164623 0.07759069294442543 42
1739716164629 0.06520584301957529 43
1739716164637 0.07916090219166928 44
1739716164644 0.09395320795215749 45
1739716164650 0.0816931361625909 46
1739716164656 0.08188013679018412 47
1739716164662 0.06949029301029039 48
1739716164668 0.07548872636332625 49
1739716164674 0.12453397333347302 50
1739716164680 0.07283929183788193 51
1739716164686 0.12004035950913082 52
1739716164692 0.14305483702433527 53
1739716164699 0.06815493134608983 54
1739716164705 0.09889608473937608 55
1739716164711 0.09731092946095407 56
1739716164716 0.09276317715901457 57
1739716164723 0.07692182899224644 58
1739716164729 0.06691277036108571 59
1739716164735 0.07403067203293644 60
1739716164740 0.11295447311531837 61
1739716164747 0.07876051167897018 62
1739716164754 0.08229246696122593 63
1739716164761 0.06542890296130872 64
1739716164771 0.08784570196819234 65
1739716164777 0.07893528070106307 66
1739716164783 0.0925129319873998 67
1739716164789 0.11082155892548244 68
1739716164795 0.08123107352701724 69
1739716164800 0.059798393615259716 70
1739716164806 0.07766331527620389 71
1739716164812 0.05823962123992936 72
1739716164818 0.07461471304828834 73
1739716164823 0.06848983802648471 74
1739716164829 0.11387619106937504 75
1739716164835 0.13794643250042093 76
1739716164841 0.0726132512008869 77
1739716164848 0.1295080925276844 78
1739716164854 0.06315846132180578 79
1739716164859 0.09412092923705634 80
1739716164865 0.08502137092356411 81
1739716164870 0.09144656245184017 82
1739716164876 0.08216805175391968 83
1739716164882 0.08065535145457807 84
1739716164889 0.11047383645357722 85
1739716164896 0.13613153443413328 86
1739716164902 0.09048237249647507 87
1739716164908 0.07780619185860485 88
1739716164914 0.10145845782341398 89
1739716164920 0.0979125809285532 90
1739716164925 0.08566339088671851 91
1739716164932 0.14019118853490345 92
1739716164938 0.06112512352050545 93
1739716164944 0.10885129044445856 94
1739716164950 0.10425720599464784 95
1739716164955 0.11336866845739349 96
1739716164961 0.0764467705532035 97
1739716164967 0.099960593557532 98
1739716164973 0.09294199141967063 99
1739716164978 0.07583133968859594 100
1739716164984 0.10815233597547703 101
1739716164990 0.07321107160302366 102
1739716164995 0.11399231245148911 103
1739716165001 0.05728398384777531 104
1739716165006 0.10794471700764768 105
1739716165011 0.12312232138723232 106
1739716165016 0.06643217219183092 107
1739716165022 0.11453118920838708 108
1739716165027 0.134738282709952 109
1739716165033 0.10786531142585887 110
1739716165039 0.12715935899049718 111
1739716165044 0.123021258663702 112
1739716165050 0.09881870486359326 113
1739716165056 0.08352985038476536 114
1739716165061 0.06751911679228964 115
1739716165066 0.0907970476571415 116
1739716165072 0.12204169451707361 117
1739716165077 0.08128069673152599 118
1739716165082 0.09084501681919802 119
1739716165087 0.06969176709640683 120
1739716165093 0.08415852683177434 121
1739716165098 0.13234775601823165 122
1739716165104 0.058030010054257286 123
1739716165111 0.13262050020042876 124
1739716165117 0.12453102327238925 125
1739716165125 0.10797698157305832 126
1739716165131 0.07760999418385979 127
1739716165137 0.11194155471775169 128
1739716165143 0.09314665953956724 129
1739716165149 0.08082344215201802 130
1739716165155 0.08826797313384942 131
1739716165160 0.13853150689946261 132
1739716165166 0.11827526019335816 133
1739716165171 0.06297458497672237 134
1739716165176 0.07894335474567298 135
1739716165182 0.1209861887937286 136
1739716165187 0.06879529014346324 137
1739716165193 0.069634022278689 138
1739716165198 0.07776017689131634 139
1739716165204 0.09978154534042766 140
1739716165209 0.1105766457990207 141
1739716165216 0.11212838560347387 142
1739716165222 0.11626478890972304 143
1739716165227 0.07952673335929476 144
1739716165233 0.08110088964132026 145
1739716165243 0.0982360805257534 146
1739716165249 0.11391335788575649 147
1739716165254 0.09015120214421105 148
1739716165260 0.10067284696061883 149
1739716165265 0.10546133473889313 150
1739716165271 0.12381551163866217 151
1739716165276 0.13238850305204938 152
1739716165281 0.08823056744252558 153
1739716165287 0.0714538609049931 154
1739716165292 0.0790642413857273 155
1739716165297 0.07033387449738383 156
1739716165303 0.07652490846569679 157
1739716165308 0.1105922619429705 158
1739716165314 0.08660152335377748 159
1739716165319 0.08889918619934796 160
1739716165324 0.10896338667653868 161
1739716165330 0.15707952616928286 162
1739716165335 0.0983928871615576 163
1739716165341 0.07373353937316701 164
1739716165346 0.06852693371824971 165
1739716165352 0.09343287274471107 166
1739716165357 0.049974514248930964 167
1739716165362 0.09707810447206372 168
1739716165368 0.09314513318698456 169
1739716165373 0.09996680703455349 170
1739716165379 0.06883144153844492 171
1739716165384 0.1555361439781851 172
1739716165389 0.1332070616009246 173
1739716165395 0.1147802575916966 174
1739716165400 0.05761009233456484 175
1739716165405 0.1483407760525051 176
1739716165410 0.11810653788552031 177
1739716165416 0.14262254626755885 178
1739716165421 0.08134081830928995 179
1739716165426 0.10795614170552244 180
1739716165432 0.11661697158027078 181
1739716165438 0.07584695446275601 182
1739716165443 0.050616656404873395 183
1739716165448 0.06917199701054477 184
1739716165453 0.07445367282950846 185
1739716165459 0.0793940315778607 186
1739716165464 0.09606960818506163 187
1739716165470 0.09217248443213637 188
1739716165475 0.11543626021647635 189
1739716165481 0.06384195513490172 190
1739716165487 0.11448857328072322 191
1739716165492 0.06730606111449154 192
1739716165498 0.08636203894619354 193
1739716165503 0.07482445634531928 194
1739716165509 0.07989302256980757 195
1739716165514 0.11985043499319965 196
1739716165519 0.10941557601170737 197
1739716165525 0.11608939179588003 198
1739716165530 0.07994848643525412 199
1739716165535 0.08680666294017589 200
1739716165540 0.056681482016908834 201
1739716165545 0.0857610107963439 202
1739716165551 0.0969789540640238 203
1739716165557 0.09608421374988182 204
1739716165562 0.11434199637249436 205
1739716165567 0.09704406843702952 206
1739716165573 0.06106438938318715 207
1739716165578 0.08102728491936262 208
1739716165584 0.08878542248920417 209
1739716165592 0.09068610203746987 210
1739716165598 0.10507115385996292 211
1739716165604 0.07510604871344138 212
1739716165609 0.08425922378034414 213
1739716165615 0.12587796038041682 214
1739716165620 0.10388212108714567 215
1739716165626 0.14018630541305074 216
1739716165632 0.07901253846604961 217
1739716165638 0.10036217113406788 218
1739716165643 0.10887405102564615 219
1739716165649 0.09036170698931262 220
1739716165655 0.12151106012148337 221
1739716165660 0.09740301239657952 222
1739716165665 0.07329505222295403 223
1739716165671 0.10100522538914411 224
1739716165676 0.04347298241133228 225
1739716165681 0.10381530764253287 226
1739716165687 0.09120695230481736 227
1739716165692 0.07795656905647387 228
1739716165697 0.06001954791115669 229
1739716165703 0.10364773024230262 230
1739716165708 0.10071010206160175 231
1739716165713 0.11718361831164346 232
1739716165719 0.11987928153628857 233
1739716165724 0.10428732204442222 234
1739716165730 0.09208650430198921 235
1739716165735 0.06583819148227005 236
1739716165740 0.06811478592255797 237
1739716165745 0.05520399728308573 238
1739716165751 0.10137885170798933 239
1739716165756 0.07450256144205554 240
1739716165762 0.11643336859191716 241
1739716165767 0.14584894826232647 242
1739716165776 0.08696100638032692 243
1739716165782 0.07538978705242369 244
1739716165787 0.09894915365625255 245
1739716165793 0.10912760446791896 246
1739716165799 0.07640126910628 247
1739716165804 0.06750072798221492 248
1739716165810 0.11347811134134363 249
1739716165815 0.12300736670989529 250
1739716165820 0.12489359462774095 251
1739716165826 0.07076366385777914 252
1739716165834 0.061803585673478253 253
1739716165845 0.065226070901054 254
1739716165850 0.08017560136910717 255
1739716165855 0.08979771493049041 256
1739716165861 0.05095363269095109 257
1739716165866 0.07830094896644646 258
1739716165871 0.052670159340979905 259
1739716165876 0.11378698010054107 260
1739716165881 0.092104633047718 261
1739716165887 0.10890283332894724 262
1739716165892 0.08968561537341567 263
1739716165897 0.17457230573183766 264
1739716165903 0.04670862635603118 265
