1739717358693 2.1597253045280516 0
1739717358720 4.465694588205965 1
1739717358747 8.760588335485131 2
1739717358774 1.3683578517008195 3
1739717358801 2.4681837134273588 4
1739717358828 5.264782987641274 5
1739717358854 6.325350499594006 6
1739717358882 10.014179738896468 7
1739717358909 4.213595610521769 8
1739717358936 4.611027512166087 9
1739717358965 1.1056541792000574 10
1739717358992 6.46058176650052 11
1739717359019 7.17031751378722 12
1739717359046 4.781227027550955 13
1739717359074 2.8265098480931776 14
1739717359101 3.9932050195075726 15
1739717359128 2.1230786475636254 16
1739717359155 1.9087403277793877 17
1739717359181 6.165914416496553 18
1739717359209 7.632594302444615 19
1739717359236 5.274494895824508 20
1739717359263 5.1345728133993545 21
1739717359290 3.668812562426062 22
1739717359317 4.341288538430787 23
1739717359345 2.741011066027118 24
1739717359371 4.68831224857625 25
1739717359399 6.676787567847272 26
1739717359426 4.766003239756325 27
1739717359453 9.272647384664376 28
1739717359480 4.867603467607135 29
1739717359507 6.917120036380316 30
1739717359535 3.2055898482241605 31
1739717359562 8.013415462803549 32
1739717359590 7.086766881539522 33
1739717359617 6.040764592991288 34
1739717359645 3.894735640254238 35
1739717359672 4.908742085027825 36
1739717359699 9.242308381003676 37
1739717359726 4.862385723559486 38
1739717359752 5.235652706188615 39
1739717359779 6.445077905593728 40
1739717359806 2.126439931709935 41
1739717359832 3.4896753252673434 42
1739717359859 7.1271471649737865 43
1739717359886 7.463072266297928 44
1739717359914 3.461008830847285 45
1739717359941 4.374818088159777 46
1739717359967 5.443357593371916 47
1739717359994 6.854282643795923 48
1739717360021 1.7401664784107131 49
1739717360048 4.031987192856705 50
1739717360075 5.738966771669927 51
1739717360103 8.057994200260625 52
1739717360130 6.469284122041215 53
1739717360157 3.044708921960501 54
1739717360184 4.00020194295012 55
1739717360211 2.9308697802206645 56
1739717360238 1.1625973312475275 57
1739717360265 5.596732771175165 58
1739717360292 3.9279398248325466 59
1739717360319 12.485008962342478 60
1739717360346 5.916348374431236 61
1739717360373 3.171651270241235 62
1739717360400 5.587798138376956 63
1739717360427 4.928850047087496 64
1739717360454 6.950008847786168 65
1739717360481 4.209902327750113 66
1739717360508 5.008888426014879 67
1739717360535 9.848668901335154 68
1739717360562 6.900903119124252 69
1739717360589 11.780553055543104 70
1739717360616 7.659121637212037 71
1739717360643 2.897137665722064 72
1739717360670 5.644673553132684 73
1739717360697 6.87474047878446 74
1739717360724 5.401557340877136 75
1739717360751 4.394926965717585 76
1739717360778 6.519124643313024 77
1739717360805 5.169158430754768 78
1739717360831 6.440742440387316 79
1739717360858 9.653097494926092 80
1739717360885 3.3752051802574288 81
1739717360912 3.5486789207733924 82
1739717360939 4.139371730235404 83
1739717360967 3.7222138982636084 84
1739717360994 6.06142060418175 85
1739717361021 3.9424860923911216 86
1739717361048 4.063570073896969 87
1739717361074 4.493070578693945 88
1739717361101 2.902527453701163 89
1739717361129 5.738799406339343 90
1739717361156 2.4615571160941947 91
1739717361182 5.0847301953639965 92
1739717361209 3.4836641839842124 93
1739717361236 0.9151677381635265 94
1739717361263 6.736269969321002 95
1739717361290 3.1240642316385037 96
1739717361316 6.340576458444214 97
1739717361343 5.176458161315763 98
1739717361370 4.2563813212634 99
1739717361397 2.3443628774551684 100
1739717361424 2.1333930572383015 101
1739717361450 4.669933711380546 102
1739717361477 5.988645617244493 103
1739717361504 4.668757576957556 104
1739717361532 6.832479775982731 105
1739717361559 1.5176292124632311 106
1739717361586 1.8213046974143265 107
1739717361613 6.470430997439784 108
1739717361640 5.713552822415402 109
1739717361668 4.538332484212606 110
1739717361695 4.405046693747777 111
1739717361722 2.616813206096786 112
1739717361750 5.207419145527596 113
1739717361777 6.15323290723275 114
1739717361803 6.817899993811452 115
1739717361830 7.163353843037084 116
1739717361857 2.587594937972439 117
1739717361884 5.877728436975137 118
1739717361911 2.18527472889728 119
1739717361938 4.111207578752869 120
1739717361965 1.763988758267182 121
1739717361992 3.3767841186558982 122
1739717362019 5.074626061041307 123
1739717362046 2.000144017501713 124
1739717362073 5.804611179295022 125
1739717362100 6.260820051509844 126
1739717362127 6.715134696308667 127
1739717362156 2.6187272946952116 128
1739717362182 3.668786830446143 129
1739717362210 2.6312621834956196 130
1739717362237 3.39725219381112 131
1739717362264 2.6561083955879186 132
1739717362291 5.312943911960537 133
1739717362319 7.73227580709433 134
1739717362345 5.787655762466968 135
1739717362372 4.0123617534922005 136
1739717362399 3.4892078821629045 137
1739717362426 3.5730056547707734 138
1739717362453 5.747576206878518 139
1739717362480 1.9988343458843791 140
1739717362507 1.6318857386026673 141
1739717362534 4.546404371711366 142
1739717362561 5.142238046353803 143
1739717362588 5.339560423676261 144
1739717362615 5.9158390006245 145
1739717362643 5.567717432489865 146
1739717362669 5.721341444941722 147
1739717362696 3.868404498046661 148
1739717362724 0.9281653925236758 149
1739717362751 1.938006387081026 150
1739717362778 2.2563332834815877 151
1739717362804 3.5747574487377984 152
1739717362831 7.191227043775713 153
1739717362858 4.322700154510747 154
1739717362885 7.433590529031237 155
1739717362913 3.0763820198014606 156
1739717362940 1.3880873109406313 157
1739717362967 2.348613466577193 158
1739717362994 4.286807481566611 159
1739717363021 4.8664164985498415 160
1739717363048 6.602415391186829 161
1739717363075 6.406487259825679 162
1739717363102 1.821525909757364 163
1739717363129 2.529756479244239 164
1739717363156 4.205659495667137 165
1739717363184 4.943518006364099 166
1739717363211 8.12424459327925 167
1739717363238 5.22768055538995 168
1739717363265 4.680741447491702 169
1739717363292 4.843294069236568 170
1739717363319 6.427411166302865 171
1739717363346 3.2999352012684757 172
1739717363373 5.8703808139026785 173
1739717363400 2.6711070157068613 174
1739717363427 2.874464247071974 175
1739717363454 9.143962610093574 176
1739717363481 4.923693292643967 177
1739717363508 1.5508681895123155 178
1739717363535 2.6016404705017777 179
1739717363562 7.229706100825849 180
1739717363589 3.0451463488106203 181
1739717363616 4.252696943624603 182
1739717363643 4.034530746496598 183
1739717363670 5.600464585211148 184
1739717363697 7.002680957098833 185
1739717363725 4.853863301491162 186
1739717363752 4.194703659800417 187
1739717363780 4.5219161687266 188
1739717363807 6.280332115690405 189
1739717363834 4.897270711756097 190
1739717363861 6.180550216712403 191
1739717363888 5.920370481817503 192
1739717363914 3.9022009893292244 193
1739717363941 5.552927661817 194
1739717363968 7.14788571926646 195
