1739715270096 173.15244576405732 0
1739715270101 173.1180361408828 1
1739715270107 173.08321205640397 2
1739715270112 173.0482685937775 3
1739715270119 173.01329427751213 4
1739715270124 172.97831566387427 5
1739715270129 172.9433407186873 6
1739715270134 172.90837183067123 7
1739715270138 172.8734097154258 8
1739715270144 172.83845458661796 9
1739715270149 172.80350650733638 10
1739715270155 172.76856549549655 11
1739715270161 172.73363155546238 12
1739715270165 172.6987046875326 13
1739715270170 172.66378489078645 14
1739715270175 172.62887216393761 15
1739715270180 172.59396650559043 16
1739715270185 172.55906791431642 17
1739715270190 172.5241763886778 18
1739715270195 172.48929192723375 19
1739715270200 172.45441452854317 20
1739715270206 172.4195441911649 21
1739715270214 172.3846809136579 22
1739715270221 172.34982469458154 23
1739715270227 172.31497553249545 24
1739715270235 172.28013342595952 25
1739715270245 172.24529837353393 26
1739715270253 172.21047037377926 27
1739715270260 172.17564942525627 28
1739715270265 172.14083552652608 29
1739715270270 172.1060286761501 30
1739715270278 172.07122887269003 31
1739715270285 172.03643611470793 32
1739715270290 172.00165040076607 33
1739715270297 171.96687172942697 34
1739715270305 171.93210009925374 35
1739715270312 171.89733550880942 36
1739715270319 171.86257795665756 37
1739715270325 171.82782744136202 38
1739715270334 171.79308396148684 39
1739715270340 171.75834751559645 40
1739715270345 171.72361810225553 41
1739715270350 171.68889572002914 42
1739715270354 171.65418036748247 43
1739715270359 171.61947204318125 44
1739715270363 171.5847707456913 45
1739715270368 171.5500764735788 46
1739715270387 171.5153892254103 47
1739715270396 171.4807089997526 48
1739715270401 171.44603579517278 49
1739715270407 171.41136961023818 50
1739715270412 171.37671044351654 51
1739715270417 171.34205829357583 52
1739715270422 171.30741315898433 53
1739715270427 171.2727750383107 54
1739715270431 171.23814393012367 55
1739715270436 171.20351983299255 56
1739715270441 171.1689027454868 57
1739715270446 171.1342926661762 58
1739715270450 171.09968959363076 59
1739715270455 171.0650935264209 60
1739715270459 171.03050446311724 61
1739715270464 170.99592240229086 62
1739715270468 170.96134734251294 63
1739715270472 170.92677928235503 64
1739715270476 170.892218220389 65
1739715270480 170.85766415518708 66
1739715270485 170.82311708532163 67
1739715270489 170.7885770093654 68
1739715270494 170.75404392589155 69
1739715270498 170.7195178334734 70
1739715270503 170.68499873068447 71
1739715270508 170.6504866160988 72
1739715270512 170.6159814882906 73
1739715270517 170.5814833458344 74
1739715270521 170.5469921873051 75
1739715270525 170.51250801127773 76
1739715270529 170.4780308163278 77
1739715270534 170.44356060103095 78
1739715270539 170.40909736396324 79
1739715270544 170.374641103701 80
1739715270550 170.34019181882087 81
1739715270555 170.30574950789963 82
1739715270560 170.27131416951462 83
1739715270564 170.23688580224322 84
1739715270569 170.20246440466335 85
1739715270574 170.16804997535303 86
1739715270579 170.13364251289062 87
1739715270584 170.09924201585488 88
1739715270589 170.06484848282477 89
1739715270594 170.03046191237954 90
1739715270599 169.99608230309875 91
1739715270604 169.9617096535623 92
1739715270609 169.92734396235034 93
1739715270613 169.89298522804336 94
1739715270617 169.85863344922205 95
1739715270621 169.82428862446753 96
1739715270625 169.7899507523611 97
1739715270629 169.7556198314844 98
1739715270634 169.72129586041936 99
1739715270638 169.68697883774828 100
1739715270643 169.65266876205362 101
1739715270648 169.61836563191818 102
1739715270653 169.58406944592514 103
1739715270658 169.5497802026579 104
1739715270662 169.51549790070013 105
1739715270666 169.48122253863582 106
1739715270671 169.44731777829855 107
1739715270675 169.41352894483333 108
1739715270680 169.37977963488817 109
1739715270684 169.34604692648628 110
1739715270689 169.31232394206575 111
1739715270693 169.27860861739202 112
1739715270698 169.24490033223 113
1739715270702 169.21119889954508 114
1739715270706 169.1775042622629 115
1739715270710 169.14381640229755 116
1739715270715 169.1101353132599 117
1739715270719 169.07646099226986 118
1739715270723 169.0427934375005 119
1739715270727 169.00913264744085 120
1739715270731 168.975478620675 121
1739715270735 168.9418313558158 122
1739715270740 168.90819085148485 123
1739715270744 168.87455710630655 124
1739715270749 168.84093011890653 125
1739715270753 168.80730988791072 126
1739715270758 168.7736964119456 127
1739715270762 168.7400896896378 128
1739715270767 168.70648971961432 129
1739715270772 168.67289650050245 130
1739715270776 168.6393100309297 131
1739715270781 168.60573030952398 132
1739715270785 168.5721573349134 133
1739715270790 168.53859110572637 134
1739715270794 168.50503162059155 135
1739715270798 168.47147887813802 136
1739715270802 168.43793287699498 137
1739715270807 168.40439361579195 138
1739715270812 168.37086109315888 139
1739715270816 168.33733530772585 140
1739715270821 168.30381625812325 141
1739715270825 168.27030394298177 142
1739715270829 168.23679836093243 143
1739715270833 168.20329951060646 144
1739715270837 168.16980739063544 145
1739715270841 168.13632199965116 146
1739715270846 168.10284333628576 147
1739715270850 168.06937139917164 148
1739715270854 168.03590618694153 149
1739715270859 168.00244769822837 150
1739715270863 167.9689959316654 151
1739715270875 167.93555088588616 152
1739715270879 167.90211255952454 153
1739715270884 167.86868095121454 154
1739715270888 167.83525605959062 155
1739715270892 167.80183788328745 156
1739715270896 167.76842642094 157
1739715270900 167.7350216711835 158
1739715270904 167.70162363265345 159
1739715270908 167.66823230398572 160
1739715270913 167.63484768381633 161
1739715270917 167.6014697707817 162
1739715270921 167.56809856351856 163
1739715270925 167.53473406066368 164
1739715270930 167.50137626085453 165
1739715270934 167.46802516272837 166
1739715270938 167.43468076492317 167
1739715270942 167.40134306607695 168
1739715270947 167.36801206482806 169
1739715270951 167.33468775981515 170
1739715270956 167.30137014967718 171
1739715270961 167.2680592330533 172
1739715270965 167.23475500858308 173
1739715270969 167.20145747490625 174
1739715270973 167.16816663066285 175
1739715270978 167.13488247449322 176
1739715270982 167.10160500503807 177
1739715270986 167.06833422093823 178
1739715270990 167.0350701208349 179
1739715270994 167.00181270336955 180
1739715270998 166.96856196718392 181
1739715271002 166.93531791092008 182
1739715271007 166.90208053322033 183
1739715271011 166.8688498327273 184
1739715271016 166.83562580808385 185
1739715271020 166.80240845793313 186
1739715271024 166.76919778091857 187
1739715271028 166.735993775684 188
1739715271033 166.7027964408733 189
1739715271037 166.66960577513083 190
1739715271041 166.63642177710116 191
1739715271045 166.60324444542914 192
1739715271049 166.57007377875993 193
1739715271054 166.5369097757389 194
1739715271059 166.50375243501182 195
1739715271064 166.4706017552246 196
1739715271068 166.43745773502354 197
1739715271072 166.4043203730552 198
1739715271077 166.3711896679664 199
1739715271081 166.33806561840424 200
1739715271086 166.30494822301603 201
1739715271090 166.2718374804496 202
1739715271094 166.23873338935275 203
1739715271099 166.2056359483738 204
1739715271103 166.17254515616125 205
1739715271107 166.13946101136384 206
1739715271111 166.1063835126307 207
1739715271116 166.07331265861123 208
1739715271120 166.04024844795495 209
1739715271124 166.00719087931182 210
1739715271128 165.9741399513321 211
1739715271132 165.94109566266613 212
1739715271137 165.90805801196484 213
1739715271141 165.87502699787913 214
1739715271145 165.84200261906037 215
1739715271150 165.80898487416022 216
1739715271154 165.77597376183041 217
1739715271159 165.74296928072323 218
1739715271163 165.7099714294911 219
1739715271167 165.67698020678668 220
1739715271171 165.64399561126297 221
1739715271175 165.61101764157337 222
1739715271180 165.57804629637127 223
1739715271184 165.54508157431061 224
1739715271188 165.51212347404547 225
1739715271192 165.47917199423028 226
1739715271196 165.44622713351967 227
1739715271201 165.41328889056868 228
1739715271205 165.38035726403243 229
1739715271210 165.34743225256653 230
1739715271214 165.31451385482674 231
1739715271219 165.28160206946913 232
1739715271223 165.24869689515003 233
1739715271228 165.21579833052616 234
1739715271232 165.18290637425434 235
1739715271236 165.15002102499176 236
1739715271240 165.11714228139596 237
1739715271244 165.0842701421246 238
1739715271248 165.0514046058358 239
1739715271252 165.01854567118784 240
1739715271256 164.98569333683926 241
1739715271260 164.95284760144895 242
1739715271264 164.92000846367606 243
1739715271268 164.88717592217998 244
1739715271273 164.85434997562044 245
1739715271277 164.8215306226574 246
1739715271281 164.78871786195114 247
1739715271285 164.75591169216216 248
1739715271289 164.72311211195128 249
1739715271293 164.6903191199796 250
1739715271303 164.65753271490854 251
1739715271308 164.62475289539964 252
1739715271312 164.59197966011484 253
1739715271318 164.55921300771647 254
1739715271322 164.52645293686686 255
1739715271326 164.49369944622885 256
1739715271331 164.46095253446543 257
1739715271335 164.42821220023998 258
1739715271340 164.39547844221605 259
1739715271344 164.36275125905746 260
1739715271348 164.33003064942844 261
1739715271353 164.29731661199332 262
1739715271357 164.26460914541693 263
1739715271361 164.23190824836408 264
1739715271365 164.19921391950024 265
1739715271369 164.16652615749075 266
1739715271374 164.13384496100147 267
1739715271378 164.10117032869857 268
1739715271382 164.06850225924833 269
1739715271387 164.0358407513174 270
1739715271391 164.00318580357276 271
1739715271396 163.97053741468147 272
1739715271400 163.93789558331113 273
1739715271405 163.90526030812947 274
1739715271411 163.87263158780448 275
1739715271416 163.84000942100445 276
1739715271421 163.80739380639804 277
1739715271425 163.77478474265396 278
1739715271430 163.7421822284415 279
1739715271434 163.70958626242992 280
1739715271439 163.67699684328903 281
1739715271444 163.6444139696887 282
1739715271449 163.61183764029926 283
1739715271454 163.57926785379112 284
1739715271459 163.54670460883509 285
1739715271463 163.5141479041023 286
1739715271468 163.48159773826404 287
1739715271473 163.44905410999195 288
1739715271478 163.41651701795783 289
1739715271483 163.383986460834 290
1739715271487 163.3514624372928 291
1739715271492 163.31894494600695 292
1739715271497 163.2864339856495 293
1739715271501 163.2539295548937 294
1739715271506 163.22143165241303 295
1739715271510 163.1889402768814 296
1739715271516 163.15645542697285 297
1739715271520 163.1239771013618 298
1739715271525 163.09150529872286 299
1739715271530 163.05904001773095 300
1739715271534 163.02658125706128 301
1739715271538 162.9941290153893 302
1739715271543 162.9616832913908 303
1739715271548 162.92924408374182 304
1739715271554 162.89681139111855 305
1739715271558 162.86438521219765 306
1739715271563 162.83196554565592 307
1739715271568 162.79955239017053 308
1739715271572 162.76714574441885 309
1739715271577 162.7347456070786 310
1739715271581 162.70235197682757 311
1739715271585 162.66996485234412 312
1739715271589 162.63758423230675 313
1739715271594 162.60521011539416 314
1739715271599 162.57284250028542 315
1739715271603 162.54048138565986 316
1739715271608 162.50812677019704 317
1739715271612 162.47577865257682 318
1739715271617 162.44343703147936 319
1739715271622 162.4111019055851 320
1739715271627 162.37877327357467 321
1739715271631 162.3464511341291 322
1739715271636 162.3141354859295 323
1739715271640 162.28182632765757 324
1739715271646 162.24952365799487 325
1739715271650 162.21722747562362 326
1739715271654 162.18493777922612 327
1739715271659 162.15265456748492 328
1739715271663 162.12037783908292 329
1739715271667 162.0881075927033 330
1739715271673 162.0558438270294 331
1739715271680 162.02358654074501 332
1739715271686 161.99133573253405 333
1739715271691 161.9590914010808 334
1739715271695 161.9268535450697 335
1739715271699 161.8946221631856 336
1739715271704 161.86239725411357 337
1739715271710 161.8301788165389 338
1739715271716 161.79796684914723 339
1739715271721 161.76576135062442 340
1739715271726 161.7335623196566 341
1739715271730 161.70136975493025 342
1739715271735 161.66918365513206 343
1739715271740 161.63700401894891 344
1739715271744 161.60483084506822 345
1739715271749 161.57266413217735 346
1739715271754 161.5405038789641 347
1739715271759 161.50835008411664 348
1739715271763 161.47620274632317 349
1739715271768 161.4440618642724 350
1739715271772 161.41192743665312 351
1739715271777 161.3797994621545 352
1739715271782 161.34767793946602 353
1739715271787 161.31556286727732 354
1739715271791 161.2834542442784 355
1739715271795 161.25135206915942 356
1739715271800 161.21925634061094 357
1739715271804 161.1871670573238 358
1739715271808 161.15508421798896 359
1739715271813 161.12300782129776 360
1739715271817 161.09093786594184 361
1739715271821 161.05887435061302 362
1739715271826 161.02681727400343 363
1739715271831 160.99476663480553 364
1739715271835 160.96272243171194 365
1739715271839 160.93068466341563 366
1739715271844 160.8986533286099 367
1739715271848 160.86662842598813 368
1739715271852 160.83460995424412 369
1739715271857 160.80259791207195 370
1739715271861 160.7705922981659 371
1739715271865 160.73859311122055 372
1739715271870 160.70660034993068 373
1739715271883 160.67461401299153 374
1739715271887 160.64263409909844 375
1739715271891 160.61066060694702 376
1739715271895 160.57869353523324 377
1739715271899 160.54673288265334 378
1739715271903 160.51477864790374 379
1739715271908 160.4828308296812 380
1739715271912 160.45088942668275 381
1739715271917 160.41895443760563 382
1739715271922 160.38702586114744 383
1739715271926 160.35510369600595 384
1739715271930 160.32318794087934 385
1739715271935 160.2912785944659 386
1739715271939 160.25937565546425 387
1739715271943 160.22747912257338 388
1739715271947 160.1955889944924 389
1739715271951 160.16370526992077 390
1739715271955 160.1318279475582 391
1739715271960 160.09995702610465 392
1739715271964 160.06809250426048 393
1739715271968 160.03623438072609 394
1739715271972 160.00438265420226 395
1739715271976 159.97253732339013 396
1739715271980 159.94069838699102 397
1739715271985 159.90886584370654 398
1739715271989 159.87703969223853 399
1739715271993 159.84521993128908 400
1739715271998 159.81340655956072 401
1739715272002 159.78159957575605 402
1739715272007 159.74979897857799 403
1739715272011 159.71800476672982 404
1739715272015 159.686216938915 405
1739715272019 159.65443549383727 406
1739715272024 159.62266043020068 407
1739715272028 159.59089174670947 408
1739715272032 159.5591294420683 409
1739715272037 159.52737351498186 410
1739715272041 159.49562396415539 411
1739715272045 159.46388078829415 412
1739715272049 159.4321439861038 413
1739715272053 159.40041355629026 414
1739715272057 159.3686894975597 415
1739715272062 159.33697180861853 416
1739715272066 159.30526048817353 417
1739715272071 159.27355553493163 418
1739715272075 159.24185694760004 419
1739715272079 159.21016472488628 420
1739715272083 159.17847886549816 421
1739715272087 159.14679936814377 422
1739715272091 159.11512623153132 423
1739715272096 159.0834594543695 424
1739715272100 159.0517990353671 425
1739715272104 159.02014497323327 426
1739715272108 158.98849726667734 427
1739715272112 158.95685591440903 428
1739715272117 158.92522091513825 429
1739715272121 158.89359226757514 430
1739715272125 158.8619699704302 431
1739715272130 158.83035402241418 432
1739715272134 158.798744422238 433
1739715272138 158.76714116861302 434
1739715272143 158.73554426025066 435
1739715272147 158.70395369586277 436
1739715272151 158.6723694741614 437
1739715272155 158.6407915938589 438
1739715272159 158.6092200536678 439
1739715272164 158.57765485230107 440
1739715272168 158.54609598847173 441
1739715272173 158.51454346089324 442
1739715272177 158.48299726827926 443
1739715272181 158.45145740934367 444
1739715272185 158.41992388280073 445
1739715272190 158.38839668736483 446
1739715272194 158.35687582175078 447
1739715272198 158.32536128467353 448
1739715272203 158.29385307484833 449
1739715272207 158.26235119099073 450
1739715272212 158.23085563181652 451
1739715272216 158.19936639604177 452
1739715272220 158.1678834823828 453
1739715272224 158.13640688955618 454
1739715272228 158.10493661627876 455
1739715272233 158.07347266126777 456
1739715272238 158.04201502324045 457
1739715272242 158.0105637009146 458
1739715272246 157.97911869300805 459
1739715272251 157.947679998239 460
1739715272255 157.91624761532594 461
1739715272259 157.88482154298754 462
1739715272264 157.85340177994283 463
1739715272268 157.82198832491108 464
1739715272272 157.7905811766117 465
1739715272277 157.75918033376462 466
1739715272281 157.72778579508974 467
1739715272285 157.6963975593075 468
1739715272289 157.6650156251384 469
1739715272294 157.6336399913033 470
1739715272298 157.60227065652333 471
1739715272302 157.5709076195198 472
1739715272306 157.53955087901446 473
1739715272311 157.50820043372912 474
1739715272315 157.476856282386 475
1739715272319 157.44551842370745 476
1739715272324 157.4141868564163 477
1739715272328 157.3828615792354 478
1739715272332 157.35154259088804 479
1739715272336 157.32022989009766 480
1739715272340 157.2889234755881 481
1739715272345 157.25762334608334 482
1739715272350 157.2263295003076 483
1739715272354 157.19504193698552 484
1739715272358 157.16376065484187 485
1739715272362 157.13248565260176 486
1739715272366 157.1012169289905 487
1739715272371 157.06995448273372 488
1739715272375 157.03869831255724 489
1739715272379 157.00744841718725 490
1739715272384 156.97620479535018 491
1739715272388 156.94496744577262 492
1739715272393 156.9137363671815 493
1739715272397 156.88251155830412 494
1739715272401 156.85129301786782 495
1739715272405 156.82008074460032 496
1739715272409 156.78887473722963 497
1739715272414 156.75767499448403 498
1739715272418 156.72648151509202 499
