1739715725412 40.09708810903879 0
1739715725417 9.357602838414575 1
1739715725422 2.321978621530755 2
1739715725427 0.6800110689672233 3
1739715725432 0.35959541341390816 4
1739715725437 0.1980404574107572 5
1739715725442 0.14760510644688135 6
1739715725447 0.17022247914480254 7
1739715725451 0.13401017484069455 8
1739715725456 0.1109707909987702 9
1739715725460 0.1577593350209579 10
1739715725465 0.13247915269943447 11
1739715725470 0.11834902119937507 12
1739715725474 0.17088083801535295 13
1739715725479 0.13658673666065888 14
1739715725484 0.13607507775993338 15
1739715725488 0.16616364055762323 16
1739715725493 0.11732433710629495 17
1739715725497 0.16157365706381455 18
1739715725502 0.10660370096554886 19
1739715725507 0.10648711185110556 20
1739715725511 0.08775056414684757 21
1739715725516 0.12859615325128326 22
1739715725521 0.14180345631499822 23
1739715725526 0.150601492783031 24
1739715725531 0.12435222600846885 25
1739715725536 0.14451950692672463 26
1739715725540 0.1291122978932313 27
1739715725545 0.08567151354153825 28
1739715725550 0.07471570007140972 29
1739715725554 0.15312545351826085 30
1739715725559 0.14030365735903896 31
1739715725564 0.1722553719439661 32
1739715725569 0.10421721135041687 33
1739715725574 0.1016086779950066 34
1739715725579 0.18795025017305783 35
1739715725584 0.1405835661244072 36
1739715725589 0.11415291581345077 37
1739715725593 0.15431371215274262 38
1739715725598 0.12327692089920515 39
1739715725603 0.1523481278400932 40
1739715725608 0.15901400115666203 41
1739715725614 0.09277319774382238 42
1739715725619 0.12733698173525226 43
1739715725624 0.1303481003989163 44
1739715725629 0.12899239560469836 45
1739715725633 0.1333502103607613 46
1739715725637 0.1201817966886102 47
1739715725642 0.11641241483199379 48
1739715725647 0.13631201800018425 49
1739715725651 0.11921669425279338 50
1739715725656 0.13163236103011652 51
1739715725661 0.09619827698620201 52
1739715725665 0.1084647189017084 53
1739715725670 0.11269394803385271 54
1739715725674 0.17761537858788562 55
1739715725679 0.1526310867359458 56
1739715725684 0.1306839978732131 57
1739715725688 0.18385560009924634 58
1739715725693 0.10748767554390584 59
1739715725697 0.1544323669996253 60
1739715725702 0.14061206572618423 61
1739715725706 0.1513562378122195 62
1739715725711 0.11205849171494921 63
1739715725716 0.10495392579017944 64
1739715725721 0.14201957568383053 65
1739715725726 0.10813006757521684 66
1739715725731 0.12480436200279879 67
1739715725735 0.1333140506488589 68
1739715725740 0.10712494547128949 69
1739715725745 0.11668495534312774 70
1739715725750 0.15839172847621089 71
1739715725754 0.11271732802400307 72
1739715725759 0.1966253291359168 73
1739715725763 0.17657121509354834 74
1739715725767 0.1418435666274951 75
1739715725772 0.08479097796440951 76
1739715725777 0.12238190271426541 77
1739715725781 0.10722506895530694 78
1739715725786 0.10078381771595242 79
1739715725790 0.103742912894277 80
1739715725794 0.13673508697181025 81
1739715725799 0.10541285682586383 82
1739715725803 0.11656123321232284 83
1739715725808 0.1433738859377995 84
1739715725813 0.15182586454625827 85
1739715725818 0.12942717047354876 86
1739715725823 0.1414967077761229 87
1739715725827 0.10376035115242525 88
1739715725832 0.11783469844848489 89
1739715725836 0.17252306713874005 90
1739715725841 0.15112112709636072 91
1739715725846 0.12710041607673062 92
1739715725850 0.09569378012749075 93
1739715725855 0.11453050376722153 94
1739715725860 0.11965368848869944 95
1739715725864 0.09634071808061542 96
1739715725869 0.1342849812394887 97
1739715725873 0.1300776239345857 98
1739715725878 0.08563176283548897 99
1739715725882 0.1475223494182739 100
1739715725887 0.11479089679383482 101
1739715725892 0.18431702612004064 102
1739715725897 0.14071514735054452 103
1739715725901 0.08989335330837829 104
1739715725906 0.16250102604759473 105
1739715725910 0.12265959625065945 106
1739715725915 0.1769892132385335 107
1739715725920 0.07979113203483477 108
1739715725925 0.10638994924466451 109
1739715725929 0.1929690129393003 110
1739715725934 0.16255775823336197 111
1739715725939 0.14145384950213044 112
1739715725943 0.11679042050928873 113
1739715725948 0.15658898336295612 114
1739715725953 0.18354408241381967 115
1739715725958 0.08673130151555127 116
1739715725962 0.11513044570631148 117
1739715725967 0.14734542074365828 118
1739715725971 0.12551102559553234 119
1739715725975 0.22802122115483117 120
1739715725980 0.1302851316032045 121
1739715725985 0.1438245996512147 122
1739715725989 0.14376342961875863 123
1739715725994 0.13045789533242144 124
1739715725999 0.13350513461692232 125
1739715726003 0.115585986230114 126
1739715726008 0.15514475692793725 127
1739715726012 0.1393360575950282 128
1739715726017 0.11873754764801847 129
1739715726022 0.16805377987280307 130
1739715726026 0.13106949910128968 131
1739715726031 0.17913230860457624 132
1739715726036 0.14311282892443264 133
1739715726041 0.13662968099608647 134
1739715726045 0.13499455489224935 135
1739715726050 0.17158073218293665 136
1739715726055 0.10828724306080516 137
1739715726059 0.17621918122257765 138
1739715726064 0.11514763067553802 139
1739715726068 0.10336744623242657 140
1739715726073 0.12251618554607056 141
1739715726078 0.16432611737401803 142
1739715726082 0.1745234819993009 143
1739715726087 0.1217736180775362 144
1739715726091 0.10352439071047354 145
1739715726095 0.1597242674675626 146
1739715726100 0.12413164996842839 147
1739715726105 0.13076062828693627 148
1739715726109 0.17319320769700583 149
1739715726114 0.13632000590885512 150
1739715726119 0.14483845925848599 151
1739715726124 0.09502601081584272 152
1739715726128 0.17526676008953543 153
1739715726133 0.14299426403519777 154
1739715726138 0.12566700303254935 155
1739715726142 0.22077548740894964 156
1739715726147 0.14150591674051644 157
1739715726151 0.10242669620070667 158
1739715726156 0.10427601582065213 159
1739715726161 0.15957919078879898 160
1739715726165 0.2825813465038705 161
1739715726170 0.14149785280865898 162
1739715726175 0.15932710062131775 163
1739715726179 0.13449595792480948 164
1739715726184 0.10090092688345183 165
1739715726188 0.0836405344982075 166
1739715726193 0.15529404728689283 167
1739715726197 0.10010269780428797 168
1739715726202 0.09742935390345632 169
1739715726207 0.1496085382299509 170
1739715726212 0.1612369197224053 171
1739715726216 0.08082486292876948 172
1739715726221 0.0840683513752032 173
1739715726226 0.11269584274840211 174
1739715726231 0.14490954949008877 175
1739715726235 0.15000714940215232 176
1739715726240 0.1243314775711565 177
1739715726244 0.17414334922781718 178
1739715726249 0.11445841373483084 179
1739715726253 0.13216236776692575 180
1739715726258 0.14556510386080257 181
1739715726262 0.11559411422684739 182
1739715726267 0.10820461980444004 183
1739715726271 0.17794503731426264 184
1739715726276 0.10801998594742225 185
1739715726280 0.14358373375619093 186
1739715726285 0.09627852793726376 187
1739715726290 0.11745267645811587 188
1739715726294 0.08469964038049047 189
1739715726298 0.11853725940906423 190
1739715726303 0.10589111196662468 191
1739715726307 0.11390879490370706 192
1739715726312 0.13962579949387874 193
1739715726317 0.1263215154044945 194
1739715726322 0.1670102936976322 195
1739715726326 0.06465816848818308 196
1739715726331 0.12589306092607394 197
1739715726335 0.13859303789046934 198
1739715726340 0.11892109946489551 199
1739715726345 0.16065880174593558 200
1739715726349 0.1954066496553841 201
1739715726354 0.10514315113603243 202
1739715726359 0.1333758603270393 203
1739715726363 0.10131684911713011 204
1739715726368 0.12841802637684183 205
1739715726372 0.12334307545271446 206
1739715726377 0.1470967728425981 207
1739715726382 0.14927943639118732 208
1739715726387 0.10540210545468072 209
1739715726391 0.2279309313346371 210
1739715726395 0.07855119480403329 211
1739715726400 0.08452623344218421 212
1739715726405 0.1298595367569965 213
1739715726409 0.16686965538511006 214
1739715726413 0.18458984758036243 215
1739715726418 0.10429343516228412 216
1739715726423 0.13894164121867436 217
1739715726427 0.11845836880242253 218
1739715726432 0.15085985451671147 219
1739715726436 0.17423014860662633 220
1739715726441 0.12502692873365293 221
1739715726446 0.15771895044817502 222
1739715726450 0.1424661867884552 223
1739715726455 0.2339263692806675 224
1739715726459 0.07030848632187219 225
1739715726464 0.12985957448866148 226
1739715726468 0.16800678033500657 227
1739715726473 0.1238252453056413 228
1739715726477 0.11988302592766431 229
1739715726482 0.184109639393647 230
1739715726487 0.11605650622304392 231
1739715726492 0.13359833016073971 232
1739715726496 0.12330691966480531 233
1739715726501 0.12642112824121607 234
1739715726505 0.12220590365408582 235
1739715726510 0.12312375757013753 236
1739715726514 0.15723637444473448 237
1739715726519 0.11664677882348547 238
1739715726524 0.13977958297232793 239
1739715726529 0.14434217830133486 240
1739715726533 0.09632814682070359 241
1739715726538 0.14194045816052495 242
1739715726543 0.1943025364312703 243
1739715726547 0.17928529485396075 244
1739715726552 0.19861815999526922 245
1739715726556 0.10337475949333304 246
1739715726561 0.09691241348241879 247
1739715726565 0.11271939396702131 248
1739715726570 0.15643493697982505 249
1739715726575 0.12318110356930592 250
1739715726579 0.10683386511389113 251
1739715726584 0.17664081721207855 252
1739715726588 0.1372432540180019 253
1739715726593 0.13914625337038256 254
1739715726597 0.2016345134502015 255
1739715726602 0.09980788636284771 256
1739715726606 0.10282736454850064 257
1739715726611 0.18497921485281096 258
1739715726620 0.12052477711049789 259
1739715726626 0.11148178707614007 260
1739715726631 0.12721706670494062 261
1739715726636 0.11683779605612005 262
1739715726640 0.19265273067906782 263
1739715726645 0.08457969005548165 264
1739715726650 0.08961633162520939 265
1739715726654 0.20958784234890693 266
1739715726659 0.08726878908365959 267
1739715726663 0.09334869142791848 268
1739715726668 0.14260315890672426 269
1739715726672 0.10351501210130933 270
1739715726676 0.21588945178854996 271
1739715726680 0.10941578576579986 272
1739715726685 0.1294190517258383 273
1739715726690 0.0929466311555582 274
1739715726694 0.13873650121898876 275
1739715726699 0.11564609623119491 276
1739715726704 0.15401954803540285 277
1739715726709 0.16228603351660137 278
1739715726713 0.12570242852729122 279
1739715726718 0.11494985947397537 280
1739715726723 0.1051310557958654 281
1739715726728 0.1650674790879043 282
1739715726732 0.146614097207267 283
1739715726736 0.1548723519618532 284
1739715726741 0.1190994218261328 285
1739715726746 0.13953734816527455 286
1739715726750 0.13524936277933267 287
1739715726755 0.1218396472057146 288
1739715726759 0.1816535650125991 289
1739715726764 0.13429651521952854 290
1739715726768 0.11162956096843624 291
1739715726772 0.09442415207395023 292
1739715726777 0.14770218954400208 293
1739715726781 0.05809976189472173 294
1739715726786 0.12054988982199363 295
1739715726790 0.12122921930775533 296
1739715726795 0.1445541192216122 297
1739715726800 0.10053379725941249 298
1739715726805 0.1532090862169043 299
1739715726809 0.13227302994277595 300
1739715726814 0.14184018266536413 301
1739715726819 0.19468734428376874 302
1739715726824 0.10374427276189939 303
1739715726828 0.166493661454891 304
1739715726833 0.1517568914632186 305
1739715726838 0.15150989409144996 306
1739715726842 0.14331244821645245 307
1739715726847 0.18184483718957395 308
1739715726851 0.09384191496399637 309
1739715726856 0.11702765755498835 310
1739715726860 0.11221080240448514 311
1739715726865 0.0904835380096121 312
1739715726869 0.17551370641051448 313
1739715726874 0.17763788759223678 314
1739715726878 0.13216597072108205 315
1739715726883 0.08642037990960351 316
1739715726888 0.09823359662449482 317
1739715726892 0.10454628581799018 318
1739715726897 0.1618485126124261 319
1739715726901 0.11066568322696364 320
1739715726906 0.14961137304196087 321
1739715726911 0.1896470375372322 322
1739715726916 0.14401796088552904 323
1739715726920 0.10478202642184609 324
1739715726925 0.14647962060580016 325
1739715726930 0.0978982180970163 326
1739715726935 0.21392581833613883 327
1739715726939 0.13773009712646891 328
1739715726944 0.14123181297567045 329
1739715726948 0.17377990317971562 330
1739715726953 0.11278261474555384 331
1739715726957 0.16696958479838853 332
1739715726962 0.1387071760844161 333
1739715726966 0.10758768356532972 334
1739715726972 0.1345797278294061 335
1739715726978 0.14379905125475467 336
1739715726983 0.14409298969896434 337
1739715726987 0.06686862700748722 338
1739715726992 0.17560172110970404 339
1739715726997 0.1427865757132145 340
1739715727001 0.10601002858521853 341
1739715727006 0.09589928012320852 342
1739715727011 0.11376784744208725 343
1739715727015 0.11105652508713822 344
1739715727020 0.11809185054792906 345
1739715727024 0.13795231259595547 346
1739715727029 0.13333686257355842 347
1739715727034 0.14547790848426392 348
1739715727038 0.16359559591084918 349
1739715727043 0.10589708378857096 350
1739715727047 0.12714494615323393 351
1739715727052 0.13507802258692556 352
1739715727057 0.09218450701704453 353
1739715727061 0.10273953665979782 354
1739715727066 0.2704862356329942 355
1739715727070 0.10544360992701565 356
1739715727075 0.12382289143686095 357
1739715727079 0.09787278627302311 358
1739715727084 0.16339820905228478 359
1739715727088 0.13227838089054011 360
1739715727093 0.14048588071589763 361
1739715727098 0.11359127346620612 362
1739715727102 0.20633949719196643 363
1739715727107 0.16843896784888737 364
1739715727111 0.19950413745089612 365
1739715727116 0.1277896926949769 366
1739715727120 0.20246974409706683 367
1739715727124 0.15260145328020175 368
1739715727129 0.11821858024090325 369
1739715727134 0.12959733687338035 370
1739715727138 0.10186730806659147 371
1739715727143 0.12515458659943307 372
1739715727147 0.12821328145008684 373
1739715727152 0.17614040666377967 374
1739715727156 0.209393285288386 375
1739715727161 0.16476605868140262 376
1739715727166 0.07921689733107938 377
1739715727171 0.11626384924199486 378
1739715727176 0.1186901480461965 379
1739715727180 0.1004228797545353 380
1739715727185 0.1851778681518161 381
1739715727189 0.1117350746888301 382
1739715727194 0.16990588875199922 383
1739715727198 0.12278317059133326 384
1739715727203 0.11293107376670204 385
1739715727207 0.11410868043944164 386
1739715727212 0.11418802566602748 387
1739715727217 0.10020930512302763 388
1739715727222 0.10426540387490899 389
1739715727227 0.12722423371999528 390
1739715727231 0.12072414002455048 391
1739715727236 0.13798672609207457 392
1739715727240 0.16601324675010495 393
1739715727245 0.10535247334725426 394
1739715727250 0.11261583603213517 395
1739715727254 0.14544254107759905 396
1739715727258 0.15185500685081132 397
1739715727263 0.1365784540597283 398
1739715727267 0.1424151613874775 399
1739715727272 0.11352421510809255 400
1739715727277 0.1361443833871952 401
1739715727281 0.07369070553497925 402
1739715727286 0.1201141270460434 403
1739715727290 0.1946194606410333 404
1739715727295 0.08441927907930932 405
1739715727300 0.11684011623257343 406
1739715727304 0.13779642185987476 407
1739715727308 0.14327291257616848 408
1739715727313 0.13916419707197314 409
1739715727318 0.13144588175754396 410
1739715727322 0.1240265931616505 411
1739715727327 0.1692528588931665 412
1739715727332 0.1956940239272211 413
1739715727336 0.16254617324949958 414
1739715727341 0.12810658151977658 415
1739715727346 0.17667007505688687 416
1739715727351 0.1792897428058912 417
1739715727356 0.12396402274884688 418
1739715727361 0.10903889696633237 419
1739715727365 0.10764424705690004 420
1739715727370 0.15772722042253393 421
1739715727374 0.08191904380163145 422
1739715727378 0.11585687863117021 423
1739715727383 0.13190975655588988 424
1739715727388 0.07829123893654946 425
1739715727392 0.15452085549424077 426
1739715727397 0.14545066688115355 427
1739715727401 0.1400058261113772 428
1739715727406 0.14522647128425784 429
1739715727411 0.11947763288549856 430
1739715727415 0.13313300476761422 431
1739715727420 0.20394255182844942 432
1739715727425 0.12344104101893094 433
1739715727430 0.15976837150891884 434
1739715727435 0.1536877649357571 435
1739715727441 0.18890040843557807 436
1739715727447 0.16798467400956843 437
1739715727452 0.08979976453632661 438
1739715727457 0.2018610304019301 439
1739715727461 0.10655041298418177 440
1739715727466 0.13383405212289284 441
1739715727470 0.13351447082494242 442
1739715727475 0.10095940447190474 443
1739715727480 0.14794151091415328 444
1739715727484 0.11444467921314752 445
1739715727489 0.14241842106718747 446
1739715727494 0.10754556529818805 447
1739715727499 0.12389195802444641 448
1739715727504 0.08190528579319042 449
1739715727509 0.09135700057063516 450
1739715727513 0.1398519928666076 451
1739715727518 0.1681857964618467 452
1739715727523 0.12718387106215198 453
1739715727527 0.1246284751078609 454
1739715727532 0.10979820580825653 455
1739715727537 0.17708090812175237 456
1739715727542 0.13095502477521767 457
1739715727546 0.10465861323827572 458
1739715727551 0.18928419177485284 459
1739715727555 0.07862604273349098 460
1739715727560 0.11197351595538994 461
1739715727564 0.1724099226618255 462
1739715727569 0.10474853244692788 463
1739715727574 0.15488371396865103 464
1739715727578 0.11431298461005973 465
1739715727583 0.14264405605605684 466
1739715727587 0.11095325748191262 467
1739715727592 0.11954884087460284 468
1739715727596 0.1133672808654305 469
1739715727601 0.10150457242944397 470
1739715727605 0.18160308367467612 471
1739715727610 0.1314061511411202 472
1739715727615 0.09920913557375345 473
1739715727620 0.1311386328787617 474
1739715727624 0.12478042758875624 475
1739715727629 0.09707112786566512 476
1739715727634 0.2711728726885099 477
1739715727639 0.10287180378326492 478
1739715727644 0.13864457341542902 479
1739715727648 0.0993878352840688 480
1739715727653 0.12013191476284354 481
1739715727657 0.11043744653896939 482
1739715727662 0.0995527249912885 483
1739715727667 0.1042108340129731 484
1739715727671 0.14461654042280958 485
1739715727676 0.1380884533541492 486
1739715727680 0.1160941735112048 487
1739715727684 0.10497952919041771 488
1739715727689 0.16484437307691377 489
1739715727693 0.15410587356588867 490
1739715727698 0.0897478443524872 491
1739715727702 0.15948139098741332 492
1739715727707 0.1592504924819787 493
1739715727712 0.17026015444958284 494
1739715727716 0.10711969492123884 495
1739715727721 0.20804785365660877 496
1739715727725 0.14915936849037906 497
1739715727730 0.11276858538704417 498
1739715727735 0.10927243481623031 499
