1739718365851 8.058468516926954 0
1739718365879 5.611894673256648 1
1739718365907 0.24622630496982914 2
1739718365935 6.585662081482697 3
1739718365963 4.074864222567441 4
1739718365990 3.349307908351086 5
1739718366019 2.3950385234859266 6
1739718366047 3.722987144536401 7
1739718366075 3.526073620722738 8
1739718366102 7.881072890259607 9
1739718366130 5.232475976930815 10
1739718366158 4.901091260941457 11
1739718366186 5.070223953758668 12
1739718366213 2.201927657853031 13
1739718366241 5.017014351605901 14
1739718366269 3.6195241293374165 15
1739718366296 3.442833978502817 16
1739718366324 4.750049365601311 17
1739718366352 6.021697484470375 18
1739718366379 1.2433056492976784 19
1739718366407 5.399337854564799 20
1739718366434 6.589674395481244 21
1739718366462 3.2157163339257426 22
1739718366492 5.097342741491309 23
1739718366521 2.608155763184829 24
1739718366549 5.609652936496224 25
1739718366577 3.81809777895796 26
1739718366605 3.7153699680785173 27
1739718366632 6.644622950420971 28
1739718366660 6.437375398753003 29
1739718366688 5.141234495562461 30
1739718366715 6.132516600781361 31
1739718366743 4.58657511593335 32
1739718366772 7.241749022903965 33
1739718366800 4.1337790701382096 34
1739718366828 5.013095343685243 35
1739718366856 4.1825651605106735 36
1739718366884 2.616241476244323 37
1739718366912 6.1470676211601605 38
1739718366939 5.449108576567839 39
1739718366967 4.832947136486343 40
1739718366993 2.366237770441929 41
1739718367049 7.2013225569265735 42
1739718367081 2.567487246776506 43
1739718367108 3.6292670406840677 44
1739718367137 3.8728873475550265 45
1739718367164 4.030227345082815 46
1739718367191 5.943460707158506 47
1739718367218 6.359398622329697 48
1739718367246 4.515575192263307 49
1739718367273 5.232921734789051 50
1739718367299 1.8454348761337465 51
1739718367326 5.376291726716266 52
1739718367353 7.1811313543275945 53
1739718367380 8.730948824937661 54
1739718367407 2.2880412897453497 55
1739718367435 4.57056855525056 56
1739718367462 4.022074726097112 57
1739718367489 3.0559371706004868 58
1739718367515 7.242393640077334 59
1739718367542 5.365000397103286 60
1739718367570 3.9224848521568605 61
1739718367598 4.681053963153243 62
1739718367625 5.159085708617202 63
1739718367652 5.021530471763677 64
1739718367679 5.916139866034039 65
1739718367706 3.656260482652802 66
1739718367733 4.38419418414613 67
1739718367760 7.478847856383191 68
1739718367786 4.649032195062967 69
1739718367812 9.162270044179506 70
1739718367839 4.255996067985451 71
1739718367866 6.162230054964572 72
1739718367892 4.782699046675402 73
1739718367919 4.946295156766762 74
1739718367946 3.6985803091089067 75
1739718367973 11.931727946393766 76
1739718367999 5.044221355542159 77
1739718368026 4.8928384763658865 78
1739718368052 4.275461857294331 79
1739718368079 3.3346857826385103 80
1739718368106 3.508763712638682 81
1739718368132 5.435882874619493 82
1739718368159 4.24979471921824 83
1739718368187 4.847531582416243 84
1739718368214 5.058213799692952 85
1739718368241 5.941826193045894 86
1739718368268 1.8386716757448134 87
1739718368295 5.23730329049212 88
1739718368325 6.4479542614238134 89
1739718368352 5.134496313810845 90
1739718368379 5.92876854637268 91
1739718368406 8.025393764189095 92
1739718368433 6.3468771599037845 93
1739718368459 5.654386147049126 94
1739718368486 6.628988347885487 95
1739718368512 3.0389912687430085 96
1739718368540 5.2653922585737645 97
1739718368567 3.8298171469110733 98
1739718368596 4.456031455135932 99
1739718368625 5.381253188868908 100
1739718368653 2.731103262812394 101
1739718368682 2.684266834254482 102
1739718368710 3.3726705403145263 103
1739718368739 5.754162504682555 104
1739718368768 6.856337972126737 105
1739718368796 8.502166385061251 106
1739718368824 3.7580503705416897 107
1739718368851 4.094666618686959 108
1739718368879 5.806468204443451 109
1739718368905 5.15271853830898 110
1739718368932 7.152269733535963 111
1739718368959 6.47761175053854 112
1739718368986 6.384533330652906 113
1739718369012 5.114479148153659 114
1739718369039 4.208518568304682 115
1739718369065 7.606015084321802 116
1739718369092 1.6368906067845435 117
1739718369119 6.58699043455478 118
1739718369146 2.814827067961943 119
1739718369173 2.295022183255374 120
1739718369200 5.888542445356896 121
1739718369227 7.5621198283589735 122
1739718369254 5.4388550146385315 123
1739718369281 4.666010180046734 124
1739718369307 5.724683287548934 125
1739718369334 5.4350431964941395 126
1739718369361 6.410215212164561 127
1739718369388 6.0249621246885265 128
1739718369414 7.454687580436388 129
1739718369441 3.018089140055563 130
1739718369467 5.852871977770975 131
1739718369494 3.3905547605719586 132
1739718369522 4.998471171845206 133
1739718369551 6.184720037565344 134
1739718369579 7.054414653354673 135
1739718369607 5.764536797267561 136
1739718369635 2.4627121519476627 137
1739718369664 4.220718203245005 138
1739718369691 8.11584418420323 139
1739718369718 3.0103354466754078 140
1739718369744 6.812196546438506 141
1739718369771 4.666916980715823 142
1739718369799 3.829624568245285 143
1739718369825 5.05018855090504 144
1739718369852 3.032057500716532 145
1739718369878 4.680022836502049 146
1739718369905 3.6245204610369774 147
1739718369932 3.681188522935539 148
1739718369958 5.0250385053748134 149
1739718369985 5.0778407993123675 150
1739718370012 2.529624473215917 151
1739718370042 2.669805342681088 152
1739718370071 5.79640645721428 153
1739718370100 4.618717271645172 154
1739718370128 4.749887348954118 155
1739718370156 6.622163988193111 156
1739718370185 3.2195215165023887 157
1739718370213 1.6360334814265678 158
1739718370241 5.737370242484273 159
1739718370269 4.830552663764009 160
1739718370297 2.210789624060283 161
1739718370324 3.3844390132550415 162
1739718370350 5.1230732850313965 163
1739718370377 6.462484591453053 164
1739718370404 5.279162913080527 165
1739718370431 3.7641578393485307 166
1739718370457 5.979763068322814 167
1739718370483 5.461622784604904 168
1739718370510 2.382314094131406 169
1739718370537 0.26952147259623577 170
1739718370564 4.2787366327017 171
1739718370590 4.560575295640146 172
1739718370617 4.114508604819101 173
1739718370643 1.888488101707173 174
1739718370669 6.780224888022948 175
1739718370695 4.54074887258746 176
1739718370722 5.61100976409064 177
1739718370748 3.2727478060836956 178
1739718370775 5.424578687350374 179
1739718370802 5.1632058329437225 180
1739718370829 5.964480171158722 181
1739718370856 3.668212517016904 182
1739718370883 3.4335224634344375 183
1739718370910 6.599911665008821 184
1739718370937 18.064885127471666 185
1739718370963 4.947123951136396 186
1739718370990 4.817413403742659 187
1739718371016 4.003116312546586 188
1739718371042 7.969212662479184 189
1739718371069 4.729996702330997 190
1739718371096 5.026431103369076 191
1739718371124 5.912041638108276 192
1739718371150 5.762231324859141 193
1739718371177 5.311867555534017 194
1739718371204 6.843551477828578 195
1739718371230 6.443382726885167 196
1739718371256 4.986281191269575 197
1739718371283 3.2276187026342016 198
1739718371310 5.662880299868707 199
1739718371337 7.038391429593043 200
1739718371364 5.012938502965744 201
1739718371392 5.575918361940657 202
1739718371419 4.506678124644049 203
1739718371446 13.319511998780598 204
1739718371472 6.140628827034032 205
1739718371499 6.337136260645565 206
1739718371525 5.0860713136607565 207
1739718371551 2.7840619015982844 208
1739718371577 4.279554875456006 209
1739718371604 4.3822013412923475 210
1739718371630 4.430580060303243 211
1739718371657 9.427898814366356 212
1739718371683 5.019880436285505 213
1739718371710 5.096691550159643 214
1739718371736 10.902476991463857 215
1739718371762 4.948731080701541 216
1739718371789 6.22952723217211 217
1739718371816 3.716106462961542 218
1739718371843 6.2088781463452545 219
1739718371870 4.499434546555171 220
1739718371896 6.797647041070795 221
1739718371923 3.9565653831647487 222
1739718371949 2.2889111653411556 223
1739718371976 3.7335197388896617 224
1739718372003 2.3659669846131357 225
1739718372029 5.382559415948803 226
1739718372056 4.233739913081517 227
1739718372083 17.283934446668237 228
1739718372109 5.888834051178551 229
1739718372136 7.300507451964729 230
1739718372162 4.693916616920163 231
1739718372189 5.09185386050073 232
1739718372216 3.9379764729622124 233
1739718372243 3.0255753501785425 234
1739718372269 4.437867264407957 235
1739718372297 5.2989603034271 236
1739718372324 2.2548465728591385 237
1739718372351 6.098042738778323 238
1739718372379 2.3874324158669697 239
1739718372405 5.522415490221494 240
1739718372432 4.054723550516482 241
1739718372459 6.791387650391552 242
1739718372486 5.808198135321546 243
1739718372513 5.153742666851744 244
1739718372539 5.042116340721017 245
1739718372567 1.9575319966006066 246
1739718372593 5.8662299107500395 247
1739718372621 2.997302804899874 248
1739718372647 6.991753477840447 249
1739718372674 4.369937983744427 250
1739718372700 0.11971598976313692 251
1739718372727 8.50657443375203 252
1739718372753 3.2407221228672882 253
1739718372780 5.163044968208942 254
1739718372807 6.812370153376486 255
1739718372834 4.381395865329689 256
1739718372861 5.259178729910102 257
1739718372887 5.068201976753998 258
1739718372914 4.178769313217072 259
1739718372941 5.352308444449189 260
1739718372967 1.650416356691191 261
1739718372994 4.210263661435751 262
1739718373021 3.3947078575447134 263
1739718373047 3.606001528075787 264
1739718373074 4.341659448485045 265
1739718373100 5.9602909520123415 266
1739718373127 4.610031730949515 267
1739718373154 2.538155703806396 268
1739718373181 6.431814872136124 269
1739718373208 10.248288166974733 270
1739718373234 5.749744398213348 271
1739718373261 3.1307063683301286 272
1739718373288 0.8990897879450143 273
1739718373315 3.912726088814129 274
1739718373341 3.37723065994125 275
1739718373368 8.032354268834613 276
1739718373394 1.963272155316163 277
1739718373421 4.741646324627015 278
1739718373447 5.207568862655027 279
1739718373474 3.0095675291537187 280
1739718373501 6.338700203774461 281
1739718373528 5.320131266570699 282
1739718373556 6.311495368155349 283
1739718373583 4.638443489255275 284
1739718373609 5.501581065730697 285
1739718373636 5.259281056662403 286
1739718373662 6.148224719804249 287
1739718373688 4.991414467674518 288
1739718373715 5.983075943900031 289
1739718373742 4.002531706015691 290
1739718373768 5.4806778899574695 291
1739718373795 4.338776716141278 292
1739718373821 6.295305077539271 293
1739718373848 5.414656011005687 294
1739718373874 6.824097166390756 295
1739718373900 3.406358971992653 296
1739718373927 4.822460944726485 297
1739718373953 5.069356196228297 298
1739718373980 0.7084005639536861 299
1739718374006 4.709255813873071 300
1739718374032 3.562065452519844 301
1739718374059 6.403355665056169 302
1739718374085 2.074286385636251 303
1739718374112 15.178412327612557 304
1739718374139 5.965761773760668 305
1739718374165 5.297713423607315 306
1739718374191 2.6932438280294138 307
1739718374218 1.5881461172179243 308
1739718374245 4.916437511221756 309
1739718374272 4.347480225082581 310
1739718374298 3.0152654380220065 311
1739718374325 1.2083864612403588 312
1739718374352 1.6810200606722396 313
1739718374378 3.7001065319077537 314
1739718374404 4.563165089205091 315
1739718374431 5.490562800769713 316
1739718374458 1.453013946774608 317
1739718374484 4.115275453098727 318
1739718374513 4.160029367950865 319
1739718374539 0.997972240361841 320
1739718374566 2.7047451571592838 321
1739718374592 5.985718990151457 322
1739718374619 4.56831118185148 323
1739718374646 4.865148182147267 324
1739718374672 4.825236812859015 325
1739718374698 6.9145889263049245 326
1739718374724 4.434451897592824 327
1739718374752 2.7433008467792206 328
1739718374779 4.540313581904746 329
1739718374808 4.500665370803875 330
1739718374836 6.226609736136803 331
1739718374863 6.289804677376751 332
1739718374890 5.554289421938944 333
1739718374917 5.251485994968774 334
1739718374944 4.693262932784146 335
1739718374970 0.8025017446418334 336
1739718374997 3.81233628194874 337
1739718375023 7.04124949000701 338
1739718375050 5.8921791255362095 339
1739718375076 5.858024965206697 340
1739718375103 5.938386858509869 341
1739718375129 5.941849414057599 342
1739718375156 5.447742199774233 343
1739718375182 2.6667243459672347 344
1739718375209 5.045313704433409 345
1739718375236 6.811486105370551 346
1739718375263 2.008417854876242 347
1739718375289 5.444113570717337 348
1739718375316 4.635505950485972 349
1739718375343 4.749356429659201 350
1739718375369 3.0455408740250087 351
1739718375397 7.754449788885795 352
1739718375425 1.8158906650353117 353
1739718375453 3.6524838518024008 354
1739718375481 4.580075440654858 355
1739718375509 5.782708440344992 356
1739718375536 5.639726353106064 357
1739718375563 2.259658903575758 358
1739718375590 6.340325157741566 359
1739718375617 4.934482597667968 360
1739718375645 5.918543223786654 361
1739718375672 4.904439363875727 362
1739718375698 2.6406983789457734 363
1739718375725 3.628084702511925 364
1739718375752 4.536396519633863 365
1739718375778 4.891406487217042 366
1739718375804 2.8173276088458516 367
1739718375832 6.022135678353769 368
1739718375879 2.4302668017226625 369
1739718375907 6.950529248562377 370
1739718375935 3.475889889021161 371
1739718375963 7.062607667596391 372
1739718375991 6.009436437339615 373
1739718376019 2.03222552662351 374
1739718376046 4.472148442212746 375
1739718376073 4.895423162057439 376
1739718376100 3.259268003635432 377
1739718376126 4.948192724493786 378
1739718376152 2.645435418069717 379
1739718376179 6.270591681658651 380
1739718376205 5.245357030452728 381
1739718376232 3.311144277628736 382
1739718376258 3.4602960122867645 383
1739718376284 6.192368830038266 384
1739718376311 3.795796980991648 385
1739718376338 5.065308009994268 386
1739718376364 4.029966987746533 387
1739718376391 4.80105733257721 388
1739718376417 1.134445304101373 389
1739718376445 5.325300664988717 390
1739718376471 5.651597334263029 391
1739718376498 4.977429300124833 392
1739718376524 6.186253099766164 393
1739718376551 7.1499186135846164 394
1739718376577 5.660694520980531 395
1739718376603 1.9606341879893894 396
1739718376630 1.5582506653827917 397
1739718376657 6.551034269649695 398
1739718376683 3.0692836389891585 399
1739718376710 10.662282949566382 400
1739718376736 3.8810917919095202 401
1739718376763 3.464850356386547 402
1739718376789 3.7603125244698874 403
1739718376816 3.789383207881374 404
1739718376842 3.063839022184296 405
1739718376869 3.691712993337889 406
1739718376895 5.839952177054129 407
1739718376922 4.606307784264957 408
1739718376948 5.958682816362541 409
1739718376975 4.612203033797626 410
1739718377002 1.4464683186275644 411
1739718377029 0.8970148095921978 412
1739718377056 2.6298900932313947 413
1739718377082 1.3538835813176675 414
1739718377109 5.495881964480882 415
1739718377135 4.179250748555098 416
1739718377162 8.028119467691806 417
1739718377189 6.951687750831067 418
1739718377219 4.360741335083772 419
1739718377245 4.852161047771081 420
1739718377272 5.955372900127467 421
1739718377299 7.351496096796564 422
1739718377326 2.61067914636729 423
1739718377353 4.474627223055688 424
1739718377380 5.522818714319368 425
1739718377407 10.342647478259522 426
1739718377434 4.085172723928722 427
1739718377461 2.431189765324475 428
1739718377487 4.6150282191269545 429
1739718377514 2.7037461277900103 430
1739718377541 7.350796047501948 431
1739718377568 3.253443039156424 432
1739718377594 4.508228076885325 433
1739718377621 7.356505265162939 434
1739718377648 2.8268184715366735 435
1739718377675 3.6714716574196453 436
1739718377701 6.371515936698593 437
1739718377729 5.636101712948822 438
1739718377757 8.494040953195013 439
1739718377783 2.5880982255463802 440
1739718377810 4.5866384166244805 441
1739718377837 3.1596455337626024 442
1739718377864 2.66820166884761 443
1739718377890 7.259480703435958 444
1739718377917 3.0889666475932183 445
1739718377944 4.572591596825895 446
1739718377970 1.4623321595603709 447
1739718377997 3.322698926093636 448
1739718378023 4.7465456993451145 449
1739718378050 3.065152562269471 450
1739718378077 6.316218706326495 451
1739718378104 4.565765693965919 452
1739718378130 3.6982339580302033 453
1739718378158 11.762742198116921 454
1739718378184 3.3576877715351663 455
1739718378211 5.152080121175041 456
1739718378238 3.9177543630977656 457
1739718378264 4.201925584045558 458
1739718378292 5.729314519367397 459
1739718378319 4.8222225291942005 460
1739718378345 3.380396732259462 461
1739718378372 3.4895832450363105 462
1739718378399 3.543587596661626 463
1739718378425 7.455785043096186 464
1739718378452 5.744135141210797 465
1739718378478 7.226684237592201 466
1739718378505 3.672933990521104 467
1739718378531 5.716406016787631 468
1739718378558 2.525857060542242 469
1739718378585 6.3555091352654305 470
1739718378611 1.851156332321136 471
1739718378638 4.511777795934179 472
1739718378665 6.097112579794498 473
1739718378692 7.605681894661373 474
1739718378718 6.509402614540552 475
1739718378745 5.043594585905058 476
1739718378772 1.1417239223850055 477
1739718378799 4.949920164257245 478
1739718378825 8.601173567023936 479
1739718378852 1.9526368534961294 480
1739718378879 5.040769593814863 481
1739718378905 5.5842902679647475 482
1739718378932 3.5607099729442537 483
1739718378959 10.029998557664266 484
1739718378986 5.551832824141583 485
1739718379013 2.5148047484271814 486
1739718379039 4.659689388731415 487
1739718379066 2.876824784182616 488
1739718379092 3.4955184031212085 489
1739718379119 2.900193920775014 490
1739718379146 6.387240950174863 491
1739718379173 4.9576587990324095 492
1739718379200 4.390308029380799 493
1739718379227 4.477600934378857 494
1739718379254 6.081296016661905 495
1739718379280 7.677017979715313 496
1739718379306 5.329898494829989 497
1739718379332 5.837119812961556 498
1739718379359 4.216975008369021 499
