1739715236484 169.81533596875286 0
1739715236490 169.7790772518243 1
1739715236496 169.74179335702277 2
1739715236503 169.70422586144144 3
1739715236509 169.6665972535495 4
1739715236514 169.62897415152224 5
1739715236520 169.59137639926627 6
1739715236525 169.5538098078589 7
1739715236530 169.5162759793591 8
1739715236536 169.47877525414134 9
1739715236541 169.4413075951268 10
1739715236547 169.40387285305528 11
1739715236552 169.36647084606093 12
1739715236558 169.329101383538 13
1739715236565 169.29176427329259 14
1739715236571 169.25445932368032 15
1739715236577 169.21718634423962 16
1739715236586 169.17994514587394 17
1739715236594 169.14273554089834 18
1739715236600 169.10555734304603 19
1739715236606 169.06841036746226 20
1739715236612 169.03129443069523 21
1739715236618 168.9942093506853 22
1739715236624 168.95715494675466 23
1739715236630 168.92013103959658 24
1739715236636 168.88313745126456 25
1739715236642 168.8461740051621 26
1739715236648 168.80924052603203 27
1739715236654 168.77233683994632 28
1739715236660 168.73546277429543 29
1739715236666 168.6986181577785 30
1739715236672 168.66180282039292 31
1739715236677 168.62501659342445 32
1739715236685 168.58825930943706 33
1739715236692 168.5515308022631 34
1739715236699 168.51483090699358 35
1739715236705 168.47815945996817 36
1739715236712 168.44151629876583 37
1739715236717 168.40490126219504 38
1739715236723 168.36831419028417 39
1739715236729 168.33175492427213 40
1739715236735 168.29522330659924 41
1739715236742 168.2587191808974 42
1739715236747 168.22224239198135 43
1739715236752 168.18579278583923 44
1739715236758 168.14937020962358 45
1739715236763 168.11297451164236 46
1739715236768 168.0766055413499 47
1739715236774 168.04026314933813 48
1739715236780 168.00394718732773 49
1739715236786 167.96765750815933 50
1739715236792 167.93139396578493 51
1739715236798 167.89515641525935 52
1739715236804 167.85894471273144 53
1739715236810 167.82275871543598 54
1739715236816 167.78659828168492 55
1739715236822 167.75046327085923 56
1739715236827 167.71435354340068 57
1739715236833 167.6782689608035 58
1739715236839 167.64220938560626 59
1739715236844 167.6061746813839 60
1739715236850 167.57016471273963 61
1739715236855 167.53417934529688 62
1739715236860 167.49821844569158 63
1739715236866 167.46228188156434 64
1739715236871 167.4263695215524 65
1739715236877 167.3904812352823 66
1739715236884 167.35461689336202 67
1739715236889 167.3187763673733 68
1739715236894 167.28295952986443 69
1739715236899 167.24716625434246 70
1739715236904 167.2113964152659 71
1739715236910 167.1756498880375 72
1739715236915 167.13992654899675 73
1739715236921 167.10422627541269 74
1739715236926 167.06854894547678 75
1739715236931 167.0328944382958 76
1739715236937 166.9972626338847 77
1739715236943 166.9616534131596 78
1739715236949 166.92606665793085 79
1739715236954 166.89050225089616 80
1739715236959 166.8549600756336 81
1739715236964 166.81944001659497 82
1739715236970 166.783941959099 83
1739715236975 166.74846578932454 84
1739715236981 166.71301139430417 85
1739715236987 166.6775786619173 86
1739715236992 166.64216748088384 87
1739715236997 166.6067777407577 88
1739715237002 166.57140933192028 89
1739715237008 166.5360621455741 90
1739715237013 166.50073607373648 91
1739715237018 166.4654310092333 92
1739715237023 166.4301468456926 93
1739715237029 166.39488347753857 94
1739715237034 166.35964079998536 95
1739715237039 166.32441870903085 96
1739715237044 166.2892171014509 97
1739715237049 166.25403587479295 98
1739715237054 166.21887492737042 99
1739715237060 166.18373415825667 100
1739715237064 166.14861346727906 101
1739715237069 166.11351275501326 102
1739715237077 166.07843192277733 103
1739715237084 166.04337087262633 104
1739715237090 166.00832950734616 105
1739715237096 165.97330773044825 106
1739715237102 165.938305446164 107
1739715237112 165.90332255943895 108
1739715237118 165.86835897592758 109
1739715237124 165.83341460198758 110
1739715237130 165.79848934467475 111
1739715237135 165.7635831117372 112
1739715237141 165.72869581161058 113
1739715237146 165.69382735341202 114
1739715237151 165.65897764693574 115
1739715237158 165.62414660264713 116
1739715237164 165.58933413167802 117
1739715237169 165.5545401458213 118
1739715237175 165.519764557526 119
1739715237180 165.4850072798921 120
1739715237186 165.45026822666557 121
1739715237192 165.41554731223349 122
1739715237198 165.38084445161894 123
1739715237204 165.3461595604762 124
1739715237210 165.31149255508598 125
1739715237216 165.27684335235045 126
1739715237222 165.24221186978846 127
1739715237227 165.20759802553098 128
1739715237232 165.17300173831617 129
1739715237238 165.13842292748478 130
1739715237244 165.10386151297567 131
1739715237249 165.06931741532094 132
1739715237255 165.03479055564154 133
1739715237261 165.00028085564279 134
1739715237266 164.96578823760973 135
1739715237272 164.93131262440264 136
1739715237279 164.89685393945297 137
1739715237285 164.86241210675848 138
1739715237291 164.82798705087924 139
1739715237297 164.79357869693303 140
1739715237303 164.75918697059132 141
1739715237309 164.72481179807482 142
1739715237314 164.69045310614942 143
1739715237320 164.65611082212186 144
1739715237325 164.6217848738355 145
1739715237330 164.58747518966658 146
1739715237336 164.55318169851972 147
1739715237341 164.51890432982404 148
1739715237346 164.48464301352914 149
1739715237352 164.45039768010102 150
1739715237357 164.41616826051828 151
1739715237363 164.38195468626793 152
1739715237368 164.34775688934175 153
1739715237374 164.31357480223224 154
1739715237379 164.27940835792887 155
1739715237385 164.24525748991422 156
1739715237391 164.21112213216026 157
1739715237396 164.17700221912443 158
1739715237402 164.1428976857461 159
1739715237408 164.10880846744294 160
1739715237413 164.07473450010684 161
1739715237419 164.0406757201008 162
1739715237424 164.00663206425494 163
1739715237429 163.9726034698631 164
1739715237434 163.93858987467922 165
1739715237439 163.9045912169138 166
1739715237444 163.87060743523054 167
1739715237450 163.83663846874254 168
1739715237455 163.80268425700928 169
1739715237460 163.76874474003296 170
1739715237465 163.73481985825504 171
1739715237470 163.70090955255301 172
1739715237475 163.66701376423714 173
1739715237480 163.63313243504686 174
1739715237485 163.5992655071477 175
1739715237490 163.56541292312812 176
1739715237495 163.53157462599592 177
1739715237500 163.49775055917544 178
1739715237505 163.46394066650404 179
1739715237509 163.43014489222915 180
1739715237514 163.39636318100509 181
1739715237520 163.36259547788976 182
1739715237525 163.3288417283418 183
1739715237530 163.29510187821762 184
1739715237536 163.2613758737679 185
1739715237541 163.22766366163498 186
1739715237546 163.19396518884975 187
1739715237551 163.16028040282865 188
1739715237556 163.12660925137064 189
1739715237561 163.0929516826546 190
1739715237567 163.05930764523595 191
1739715237572 163.0256770880442 192
1739715237577 162.99205996037978 193
1739715237582 162.95845621191143 194
1739715237587 162.92486579267327 195
1739715237592 162.89128865306205 196
1739715237597 162.85772474383424 197
1739715237603 162.8241740161036 198
1739715237608 162.79063642133818 199
1739715237613 162.7571119113575 200
1739715237618 162.72360043833038 201
1739715237623 162.69010195477173 202
1739715237629 162.65661641354026 203
1739715237634 162.6231437678356 204
1739715237639 162.58968397119583 205
1739715237644 162.55623697749502 206
1739715237649 162.52280274094048 207
1739715237654 162.48938121607011 208
1739715237660 162.45597235775034 209
1739715237666 162.4225761211731 210
1739715237672 162.3891924618536 211
1739715237677 162.3558213356279 212
1739715237683 162.32246269865036 213
1739715237690 162.28911650739124 214
1739715237696 162.2557827186343 215
1739715237702 162.22246128947438 216
1739715237707 162.18915217731512 217
1739715237713 162.1558553398666 218
1739715237718 162.1225707351427 219
1739715237723 162.08929832145932 220
1739715237728 162.05603805743164 221
1739715237733 162.02278990197206 222
1739715237738 161.9895538142879 223
1739715237744 161.956329753879 224
1739715237749 161.9231176805357 225
1739715237754 161.88991755433668 226
1739715237760 161.8567293356464 227
1739715237765 161.82355298511337 228
1739715237770 161.7903884636676 229
1739715237775 161.75723573251878 230
1739715237781 161.72409475315393 231
1739715237786 161.6909654873355 232
1739715237792 161.65784789709892 233
1739715237798 161.62474194475095 234
1739715237804 161.59164759286733 235
1739715237809 161.55856480429085 236
1739715237815 161.52549354212937 237
1739715237821 161.49243376975357 238
1739715237827 161.45938545079522 239
1739715237833 161.42634854914508 240
1739715237839 161.39332302895096 241
1739715237845 161.36030885461565 242
1739715237851 161.32730599079522 243
1739715237857 161.2943144023969 244
1739715237862 161.26133405457716 245
1739715237868 161.22836491274006 246
1739715237873 161.19540694253502 247
1739715237879 161.16246010985532 248
1739715237884 161.1295243808359 249
1739715237890 161.09659972185182 250
1739715237895 161.0636860995162 251
1739715237901 161.03078348067865 252
1739715237908 160.99789183242333 253
1739715237914 160.96501112206712 254
1739715237919 160.93214131715803 255
1739715237925 160.89928238547327 256
1739715237932 160.86643429501763 257
1739715237938 160.83359701402173 258
1739715237944 160.80077051094034 259
1739715237949 160.76795475445047 260
1739715237954 160.73514971345006 261
1739715237959 160.70235535705595 262
1739715237964 160.66957165460252 263
1739715237970 160.63679857563974 264
1739715237975 160.60403608993184 265
1739715237981 160.57128416745545 266
1739715237987 160.53854277839812 267
1739715237992 160.50581189315665 268
1739715237997 160.47309148233563 269
1739715238003 160.4403815167457 270
1739715238009 160.40768196740217 271
1739715238015 160.37499280552328 272
1739715238021 160.34231400252884 273
1739715238026 160.30964553003852 274
1739715238031 160.27698735987067 275
1739715238036 160.2443394640403 276
1739715238042 160.21170181475816 277
1739715238047 160.17907438442887 278
1739715238052 160.14645714564952 279
1739715238058 160.11385007120842 280
1739715238062 160.08125313408343 281
1739715238067 160.04866630744058 282
1739715238073 160.01608956463272 283
1739715238078 159.9835228791981 284
1739715238082 159.9509662248589 285
1739715238088 159.9184195755198 286
1739715238093 159.88588290526684 287
1739715238100 159.85335618836584 288
1739715238106 159.82083939926108 289
1739715238114 159.788332512574 290
1739715238119 159.7558355031017 291
1739715238125 159.72334834581602 292
1739715238130 159.6908710158617 293
1739715238135 159.6584034885555 294
1739715238141 159.6259457393847 295
1739715238147 159.59349774400576 296
1739715238153 159.56105947824327 297
1739715238159 159.52863091808848 298
1739715238164 159.49621203969812 299
1739715238169 159.46380281939327 300
1739715238174 159.43140323365773 301
1739715238179 159.39901325913738 302
1739715238184 159.3666328726384 303
1739715238189 159.33426205112653 304
1739715238195 159.30190077172549 305
1739715238202 159.26954901171607 306
1739715238208 159.23720674853467 307
1739715238213 159.2048739597725 308
1739715238219 159.1725506231741 309
1739715238226 159.14023671663628 310
1739715238232 159.10793221820705 311
1739715238237 159.07563710608437 312
1739715238243 159.04335135861518 313
1739715238248 159.0110749542941 314
1739715238253 158.9788078717624 315
1739715238259 158.94655008980692 316
1739715238264 158.914301587359 317
1739715238270 158.88206234349326 318
1739715238276 158.8498323374268 319
1739715238282 158.81761154851768 320
1739715238288 158.78539995626437 321
1739715238293 158.75319754030437 322
1739715238299 158.7210042804133 323
1739715238305 158.6888201565037 324
1739715238311 158.6566451486243 325
1739715238317 158.62447923695868 326
1739715238323 158.59232240182445 327
1739715238328 158.56017462367228 328
1739715238334 158.5280358830847 329
1739715238340 158.49590616077538 330
1739715238345 158.4637854375878 331
1739715238350 158.43167369449463 332
1739715238356 158.39957091259663 333
1739715238362 158.36747707312162 334
1739715238367 158.3353921574236 335
1739715238372 158.3033161469818 336
1739715238378 158.27124902339972 337
1739715238383 158.23919076840426 338
1739715238389 158.2071413638447 339
1739715238394 158.17510079169182 340
1739715238399 158.1430690340371 341
1739715238405 158.11104607309167 342
1739715238411 158.07903189118548 343
1739715238416 158.04702647076644 344
1739715238421 158.01502979439948 345
1739715238426 157.98304184476567 346
1739715238431 157.95106260466147 347
1739715238436 157.9190920569977 348
1739715238441 157.88713018479882 349
1739715238447 157.85517697120204 350
1739715238452 157.82323239945646 351
1739715238458 157.79129645292224 352
1739715238464 157.75936911506975 353
1739715238469 157.72745036947887 354
1739715238475 157.69554019983806 355
1739715238481 157.6636385899435 356
1739715238486 157.63174552369836 357
1739715238492 157.59986098511214 358
1739715238497 157.5679849582996 359
1739715238502 157.5361174274802 360
1739715238507 157.50425837697716 361
1739715238512 157.4724077912169 362
1739715238517 157.44056565472806 363
1739715238522 157.40873195214073 364
1739715238528 157.37690666818594 365
1739715238534 157.34508978769466 366
1739715238542 157.31328129559725 367
1739715238549 157.2814811769225 368
1739715238555 157.24968941679705 369
1739715238560 157.21790600044469 370
1739715238566 157.18613091318554 371
1739715238572 157.15436414043543 372
1739715238579 157.12260566770505 373
1739715238585 157.09085548059934 374
1739715238591 157.0591135648169 375
1739715238596 157.02737990614906 376
1739715238602 156.99565449047935 377
1739715238607 156.96393730378279 378
1739715238613 156.93222833212516 379
1739715238619 156.9005275616624 380
1739715238625 156.86883497863982 381
1739715238630 156.83715056939175 382
1739715238636 156.80547432034032 383
1739715238661 156.77380621799549 384
1739715238673 156.7421462489538 385
1739715238679 156.71049439989804 386
1739715238684 156.67885065759668 387
1739715238689 156.64721500890298 388
1739715238694 156.6155874407545 389
1739715238701 156.5839679401725 390
1739715238708 156.55235649426135 391
1739715238714 156.52075309020776 392
1739715238719 156.48915771528033 393
1739715238725 156.45757035682882 394
1739715238730 156.42599100228367 395
1739715238736 156.39441963915536 396
1739715238742 156.36285625503368 397
1739715238748 156.33130083758746 398
1739715238754 156.29975337456366 399
1739715238759 156.26821385378696 400
1739715238765 156.23668226315922 401
1739715238771 156.20515859065873 402
1739715238776 156.17364282433985 403
1739715238781 156.14213495233236 404
1739715238787 156.11063496284083 405
1739715238793 156.07914284414431 406
1739715238798 156.04765858459544 407
1739715238804 156.0161821726201 408
1739715238809 155.98471359671709 409
1739715238814 155.95325284545697 410
1739715238820 155.9217999074823 411
1739715238825 155.89035477150645 412
1739715238830 155.85891742631355 413
1739715238835 155.82748786075769 414
1739715238840 155.79606606376248 415
1739715238847 155.76465202432055 416
1739715238852 155.73324573149318 417
1739715238857 155.7018471744095 418
1739715238863 155.67045634226622 419
1739715238868 155.63907322432706 420
1739715238873 155.60769780992229 421
1739715238878 155.5763300884482 422
1739715238883 155.54497004936658 423
1739715238888 155.51361768220443 424
1739715238893 155.48227297655322 425
1739715238898 155.4509359220685 426
1739715238904 155.41960650846968 427
1739715238910 155.38828472553917 428
1739715238915 155.35697056312216 429
1739715238921 155.32566401112607 430
1739715238926 155.29436505952017 431
1739715238931 155.26307369833506 432
1739715238937 155.23178991766233 433
1739715238942 155.2005137076539 434
1739715238948 155.1692450585217 435
1739715238953 155.1379839605374 436
1739715238959 155.10673040403168 437
1739715238964 155.0754843793939 438
1739715238970 155.0442458770719 439
1739715238974 155.01301488757107 440
1739715238980 154.9817914014545 441
1739715238984 154.95057540934218 442
1739715238989 154.9193669019107 443
1739715238995 154.88816586989287 444
1739715239000 154.8569723040772 445
1739715239005 154.8257861953077 446
1739715239010 154.79460753448322 447
1739715239016 154.76343631255716 448
1739715239022 154.7322725205372 449
1739715239027 154.70111614948476 450
1739715239033 154.66996719051454 451
1739715239038 154.6388256347943 452
1739715239043 154.60769147354452 453
1739715239049 154.57656469803766 454
1739715239054 154.5454452995982 455
1739715239059 154.51433326960208 456
1739715239064 154.48322859947626 457
1739715239069 154.45213128069838 458
1739715239075 154.4210413047966 459
1739715239080 154.38995866334892 460
1739715239085 154.35888334798298 461
1739715239090 154.3278153503758 462
1739715239095 154.29675466225308 463
1739715239101 154.26570127538932 464
1739715239107 154.23465518160702 465
1739715239112 154.20361637277668 466
1739715239122 154.1725848408162 467
1739715239127 154.14156057769063 468
1739715239132 154.11054357541192 469
1739715239137 154.0795338260384 470
1739715239142 154.04853132167466 471
1739715239146 154.01753605447098 472
1739715239151 153.98654801662312 473
1739715239156 153.95556720037212 474
1739715239161 153.92459359800364 475
1739715239166 153.893627201848 476
1739715239172 153.86266800427958 477
1739715239177 153.83171599771674 478
1739715239183 153.80077117462122 479
1739715239188 153.76983352749806 480
1739715239194 153.73890304889528 481
1739715239199 153.70797973140338 482
1739715239205 153.67706356765524 483
1739715239210 153.64615455032563 484
1739715239216 153.61525267213122 485
1739715239221 153.58435792582972 486
1739715239226 153.5534703042203 487
1739715239232 153.5225898001426 488
1739715239237 153.49171640647702 489
1739715239242 153.46085011614394 490
1739715239247 153.4299909221039 491
1739715239252 153.3991388173568 492
1739715239258 153.36829379494213 493
1739715239263 153.33745584793826 494
1739715239268 153.3066249694624 495
1739715239273 153.27580115267034 496
1739715239279 153.24498439075603 497
1739715239284 153.21417467695133 498
1739715239290 153.18337200452578 499
