1739715733892 45.55239875760062 0
1739715733897 16.371893237368283 1
1739715733904 8.578442590543089 2
1739715733911 5.851189189034491 3
1739715733916 5.3614743841388135 4
1739715733922 5.153378675431557 5
1739715733927 4.74259729500977 6
1739715733934 4.795348185052347 7
1739715733942 4.946283121748808 8
1739715733947 5.020886471496892 9
1739715733952 4.933149919030775 10
1739715733958 4.822589038284953 11
1739715733963 4.665856360270083 12
1739715733969 4.882270275774237 13
1739715733974 5.036119839454111 14
1739715733979 4.646665301329927 15
1739715733984 4.766919770686704 16
1739715733989 4.671034393668353 17
1739715733994 4.696026447976186 18
1739715734002 4.627951017517966 19
1739715734007 4.7383900853837435 20
1739715734011 4.720511655459262 21
1739715734015 4.525798554657213 22
1739715734020 4.811519775442246 23
1739715734025 4.656592944789411 24
1739715734029 4.314928575260797 25
1739715734033 5.012726353229948 26
1739715734038 4.990262030471357 27
1739715734042 4.836737325608917 28
1739715734047 5.0294491134569705 29
1739715734051 4.913991536786155 30
1739715734055 4.591317971418198 31
1739715734060 5.054149950793211 32
1739715734065 4.840837528759093 33
1739715734069 4.938163636768569 34
1739715734074 4.682517231128087 35
1739715734080 4.875912420126268 36
1739715734085 4.685103175079646 37
1739715734091 4.927499796689164 38
1739715734099 4.810106972704916 39
