1739723155938 158.86610548919515 0
1739723155945 150.6094357499401 1
1739723155951 140.50177589436623 2
1739723155959 127.38855364404824 3
1739723155965 127.75675029706711 4
1739723155970 113.84922316756368 5
1739723155975 105.35691994037711 6
1739723155994 98.48431343738149 7
1739723155999 96.45048617380843 8
1739723156004 84.92386251004623 9
1739723156009 84.93875265118594 10
1739723156015 74.00273495415568 11
1739723156021 71.9732441088334 12
1739723156026 68.83268311772838 13
1739723156031 62.38243117754383 14
1739723156038 64.04323788925852 15
1739723156043 58.60328264547502 16
1739723156049 52.37131559861597 17
1739723156054 53.86919209355851 18
1739723156059 46.24817859643011 19
1739723156063 44.07746986141148 20
1739723156069 38.52016219007583 21
1739723156074 35.17986501478295 22
1739723156079 37.454587814298826 23
1739723156083 31.324529179060235 24
1739723156089 32.602545969298255 25
1739723156094 31.187876252486625 26
1739723156098 30.49057927874115 27
1739723156104 26.85027244386919 28
1739723156109 26.144669757081115 29
1739723156117 25.57212976418949 30
1739723156124 21.353045470762563 31
1739723156130 19.012778080889344 32
1739723156136 19.678324882978785 33
1739723156141 18.944957256742093 34
1739723156147 17.07558852195228 35
1739723156153 15.284135328661781 36
1739723156158 15.926659839373096 37
1739723156164 14.35208206617958 38
1739723156169 13.1654211692814 39
1739723156175 12.952373169797415 40
1739723156181 11.288466857548814 41
1739723156186 11.488694407223914 42
1739723156191 11.277420528220269 43
1739723156197 10.49638696846382 44
1739723156202 10.290874001270597 45
1739723156207 7.902786315885494 46
1739723156212 8.243053044991832 47
1739723156217 7.367310921075695 48
1739723156222 7.375240340557148 49
1739723156228 6.992730467266345 50
1739723156233 6.1507747296735955 51
1739723156238 5.145739115849728 52
1739723156244 5.286721757015062 53
1739723156249 4.774203577702922 54
1739723156254 4.6260155611582645 55
1739723156259 4.565306009170438 56
1739723156264 4.223609524290629 57
1739723156270 3.9557501645591975 58
1739723156277 4.334395493376075 59
1739723156283 3.1123084726772428 60
1739723156289 3.1617663373055156 61
1739723156294 2.7642672353564897 62
1739723156300 2.706862316283064 63
1739723156305 2.535491265041205 64
1739723156310 2.554089718134769 65
1739723156315 3.048728134890321 66
1739723156321 2.0723968220403717 67
1739723156326 2.3474817422383776 68
1739723156332 2.19440082749502 69
1739723156337 1.6730694477028334 70
1739723156342 2.069328590692103 71
1739723156348 1.783027498232144 72
1739723156355 1.6712862215055753 73
1739723156360 1.9339550052473864 74
1739723156365 1.4010120350542683 75
1739723156370 1.2925885162983097 76
1739723156375 1.7063017871472046 77
1739723156380 1.0201678778709544 78
1739723156384 0.7596222330026996 79
1739723156389 1.2637739544582254 80
1739723156394 0.9804615736251387 81
1739723156400 0.8179138411437751 82
1739723156405 1.0259158002147257 83
1739723156410 1.055175616202265 84
1739723156415 0.8053125965070514 85
1739723156420 0.6901251849553157 86
1739723156426 0.9549378295012775 87
1739723156431 1.1863378690859794 88
1739723156436 0.6996572769314899 89
1739723156441 0.5660639779411357 90
1739723156448 0.7781881946528433 91
1739723156456 0.6295066432431524 92
1739723156464 0.5525197174562531 93
1739723156470 0.8712700038607093 94
1739723156475 0.34083229580270324 95
1739723156480 0.4243763727383539 96
1739723156485 0.49197364455146053 97
1739723156490 0.2456857772294695 98
1739723156494 0.4883227925814999 99
1739723156500 0.4604482500005946 100
1739723156505 0.2574097044263373 101
1739723156510 0.49160519875694664 102
1739723156516 0.28746034640390955 103
1739723156522 0.2983877152431553 104
1739723156528 0.2512876369686667 105
1739723156533 0.17601457326894704 106
1739723156538 0.28524275967072976 107
1739723156543 0.2502992260215493 108
1739723156548 0.18837940418946417 109
1739723156554 0.31888240432682563 110
1739723156559 0.29193234091831505 111
1739723156564 0.22218552468794497 112
1739723156569 0.24699332037691266 113
1739723156574 0.26481399480457696 114
1739723156579 0.1697471924252522 115
1739723156584 0.20935437326517367 116
1739723156588 0.15019047776253028 117
1739723156593 0.1506960317405494 118
1739723156598 0.18220332010715787 119
1739723156603 0.15668587326375383 120
1739723156608 0.1388087160996958 121
1739723156613 0.2016342460433999 122
1739723156618 0.15798062259916523 123
1739723156624 0.13642430686847704 124
1739723156629 0.14330639410745602 125
1739723156634 0.14899882338597303 126
1739723156639 0.11053273163890734 127
1739723156644 0.0825484215258887 128
1739723156650 0.13854032965207105 129
1739723156655 0.09656369152844764 130
1739723156660 0.0450679511071738 131
1739723156665 0.21011591882616582 132
1739723156670 0.24653692985851164 133
1739723156675 0.1483519430499489 134
1739723156680 0.11086686646647442 135
1739723156686 0.11997477918314936 136
1739723156691 0.1766810604186251 137
1739723156697 0.057434468908458255 138
1739723156702 0.16529163480443815 139
1739723156707 0.08199890465350093 140
1739723156712 0.05376661670071891 141
1739723156717 0.06675757511574201 142
1739723156722 0.06574396805096433 143
1739723156728 0.13653585976654048 144
1739723156733 0.12312010447658203 145
1739723156738 0.09584797993714672 146
1739723156743 0.09090307755413818 147
1739723156748 0.16179205650428968 148
1739723156754 0.21890739109344615 149
1739723156759 0.049942356040854244 150
1739723156764 0.0641350651456981 151
1739723156769 0.19148254940176163 152
1739723156774 0.048755231433513055 153
1739723156779 0.0883223553093171 154
1739723156784 0.10050104612269442 155
1739723156789 0.1201451872943187 156
1739723156795 0.12472197106753781 157
1739723156800 0.10323039386558583 158
1739723156805 0.13096213159799475 159
1739723156810 0.12514528010981582 160
1739723156815 0.10472057884573861 161
1739723156820 0.04730658848817281 162
1739723156824 0.07027186148481598 163
1739723156829 0.0709810396966918 164
1739723156835 0.3792066129331714 165
1739723156840 0.06640485952358612 166
1739723156846 0.10203564992473597 167
1739723156851 0.0568008361372276 168
1739723156856 0.07737927771536458 169
1739723156861 0.1299617741837803 170
1739723156867 0.06382109390218144 171
1739723156873 0.08961355478715749 172
1739723156878 0.06217248193665341 173
1739723156883 0.16480058844144288 174
1739723156889 0.08463430415458467 175
1739723156894 0.06524428805851773 176
1739723156900 0.1421517698769984 177
1739723156906 0.039305630505313334 178
1739723156912 0.07816649176699905 179
1739723156917 0.08838748112047198 180
1739723156923 0.08456830530831451 181
1739723156928 0.18383464504878597 182
1739723156934 0.08913034790074037 183
1739723156939 0.18919670758206397 184
1739723156945 0.272097731432676 185
1739723156951 0.09935512371914809 186
1739723156956 0.12337248348514328 187
1739723156962 0.19686969407518468 188
1739723156968 0.06465642412387132 189
1739723156973 0.1641811514040161 190
1739723156978 0.08454198113430568 191
1739723156984 0.09763222650292791 192
1739723156989 0.058207458279234826 193
1739723156995 0.05434764153111438 194
1739723157000 0.054058038158988145 195
1739723157005 0.05300432273785138 196
1739723157012 0.12987732782123598 197
1739723157018 0.09058014939210168 198
1739723157023 0.0832303411018839 199
1739723157029 0.16626305738872946 200
1739723157034 0.13309380372539045 201
1739723157039 0.09699061298368725 202
1739723157044 0.06653546881361853 203
1739723157049 0.035404617591337034 204
1739723157054 0.09014243469090027 205
1739723157059 0.06195994064563537 206
1739723157064 0.11297055351603194 207
1739723157069 0.06631247920534332 208
1739723157074 0.04617896053636995 209
1739723157079 0.19833662018784817 210
1739723157085 0.04770562317395204 211
1739723157090 0.05092637094708245 212
1739723157095 0.04536233150207257 213
1739723157100 0.21613162747416564 214
1739723157105 0.15529188732992233 215
1739723157110 0.07679407622317327 216
1739723157115 0.19841088944447757 217
1739723157122 0.034720583013125986 218
1739723157127 0.12020839660212711 219
1739723157133 0.09760988590268489 220
1739723157139 0.07754936252878947 221
1739723157144 0.10179275051092394 222
1739723157150 0.07523071090196212 223
1739723157156 0.08041296453987454 224
1739723157161 0.1556976234371326 225
1739723157166 0.150923031391303 226
1739723157171 0.26223884618814436 227
1739723157176 0.11579423650647579 228
1739723157182 0.05434612589129916 229
1739723157187 0.12887667147427664 230
1739723157192 0.031552218990843775 231
1739723157197 0.21299910823678803 232
1739723157202 0.11306181466501508 233
1739723157207 0.11564960354980339 234
1739723157212 0.05285056947108625 235
1739723157217 0.11613642535566401 236
1739723157222 0.13916306215684798 237
1739723157228 0.13181273132106489 238
1739723157233 0.11676374873708552 239
1739723157238 0.12627925866809808 240
1739723157243 0.1127496801791637 241
1739723157248 0.16585141349479676 242
1739723157254 0.02205133373004903 243
1739723157260 0.08022090483991912 244
1739723157266 0.09964655187255358 245
1739723157271 0.07815718222060972 246
1739723157277 0.08169927469251036 247
1739723157282 0.029019358939070768 248
1739723157288 0.041110006801248225 249
1739723157293 0.09328730434675823 250
1739723157298 0.04307821982399602 251
1739723157303 0.08139588693978847 252
1739723157309 0.0419289837037858 253
1739723157314 0.32173783116951643 254
1739723157319 0.06466435467239029 255
1739723157324 0.19385931272716525 256
1739723157329 0.16086035621809883 257
1739723157334 0.10984516920307884 258
1739723157339 0.0961394637493529 259
1739723157345 0.08928763826383888 260
1739723157350 0.21664392993176704 261
1739723157355 0.08519491438606532 262
1739723157360 0.05848586778239407 263
1739723157364 0.13012890188969806 264
1739723157369 0.13398630026933905 265
1739723157375 0.08459517768395858 266
1739723157380 0.16416051792737332 267
1739723157385 0.10280241591120218 268
1739723157389 0.05143397190952752 269
1739723157394 0.1305000639731561 270
1739723157400 0.12225918796808402 271
1739723157405 0.1435514259987314 272
1739723157410 0.05386828780550579 273
1739723157415 0.1254173790469847 274
1739723157421 0.15264922521578686 275
1739723157426 0.06480942054599283 276
1739723157431 0.09214714161878253 277
1739723157436 0.1054252500714533 278
1739723157442 0.07772535238849633 279
1739723157447 0.0754752870019252 280
1739723157452 0.033789641608701446 281
1739723157457 0.11221951173127441 282
1739723157462 0.04247834904851817 283
1739723157467 0.05844303519415551 284
1739723157472 0.10971909370739427 285
1739723157477 0.3126533402996131 286
1739723157482 0.055038492653857594 287
1739723157487 0.12496461593989018 288
1739723157492 0.06634986306971317 289
1739723157497 0.10337969068428135 290
1739723157502 0.0822074261081837 291
1739723157508 0.08666698008399552 292
1739723157512 0.1342952024367368 293
1739723157518 0.03207663450173734 294
1739723157523 0.10892345213278024 295
1739723157528 0.10722883305320749 296
1739723157534 0.08194962687703147 297
1739723157539 0.07642278908378772 298
1739723157544 0.20831716192051633 299
1739723157550 0.07478633441915444 300
1739723157555 0.06885106245259207 301
1739723157560 0.05640040712277675 302
1739723157565 0.06233927977683235 303
1739723157570 0.04005061994797254 304
1739723157575 0.09293240025611747 305
1739723157580 0.03506817819479792 306
1739723157585 0.12636031039750112 307
1739723157591 0.04399520314126367 308
1739723157596 0.12034211122546278 309
1739723157601 0.13803971676197485 310
1739723157606 0.2499636258141124 311
1739723157611 0.09878066653520673 312
1739723157616 0.0801145396730006 313
1739723157621 0.034691978186910284 314
1739723157626 0.0746813640038877 315
1739723157631 0.032587798083727866 316
1739723157637 0.04373941851465868 317
1739723157642 0.10683383818211595 318
1739723157647 0.11401991581643699 319
1739723157653 0.16885729712516914 320
1739723157658 0.10415185809961633 321
1739723157663 0.12019085578946777 322
1739723157668 0.11760597436355795 323
1739723157673 0.07215383016588507 324
1739723157678 0.04122354385065216 325
1739723157683 0.08555499742463472 326
1739723157687 0.08424821608359578 327
1739723157692 0.06332255677074906 328
1739723157697 0.029956908528972866 329
1739723157702 0.07968066588345664 330
1739723157707 0.0991902263749976 331
1739723157713 0.08693427819665825 332
1739723157719 0.056455218321857834 333
1739723157725 0.1002540061114383 334
1739723157730 0.05325458311101479 335
1739723157736 0.06056802215961921 336
1739723157742 0.11432541911197457 337
1739723157747 0.09284023092459891 338
1739723157752 0.10256018008949626 339
1739723157757 0.19039313589372672 340
1739723157763 0.14125047420034711 341
1739723157769 0.12048840702291257 342
1739723157774 0.03336246164749326 343
1739723157780 0.08318045952042655 344
1739723157784 0.14526018829182424 345
1739723157789 0.10998185958867127 346
1739723157794 0.07497007410513294 347
1739723157800 0.07745984369732825 348
1739723157805 0.100529168985813 349
1739723157810 0.07705764927467992 350
1739723157815 0.03408091102746453 351
1739723157820 0.1049162019954431 352
1739723157826 0.2179797042979552 353
1739723157831 0.04651455371816207 354
1739723157837 0.17169752476705072 355
1739723157843 0.04350497006105583 356
1739723157848 0.1171674945953087 357
1739723157853 0.026749118688134673 358
1739723157859 0.24394338220537942 359
1739723157864 0.14666602214474686 360
1739723157870 0.06618964080458166 361
1739723157875 0.04559158830374926 362
1739723157881 0.014552769142610526 363
1739723157887 0.08160535822979242 364
1739723157892 0.09474285518328494 365
1739723157898 0.194695157567192 366
1739723157903 0.18651359051598113 367
1739723157909 0.10713430783374286 368
1739723157914 0.05790074511396116 369
1739723157920 0.03689324582096681 370
1739723157925 0.15489254481556666 371
1739723157931 0.040264960618805676 372
1739723157937 0.038893882467988604 373
1739723157942 0.0706413462558351 374
1739723157948 0.07497810130928353 375
1739723157953 0.09680082631537693 376
1739723157959 0.06757097307107195 377
1739723157964 0.09602171300988814 378
1739723157970 0.08374093936500593 379
1739723157975 0.14618364083029062 380
1739723157980 0.039375915571514944 381
1739723157986 0.08076819176315136 382
1739723157991 0.08694576293371219 383
1739723157996 0.1431898562336516 384
1739723158001 0.053290267955431 385
1739723158007 0.06689313182453871 386
1739723158012 0.0977091473454029 387
1739723158018 0.07964998139445433 388
1739723158024 0.054242830242301504 389
1739723158030 0.08052982309163356 390
1739723158036 0.09091019997203406 391
1739723158041 0.10541597953132674 392
1739723158046 0.0412201393229418 393
1739723158052 0.12867791687751567 394
1739723158057 0.026053704105280302 395
1739723158062 0.0644893536839238 396
1739723158068 0.06802105615758891 397
1739723158074 0.03394357960659825 398
1739723158079 0.09863947238562926 399
1739723158084 0.03436173969559156 400
1739723158089 0.12215435784045846 401
1739723158095 0.07501229959011511 402
1739723158100 0.040151447400383414 403
1739723158105 0.11277497681395722 404
1739723158111 0.02602953663183033 405
1739723158116 0.10525364878884044 406
1739723158121 0.06358847469286352 407
1739723158127 0.04720258110594845 408
1739723158132 0.08253972449547145 409
1739723158137 0.02381736888733214 410
1739723158143 0.12542338291783292 411
1739723158148 0.14992655937990407 412
1739723158153 0.24757820643652714 413
1739723158159 0.10011459362148364 414
1739723158164 0.1309854964176932 415
1739723158168 0.032595334279409 416
1739723158173 0.14189781868629397 417
1739723158179 0.10155345545847161 418
1739723158184 0.038027168175139854 419
1739723158189 0.04139433123286535 420
1739723158194 0.07470336163373224 421
1739723158200 0.050415563778312675 422
1739723158205 0.0561663692498035 423
1739723158210 0.053904232362298736 424
1739723158216 0.04475172143751496 425
1739723158222 0.09961242202522179 426
1739723158227 0.10959962985182416 427
1739723158232 0.04712855366934987 428
1739723158238 0.07355879025326816 429
1739723158244 0.07218162233835937 430
1739723158249 0.13876134704099813 431
1739723158255 0.03442588649751957 432
1739723158260 0.05330089613865739 433
1739723158266 0.11529691815681765 434
1739723158271 0.12607307435594917 435
1739723158277 0.07212279296681506 436
1739723158282 0.14551769113855978 437
1739723158287 0.06977794127182978 438
1739723158292 0.12195000517179747 439
1739723158297 0.05104693899324737 440
1739723158303 0.11286556411385941 441
1739723158308 0.09309241436422439 442
1739723158313 0.10998268568532928 443
1739723158319 0.0559857123780015 444
1739723158324 0.20834241366631762 445
1739723158330 0.0630756717504133 446
1739723158335 0.10642899402596484 447
1739723158341 0.08988286628564118 448
1739723158346 0.07512161198298171 449
1739723158352 0.10928791611202938 450
1739723158357 0.07390700433106748 451
1739723158362 0.07370324449763282 452
1739723158368 0.09143142713798322 453
1739723158373 0.0969638817472843 454
1739723158378 0.19820061283529286 455
1739723158384 0.07446868595815236 456
1739723158389 0.06924967751668712 457
1739723158395 0.07321460965444032 458
1739723158400 0.04220361939896987 459
1739723158405 0.03382301985003801 460
1739723158440 0.05507871880733644 461
1739723158459 0.04782841219663254 462
1739723158474 0.24333567543382773 463
1739723158480 0.11417667588597999 464
1739723158485 0.04967838998717678 465
1739723158491 0.08159794638829584 466
1739723158496 0.05094656827869844 467
1739723158502 0.041602809060046715 468
1739723158507 0.10621487532740767 469
1739723158513 0.10028673241369626 470
1739723158519 0.07737915811443785 471
1739723158524 0.09730988891021035 472
1739723158529 0.08427601330885189 473
1739723158535 0.15721280330402193 474
1739723158541 0.042729069047669946 475
1739723158547 0.04226672175904693 476
1739723158552 0.04824141851993421 477
1739723158557 0.07180022080499934 478
1739723158562 0.12854393756741336 479
1739723158567 0.1409895599951393 480
1739723158572 0.1262116979874158 481
1739723158578 0.17617631458030608 482
1739723158583 0.056268235185921625 483
1739723158588 0.06994601998245494 484
1739723158593 0.10674958351892945 485
1739723158599 0.06947434366190931 486
1739723158603 0.286154411530144 487
1739723158609 0.09369830309727814 488
1739723158614 0.22176371975857478 489
1739723158619 0.06846973905480189 490
1739723158624 0.0441098094732612 491
1739723158630 0.08231060360055883 492
1739723158635 0.17231393531333478 493
1739723158640 0.09670582096415026 494
1739723158645 0.07776217857191435 495
1739723158650 0.10004963198389764 496
1739723158655 0.09064506971900141 497
1739723158661 0.24703611204390957 498
1739723158666 0.1448268740190142 499
