1739718005915 83.90669693525268 0
1739718005942 37.904252296335876 1
1739718005970 16.367097431288673 2
1739718005998 9.422101787072707 3
1739718006025 3.4709626616049256 4
1739718006052 1.955933504586993 5
1739718006080 1.4072423856634524 6
1739718006108 1.2777856637610383 7
1739718006136 0.1355066891143902 8
1739718006163 0.0026792742832455673 9
1739718006190 0.04619724964586455 10
1739718006218 0.16136383329396858 11
1739718006246 0.32774360090158916 12
1739718006273 0.15568325314015094 13
1739718006300 0.8136711800016878 14
1739718006327 0.06406671504233633 15
1739718006355 0.07478910959482395 16
1739718006382 0.30546726886648756 17
1739718006409 0.07232639507709376 18
1739718006436 0.009590546182265338 19
1739718006464 0.1167599117015815 20
1739718006491 1.3493047128599542 21
1739718006520 0.02232855227367893 22
1739718006548 0.0040800184042926 23
1739718006575 0.013692642177667894 24
1739718006602 0.017906811944318844 25
1739718006630 0.027919067340505165 26
1739718006658 0.5195074992427018 27
1739718006686 0.028041581571070884 28
1739718006712 0.02074326958809239 29
1739718006740 0.2058360150847682 30
1739718006769 0.2765847072976585 31
1739718006796 0.082006582220384 32
1739718006823 0.2971410214816077 33
1739718006850 0.7808667865785772 34
1739718006877 0.3127002305198878 35
1739718006903 0.06929402094739444 36
1739718006929 0.4822580840190974 37
1739718006956 0.05496528305365118 38
1739718006982 0.0004810234164948497 39
1739718007009 0.14408916700337135 40
1739718007036 0.202556200626909 41
1739718007062 0.013671856731941656 42
1739718007088 0.0992487096018792 43
1739718007114 0.016720793497934455 44
1739718007142 0.030855838314160333 45
1739718007168 0.011862294603039622 46
1739718007195 0.02090736349999858 47
1739718007221 0.280115272839029 48
1739718007247 0.5594110965265956 49
1739718007273 0.014412920241406443 50
1739718007300 0.24353223146097094 51
1739718007326 0.07344542893383266 52
1739718007352 0.14511959337576458 53
1739718007378 0.17989649230840604 54
1739718007404 0.0454923595465815 55
1739718007430 0.38135093715995255 56
1739718007456 0.0012685167199803645 57
1739718007483 0.5039689650060111 58
1739718007509 0.22372076995116896 59
1739718007537 0.008743796235644264 60
1739718007563 0.029121431596470147 61
1739718007589 0.0825309784903878 62
1739718007615 0.4327508466933109 63
1739718007641 0.050231715763141185 64
1739718007667 4.302763450453355e-05 65
1739718007694 0.0665709908524188 66
1739718007720 0.07188048905758718 67
1739718007747 0.14967257288850877 68
1739718007773 0.11818514431775087 69
1739718007799 0.007316067076143699 70
1739718007826 0.05370962080983126 71
1739718007852 0.07102030979900452 72
1739718007879 0.0717182399864924 73
1739718007905 0.019736494438655716 74
1739718007931 0.08016218234876574 75
1739718007958 0.03148303156417092 76
1739718007984 0.10873251776350708 77
1739718008011 0.0303943142092069 78
1739718008037 0.004807192443214489 79
1739718008064 0.14705196143300794 80
1739718008090 0.029034240645689074 81
1739718008116 0.05861303451000307 82
1739718008142 0.02889123380965701 83
1739718008168 0.057112417770250605 84
1739718008194 0.15344913480301345 85
1739718008220 0.015319253627449535 86
1739718008246 0.03845972625914776 87
1739718008272 0.39764091844158106 88
1739718008298 0.17169347597926607 89
1739718008324 0.0033845125444907187 90
1739718008351 0.2601051547912473 91
1739718008377 0.4424740428759535 92
1739718008403 0.19776735289408 93
1739718008429 0.03617102599819925 94
1739718008455 0.12089999258602964 95
1739718008481 0.08905124277622185 96
1739718008507 0.5957962525446382 97
1739718008534 0.13364572483795004 98
1739718008560 0.03285135080044022 99
1739718008587 0.06080135632989892 100
1739718008613 0.7397294796212618 101
1739718008639 0.14556779019027694 102
1739718008666 0.005492134160155386 103
1739718008692 0.20991919985336796 104
1739718008718 0.06051106663383232 105
1739718008745 0.03594746349447648 106
1739718008773 0.1622321347908725 107
1739718008800 0.11422346243848878 108
1739718008826 0.0032501392319558733 109
1739718008852 0.22001971023664882 110
1739718008879 0.24267329063634088 111
1739718008905 0.0901728874980031 112
1739718008931 0.02465456635681766 113
1739718008957 0.7237634062878914 114
1739718008983 0.20064501931196163 115
1739718009010 0.002620573344311758 116
1739718009036 0.8565394070257758 117
1739718009062 0.28404815040767073 118
1739718009088 0.07708054640826438 119
1739718009114 0.6342388886882082 120
1739718009140 0.029570312059532443 121
1739718009166 0.09832144544140496 122
1739718009192 0.11345486895892665 123
1739718009218 1.4315028165198649 124
1739718009244 0.3813022708867882 125
1739718009270 0.17864515141225393 126
1739718009296 0.15355139064846932 127
1739718009323 0.06016861585403447 128
1739718009349 0.08779925089507595 129
1739718009376 0.03025056693551531 130
1739718009402 0.027464941247493622 131
1739718009428 0.07826030704880485 132
1739718009455 0.476030627245938 133
1739718009481 0.07629141026115348 134
1739718009508 0.020796220460130063 135
1739718009534 9.735697150586575e-05 136
1739718009560 0.020624542794102536 137
1739718009587 0.04283606929043528 138
1739718009613 0.005255551950084842 139
1739718009640 0.0037762644376294436 140
1739718009666 0.003723657034369639 141
1739718009692 0.28916398071250093 142
1739718009718 0.03410056989478029 143
1739718009745 0.007429076187728117 144
1739718009771 0.0406777593585601 145
1739718009797 0.003025387373671112 146
1739718009823 0.8413696232097424 147
1739718009849 0.31744242978817927 148
1739718009875 0.02715489276358742 149
1739718009902 0.08863958469577739 150
1739718009927 0.03811983308732472 151
1739718009953 0.49765377727234733 152
1739718009980 0.002244425249412093 153
1739718010007 0.11130440445301439 154
1739718010033 1.0152659581433374 155
1739718010059 0.16281922493109535 156
1739718010086 0.0285849807870713 157
1739718010112 0.008554010082974581 158
1739718010138 0.061521066452401144 159
1739718010164 0.22375323661825322 160
1739718010191 1.1757269986797674 161
1739718010217 0.2245391531026267 162
1739718010243 0.6747983457577453 163
1739718010269 0.04177826406840134 164
1739718010295 0.15632875473734736 165
1739718010321 0.20032188289972797 166
1739718010348 0.2018077878138828 167
1739718010374 0.006577560418543609 168
1739718010400 0.21887859188192707 169
1739718010426 0.008553989876099193 170
1739718010452 0.022765681130668743 171
1739718010478 0.013354229141822096 172
1739718010505 0.24381276369101307 173
1739718010531 0.0111672982747265 174
1739718010557 0.0005983200292413209 175
1739718010582 0.017799501616890128 176
1739718010609 0.22728898659048144 177
1739718010635 0.027412281339550256 178
1739718010662 0.0792601382967212 179
1739718010688 0.01293635291136511 180
1739718010714 0.18947430426573245 181
1739718010740 0.10314323107008432 182
