1739715314195 179.43612287950003 0
1739715314199 179.11628845860417 1
1739715314203 178.7631189798824 2
1739715314208 178.40048924156645 3
1739715314212 178.03556164820748 4
1739715314218 177.67048378801204 5
1739715314222 177.30589873034404 6
1739715314227 176.941998191733 7
1739715314231 176.57883848788214 8
1739715314237 176.2164353180438 9
1739715314242 175.85479219978788 10
1739715314248 175.49390899924654 11
1739715314254 175.13378449012419 12
1739715314259 174.77441712137536 13
1739715314263 174.4158052474941 14
1739715314267 174.05794719759015 15
1739715314272 173.70084129610302 16
1739715314276 173.34448586900677 17
1739715314280 172.9888792456629 18
1739715314284 172.63401975936753 19
1739715314289 172.27990574750663 20
1739715314294 171.92653555159401 21
1739715314299 171.57390751727417 22
1739715314304 171.22201999431422 23
1739715314309 170.8708713365934 24
1739715314313 170.52045990209086 25
1739715314318 170.1744187683999 26
1739715314322 169.83019106400494 27
1739715314326 169.48700862071075 28
1739715314330 169.14463987630498 29
1739715314335 168.80301425327642 30
1739715314340 168.4621094725494 31
1739715314344 168.12191774743087 32
1739715314348 167.78243564171794 33
1739715314352 167.44366102710057 34
1739715314357 167.1055921703669 35
1739715314367 166.76822745955496 36
1739715314371 166.43156532178972 37
1739715314375 166.09560419862558 38
1739715314380 165.76034253864114 39
1739715314385 165.4257787952099 40
1739715314390 165.09191142582313 41
1739715314395 164.75873889187918 42
1739715314400 164.42625965861197 43
1739715314405 164.09447219506202 44
1739715314410 163.7633749740598 45
1739715314415 163.4329664722127 46
1739715314419 163.10324516989385 47
1739715314424 162.77420955123034 48
1739715314428 162.44585810409257 49
1739715314432 162.11818932008302 50
1739715314437 161.79120169452517 51
1739715314441 161.46489372645283 52
1739715314445 161.13926391859903 53
1739715314450 160.81431077738512 54
1739715314454 160.4900328129101 55
1739715314458 160.1664285389398 56
1739715314462 159.84349647289616 57
1739715314467 159.52123513584627 58
1739715314471 159.19964305249212 59
1739715314475 158.87871875115957 60
1739715314479 158.55846076378802 61
1739715314483 158.23886762591982 62
1739715314488 157.9199378766897 63
1739715314492 157.60167005881402 64
1739715314496 157.28406271858103 65
1739715314500 156.9671144058397 66
1739715314505 156.6508236739898 67
1739715314510 156.33518907997154 68
1739715314515 156.020209184255 69
1739715314519 155.70588255083018 70
1739715314524 155.39220774719664 71
1739715314528 155.0791833443533 72
1739715314532 154.76680791678834 73
1739715314536 154.455080042469 74
1739715314541 154.14399830283168 75
1739715314546 153.83356128277165 76
1739715314550 153.52376757063328 77
1739715314554 153.2146157581999 78
1739715314558 152.906104440684 79
1739715314562 152.5982322167171 80
1739715314566 152.29099768834018 81
1739715314570 151.98439946099361 82
1739715314575 151.6784361435075 83
1739715314579 151.37310634809194 84
1739715314583 151.0684086903271 85
1739715314587 150.7643417891536 86
1739715314591 150.460904266863 87
1739715314596 150.15809474908818 88
1739715314601 149.85591186479337 89
1739715314606 149.5543542462651 90
1739715314610 149.2534205291022 91
1739715314614 148.95310935220678 92
1739715314619 148.65341935777437 93
1739715314623 148.35434919128465 94
1739715314627 148.05589750149215 95
1739715314632 147.7582744485632 96
1739715314636 147.46132882795638 97
1739715314641 147.16501436652644 98
1739715314644 146.86931625902767 99
1739715314648 146.57422914114548 100
1739715314653 146.27975048277082 101
1739715314657 145.98587860618514 102
1739715314661 145.69261209155354 103
1739715314665 145.39994959857836 104
1739715314669 145.10788981299277 105
1739715314673 144.81643143050346 106
1739715314677 144.52557315196805 107
1739715314682 144.2353136819421 108
1739715314687 143.94565172823758 109
1739715314691 143.6565860017841 110
1739715314695 143.36811521658163 111
1739715314699 143.0802380896803 112
1739715314704 142.79295334116836 113
1739715314708 142.50625969416285 114
1739715314712 142.2201558748007 115
1739715314717 141.9346406122305 116
1739715314721 141.64971263860406 117
1739715314726 141.36537068906793 118
1739715314730 141.08161350175538 119
1739715314734 140.79843981777805 120
1739715314738 140.51584838121767 121
1739715314742 140.23383793911802 122
1739715314746 139.95240724147658 123
1739715314750 139.67155504123653 124
1739715314755 139.39128009427859 125
1739715314759 139.11158115941296 126
1739715314763 138.83245699837124 127
1739715314768 138.55390637579842 128
1739715314773 138.2759280592449 129
1739715314777 137.99852081915847 130
1739715314781 137.72168342887645 131
1739715314785 137.44541466461757 132
1739715314790 137.16971330547437 133
1739715314794 136.89457813340513 134
1739715314798 136.620007933226 135
1739715314802 136.34600149260336 136
1739715314806 136.07255760204592 137
1739715314811 135.79967505489697 138
1739715314815 135.52735264732652 139
1739715314821 135.25558917832393 140
1739715314826 134.98438344968986 141
1739715314833 134.7137342660288 142
1739715314838 134.4436404347414 143
1739715314842 134.17410076601686 144
1739715314846 133.90511407282528 145
1739715314851 133.63667917091024 146
1739715314855 133.36879487878116 147
1739715314861 133.1014600177058 148
1739715314865 132.83467341170277 149
1739715314869 132.5684338875342 150
1739715314874 132.30274027469812 151
1739715314878 132.03759140542113 152
1739715314882 131.77298611465102 153
1739715314886 131.5089232400494 154
1739715314890 131.2454016219844 155
1739715314894 130.98242010352325 156
1739715314898 130.71997753042518 157
1739715314902 130.45820999914727 158
1739715314907 130.1970189875186 159
1739715314911 129.93637415636755 160
1739715314915 129.67626561276907 161
1739715314919 129.4166895988252 162
1739715314924 129.15764419898122 163
1739715314928 128.89912805221778 164
1739715314933 128.64113996568614 165
1739715314937 128.3836787987871 166
1739715314941 128.12674342838756 167
1739715314945 127.87033273838026 168
1739715314949 127.61444561654673 169
1739715314953 127.3590809536115 170
1739715314958 127.10423764295359 171
1739715314962 126.84991458051545 172
1739715314966 126.5961106647709 173
1739715314970 126.34282479671094 174
1739715314975 126.0900558798349 175
1739715314979 125.83780282014322 176
1739715314983 125.58606452613073 177
1739715314988 125.33483990877988 178
1739715314992 125.08412788155462 179
1739715314997 124.83392736039353 180
1739715315000 124.58423726370356 181
1739715315005 124.33505651235355 182
1739715315009 124.08638402966797 183
1739715315014 123.83832435512758 184
1739715315019 123.59080180374818 185
1739715315023 123.34379293180825 186
1739715315027 123.09728996265147 187
1739715315031 122.85128982184648 188
1739715315035 122.60579084765888 189
1739715315040 122.36079180395923 190
1739715315044 122.11629158400312 191
1739715315049 121.87228912153311 192
1739715315054 121.62878336409635 193
1739715315058 121.38577326503302 194
1739715315062 121.14325778106799 195
1739715315066 120.90123587158372 196
1739715315071 120.6597064983979 197
1739715315075 120.4186686256926 198
1739715315079 120.17812121998887 199
1739715315083 119.93806325013477 200
1739715315088 119.69849368729781 201
1739715315092 119.4594115049586 202
1739715315096 119.2208156789045 203
1739715315100 118.9827051872241 204
1739715315104 118.745079010301 205
1739715315108 118.50793613080816 206
1739715315113 118.27127553370202 207
1739715315117 118.03509620621675 208
1739715315121 117.79939713785836 209
1739715315125 117.56417732039901 210
1739715315129 117.32943574787124 211
1739715315134 117.09517141656231 212
1739715315139 116.8613833250083 213
1739715315143 116.62807047398866 214
1739715315147 116.3952318665203 215
1739715315152 116.1628665078521 216
1739715315156 115.93097340545916 217
1739715315160 115.69955156903715 218
1739715315164 115.4686000104969 219
1739715315169 115.23811774395855 220
1739715315173 115.00810378574612 221
1739715315177 114.77855715438187 222
1739715315181 114.54947687058089 223
1739715315185 114.32086195724537 224
1739715315190 114.09271143945935 225
1739715315195 113.8650243444829 226
1739715315200 113.637799701747 227
1739715315205 113.41103654284778 228
1739715315210 113.18473390154125 229
1739715315214 112.95889081373782 230
1739715315219 112.7335063174969 231
1739715315223 112.50857945302148 232
1739715315227 112.28410926265278 233
1739715315231 112.06009479086482 234
1739715315236 111.83653508425922 235
1739715315241 111.61342919155972 236
1739715315245 111.39077616360694 237
1739715315250 111.16857505335308 238
1739715315254 110.9468249158566 239
1739715315259 110.72552480827699 240
1739715315263 110.50467378986947 241
1739715315267 110.28427092197987 242
1739715315271 110.06431526803927 243
1739715315276 109.84480589355884 244
1739715315280 109.62574186612471 245
1739715315285 109.40712225539275 246
1739715315290 109.18894613308339 247
1739715315294 108.97121257297658 248
1739715315299 108.75392065090647 249
1739715315303 108.53706944475648 250
1739715315308 108.32065803445417 251
1739715315312 108.10468550196606 252
1739715315316 107.88915093129268 253
1739715315322 107.67405340846345 254
1739715315326 107.45939202153164 255
1739715315330 107.24516586056944 256
1739715315334 107.03137401766281 257
1739715315339 106.8180155869066 258
1739715315343 106.60508966439953 259
1739715315347 106.39259534823923 260
1739715315351 106.18053173851727 261
1739715315355 105.96889793731434 262
1739715315359 105.75769304869512 263
1739715315364 105.54691617870358 264
1739715315378 105.336566435358 265
1739715315382 105.12664292864608 266
1739715315387 104.91714477052012 267
1739715315391 104.70807107489213 268
1739715315396 104.49942095762906 269
1739715315403 104.29119353654795 270
1739715315408 104.08338793141104 271
1739715315412 103.87600326392116 272
1739715315417 103.66903865771681 273
1739715315421 103.46249323836743 274
1739715315425 103.25636613336869 275
1739715315430 103.0506564721377 276
1739715315434 102.84536338600836 277
1739715315438 102.64048600822655 278
1739715315442 102.43602347394557 279
1739715315446 102.23197492022132 280
1739715315452 102.02833948600778 281
1739715315456 101.82511631215223 282
1739715315460 101.62230454139062 283
1739715315465 101.42009552520723 284
1739715315469 101.21835256377855 285
1739715315473 101.01703406001694 286
1739715315477 100.81612694525471 287
1739715315481 100.61562671207517 288
1739715315486 100.41553142337122 289
1739715315490 100.21583991461233 290
1739715315494 100.01655125436838 291
1739715315498 99.81766458241562 292
1739715315502 99.61924412423697 293
1739715315506 99.42124303385982 294
1739715315511 99.2236466875598 295
1739715315515 99.02645012371406 296
1739715315519 98.82965128129605 297
1739715315524 98.63324897112834 298
1739715315528 98.43724226696344 299
1739715315533 98.24163032269922 300
1739715315537 98.04641231750699 301
1739715315541 97.85158743935668 302
1739715315545 97.65715488006883 303
1739715315549 97.4631138338262 304
1739715315554 97.26946349672419 305
1739715315558 97.07620306663316 306
1739715315562 96.88333174315429 307
1739715315566 96.69084872760355 308
1739715315570 96.49875322300414 309
1739715315575 96.3070444340814 310
1739715315578 96.11572156725856 311
1739715315583 95.92478383065277 312
1739715315587 95.73423043407104 313
1739715315591 95.5440605890064 314
1739715315595 95.35427350863405 315
1739715315599 95.16486840780735 316
1739715315603 94.97584450305395 317
1739715315608 94.78720101257203 318
1739715315612 94.59893715622636 319
1739715315616 94.41105215554444 320
1739715315621 94.22354523371274 321
1739715315626 94.03641561557284 322
1739715315632 93.84966252761745 323
1739715315636 93.66328519798698 324
1739715315641 93.47728285646531 325
1739715315646 93.2916547344763 326
1739715315651 93.10640006507994 327
1739715315655 92.92151808296852 328
1739715315660 92.73700802446292 329
1739715315664 92.55286912750886 330
1739715315669 92.36910063167319 331
1739715315674 92.18570177814011 332
1739715315678 92.00267180970751 333
1739715315682 91.82000997078318 334
1739715315686 91.63771550738116 335
1739715315690 91.45578766711816 336
1739715315694 91.27422569920967 337
1739715315698 91.09302885446644 338
1739715315702 90.91219638529078 339
1739715315706 90.73172754567292 340
1739715315710 90.55162159118734 341
1739715315714 90.3718777789892 342
1739715315719 90.19249536781062 343
1739715315723 90.01347361795723 344
1739715315728 89.83481179130438 345
1739715315733 89.65650915129366 346
1739715315737 89.47856496292934 347
1739715315741 89.30097849277469 348
1739715315746 89.12374900894852 349
1739715315751 88.9468757811216 350
1739715315755 88.77035808051306 351
1739715315760 88.59429041141958 352
1739715315764 88.41860492544443 353
1739715315768 88.24328076171898 354
1739715315773 88.0683111557291 355
1739715315777 87.89369357513635 356
1739715315782 87.71942675920018 357
1739715315786 87.54550982999882 358
1739715315791 87.37194202559363 359
1739715315795 87.19872261991374 360
1739715315800 87.02585089870082 361
1739715315804 86.8533261522843 362
1739715315808 86.68114767340988 363
1739715315812 86.50931475658545 364
1739715315816 86.3378266978822 365
1739715315820 86.16668279487271 366
1739715315825 85.99588234660997 367
1739715315829 85.82542465361897 368
1739715315834 85.65530901789155 369
1739715315838 85.48553474288303 370
1739715315842 85.31610113350848 371
1739715315846 85.14700749613958 372
1739715315850 84.97825313860135 373
1739715315854 84.8098373701689 374
1739715315858 84.64175950156422 375
1739715315862 84.47401884495291 376
1739715315866 84.30661471394097 377
1739715315870 84.13954642357174 378
1739715315874 83.9728132903225 379
1739715315878 83.80641463210145 380
1739715315883 83.64034976824439 381
1739715315887 83.47461801951165 382
1739715315891 83.30921870808493 383
1739715315896 83.14415115756402 384
1739715315901 82.97941469296387 385
1739715315905 82.81500864071124 386
1739715315910 82.65093232864167 387
1739715315914 82.48718508599636 388
1739715315919 82.323766243419 389
1739715315923 82.1606751329527 390
1739715315927 81.99791108803696 391
1739715315932 81.8354734435044 392
1739715315936 81.67336153557784 393
1739715315941 81.5115747018671 394
1739715315947 81.35011228136608 395
1739715315952 81.18897361444952 396
1739715315956 81.02815804287012 397
1739715315961 80.86766490975532 398
1739715315965 80.70749355960436 399
1739715315970 80.54764333828531 400
1739715315974 80.38811359303189 401
1739715315979 80.22890367244052 402
1739715315983 80.07001292646743 403
1739715315987 79.9114407064254 404
1739715315991 79.75318636498103 405
1739715315996 79.59524925615163 406
1739715316000 79.43762873530218 407
1739715316004 79.28032415914244 408
1739715316008 79.12333488572402 409
1739715316012 78.96666027443732 410
1739715316016 78.81029968600863 411
1739715316021 78.65425248249724 412
1739715316025 78.49851802729239 413
1739715316029 78.34309568511038 414
1739715316034 78.18798482199178 415
1739715316038 78.03318480529823 416
1739715316042 77.87869500370986 417
1739715316046 77.7245147872222 418
1739715316050 77.57064352714322 419
1739715316055 77.41708059609064 420
1739715316059 77.26382536798896 421
1739715316063 77.11087721806648 422
1739715316067 76.95823552285262 423
1739715316071 76.80589966017503 424
1739715316076 76.65386900915651 425
1739715316080 76.50214295021252 426
1739715316084 76.35072086504805 427
1739715316088 76.19960213665495 428
1739715316092 76.04878614930902 429
1739715316097 75.89827228856734 430
1739715316101 75.74805994126515 431
1739715316106 75.59814849551348 432
1739715316110 75.44853734069596 433
1739715316114 75.29922586746626 434
1739715316118 75.15021346774517 435
1739715316123 75.001499534718 436
1739715316127 74.85308346283163 437
1739715316131 74.70496464779187 438
1739715316135 74.5571424865606 439
1739715316139 74.40961637735307 440
1739715316143 74.26238571963526 441
1739715316147 74.11544991412094 442
1739715316151 73.96880836276914 443
1739715316156 73.82246046878122 444
1739715316161 73.67640563659842 445
1739715316165 73.53064327189885 446
1739715316169 73.38517278159506 447
1739715316174 73.23999357383113 448
1739715316178 73.0951050579801 449
1739715316183 72.95050664464132 450
1739715316187 72.80619774563763 451
1739715316192 72.66217777401278 452
1739715316196 72.51844614402876 453
1739715316201 72.37500227116317 454
1739715316206 72.23184557210655 455
1739715316211 72.0889754647597 456
1739715316216 71.94639136823096 457
1739715316221 71.80409270283387 458
1739715316225 71.66207889008422 459
1739715316230 71.5203493526976 460
1739715316234 71.37890351458681 461
1739715316238 71.2377408008591 462
1739715316243 71.09686063781373 463
1739715316247 70.9562624529393 464
1739715316252 70.81594567491115 465
1739715316256 70.67590973358887 466
1739715316261 70.53615406001356 467
1739715316265 70.39667808640542 468
1739715316269 70.25748124616105 469
1739715316274 70.1185629738511 470
1739715316279 69.97992270521746 471
1739715316284 69.84155987717088 472
1739715316288 69.7034739277884 473
1739715316293 69.56566429631077 474
1739715316298 69.42813042314 475
1739715316311 69.29087174983681 476
1739715316328 69.15388771911805 477
1739715316337 69.01717777485426 478
1739715316342 68.88074136206721 479
1739715316347 68.74457792692728 480
1739715316351 68.60868691675101 481
1739715316356 68.47306777999876 482
1739715316360 68.33771996627198 483
1739715316364 68.20264292631094 484
1739715316368 68.0678361119922 485
1739715316373 67.93329897632604 486
1739715316384 67.79903097345424 487
1739715316389 67.66503155864739 488
1739715316393 67.5313001883026 489
1739715316398 67.39783631994099 490
1739715316403 67.26463941220526 491
1739715316407 67.13170892485734 492
1739715316412 66.99904431877587 493
1739715316417 66.86664505595381 494
1739715316422 66.7345105994961 495
1739715316426 66.60264041361715 496
1739715316431 66.47103396363853 497
1739715316435 66.33969071598652 498
1739715316439 66.20861013818975 499
