1739717758916 0.16034820435386615 0
1739717758944 0.0009444398689799158 1
1739717758972 0.0016105349763639839 2
1739717758999 0.11597593281289748 3
1739717759026 0.00021000230959961443 4
1739717759053 0.07340892638684232 5
1739717759080 0.17083229530454144 6
1739717759108 0.07833865481249717 7
1739717759137 0.05702030636769222 8
1739717759165 0.001968137449943844 9
1739717759192 0.13306484340784766 10
1739717759219 0.09890213962795007 11
1739717759247 0.0029369493838960585 12
1739717759275 0.001590683097811459 13
1739717759302 0.008165522101685252 14
1739717759330 0.06291397699858146 15
1739717759357 0.18838721349014734 16
1739717759385 0.24531528531001534 17
1739717759413 0.006686393358515048 18
1739717759439 0.003504367422203858 19
1739717759467 0.000985244446596769 20
1739717759494 0.08132387091639347 21
1739717759521 0.062558223350117 22
1739717759549 0.004448762384633465 23
1739717759576 0.13593704591637557 24
1739717759604 0.025249394105134895 25
1739717759631 0.08880370632620663 26
1739717759660 0.017427767531412005 27
1739717759692 0.2234665654229131 28
1739717759720 0.27620419776788596 29
1739717759748 0.002750285717062991 30
1739717759776 0.4884653279389163 31
1739717759814 0.00010538692014461846 32
1739717759913 0.09579619308341118 33
1739717759984 0.3599809276465677 34
1739717760020 0.12420973889700755 35
1739717760050 0.08771478499084427 36
1739717760081 0.16291970193318475 37
1739717760111 0.2913673129366437 38
1739717760142 0.8996245709230666 39
1739717760172 0.013771491931723046 40
1739717760202 0.4829159090131629 41
1739717760232 0.15504054688829305 42
1739717760261 0.21061110774830374 43
1739717760290 0.011143656900909025 44
1739717760319 0.0020030746009015482 45
1739717760359 0.0010470710140114475 46
1739717760387 0.010835349482133253 47
1739717760416 0.26364657056690693 48
1739717760445 0.11646433322813017 49
1739717760474 0.11647141686893675 50
1739717760502 0.11662347040180619 51
1739717760530 0.10519537000678908 52
1739717760558 0.014086033663017361 53
1739717760586 0.1799716813162523 54
1739717760613 0.23745131518440135 55
1739717760641 0.003196827907836302 56
1739717760669 0.0002782728015405499 57
1739717760696 0.06601501005782406 58
1739717760724 0.12817285164310496 59
1739717760751 0.13235484290958793 60
1739717760779 0.04459054221302591 61
1739717760807 0.026108536439689516 62
1739717760834 0.10231970829733625 63
1739717760862 0.03038148230910005 64
1739717760891 0.1705183731217035 65
1739717760918 0.24736859724041285 66
1739717760945 0.158558684198859 67
1739717760972 0.03969028823674389 68
1739717761000 0.003873436709512146 69
1739717761028 0.013486183011583872 70
1739717761056 0.03037077843258792 71
1739717761092 0.008272472531194182 72
1739717761134 0.0015850641612184264 73
1739717761164 0.3642106619367646 74
1739717761195 0.0016343359265592544 75
1739717761224 0.08304907015559887 76
1739717761253 0.03585134597216795 77
1739717761283 0.01865054097755093 78
1739717761312 0.01583740757825769 79
1739717761340 0.0002419194340852861 80
1739717761370 0.01718223498073962 81
1739717761399 0.16749768021075268 82
1739717761428 0.003982504830109905 83
1739717761456 0.01925924015523861 84
1739717761484 0.03199368398917933 85
1739717761512 0.02712393925222701 86
1739717761539 0.033108430450594285 87
1739717761567 0.7416245240957363 88
1739717761594 0.19373507264574885 89
1739717761622 0.49649106218480943 90
1739717761649 0.497485589238952 91
1739717761677 0.2354550606060587 92
1739717761704 0.06862526809649636 93
1739717761732 0.017155189318653834 94
1739717761760 0.009589054528855879 95
1739717761788 0.02043570170781973 96
1739717761816 0.0011353450711010247 97
1739717761843 0.024245969423793052 98
1739717761870 0.11399082689494393 99
1739717761899 0.02172961822325216 100
1739717761929 0.01752733739466705 101
1739717761959 0.487992395264658 102
1739717761988 0.03462692469261971 103
1739717762018 0.0014941028544617676 104
1739717762047 0.001082426828487672 105
1739717762076 0.06143082087237642 106
1739717762106 0.13742121031048118 107
1739717762135 0.08850140773875398 108
1739717762164 0.10069750273325143 109
1739717762194 0.21295744341111378 110
1739717762222 0.26420829309512034 111
1739717762251 0.2902728877266295 112
1739717762280 0.19456675504132567 113
1739717762308 0.22715224662251185 114
1739717762338 0.2766610397705381 115
1739717762366 0.19878594062470326 116
1739717762394 0.19969716142741833 117
1739717762421 0.29764466998843386 118
1739717762449 1.9964547607792134e-05 119
1739717762477 0.3158167772906631 120
1739717762504 0.10244033448081569 121
1739717762531 0.0032714276627669255 122
1739717762559 0.0004762185963904912 123
1739717762587 0.0046531592740846 124
1739717762614 0.015349664610839073 125
1739717762642 0.00809877081755738 126
1739717762669 0.016153703199126786 127
1739717762697 0.1953387490378773 128
1739717762725 0.006253008092416399 129
1739717762752 0.0026896426392782383 130
1739717762780 0.0028445450256098376 131
1739717762807 0.00018681566039246007 132
1739717762835 0.01307374675567455 133
1739717762863 0.00026087978904298947 134
1739717762893 0.0021652750836649824 135
1739717762921 0.057155612508265174 136
1739717762948 0.009536875468347594 137
1739717762976 0.04693703852112034 138
1739717763005 0.03906036395910318 139
1739717763035 0.07338377284771572 140
1739717763064 0.35338533728451055 141
1739717763092 0.33412995904132486 142
1739717763121 0.030560126450789322 143
1739717763150 0.015749690017651724 144
1739717763182 0.0002856948098437627 145
1739717763211 0.058529261415844254 146
1739717763240 0.7342624144551014 147
1739717763269 0.11387434588612215 148
1739717763297 0.017086068614683893 149
1739717763326 0.03709934824131864 150
1739717763355 0.005052812333080898 151
1739717763384 0.01409486841679976 152
1739717763412 0.04634742920464584 153
1739717763440 0.10288957807711033 154
1739717763468 0.018160221917882354 155
1739717763497 0.4375064686817684 156
1739717763527 0.07994194173328557 157
1739717763556 0.4715665164826121 158
1739717763585 0.018877461202637325 159
1739717763615 0.13871799869881654 160
1739717763644 0.15336335351576258 161
1739717763673 0.15995514014879564 162
1739717763702 0.594035874763844 163
1739717763731 0.006496967505862648 164
1739717763759 0.0191401526944137 165
1739717763788 0.4618205004616971 166
1739717763816 0.10661298436817503 167
1739717763843 0.004859348601099642 168
1739717763871 1.0425916904907708 169
1739717763899 0.07655998900931586 170
1739717763926 0.14486650899117912 171
1739717763953 0.0512014004322953 172
1739717763981 0.013334262531672966 173
1739717764008 0.23546498957612205 174
1739717764036 0.06267466832958127 175
1739717764063 0.06915874157610008 176
1739717764091 0.00011342418882241603 177
1739717764118 0.08787009034519125 178
1739717764146 0.02216080488997857 179
1739717764174 0.12453499107046509 180
1739717764205 0.22089277480563888 181
1739717764234 6.855423403215152e-05 182
1739717764263 0.09507157818916938 183
1739717764293 0.03669635971536755 184
1739717764322 0.061036453199620144 185
1739717764350 0.009797258137529392 186
1739717764380 0.11377774514154024 187
1739717764408 0.005879887004719871 188
1739717764436 0.1414145926582528 189
1739717764464 0.8714840047375143 190
1739717764494 0.0002612799256066443 191
1739717764521 0.011780964057759467 192
1739717764548 0.0012289475133866019 193
1739717764575 0.22632400918536746 194
1739717764603 0.0036440946819074477 195
1739717764631 0.0021773867269780853 196
1739717764658 0.31863778357782685 197
1739717764685 0.020253307245123878 198
1739717764713 0.0077272963404855025 199
1739717764741 4.9308781926079925e-05 200
1739717764769 0.0645088134471273 201
1739717764797 0.2509950782765717 202
1739717764826 0.031235685555985642 203
1739717764854 0.029357037591268186 204
1739717764882 0.21494129270011292 205
1739717764911 0.011081857868357565 206
1739717764939 0.02234503249872179 207
1739717764967 0.4209041846766289 208
1739717764997 0.16369368903630438 209
1739717765026 0.2467711032777225 210
1739717765056 0.14641773258471333 211
1739717765085 0.33601273783119134 212
1739717765114 0.06135334978503754 213
1739717765144 0.16078557126036408 214
1739717765173 0.06446511633184704 215
1739717765202 0.05853111875362128 216
1739717765231 0.11006517212532613 217
1739717765258 0.1811055328626998 218
1739717765287 0.026717849728337264 219
1739717765314 0.3509628525904816 220
1739717765343 0.05243084097193879 221
1739717765372 0.0020778374673061737 222
1739717765401 0.04180412753131542 223
1739717765429 0.2345394591602759 224
1739717765458 0.2405111792296493 225
1739717765488 0.29553222297975007 226
1739717765516 0.4254042391546367 227
1739717765544 8.218190235818194e-05 228
1739717765571 0.031842960261147406 229
1739717765599 0.0009616888853806222 230
1739717765627 0.0006123968526041054 231
1739717765654 0.045930213846362374 232
1739717765681 0.0006022489704366798 233
1739717765709 0.0928724604769792 234
1739717765737 0.5393146808718305 235
1739717765765 0.5293386452954207 236
1739717765793 0.05108140980387902 237
1739717765822 0.05762100051035966 238
1739717765850 0.02174669950710059 239
1739717765878 0.345085499057793 240
1739717765907 0.015298144901842978 241
1739717765936 0.11830978603758982 242
1739717765964 2.829543437542155e-12 243
1739717765993 0.15777641608339268 244
1739717766021 0.01408663723315696 245
1739717766050 0.11962914109669394 246
1739717766078 0.26466022960644475 247
1739717766107 0.22651193312486745 248
1739717766135 0.018645572962831067 249
1739717766164 0.0031128184117926506 250
1739717766192 0.012428476962180442 251
1739717766221 0.002196563040723008 252
1739717766249 0.012449675107069472 253
1739717766278 0.09488071290107372 254
1739717766306 0.030447561584088317 255
1739717766334 1.0341474514225588 256
1739717766366 0.21062133177716905 257
1739717766395 0.2586844638238344 258
1739717766425 0.21124006180985347 259
1739717766455 0.12212445150854809 260
1739717766484 0.6806357639619449 261
1739717766514 0.09960116402636966 262
1739717766543 0.03399260272454398 263
1739717766572 0.05157684970308749 264
1739717766600 0.07134937757122616 265
1739717766629 0.029619137461987886 266
1739717766657 0.5797976395660823 267
1739717766685 0.60053283557831 268
1739717766715 0.3409855473171986 269
1739717766743 0.0009371692742829602 270
1739717766772 0.02614147850856277 271
1739717766801 0.24502827538911864 272
1739717766829 0.28005097516899935 273
1739717766858 0.00888989437763252 274
1739717766885 0.06105575920692306 275
1739717766913 5.5734246552809593e-05 276
1739717766940 0.07164545163598185 277
1739717766967 0.684296514307312 278
1739717766995 0.0008761062432090267 279
1739717767022 0.000991711985478045 280
1739717767050 0.005328833872673807 281
1739717767079 0.10548976464030536 282
1739717767106 6.910072819290188e-05 283
1739717767134 0.05325116734892529 284
1739717767163 0.15986259858558025 285
1739717767191 0.16407867496018114 286
1739717767218 0.0029629696619064456 287
1739717767247 0.390217471418624 288
1739717767276 0.16168241562455232 289
1739717767304 0.0018872964070761652 290
1739717767332 0.03599811415819041 291
1739717767359 0.013964695022888015 292
1739717767386 0.2895146661883149 293
1739717767414 0.0023470985479117972 294
1739717767445 0.023529580594849882 295
1739717767474 0.10227749563745532 296
1739717767504 0.1669333396363273 297
1739717767532 0.0039383397628865785 298
1739717767560 0.00036108405096231565 299
1739717767588 0.016239991857437255 300
1739717767616 0.046815391750010024 301
1739717767644 0.002023771143677737 302
1739717767672 0.0097784993487583 303
1739717767700 0.00523960198313842 304
1739717767728 0.10058040008530209 305
1739717767756 7.429665271672403e-05 306
1739717767783 0.061007908016144426 307
1739717767811 0.12346542753522556 308
1739717767839 0.7223772063704598 309
1739717767867 0.003752944109069317 310
1739717767894 0.1472930628628845 311
1739717767921 0.18954821715283726 312
1739717767949 0.0009583260670834712 313
1739717767977 0.14411343848423558 314
1739717768004 0.02459752838715771 315
1739717768032 0.007856433222677857 316
1739717768061 0.0853933478574776 317
1739717768090 0.09069416862747331 318
1739717768119 0.18784845143629106 319
1739717768148 0.04975014040027433 320
1739717768176 0.00013150564387700298 321
1739717768203 0.00038129248654275724 322
1739717768231 0.002204362851941577 323
1739717768259 0.05895783821142705 324
1739717768287 0.0050335529184988405 325
1739717768314 0.22304881304285998 326
1739717768342 0.0011062357490670004 327
1739717768370 0.0961380992169576 328
1739717768397 0.22586881293439726 329
1739717768425 0.01890298152953773 330
1739717768452 0.5082340374570868 331
1739717768480 0.028090689953117077 332
1739717768507 0.20130633466509792 333
1739717768535 0.17436797228163864 334
1739717768563 0.0006011690485258822 335
1739717768590 0.013051502028638425 336
1739717768618 0.23488155406480737 337
1739717768645 0.0782495068930703 338
1739717768673 0.0013857082371145565 339
1739717768700 0.026963374574358157 340
1739717768728 0.020075893848162586 341
1739717768755 0.008521753385834042 342
1739717768782 0.004360871579090531 343
1739717768810 0.004639777684216896 344
1739717768838 0.0543761922397817 345
1739717768866 0.10844935783939282 346
1739717768894 0.0031801380686773315 347
1739717768922 0.020163875312826828 348
1739717768953 0.00039986855850918134 349
1739717769004 0.1564413865608832 350
1739717769034 1.1817532964537518 351
1739717769063 0.12438823991935509 352
1739717769092 0.22451865792891484 353
1739717769120 0.008512828041710507 354
1739717769151 0.02750506393225072 355
1739717769181 0.01408157512340912 356
1739717769209 0.38870936625014063 357
1739717769240 0.3102098031414016 358
1739717769269 0.18567305198958503 359
1739717769297 2.1184563942640927e-07 360
1739717769325 0.0593765497905309 361
1739717769354 1.5112492308948123e-06 362
1739717769381 0.2144360470259684 363
1739717769409 0.05692479790323283 364
1739717769436 0.0320018794802356 365
1739717769464 0.006826936857663034 366
1739717769491 0.015522555865520074 367
1739717769518 0.18422436442569995 368
1739717769547 0.029306179289721478 369
1739717769575 0.060489299626397215 370
1739717769603 0.028415845149570122 371
1739717769632 0.42727699871610175 372
1739717769661 0.17159308640129634 373
1739717769689 0.00569374118641997 374
1739717769716 0.012083156725996335 375
1739717769746 0.5078113352671543 376
1739717769775 0.6279660133237996 377
1739717769803 0.032186356756869226 378
1739717769831 3.988645851025207e-05 379
1739717769858 0.32817772257558414 380
1739717769887 0.00705789006968162 381
1739717769915 0.0026195830771941677 382
1739717769942 0.7213153611988544 383
1739717769970 0.0062038960311319785 384
1739717769997 0.3029557864070745 385
1739717770025 0.01980062665088457 386
1739717770052 0.012811850212022202 387
1739717770080 0.0006480716699097473 388
1739717770107 0.006589009527304002 389
1739717770135 0.09573136893613389 390
1739717770164 0.11504213597333197 391
1739717770193 0.47979829593893975 392
1739717770221 0.06453323702422341 393
1739717770250 0.1113197889267077 394
1739717770279 0.16823002507177 395
1739717770308 0.13948409716579271 396
1739717770337 0.00018361475161639054 397
1739717770367 0.01550859510490744 398
1739717770395 0.008136231081635416 399
1739717770424 0.02324483693303621 400
1739717770452 0.028282688425790584 401
1739717770481 0.10744378070211978 402
1739717770509 0.016857885241374725 403
1739717770536 0.02393434488513453 404
1739717770564 0.5567662993394318 405
1739717770591 0.056530869864057705 406
1739717770619 0.212563066153183 407
1739717770646 0.0037440581418073525 408
1739717770673 0.0004578333321776165 409
1739717770701 0.0030716419913881204 410
1739717770729 0.09079659195205397 411
1739717770756 0.0018329620472259777 412
1739717770784 0.11657766402091645 413
1739717770811 0.02590339699460113 414
1739717770838 0.10434462678291147 415
1739717770866 0.0031379724166220096 416
1739717770893 0.08293346766184008 417
1739717770921 0.014507942676758827 418
1739717770948 0.35492288469965205 419
1739717770975 0.011491228687345962 420
1739717771002 0.020486590349020246 421
1739717771029 0.1629193137412454 422
1739717771057 0.1047057529648616 423
1739717771085 0.007225869897952569 424
1739717771112 5.4328716564530584e-05 425
1739717771140 0.053888661284143165 426
1739717771167 0.3039518767909109 427
1739717771195 0.0032075552897109266 428
1739717771223 0.007246490378286052 429
1739717771250 0.036830204471106555 430
1739717771277 0.06346623388482826 431
1739717771305 0.017983727554815233 432
1739717771333 0.006201971077391365 433
1739717771361 0.03818634744516355 434
1739717771389 0.0012820130166053636 435
1739717771416 1.040599078245612 436
1739717771445 0.5424206194811514 437
1739717771474 1.0501395060787582 438
1739717771503 0.17659022065592628 439
1739717771530 0.008497231391472128 440
1739717771557 0.12919161049897385 441
1739717771586 0.08441305875797009 442
1739717771615 0.0033275250371279136 443
1739717771643 0.0670113848723947 444
1739717771671 0.30470654541329284 445
1739717771699 0.12201871505751109 446
1739717771727 0.018398105753782524 447
1739717771754 1.257707670935139 448
1739717771782 0.012774938402875908 449
1739717771810 0.14314493537939071 450
1739717771837 0.2617895319001646 451
1739717771864 0.01482913148337577 452
1739717771892 0.1856836179556261 453
1739717771920 0.31490816920396486 454
1739717771947 0.0660764421824219 455
1739717771975 0.013132395463833619 456
1739717772004 0.015613479796328834 457
1739717772033 0.0506783153883403 458
1739717772062 0.43425979280447463 459
1739717772093 0.014427275928979017 460
1739717772124 0.09656921313722137 461
1739717772154 0.0002973887086766652 462
1739717772184 0.013049322826603574 463
1739717772213 0.043294415078418615 464
1739717772243 0.19932478377123483 465
1739717772273 0.03264290258583722 466
1739717772302 0.552946530422934 467
1739717772331 0.03089638718347079 468
1739717772359 1.0994317529678967 469
1739717772388 0.19468604934632627 470
1739717772415 0.010170904198406352 471
1739717772443 0.00023603513951673 472
1739717772471 0.03884306396355664 473
1739717772500 0.16273423280277427 474
1739717772527 0.04138082602812065 475
1739717772554 0.12236740027275196 476
1739717772582 0.010033066105529717 477
1739717772610 0.0002581808228575519 478
1739717772637 0.4119256895278824 479
1739717772664 0.5638899038932009 480
1739717772692 8.406096697453491e-05 481
1739717772720 0.009515478566694891 482
1739717772747 0.056342927013015034 483
1739717772776 0.033012479307823875 484
1739717772804 0.05829123032848845 485
1739717772831 0.009248021734374924 486
1739717772858 0.01648260016761065 487
1739717772886 0.2286099836209376 488
1739717772914 0.04233218687531381 489
1739717772943 0.28595178804434446 490
1739717772973 0.0022176837777954555 491
1739717773001 0.01245468633946589 492
1739717773030 0.10934243347804053 493
1739717773058 0.12202363384291035 494
1739717773086 0.05482061755352745 495
1739717773114 0.17660412873750087 496
1739717773143 0.2705560058905844 497
1739717773171 0.11311600195198208 498
1739717773199 0.0023534345024680257 499
