1739715996422 166.18833737530696 0
1739715996428 166.620118579634 1
1739715996434 161.33369569872252 2
1739715996439 162.14088685072826 3
1739715996444 158.2385511474382 4
1739715996448 155.0660008142061 5
1739715996453 150.38856505967456 6
1739715996458 148.91310909256853 7
1739715996463 149.83177943607026 8
1739715996468 147.96197292546353 9
1739715996473 142.21789714367068 10
1739715996477 142.69025106216165 11
1739715996482 137.5672524560364 12
1739715996486 138.9470005890862 13
1739715996491 133.8918039817629 14
1739715996496 137.01902981723907 15
1739715996500 128.87125588483434 16
1739715996504 129.28853357651727 17
1739715996509 126.90619724762807 18
1739715996513 129.263951788978 19
1739715996518 125.25919396809381 20
1739715996523 121.64438812866318 21
1739715996528 119.98133661982087 22
1739715996532 117.14763881732324 23
1739715996537 118.41838715102182 24
1739715996541 115.48375916795221 25
1739715996546 113.89430821297769 26
1739715996551 110.5267603505755 27
1739715996555 111.66656733865149 28
1739715996560 107.0340117626833 29
1739715996565 106.40407090026 30
1739715996570 107.31704950568701 31
1739715996575 104.20793108572738 32
1739715996580 99.58064742648104 33
1739715996584 103.45081250463984 34
1739715996589 100.04087463210631 35
1739715996594 98.18701400638555 36
1739715996599 96.28087376811118 37
1739715996604 94.71356048767561 38
1739715996609 93.87777211592979 39
1739715996614 93.94447456662289 40
1739715996619 90.59271087055834 41
1739715996624 88.7599327017646 42
1739715996629 85.69524805436882 43
1739715996634 87.05606955647306 44
1739715996639 84.85638381310147 45
1739715996643 84.69697336636833 46
1739715996648 82.85447959287048 47
1739715996653 82.63529823114683 48
1739715996658 81.69088738362247 49
1739715996662 78.32219073074837 50
1739715996667 77.89472253650419 51
1739715996671 78.92233989657693 52
1739715996676 77.418439938697 53
1739715996681 73.45704101938247 54
1739715996686 72.94703654357421 55
1739715996690 73.9080581420108 56
1739715996695 71.64103911746294 57
1739715996700 70.69898192115825 58
1739715996704 69.22337456044906 59
1739715996709 69.13749274815748 60
1739715996714 67.7488206296348 61
1739715996719 65.30816882608674 62
1739715996723 65.35723237990167 63
1739715996728 63.81055262098626 64
1739715996732 63.02093634215559 65
1739715996737 63.687336699737486 66
1739715996741 61.950217953337216 67
1739715996746 60.650111742456254 68
1739715996750 60.371557961279656 69
1739715996755 59.78353589441748 70
1739715996760 57.56196686933688 71
1739715996764 56.38844262933862 72
1739715996769 56.30136448896345 73
1739715996774 57.07638061151213 74
1739715996779 55.30502261807585 75
1739715996783 53.386576123466874 76
1739715996788 53.86610970336614 77
1739715996793 52.224492519534124 78
1739715996797 52.05958210228527 79
1739715996802 49.685921923886575 80
1739715996806 50.06298170974639 81
1739715996811 49.56699683940452 82
1739715996815 48.073746773276405 83
1739715996820 48.38068529912367 84
1739715996825 47.25193548109233 85
1739715996830 46.97328714878272 86
1739715996834 45.64569859489875 87
1739715996839 45.24920014807223 88
1739715996843 43.96827838178556 89
1739715996848 42.589197751512 90
1739715996853 42.059890433321925 91
1739715996857 42.215636153059826 92
1739715996862 42.62564345574313 93
1739715996866 42.132263267957384 94
1739715996871 41.48037177275798 95
1739715996876 39.74785397260374 96
1739715996881 39.79566685055092 97
1739715996886 39.46338985892083 98
1739715996891 37.93772909522471 99
1739715996895 36.931031731202026 100
1739715996900 37.87177268536754 101
1739715996904 35.714850190612104 102
1739715996909 35.93013761506793 103
1739715996914 35.823763322271795 104
1739715996918 36.547701788171345 105
1739715996923 36.012277008764684 106
1739715996928 34.61817775904406 107
1739715996932 33.972141960389486 108
1739715996937 33.63191585802012 109
1739715996941 33.83986194508538 110
1739715996946 32.166653117803826 111
1739715996951 31.540211651938865 112
1739715996956 30.77288451369328 113
1739715996961 31.275823762115184 114
1739715996965 30.16580722764147 115
1739715996970 28.977334530494115 116
1739715996975 28.858035527066157 117
1739715996980 29.35267326133107 118
1739715996985 28.226034585958406 119
1739715996990 27.039441116457304 120
1739715996994 26.226815305287992 121
1739715996999 27.240990596141803 122
1739715997008 27.221914311964646 123
1739715997013 26.685795889081998 124
1739715997018 27.239368095188322 125
1739715997023 26.389777513930287 126
1739715997028 25.39393686793279 127
1739715997033 24.987703951961524 128
1739715997038 24.187461009109324 129
1739715997042 23.945912987274102 130
1739715997047 24.030661396385 131
1739715997051 23.18481765046648 132
1739715997056 23.70903775622744 133
1739715997060 22.816902362576233 134
1739715997065 23.4572409450033 135
1739715997070 22.483668487522067 136
1739715997074 22.38454802145163 137
1739715997079 22.64614168148257 138
1739715997083 23.166888355602392 139
1739715997088 20.635024392020497 140
1739715997092 20.339530516729386 141
1739715997097 21.278120418198874 142
1739715997102 20.254116650751794 143
1739715997107 20.222428242359662 144
1739715997112 19.405874417874692 145
1739715997116 19.60648188021938 146
1739715997121 19.627310739108644 147
1739715997125 19.747810507785697 148
1739715997130 17.99599977809994 149
1739715997135 19.055295604723618 150
1739715997140 17.629032772320862 151
1739715997145 17.500473837464316 152
1739715997150 18.28857398210983 153
1739715997155 17.437846788598666 154
1739715997159 16.974055064074538 155
1739715997164 17.050351836150316 156
1739715997169 16.002467176956937 157
1739715997173 16.192777427520067 158
1739715997178 16.138607426924764 159
1739715997183 16.21895950727419 160
1739715997187 15.316949307048692 161
1739715997192 15.498674242653568 162
1739715997197 15.222066704400195 163
1739715997202 14.332416322926338 164
1739715997207 15.13826086057616 165
1739715997211 14.337172609309668 166
1739715997216 14.745878513347352 167
1739715997220 14.11383444476269 168
1739715997225 12.924803664425788 169
1739715997231 14.594167027466382 170
1739715997236 13.2781588959244 171
1739715997240 13.111355492767645 172
1739715997245 12.530719192598303 173
1739715997250 13.06010706559285 174
1739715997254 12.153240491047743 175
1739715997259 12.42477390962922 176
1739715997264 11.528644020810079 177
1739715997268 12.452490457465888 178
1739715997273 12.021659513855218 179
1739715997279 11.918959203773298 180
1739715997283 11.818396965865618 181
1739715997288 11.141257885219552 182
1739715997293 11.11057764914126 183
1739715997297 11.778936432571715 184
1739715997302 11.060192534439627 185
1739715997306 10.46714368243025 186
1739715997311 10.724199849632038 187
1739715997315 10.245740659758136 188
1739715997320 10.782375651192726 189
1739715997325 10.010128815639419 190
1739715997329 10.406006916590222 191
1739715997334 10.1809204266471 192
1739715997339 9.808904660273534 193
1739715997343 9.259958043887739 194
1739715997348 9.714270098792282 195
1739715997353 9.620696366730904 196
1739715997357 8.904953357106997 197
1739715997362 9.214118774452347 198
1739715997367 8.16271022232739 199
1739715997372 9.602084887602455 200
1739715997376 9.309799768487585 201
1739715997381 8.621009978063801 202
1739715997386 8.567900566588408 203
1739715997390 8.302251379612587 204
1739715997395 8.723076239651235 205
1739715997400 7.971723190316482 206
1739715997404 8.311504781469557 207
1739715997409 7.757986268973791 208
1739715997414 8.208708223374332 209
1739715997419 7.136094552817238 210
1739715997423 7.462655669856032 211
1739715997428 7.721774336199808 212
1739715997432 6.7352989453290295 213
1739715997437 7.399986732860691 214
1739715997441 7.029991397935984 215
1739715997446 7.593227711198131 216
1739715997450 7.211095240225156 217
1739715997455 6.22873841980735 218
1739715997460 6.770291217911118 219
1739715997465 6.7506902287385495 220
1739715997471 7.102124599598931 221
1739715997476 6.620322850390074 222
1739715997481 6.159603153573338 223
1739715997487 6.030039358294605 224
1739715997491 6.796038805628854 225
1739715997496 5.705595985849953 226
1739715997500 6.23255866933884 227
1739715997505 6.04871306597444 228
1739715997510 5.830977540793112 229
1739715997514 5.646765407152884 230
1739715997519 5.907997478660598 231
1739715997524 5.3824689471999525 232
1739715997528 5.472306985059146 233
1739715997533 4.9000426763037055 234
1739715997537 5.795317330143859 235
1739715997542 5.239583389176261 236
1739715997546 5.492824856843332 237
1739715997551 5.401499591243359 238
1739715997555 5.319568309760229 239
1739715997560 4.9536298115969375 240
1739715997565 4.866223471256111 241
1739715997569 4.47793864368913 242
1739715997574 4.919899822818063 243
1739715997579 4.783646633359501 244
1739715997583 4.460146918917265 245
1739715997588 4.568087357114644 246
1739715997593 4.745366610830778 247
1739715997597 4.738230542171237 248
1739715997601 4.89405694570399 249
1739715997606 4.460381643097074 250
1739715997611 4.144435679216422 251
1739715997619 4.376726844556884 252
1739715997624 4.140597532414782 253
1739715997629 3.71616942133589 254
1739715997635 4.109612419773769 255
1739715997640 4.345354134870957 256
1739715997645 3.9444613944470617 257
1739715997650 3.999300056293163 258
1739715997654 3.731008210195165 259
1739715997659 3.872045237257153 260
1739715997664 3.95226434226851 261
1739715997668 4.103236554079856 262
1739715997673 3.7981748282566645 263
1739715997678 3.6019593297324883 264
1739715997683 3.540964772123206 265
1739715997688 3.3386337137060598 266
1739715997693 3.665532289417803 267
1739715997697 3.3306353815660055 268
1739715997702 3.591303185429117 269
1739715997707 3.6004892140448383 270
1739715997711 3.092203313126879 271
1739715997716 3.2904962133950444 272
1739715997720 3.4749195786198532 273
1739715997725 2.820889069744276 274
1739715997730 3.179368267082868 275
1739715997735 3.164595713969027 276
1739715997740 2.900532657717028 277
1739715997745 3.2430631143911914 278
1739715997750 2.827085791998914 279
1739715997754 2.7415648207755097 280
1739715997759 2.7151671404943114 281
1739715997764 3.0169096289415287 282
1739715997769 2.654448382078007 283
1739715997774 2.959881634107033 284
1739715997778 3.071458760611542 285
1739715997783 2.67929855775213 286
1739715997787 2.5158267074274563 287
1739715997792 2.786097819225991 288
1739715997797 2.6339199334896275 289
1739715997801 3.046678666403755 290
1739715997806 2.6671877963200012 291
1739715997811 2.7493126285942826 292
1739715997815 2.4713132236372406 293
1739715997820 2.3154706000312526 294
1739715997825 2.3972168826539133 295
1739715997830 2.209437454802024 296
1739715997835 2.3237826770324217 297
1739715997839 2.1667505437019243 298
1739715997844 2.0734003510251307 299
1739715997848 2.161378042829361 300
1739715997853 2.4454672366885455 301
1739715997858 2.0399007397998035 302
1739715997862 2.510429172572786 303
1739715997867 2.1162584393003447 304
1739715997871 2.027736997381266 305
1739715997876 1.9755970669970082 306
1739715997881 1.9667044494949173 307
1739715997885 2.335547230844114 308
1739715997890 1.9759968861135775 309
1739715997895 1.9405106833831003 310
1739715997899 1.7814971567820261 311
1739715997904 2.024611433235888 312
1739715997908 1.844468335570531 313
1739715997913 1.8624755174622767 314
1739715997917 1.8069669515880487 315
1739715997922 1.6872148726820673 316
1739715997926 1.9169509067524402 317
1739715997931 1.8443878339522533 318
1739715997935 2.003281486315596 319
1739715997940 1.8039654204346014 320
1739715997944 1.3403132741605872 321
1739715997949 1.9709424595680478 322
1739715997954 1.7802647929263444 323
1739715997958 1.7455479356319645 324
1739715997963 1.8705310575351617 325
1739715997968 1.9533666756591235 326
1739715997973 1.5909801631371254 327
1739715997979 1.6567932069321258 328
1739715997984 1.823786682596959 329
1739715997989 1.9666833357863245 330
1739715997994 1.743203829038937 331
1739715997999 1.4749423243531583 332
1739715998003 1.5743751155502108 333
1739715998014 1.559849236467702 334
1739715998020 1.4297467041559297 335
1739715998026 1.764829025433659 336
1739715998031 1.51570523447215 337
1739715998036 1.4791805642220097 338
1739715998041 1.3467977347396622 339
1739715998046 1.4026123220001048 340
1739715998050 1.2938446621031592 341
1739715998055 1.165281973010923 342
1739715998060 1.3225883129670828 343
1739715998065 1.292877623114796 344
1739715998070 1.1916819540905577 345
1739715998074 1.134134601756454 346
1739715998079 1.5882415208620106 347
1739715998084 1.146655147941732 348
1739715998089 1.2512912163820176 349
1739715998093 1.0175987267316902 350
1739715998098 1.2826372896639773 351
1739715998103 1.0601043614543513 352
1739715998107 1.1747476964399777 353
1739715998112 1.1418093612113336 354
1739715998117 1.4054522298316825 355
1739715998121 0.9859635391140569 356
1739715998126 1.1439600474980522 357
1739715998131 1.2897603434237193 358
1739715998136 1.2054713242379498 359
1739715998140 1.15361358527411 360
1739715998145 1.164425946815393 361
1739715998149 1.0654400558652894 362
1739715998154 0.979705186956748 363
1739715998159 1.072975818669388 364
1739715998164 1.00943693374259 365
1739715998170 0.9345518500162023 366
1739715998175 0.8917896731062677 367
1739715998180 0.7961526385402201 368
1739715998185 0.9827804139420211 369
1739715998190 1.049011219291298 370
1739715998195 0.9348716099165858 371
1739715998200 1.2567613049639823 372
1739715998205 1.0989494471265249 373
1739715998210 0.9427780544197866 374
1739715998215 0.9312678209703932 375
1739715998220 0.9087958255536822 376
1739715998226 1.0129149166345657 377
1739715998230 0.9052693105286407 378
1739715998235 0.9288024340222749 379
1739715998240 0.779910622861695 380
1739715998245 0.853911610505591 381
1739715998249 0.8144403007491351 382
1739715998254 0.8504522225366202 383
1739715998259 0.8631308094249223 384
1739715998264 0.9905528100564298 385
1739715998268 0.7236858899213744 386
1739715998273 0.7911386247538438 387
1739715998278 0.7606524385008969 388
1739715998282 0.8361305336622303 389
1739715998287 0.6770986427617707 390
1739715998292 0.6728905614385674 391
1739715998297 0.8745363450255518 392
1739715998302 0.8970277609646667 393
1739715998306 0.6825867934265722 394
1739715998311 0.67973353480605 395
1739715998316 0.7636062971530265 396
1739715998321 0.7234464470730234 397
1739715998325 0.7425675663016055 398
1739715998330 0.8275860807478584 399
1739715998335 0.6781808281430274 400
1739715998340 0.6479643262776673 401
1739715998344 0.8172960367520755 402
1739715998349 0.6620845447455855 403
1739715998354 0.7442411574466238 404
1739715998359 0.5790306743191418 405
1739715998364 0.9400061153221116 406
1739715998369 0.6567518949875275 407
1739715998374 0.715416609088666 408
1739715998378 0.714128620890091 409
1739715998383 0.7341985872150945 410
1739715998388 0.6256198243076976 411
1739715998392 0.7129650807419828 412
1739715998397 0.7230727322891524 413
1739715998401 0.4773758373798437 414
1739715998406 0.6118072366756097 415
1739715998410 0.5780319717660718 416
1739715998415 0.4636273698084482 417
1739715998420 0.6436803823810586 418
1739715998425 0.5725974626945022 419
1739715998429 0.4542458508733728 420
1739715998434 0.6955589099704388 421
1739715998439 0.5536286690663086 422
1739715998443 0.6658716658933664 423
1739715998448 0.5886917618905423 424
1739715998453 0.5908135816887072 425
1739715998457 0.7490822817376662 426
1739715998462 0.5158856431556288 427
1739715998466 0.46369760886019584 428
1739715998471 0.6394021186060523 429
1739715998475 0.7101345209361792 430
1739715998480 0.42117195153560233 431
1739715998485 0.4777348343872517 432
1739715998490 0.5507219999050125 433
1739715998495 0.48831629509519975 434
1739715998499 0.6357941802878518 435
1739715998504 0.47226323646991064 436
1739715998509 0.6396946218176763 437
1739715998513 0.463411902086841 438
1739715998518 0.47371183048551907 439
1739715998526 0.518103504267423 440
1739715998530 0.7942558313340895 441
1739715998535 0.33275600398609834 442
1739715998540 0.34787094160620274 443
1739715998545 0.495058345593435 444
1739715998549 0.3954095218655306 445
1739715998554 0.4782692956095865 446
1739715998558 0.36540408405297137 447
1739715998564 0.46029997018489427 448
1739715998568 0.478488881407041 449
1739715998573 0.5952392134192666 450
1739715998578 0.44924338768620337 451
1739715998583 0.5822889327518789 452
1739715998588 0.45824592000368114 453
1739715998592 0.38586191650977064 454
1739715998597 0.40216851461815006 455
1739715998602 0.46524266954711796 456
1739715998607 0.3898686176747699 457
1739715998612 0.4160436705581595 458
1739715998616 0.6218224753440359 459
1739715998621 0.3412309052834862 460
1739715998626 0.3822697244251692 461
1739715998631 0.41185226302610245 462
1739715998635 0.3426198336821362 463
1739715998640 0.39509672988148986 464
1739715998644 0.564519515750221 465
1739715998649 0.3777854282692158 466
1739715998654 0.3490743870171363 467
1739715998658 0.41289214819261977 468
1739715998663 0.41236751113003045 469
1739715998668 0.3408141400908831 470
1739715998673 0.36919372726942173 471
1739715998678 0.40095515220444594 472
1739715998683 0.4739205715495931 473
1739715998687 0.26687258248730034 474
1739715998692 0.3257438788687684 475
1739715998697 0.3262250588871413 476
1739715998702 0.3285662964546176 477
1739715998706 0.35031271519672225 478
1739715998711 0.5195705518088186 479
1739715998716 0.5092398107656014 480
1739715998720 0.3671590938815776 481
1739715998725 0.33161527089569853 482
1739715998730 0.657796578184098 483
1739715998734 0.3351899618200877 484
1739715998739 0.3754909026537432 485
1739715998744 0.39350469441555586 486
1739715998748 0.30189924155711606 487
1739715998752 0.3993208201875792 488
1739715998757 0.41824019213355923 489
1739715998762 0.34838181632750437 490
1739715998766 0.3981104890922636 491
1739715998771 0.3576200987079428 492
1739715998776 0.32108948917370256 493
1739715998780 0.24954813098877568 494
1739715998785 0.29553411222122944 495
1739715998789 0.3364042150453959 496
1739715998794 0.3346734194880366 497
1739715998799 0.35347356411209463 498
1739715998803 0.43917258567245854 499
