1739715188690 169.5236607181885 0
1739715188696 169.28677399716938 1
1739715188703 168.97924004938307 2
1739715188708 168.65098542203188 3
1739715188713 168.3169921686775 4
1739715188718 167.98175438948698 5
1739715188723 167.64661937235687 6
1739715188727 167.31199032116143 7
1739715188732 166.9779872117344 8
1739715188736 166.6446450528533 9
1739715188740 166.31197336515257 10
1739715188745 165.97997402492123 11
1739715188749 165.6486466172706 12
1739715188753 165.31799004208943 13
1739715188757 164.9880029958279 14
1739715188761 164.6586841160285 15
1739715188766 164.33003202468063 16
1739715188771 164.0020453412219 17
1739715188775 163.6747226864332 18
1739715188780 163.34806268360256 19
1739715188784 163.0220639588688 20
1739715188789 162.6967251413202 21
1739715188793 162.37204486301823 22
1739715188797 162.04802175900042 23
1739715188801 161.72465446727588 24
1739715188806 161.40194162881886 25
1739715188811 161.07988188756198 26
1739715188815 160.7584738903895 27
1739715188820 160.43771628712966 28
1739715188824 160.11760773054826 29
1739715188828 159.79814687634115 30
1739715188832 159.47933238312748 31
1739715188836 159.1611629124427 32
1739715188840 158.84363712873133 33
1739715188845 158.52675369934028 34
1739715188849 158.21051129451192 35
1739715188854 157.89490858737682 36
1739715188858 157.5799442539472 37
1739715188863 157.26561697310999 38
1739715188867 156.95192542661977 39
1739715188873 156.6388682990921 40
1739715188878 156.32644427799679 41
1739715188883 156.0146520536507 42
1739715188888 155.70349031921148 43
1739715188892 155.39295777067045 44
1739715188897 155.08305310684582 45
1739715188902 154.77377502937625 46
1739715188907 154.46512224271387 47
1739715188912 154.15709345411773 48
1739715188917 153.84968737364707 49
1739715188921 153.5429027141547 50
1739715188925 153.23673819128032 51
1739715188929 152.9311925234439 52
1739715188933 152.62626443183922 53
1739715188938 152.321952640427 54
1739715188942 152.01825587592873 55
1739715188946 151.71517286781963 56
1739715188951 151.41270234832265 57
1739715188955 151.11084305240152 58
1739715188959 150.80959371775464 59
1739715188963 150.50895308480824 60
1739715188967 150.20891989671014 61
1739715188973 149.90949289932334 62
1739715188977 149.61067084121947 63
1739715188982 149.31245247367247 64
1739715188987 149.0148365506522 65
1739715188992 148.71782182881802 66
1739715188996 148.4214070675125 67
1739715189001 148.12559102875508 68
1739715189005 147.83037247723564 69
1739715189010 147.5357501803085 70
1739715189014 147.24172290798575 71
1739715189019 146.9482894329313 72
1739715189023 146.65544853045444 73
1739715189028 146.36319897850373 74
1739715189032 146.07153955766074 75
1739715189036 145.78046905113382 76
1739715189040 145.489986244752 77
1739715189045 145.20008992695878 78
1739715189049 144.91077888880605 79
1739715189054 144.6220519239478 80
1739715189059 144.33390782863412 81
1739715189064 144.04634540170522 82
1739715189069 143.75936344458518 83
1739715189074 143.47296076127589 84
1739715189079 143.1871361583511 85
1739715189083 142.9018884449504 86
1739715189089 142.61721643277306 87
1739715189094 142.33311893607225 88
1739715189099 142.04959477164883 89
1739715189103 141.76664275884556 90
1739715189107 141.48426171954117 91
1739715189112 141.2024504781442 92
1739715189116 140.92120786158733 93
1739715189120 140.64053269932143 94
1739715189124 140.3604238233096 95
1739715189128 140.08088006802123 96
1739715189132 139.80190027042644 97
1739715189136 139.52348326999 98
1739715189140 139.24562790866557 99
1739715189145 138.9683330308899 100
1739715189149 138.69159748357706 101
1739715189153 138.4154201161126 102
1739715189158 138.13979978034791 103
1739715189163 137.8647353305944 104
1739715189168 137.59022562361778 105
1739715189172 137.31626951863234 106
1739715189177 137.0428658772953 107
1739715189181 136.7700135637011 108
1739715189185 136.49771144437574 109
1739715189189 136.2259583882711 110
1739715189194 135.95475326675933 111
1739715189198 135.6840949536273 112
1739715189202 135.41398232507083 113
1739715189206 135.1444142596893 114
1739715189211 134.87538963847996 115
1739715189216 134.60690734483228 116
1739715189220 134.3389662645226 117
1739715189225 134.07156528570857 118
1739715189230 133.80470329892344 119
1739715189235 133.53837919707075 120
1739715189240 133.27259187541884 121
1739715189244 133.0073402315953 122
1739715189249 132.7426231655815 123
1739715189253 132.4784395797072 124
1739715189257 132.21478837864527 125
1739715189261 131.9516684694058 126
1739715189266 131.6890787613313 127
1739715189270 131.42701816609096 128
1739715189274 131.1654855976753 129
1739715189278 130.90447997239093 130
1739715189283 130.64400020885512 131
1739715189287 130.3840452279905 132
1739715189292 130.12461395301975 133
1739715189297 129.86570530946028 134
1739715189301 129.60731822511903 135
1739715189306 129.34945163008703 136
1739715189310 129.09210445673435 137
1739715189315 128.83527563970463 138
1739715189319 128.57896411591005 139
1739715189324 128.32316882452605 140
1739715189328 128.06788870698605 141
1739715189333 127.81312270697634 142
1739715189337 127.55886977043092 143
1739715189343 127.30512884552624 144
1739715189348 127.05189888267621 145
1739715189352 126.79917883452684 146
1739715189356 126.54696765595143 147
1739715189361 126.29526430404512 148
1739715189365 126.04406773812006 149
1739715189370 125.79337691970018 150
1739715189374 125.54319081251624 151
1739715189378 125.2935083825006 152
1739715189383 125.0443285977824 153
1739715189387 124.79565042868238 154
1739715189392 124.54747284770784 155
1739715189396 124.29979482954782 156
1739715189400 124.05261535106793 157
1739715189404 123.80593339130547 158
1739715189409 123.55974793146443 159
1739715189414 123.3140579549105 160
1739715189420 123.06886244716628 161
1739715189425 122.82416039590619 162
1739715189430 122.57995079095164 163
1739715189435 122.33623262426619 164
1739715189439 122.09300488995049 165
1739715189443 121.85026658423756 166
1739715189449 121.60801670548791 167
1739715189454 121.36625425418467 168
1739715189459 121.12497823292871 169
1739715189469 120.88418764643386 170
1739715189473 120.64388150152216 171
1739715189478 120.40405880711894 172
1739715189482 120.16471857424818 173
1739715189487 119.92585981602753 174
1739715189491 119.68748154766385 175
1739715189495 119.44958278644809 176
1739715189501 119.2121625517509 177
1739715189505 118.97521986501776 178
1739715189510 118.73875374976419 179
1739715189514 118.50276323157118 180
1739715189519 118.26724733808047 181
1739715189524 118.0322050989898 182
1739715189528 117.79763554604841 183
1739715189533 117.56353771305217 184
1739715189537 117.32991063583914 185
1739715189542 117.09675335228486 186
1739715189546 116.86406490229768 187
1739715189550 116.63184432781429 188
1739715189555 116.40009067279502 189
1739715189559 116.16880298321928 190
1739715189563 115.93798030708102 191
1739715189567 115.70762169438419 192
1739715189571 115.47772619713814 193
1739715189576 115.24829286935312 194
1739715189581 115.01932076703578 195
1739715189585 114.79080894818459 196
1739715189589 114.56275647278542 197
1739715189593 114.33516240280704 198
1739715189598 114.1080258021966 199
1739715189602 113.88134573687519 200
1739715189607 113.65512127473342 201
1739715189611 113.42935148562691 202
1739715189615 113.204035441372 203
1739715189619 112.9791722157411 204
1739715189623 112.75476088445852 205
1739715189627 112.53080052519594 206
1739715189631 112.30729021756807 207
1739715189635 112.08422904312825 208
1739715189639 111.8616160853641 209
1739715189643 111.63945042969323 210
1739715189647 111.41773116345878 211
1739715189651 111.19645737592519 212
1739715189656 110.97562815827384 213
1739715189660 110.75524260359873 214
1739715189665 110.53529980690229 215
1739715189670 110.31579886509085 216
1739715189674 110.09673887697072 217
1739715189678 109.87811894324359 218
1739715189682 109.6599381665025 219
1739715189687 109.44219565122742 220
1739715189691 109.22489050378128 221
1739715189695 109.00802183240546 222
1739715189699 108.79158874721573 223
1739715189703 108.57559036019806 224
1739715189707 108.36002578520441 225
1739715189712 108.14489413794848 226
1739715189716 107.93019453600168 227
1739715189720 107.71592609878884 228
1739715189724 107.50208794758417 229
1739715189728 107.28867920550704 230
1739715189732 107.07569899751793 231
1739715189736 106.86314645041426 232
1739715189741 106.65102069282626 233
1739715189746 106.43932085521301 234
1739715189750 106.22804606985815 235
1739715189755 106.01719547086604 236
1739715189759 105.80676819415746 237
1739715189763 105.59676337746576 238
1739715189767 105.3871801603327 239
1739715189771 105.1780176841044 240
1739715189775 104.96927509192746 241
1739715189779 104.76095152874478 242
1739715189783 104.55304614129162 243
1739715189787 104.34555807809166 244
1739715189792 104.13848648945296 245
1739715189796 103.93183052746393 246
1739715189799 103.72558934598952 247
1739715189803 103.51976210066718 248
1739715189807 103.31434794890285 249
1739715189811 103.10934604986717 250
1739715189815 102.90475556449138 251
1739715189819 102.70057565546367 252
1739715189823 102.49680548722493 253
1739715189827 102.29344422596519 254
1739715189831 102.09049103961944 255
1739715189835 101.88794509786408 256
1739715189839 101.68580557211266 257
1739715189844 101.48407163551241 258
1739715189849 101.28274246294013 259
1739715189854 101.08181723099851 260
1739715189858 100.88129511801215 261
1739715189862 100.68117530402391 262
1739715189866 100.48145697079096 263
1739715189871 100.28213930178109 264
1739715189875 100.08322148216885 265
1739715189880 99.8847026988318 266
1739715189884 99.68658214034669 267
1739715189892 99.4888589969858 268
1739715189897 99.29153246071313 269
1739715189902 99.09460172518058 270
1739715189907 98.89806598572436 271
1739715189912 98.70192443936118 272
1739715189917 98.50617628478456 273
1739715189921 98.31082072236106 274
1739715189926 98.11585695412674 275
1739715189930 97.92128418378327 276
1739715189934 97.72710161669443 277
1739715189939 97.53330845988232 278
1739715189943 97.33990392202375 279
1739715189947 97.14688721344659 280
1739715189952 96.95425754612609 281
1739715189957 96.76201413368132 282
1739715189961 96.57015619137147 283
1739715189966 96.37868293609226 284
1739715189970 96.18759358637237 285
1739715189974 95.99688736236976 286
1739715189978 95.80656348586817 287
1739715189982 95.61662118027348 288
1739715189986 95.42705967061015 289
1739715189990 95.23787818351764 290
1739715189994 95.049075947247 291
1739715189998 94.86065219165705 292
1739715190002 94.67260614821107 293
1739715190006 94.4849370499732 294
1739715190010 94.29764413160494 295
1739715190015 94.11072662936155 296
1739715190020 93.92418378108867 297
1739715190024 93.73801482621877 298
1739715190028 93.55221900576763 299
1739715190032 93.36679556233094 300
1739715190037 93.18174374008075 301
1739715190041 92.99706278476211 302
1739715190045 92.81275194368946 303
1739715190049 92.62881046574343 304
1739715190054 92.44523760136713 305
1739715190058 92.26203260256291 306
1739715190062 92.07919472288887 307
1739715190066 91.8967232174555 308
1739715190070 91.71461734292221 309
1739715190074 91.53287635749399 310
1739715190079 91.35149952091798 311
1739715190082 91.17048609448017 312
1739715190087 90.98983534100194 313
1739715190091 90.80954652483672 314
1739715190095 90.62961891186671 315
1739715190099 90.45005176949948 316
1739715190104 90.2708443666646 317
1739715190108 90.09199597381038 318
1739715190112 89.91350586290052 319
1739715190116 89.73537330741074 320
1739715190121 89.55759758232563 321
1739715190125 89.3801779641352 322
1739715190129 89.2031137308316 323
1739715190134 89.02640416190603 324
1739715190138 88.85004853834516 325
1739715190142 88.67404614262819 326
1739715190146 88.49839625872328 327
1739715190150 88.3230981720846 328
1739715190154 88.14815116964886 329
1739715190158 87.97355453983218 330
1739715190163 87.79930757252687 331
1739715190167 87.62540955909817 332
1739715190170 87.45185979238106 333
1739715190175 87.27865756667704 334
1739715190179 87.10580217775103 335
1739715190183 86.93329292282799 336
1739715190187 86.76112910058997 337
1739715190191 86.58931001117276 338
1739715190195 86.41783495616282 339
1739715190200 86.24670323859407 340
1739715190204 86.07591416294483 341
1739715190208 85.90546703513452 342
1739715190212 85.73536116252072 343
1739715190216 85.56559585389587 344
1739715190220 85.3961704194843 345
1739715190224 85.22708417093898 346
1739715190228 85.05833642133851 347
1739715190232 84.88992648518405 348
1739715190236 84.72185367839604 349
1739715190241 84.55411731831141 350
1739715190245 84.38671672368027 351
1739715190250 84.21965121466296 352
1739715190254 84.05292011282688 353
1739715190259 83.88652274114362 354
1739715190263 83.72045842398576 355
1739715190267 83.55472648712386 356
1739715190272 83.38932625772345 357
1739715190276 83.22425706434207 358
1739715190281 83.0595182369261 359
1739715190286 82.89510910680794 360
1739715190290 82.7310290067028 361
1739715190294 82.5672772707059 362
1739715190299 82.40385323428937 363
1739715190303 82.2407562342993 364
1739715190308 82.07798560895273 365
1739715190312 81.91554069783477 366
1739715190316 81.75342084189556 367
1739715190320 81.59162538344734 368
1739715190324 81.4301536661615 369
1739715190328 81.26900503506567 370
1739715190333 81.10817883654082 371
1739715190337 80.94767441831819 372
1739715190342 80.78749112947649 373
1739715190346 80.62762832043903 374
1739715190350 80.46808534297068 375
1739715190354 80.30886155017512 376
1739715190359 80.14995629649181 377
1739715190363 79.99136893769314 378
1739715190368 79.83309883088174 379
1739715190372 79.67514533448733 380
1739715190376 79.51750780826397 381
1739715190380 79.36018561328729 382
1739715190384 79.20317811195156 383
1739715190388 79.04648466796681 384
1739715190393 78.8901046463561 385
1739715190397 78.73403741345254 386
1739715190401 78.57828233689665 387
1739715190405 78.42283878563339 388
1739715190409 78.26770612990946 389
1739715190414 78.11288374127042 390
1739715190418 77.95837099255792 391
1739715190422 77.80416725790693 392
1739715190426 77.6502719127429 393
1739715190430 77.49668433377909 394
1739715190434 77.3434038990137 395
1739715190438 77.1904299877271 396
1739715190442 77.03776198047916 397
1739715190446 76.88539925910646 398
1739715190451 76.73334120671949 399
1739715190456 76.58158720770001 400
1739715190461 76.43013664769823 401
1739715190465 76.27898891363016 402
1739715190476 76.12814339367478 403
1739715190481 75.97759947727154 404
1739715190485 75.82735655511735 405
1739715190490 75.67741401916416 406
1739715190494 75.52777126261616 407
1739715190499 75.37842767992699 408
1739715190503 75.2293826667972 409
1739715190507 75.08063562017158 410
1739715190512 74.93218593823643 411
1739715190516 74.78403302041683 412
1739715190520 74.63617626737414 413
1739715190524 74.48861508100327 414
1739715190528 74.34134886443002 415
1739715190533 74.19437702200847 416
1739715190538 74.04769895931834 417
1739715190542 73.90131408316238 418
1739715190546 73.7552218015637 419
1739715190550 73.60942152376327 420
1739715190555 73.46391266021718 421
1739715190559 73.31869462259408 422
1739715190564 73.1737668237727 423
1739715190568 73.02912867783905 424
1739715190573 72.88477960008402 425
1739715190577 72.74071900700069 426
1739715190581 72.5969463162819 427
1739715190586 72.45346094681744 428
1739715190590 72.31026231869178 429
1739715190594 72.16734985318129 430
1739715190598 72.02472297275183 431
1739715190602 71.88238110105614 432
1739715190606 71.7403236629313 433
1739715190610 71.59855008439628 434
1739715190615 71.4570597926493 435
1739715190619 71.31585221606544 436
1739715190623 71.174926784194 437
1739715190627 71.0342829277561 438
1739715190631 70.89392007864208 439
1739715190635 70.75383766990915 440
1739715190640 70.61403513577869 441
1739715190644 70.47451191163405 442
1739715190648 70.33526743401775 443
1739715190652 70.19630114062926 444
1739715190657 70.05761247032244 445
1739715190661 69.91920086310304 446
1739715190666 69.78106576012634 447
1739715190670 69.64320660369462 448
1739715190674 69.50562283725475 449
1739715190678 69.36831390539574 450
1739715190682 69.23127925384637 451
1739715190687 69.09451832947262 452
1739715190691 68.95803058027542 453
1739715190695 68.82181545538815 454
1739715190700 68.68587240507415 455
1739715190704 68.55020088072453 456
1739715190708 68.41480033485553 457
1739715190712 68.27967022110626 458
1739715190717 68.14480999423635 459
1739715190720 68.01021911012346 460
1739715190724 67.87589702576096 461
1739715190729 67.74184319925556 462
1739715190733 67.60805708982488 463
1739715190737 67.47453815779527 464
1739715190742 67.34128586459917 465
1739715190746 67.20829967277305 466
1739715190750 67.07557904595483 467
1739715190754 66.94312344888175 468
1739715190759 66.81093234738782 469
1739715190763 66.6790052084017 470
1739715190768 66.54734149994425 471
1739715190772 66.4159406911262 472
1739715190776 66.28480225214591 473
1739715190781 66.15392565428708 474
1739715190785 66.02331036991632 475
1739715190789 65.89295587248098 476
1739715190793 65.7628616365068 477
1739715190797 65.63302713759565 478
1739715190802 65.50345185242324 479
1739715190806 65.37413525873681 480
1739715190810 65.2450768353529 481
1739715190814 65.11627606215511 482
1739715190818 64.98773242009175 483
1739715190823 64.85944539117368 484
1739715190827 64.73141445847197 485
1739715190831 64.60363910611579 486
1739715190835 64.47611881929 487
1739715190839 64.34885308423301 488
1739715190843 64.2218413882346 489
1739715190847 64.09508321963355 490
1739715190851 63.968578067815585 491
1739715190855 63.84232542321104 492
1739715190859 63.716324777292684 493
1739715190863 63.590575622573546 494
1739715190867 63.46507745260467 495
1739715190871 63.339829761972965 496
1739715190875 63.21483204629901 497
1739715190879 63.09008380223479 498
1739715190883 62.96558452746163 499
