1739716088868 39.63738490934083 0
1739716088881 9.704776828534058 1
1739716088887 2.1897432215109744 2
1739716088893 0.6089001978983415 3
1739716088899 0.23083521386961173 4
1739716088905 0.11226899707851408 5
1739716088911 0.05595644242154655 6
1739716088916 0.07661377672040379 7
1739716088922 0.08196663407144382 8
1739716088928 0.17604337025198163 9
1739716088933 0.14735880009427418 10
1739716088938 0.12947095945897844 11
1739716088944 0.15662046167554683 12
1739716088949 0.1584040062315583 13
1739716088955 0.1126053494027689 14
1739716088960 0.12025004126657256 15
1739716088966 0.11490538703069608 16
1739716088971 0.07275482877401282 17
1739716088977 0.08253739624493084 18
1739716088982 0.10373245585412101 19
1739716088988 0.08895691096836555 20
1739716088993 0.08535570382533486 21
1739716088998 0.1028264215213103 22
1739716089004 0.09216748712965911 23
1739716089009 0.10522808572340811 24
1739716089014 0.0992133331675238 25
1739716089020 0.06924985093297542 26
1739716089026 0.08755598017785272 27
1739716089032 0.10119080360190418 28
1739716089037 0.09233503649428057 29
1739716089042 0.0690138830808162 30
1739716089048 0.12004940095773586 31
1739716089053 0.06669942290322192 32
1739716089060 0.07184120967811806 33
1739716089066 0.08446246088170774 34
1739716089072 0.08299248780194259 35
1739716089078 0.07844987584639962 36
1739716089084 0.09958438389959899 37
1739716089089 0.09418357123847641 38
1739716089095 0.08204013105682834 39
1739716089121 0.06883170226263738 40
1739716089137 0.10291954198306859 41
1739716089143 0.05800000815410161 42
1739716089149 0.10101504737225606 43
1739716089155 0.09639876805111917 44
1739716089160 0.08104650857015316 45
1739716089166 0.07823141230469234 46
1739716089172 0.19561340978755273 47
1739716089178 0.0956889638276899 48
1739716089183 0.06789112367721833 49
1739716089189 0.06897435505774314 50
1739716089195 0.07918950914468048 51
1739716089201 0.06536783510170115 52
1739716089207 0.059636570820857174 53
1739716089212 0.07791364993698502 54
1739716089217 0.12793538018701778 55
1739716089222 0.05567903610207569 56
1739716089228 0.07543153375825272 57
1739716089234 0.09141592550105497 58
1739716089239 0.07184753925570206 59
1739716089244 0.08127047170497591 60
1739716089250 0.11918406375994887 61
1739716089255 0.059014347879806736 62
1739716089260 0.07037032888788333 63
1739716089266 0.07079086753609462 64
1739716089271 0.10652376840182398 65
1739716089277 0.07635846913296088 66
1739716089282 0.0956836096470666 67
1739716089288 0.05228259284392896 68
1739716089293 0.1495900949412652 69
1739716089298 0.08984445310393854 70
1739716089304 0.0651869850242871 71
1739716089309 0.06141944253662593 72
1739716089315 0.04495054314834136 73
1739716089320 0.0761458767464324 74
1739716089326 0.06517777396997815 75
1739716089331 0.0675239896767587 76
1739716089336 0.08074709647902498 77
1739716089341 0.0672250121093226 78
1739716089347 0.0633815708850863 79
1739716089354 0.0810888438197234 80
1739716089360 0.041598970324090746 81
1739716089365 0.19693687924727818 82
1739716089371 0.09375097246291623 83
1739716089377 0.0764901178550736 84
1739716089382 0.11693655739858594 85
1739716089388 0.06917299127820725 86
1739716089393 0.06004428834175407 87
1739716089399 0.0718219218945884 88
1739716089404 0.07503447893577729 89
1739716089410 0.08894657107714604 90
1739716089416 0.08264520153333942 91
1739716089421 0.062330488121196403 92
1739716089427 0.137784658319405 93
1739716089432 0.07897366714802016 94
1739716089437 0.07751209675609053 95
1739716089443 0.08579092215741521 96
1739716089448 0.08150602201868618 97
1739716089454 0.11129485244489577 98
1739716089459 0.06160061327300963 99
1739716089464 0.05804571666349763 100
1739716089469 0.10639791842927467 101
1739716089475 0.06290078935112822 102
1739716089480 0.0801282517084671 103
1739716089486 0.08098906911295278 104
1739716089491 0.06073895579384904 105
1739716089497 0.10360305168793488 106
1739716089502 0.0789258004522622 107
1739716089507 0.08736846921058734 108
1739716089513 0.06087823852410969 109
1739716089518 0.13217512527410435 110
1739716089524 0.11629972540822274 111
1739716089530 0.06380700348275974 112
1739716089535 0.11740244463047765 113
1739716089541 0.06434929184316411 114
1739716089546 0.10444340308648443 115
1739716089551 0.07428826171346573 116
1739716089557 0.0928661883082662 117
1739716089563 0.06591395761461627 118
1739716089569 0.06015283481166203 119
1739716089575 0.07243948247764966 120
1739716089580 0.07371074491800238 121
1739716089585 0.10505435618518344 122
1739716089591 0.07121692596263123 123
1739716089596 0.06968696914126758 124
1739716089601 0.16708293254414072 125
1739716089607 0.096025785329535 126
1739716089612 0.1040680404443866 127
1739716089618 0.10706764453005027 128
