1739715225417 169.5236607181885 0
1739715225422 169.49979566883695 1
1739715225427 169.46877567018123 2
1739715225432 169.43561441040396 3
1739715225437 169.40181607512406 4
1739715225442 169.36783193232898 5
1739715225446 169.33379736427554 6
1739715225451 169.29975298523482 7
1739715225455 169.26571097848037 8
1739715225459 169.23167499781312 9
1739715225464 169.19764613814098 10
1739715225468 169.1636247266891 11
1739715225473 169.12961086037322 12
1739715225477 169.09560456701536 13
1739715225482 169.06160585370932 14
1739715225486 169.02761472133056 15
1739715225490 168.9936311688893 16
1739715225494 168.9596551948366 17
1739715225498 168.92568679745597 18
1739715225503 168.891725974981 19
1739715225507 168.8577727256306 20
1739715225512 168.8238270476197 21
1739715225516 168.7898889391621 22
1739715225520 168.75595839847188 23
1739715225524 168.72203542376332 24
1739715225528 168.68812001325105 25
1739715225532 168.65421216515023 26
1739715225537 168.6203118776765 27
1739715225541 168.5864191490458 28
1739715225545 168.55253397747464 29
1739715225549 168.5186563611799 30
1739715225552 168.48478629837896 31
1739715225557 168.45092378728958 32
1739715225562 168.41706882613005 33
1739715225566 168.383221413119 34
1739715225570 168.3493815464756 35
1739715225575 168.31554922441944 36
1739715225580 168.28172444517054 37
1739715225585 168.24790720694924 38
1739715225589 168.2140975079766 39
1739715225593 168.18029534647388 40
1739715225597 168.14650072066294 41
1739715225601 168.11271362876596 42
1739715225605 168.07893406900564 43
1739715225609 168.04516203960506 44
1739715225614 168.01139753878783 45
1739715225619 167.977640564778 46
1739715225623 167.94389111579994 47
1739715225627 167.91014919007858 48
1739715225632 167.87641478583922 49
1739715225636 167.84268790130767 50
1739715225641 167.80896853471015 51
1739715225645 167.77525668427327 52
1739715225649 167.74155234822425 53
1739715225654 167.70785552479052 54
1739715225658 167.6741662122001 55
1739715225662 167.64048440868143 56
1739715225666 167.60681011246342 57
1739715225670 167.5731433217753 58
1739715225674 167.53948403484685 59
1739715225679 167.5058322499083 60
1739715225683 167.47218796519024 61
1739715225687 167.43855117892383 62
1739715225691 167.40492188934044 63
1739715225696 167.37130009467214 64
1739715225700 167.3376857931513 65
1739715225705 167.30407898301078 66
1739715225710 167.2704796624838 67
1739715225714 167.23688782980412 68
1739715225719 167.2033034832059 69
1739715225723 167.1697266209237 70
1739715225728 167.1361572411926 71
1739715225732 167.10259534224807 72
1739715225737 167.06904092232602 73
1739715225741 167.03549397966282 74
1739715225745 167.00195451249525 75
1739715225749 166.96842251906057 76
1739715225754 166.9348979975964 77
1739715225759 166.9013809463409 78
1739715225763 166.8678713635326 79
1739715225768 166.83436924741056 80
1739715225773 166.8008745962141 81
1739715225777 166.76738740818314 82
1739715225781 166.73390768155807 83
1739715225786 166.70043541457946 84
1739715225790 166.66697060548867 85
1739715225795 166.63351325252717 86
1739715225799 166.60006335393712 87
1739715225804 166.566620907961 88
1739715225808 166.5331859128417 89
1739715225812 166.49975836682268 90
1739715225817 166.4663382681476 91
1739715225821 166.43292561506087 92
1739715225826 166.3995204058071 93
1739715225830 166.36612263863142 94
1739715225834 166.33273231177938 95
1739715225838 166.29934942349698 96
1739715225842 166.26597397203065 97
1739715225847 166.23260595562732 98
1739715225855 166.19924537253414 99
1739715225859 166.16589222099904 100
1739715225863 166.1325464992701 101
1739715225867 166.09920820559594 102
1739715225874 166.06587733822556 103
1739715225881 166.03255389540857 104
1739715225886 165.9992378753948 105
1739715225891 165.96592927643462 106
1739715225896 165.93262809677887 107
1739715225900 165.89933433467868 108
1739715225905 165.86604798838587 109
1739715225910 165.8327690561524 110
1739715225915 165.79949753623086 111
1739715225920 165.7662334268742 112
1739715225924 165.73297672633586 113
1739715225929 165.69972743286962 114
1739715225934 165.66648554472985 115
1739715225938 165.6332510601712 116
1739715225942 165.60002397744879 117
1739715225947 165.56680429481824 118
1739715225952 165.53359201053553 119
1739715225956 165.50038712285715 120
1739715225961 165.46718963003988 121
1739715225966 165.43399953034117 122
1739715225971 165.40081682201867 123
1739715225976 165.36764150333062 124
1739715225981 165.3344735725356 125
1739715225989 165.30131302789266 126
1739715225994 165.26815986766124 127
1739715225999 165.23501409010137 128
1739715226004 165.20187569347334 129
1739715226008 165.16874467603787 130
1739715226013 165.13562103605622 131
1739715226018 165.10250477179008 132
1739715226022 165.06939588150146 133
1739715226026 165.03629436345287 134
1739715226030 165.0032002159073 135
1739715226034 164.97011343712813 136
1739715226039 164.93703402537915 137
1739715226043 164.90396197892457 138
1739715226047 164.8708972960291 139
1739715226051 164.8378399749578 140
1739715226055 164.80479001397626 141
1739715226059 164.77174741135042 142
1739715226063 164.73871216534664 143
1739715226067 164.7056842742318 144
1739715226072 164.67266373627317 145
1739715226077 164.6396505497384 146
1739715226081 164.60664471289564 147
1739715226086 164.57364622401343 148
1739715226090 164.54065508136074 149
1739715226095 164.50767128320703 150
1739715226100 164.47469482782208 151
1739715226104 164.44172571347622 152
1739715226108 164.40876393844016 153
1739715226113 164.375809500985 154
1739715226117 164.34286239938234 155
1739715226122 164.30992263190413 156
1739715226126 164.27699019682282 157
1739715226131 164.24406509241126 158
1739715226135 164.21114731694277 159
1739715226139 164.17823686869102 160
1739715226143 164.14533374593017 161
1739715226147 164.1124379469348 162
1739715226151 164.07954946997987 163
1739715226155 164.04666831334086 164
1739715226160 164.01379447529365 165
1739715226164 163.98092795411446 166
1739715226168 163.9480687480801 167
1739715226172 163.91521685546758 168
1739715226177 163.88237227455454 169
1739715226182 163.84953500361905 170
1739715226186 163.81670504093947 171
1739715226191 163.7838823847947 172
1739715226195 163.75106703346398 173
1739715226199 163.71825898522707 174
1739715226204 163.68545823836402 175
1739715226208 163.65266479115556 176
1739715226213 163.6198786418825 177
1739715226217 163.58709978882646 178
1739715226222 163.5543282302691 179
1739715226226 163.52156396449283 180
1739715226231 163.48880698978036 181
1739715226235 163.45605730441477 182
1739715226240 163.42331490667962 183
1739715226244 163.39057979485887 184
1739715226248 163.35785196723705 185
1739715226252 163.32513142209888 186
1739715226256 163.29241815772968 187
1739715226260 163.25971217241514 188
1739715226264 163.22701346444134 189
1739715226269 163.1943220320949 190
1739715226273 163.16163787366278 191
1739715226278 163.12896098743227 192
1739715226283 163.0962913716913 193
1739715226287 163.06362902472807 194
1739715226292 163.03097394483132 195
1739715226296 162.99832613029008 196
1739715226300 162.96568557939386 197
1739715226304 162.93305229043264 198
1739715226308 162.90042626169682 199
1739715226313 162.86780749147724 200
1739715226317 162.83519597806497 201
1739715226321 162.80259171975177 202
1739715226325 162.76999471482966 203
1739715226330 162.73740496159124 204
1739715226334 162.7048224583293 205
1739715226338 162.6722472033373 206
1739715226342 162.63967919490892 207
1739715226346 162.6071184313384 208
1739715226351 162.5745649109203 209
1739715226354 162.5420186319498 210
1739715226360 162.50947959272222 211
1739715226364 162.4769477915335 212
1739715226368 162.44442322667996 213
1739715226372 162.41190589645836 214
1739715226376 162.37939579916582 215
1739715226381 162.34689293309992 216
1739715226385 162.31439729655872 217
1739715226389 162.28190888784056 218
1739715226394 162.2494277052444 219
1739715226398 162.21695374706937 220
1739715226402 162.1844870116153 221
1739715226406 162.15202749718222 222
1739715226411 162.11957520207076 223
1739715226415 162.08713012458176 224
1739715226419 162.0546922630167 225
1739715226423 162.02226161567734 226
1739715226427 161.98983818086595 227
1739715226431 161.95742195688516 228
1739715226435 161.92501294203802 229
1739715226440 161.89261113462808 230
1739715226444 161.86021653295919 231
1739715226449 161.82782913533572 232
1739715226453 161.79544894006239 233
1739715226457 161.76307594544446 234
1739715226461 161.73071014978746 235
1739715226466 161.69835155139742 236
1739715226471 161.6660001485808 237
1739715226475 161.6336559396444 238
1739715226479 161.60131892289562 239
1739715226484 161.56898909664207 240
1739715226488 161.53666645919185 241
1739715226492 161.5043510088536 242
1739715226496 161.4720427439362 243
1739715226501 161.4397416627491 244
1739715226506 161.40744776360205 245
1739715226510 161.37516104480528 246
1739715226515 161.34288150466946 247
1739715226519 161.31060914150564 248
1739715226523 161.27834395362527 249
1739715226527 161.24608593934028 250
1739715226531 161.21383509696298 251
1739715226535 161.1815914248061 252
1739715226539 161.14935492118283 253
1739715226544 161.1171255844067 254
1739715226548 161.0849034127917 255
1739715226552 161.05268840465234 256
1739715226556 161.02048055830335 257
1739715226560 160.98827987206002 258
1739715226564 160.95608634423797 259
1739715226568 160.92389997315334 260
1739715226573 160.89172075712264 261
1739715226577 160.85954869446277 262
1739715226582 160.82738378349106 263
1739715226586 160.79522602252527 264
1739715226591 160.7630754098836 265
1739715226595 160.73093194388463 266
1739715226600 160.69879562284737 267
1739715226604 160.66666644509124 268
1739715226608 160.6345444089361 269
1739715226612 160.60242951270223 270
1739715226621 160.57032175471022 271
1739715226625 160.53822113328127 272
1739715226630 160.50612764673681 273
1739715226634 160.47404129339884 274
1739715226639 160.44196207158967 275
1739715226644 160.40988997963206 276
1739715226648 160.37782501584923 277
1739715226652 160.34576717856467 278
1739715226657 160.31371646610248 279
1739715226661 160.28167287678704 280
1739715226666 160.24963640894327 281
1739715226670 160.21760706089634 282
1739715226674 160.18558483097195 283
1739715226678 160.15356971749617 284
1739715226682 160.12156171879556 285
1739715226687 160.08956083319697 286
1739715226691 160.0575670590278 287
1739715226696 160.02558039461582 288
1739715226700 159.99360083828904 289
1739715226705 159.9616283883762 290
1739715226709 159.9296630432062 291
1739715226713 159.89770480110852 292
1739715226717 159.86575366041293 293
1739715226722 159.8338096194497 294
1739715226726 159.80187267654944 295
1739715226730 159.76994283004328 296
1739715226735 159.7380200782626 297
1739715226739 159.7061044195394 298
1739715226743 159.6741958522059 299
1739715226747 159.6422943745949 300
1739715226752 159.61039998503955 301
1739715226756 159.57851268187326 302
1739715226760 159.5466324634301 303
1739715226764 159.51475932804445 304
1739715226769 159.482893274051 305
1739715226773 159.45103429978508 306
1739715226777 159.41918240358225 307
1739715226781 159.3873375837785 308
1739715226785 159.35549983871033 309
1739715226790 159.32366916671455 310
1739715226794 159.29184556612842 311
1739715226798 159.26002903528968 312
1739715226802 159.2282195725363 313
1739715226807 159.1964171762069 314
1739715226811 159.16462184464035 315
1739715226815 159.132833576176 316
1739715226820 159.10105236915354 317
1739715226824 159.06927822191312 318
1739715226829 159.03751113279532 319
1739715226833 159.00575110014117 320
1739715226837 158.97399812229196 321
1739715226841 158.94225219758954 322
1739715226845 158.91051332437607 323
1739715226850 158.87878150099422 324
1739715226854 158.84705672578696 325
1739715226861 158.8153389970978 326
1739715226865 158.78362831327058 327
1739715226869 158.7519246726495 328
1739715226873 158.72022807357925 329
1739715226877 158.68853851440494 330
1739715226881 158.65685599347208 331
1739715226885 158.62518050912647 332
1739715226890 158.59351205971456 333
1739715226894 158.56185064358297 334
1739715226899 158.53019625907888 335
1739715226903 158.4985489045498 336
1739715226907 158.4669085783437 337
1739715226912 158.43527527880892 338
1739715226916 158.4036490042943 339
1739715226920 158.3720297531489 340
1739715226924 158.34041752372244 341
1739715226929 158.30881231436484 342
1739715226933 158.27721412342652 343
1739715226937 158.2456229492583 344
1739715226941 158.21403879021142 345
1739715226946 158.1824616446375 346
1739715226950 158.15089151088853 347
1739715226955 158.11932838731707 348
1739715226959 158.08777227227586 349
1739715226963 158.05622316411825 350
1739715226968 158.0246810611979 351
1739715226994 157.99314596186886 352
1739715226999 157.96161786448565 353
1739715227004 157.93009676740314 354
1739715227008 157.8985826689767 355
1739715227012 157.86707556756198 356
1739715227017 157.8355754615151 357
1739715227021 157.80408234919267 358
1739715227027 157.77259622895156 359
1739715227031 157.74111709914908 360
1739715227035 157.70964495814306 361
1739715227040 157.6781798042916 362
1739715227046 157.64672163595327 363
1739715227050 157.6152704514871 364
1739715227055 157.5838262492524 365
1739715227059 157.552389027609 366
1739715227063 157.52095878491707 367
1739715227067 157.48953551953716 368
1739715227072 157.45811922983032 369
1739715227076 157.42670991415795 370
1739715227080 157.3953075708819 371
1739715227084 157.36391219836437 372
1739715227089 157.33252379496795 373
1739715227093 157.30114235905572 374
1739715227098 157.26976788899108 375
1739715227102 157.23840038313796 376
1739715227106 157.20703983986047 377
1739715227110 157.17568625752335 378
1739715227114 157.14433963449164 379
1739715227118 157.11299996913078 380
1739715227123 157.08166725980672 381
1739715227127 157.05034150488567 382
1739715227131 157.01902270273428 383
1739715227135 156.9877108517197 384
1739715227139 156.9564059502094 385
1739715227143 156.92510799657123 386
1739715227148 156.89381698917353 387
1739715227152 156.86253292638497 388
1739715227157 156.8312558065747 389
1739715227162 156.79998562811215 390
1739715227167 156.76872238936733 391
1739715227173 156.73746608871045 392
1739715227177 156.70621672451233 393
1739715227181 156.674974295144 394
1739715227186 156.64373879897707 395
1739715227190 156.6125102343834 396
1739715227195 156.58128859973542 397
1739715227200 156.5500738934057 398
1739715227205 156.51886611376753 399
1739715227210 156.48766525919442 400
1739715227214 156.45647132806022 401
1739715227218 156.42528431873941 402
1739715227223 156.39410422960668 403
1739715227228 156.36293105903718 404
1739715227232 156.33176480540644 405
1739715227237 156.3006054670905 406
1739715227241 156.26945304246556 407
1739715227245 156.23830752990852 408
1739715227250 156.20716892779652 409
1739715227254 156.17603723450708 410
1739715227259 156.14491244841824 411
1739715227264 156.11379456790826 412
1739715227268 156.08268359135602 413
1739715227272 156.05157951714057 414
1739715227276 156.0204823436416 415
1739715227280 155.98939206923902 416
1739715227284 155.9583086923132 417
1739715227288 155.92723221124493 418
1739715227293 155.89616262441538 419
1739715227297 155.86509993020613 420
1739715227302 155.83404412699923 421
1739715227306 155.80299521317687 422
1739715227311 155.771953187122 423
1739715227315 155.74091804721772 424
1739715227319 155.70988979184764 425
1739715227324 155.6788684193957 426
1739715227328 155.64785392824638 427
1739715227332 155.61684631678432 428
1739715227337 155.5858455833947 429
1739715227341 155.55485172646326 430
1739715227345 155.52386474437583 431
1739715227349 155.4928846355188 432
1739715227353 155.46191139827906 433
1739715227358 155.43094503104362 434
1739715227362 155.39998553220016 435
1739715227366 155.36903290013657 436
1739715227370 155.33808713324137 437
1739715227373 155.30714822990322 438
1739715227377 155.27621618851126 439
1739715227382 155.24529100745514 440
1739715227386 155.2143726851248 441
1739715227390 155.18346121991058 442
1739715227394 155.15255661020328 443
1739715227399 155.12165885439404 444
1739715227403 155.09076795087438 445
1739715227407 155.05988389803636 446
1739715227411 155.02900669427223 447
1739715227415 154.9981363379748 448
1739715227419 154.96727282753724 449
1739715227423 154.93641616135307 450
1739715227427 154.9055663378162 451
1739715227431 154.874723355321 452
1739715227435 154.84388721226225 453
1739715227439 154.81305790703507 454
1739715227443 154.7822354380349 455
1739715227447 154.75141980365783 456
1739715227451 154.72061100230007 457
1739715227455 154.68980903235837 458
1739715227459 154.6590138922299 459
1739715227476 154.62822558031212 460
1739715227486 154.59744409500297 461
1739715227494 154.56666943470077 462
1739715227499 154.53590159780418 463
1739715227503 154.50514058271236 464
1739715227507 154.4743863878248 465
1739715227512 154.44363901154136 466
1739715227516 154.41289845226234 467
1739715227521 154.38216470838847 468
1739715227526 154.3514377783208 469
1739715227530 154.3207176604608 470
1739715227535 154.29000435321032 471
1739715227539 154.25929785497163 472
1739715227544 154.22859816414748 473
1739715227548 154.19790527914088 474
1739715227552 154.16721919835524 475
1739715227557 154.1365399201944 476
1739715227562 154.10586744306272 477
1739715227567 154.07520176536468 478
1739715227571 154.04454288550545 479
1739715227575 154.01389080189034 480
1739715227580 153.98324551292527 481
1739715227584 153.95260701701636 482
1739715227589 153.92197531257028 483
1739715227593 153.89135039799405 484
1739715227598 153.860732271695 485
1739715227610 153.83012093208097 486
1739715227626 153.7995163775601 487
1739715227635 153.76891860654106 488
1739715227640 153.7383276174327 489
1739715227645 153.70774340864443 490
1739715227650 153.67716597858606 491
1739715227654 153.64659532566768 492
1739715227658 153.61603144829985 493
1739715227663 153.5854743448935 494
1739715227667 153.55492401385993 495
1739715227672 153.52438045361097 496
1739715227676 153.49384366255862 497
1739715227681 153.46331363911543 498
1739715227686 153.4327903816943 499
