1739721941109 157.95283301067977 0
1739721941116 148.47540818733174 1
1739721941123 139.29550976272728 2
1739721941129 129.84575908793434 3
1739721941136 130.34388113663942 4
1739721941141 113.15089638590293 5
1739721941147 108.22534874573043 6
1739721941153 98.59548803800956 7
1739721941159 92.96224365114715 8
1739721941165 89.63435111840877 9
1739721941170 89.18826161817574 10
1739721941175 79.40358434487719 11
1739721941180 73.88923854089859 12
1739721941187 77.6737896858484 13
1739721941192 64.03018430870874 14
1739721941198 65.28212125357926 15
1739721941203 61.63412003885639 16
1739721941209 57.26541934783732 17
1739721941214 52.494959608276986 18
1739721941218 49.01413502899293 19
1739721941224 46.2203672461933 20
1739721941229 40.61611918126817 21
1739721941234 36.35191162288847 22
1739721941239 37.27962815910813 23
1739721941244 33.87651518864154 24
1739721941249 31.673403256001293 25
1739721941254 30.824164088634614 26
1739721941260 27.706216435705947 27
1739721941265 27.04771506591143 28
1739721941270 25.964416582856675 29
1739721941275 23.442612186313447 30
1739721941281 21.74080575611277 31
1739721941286 22.058074486022672 32
1739721941292 20.449750526440205 33
1739721941297 17.55934345138324 34
1739721941304 16.955842182280914 35
1739721941310 15.101563298862477 36
1739721941315 15.80645659072028 37
1739721941320 13.356640844834516 38
1739721941326 13.4089053866365 39
1739721941331 12.388061626781539 40
1739721941336 11.159476776810543 41
1739721941341 11.985217012856623 42
1739721941346 9.569860729168154 43
1739721941351 10.117958077867293 44
1739721941356 10.311530993104245 45
1739721941362 8.407347653909756 46
1739721941367 7.874250509377873 47
1739721941372 7.190665628809986 48
1739721941377 6.218902434078231 49
1739721941382 6.133507979173668 50
1739721941387 6.490197830097765 51
1739721941392 5.423567268143804 52
1739721941398 5.224003305058075 53
1739721941403 4.948487469083144 54
1739721941408 3.609378190586056 55
1739721941414 5.102789414734981 56
1739721941419 3.395060410500803 57
1739721941425 3.9915123296548245 58
1739721941430 4.06506316110053 59
1739721941437 3.844248558505212 60
1739721941443 3.2148176645389883 61
1739721941448 3.149843073878696 62
1739721941454 2.576781862982219 63
1739721941459 2.7471562323395697 64
1739721941464 2.431239754432661 65
1739721941470 2.9451876861749393 66
1739721941475 2.089339345315997 67
1739721941480 2.0560985752287397 68
1739721941485 2.1069647431386094 69
1739721941491 2.1123400513984807 70
1739721941496 1.8838433955855645 71
1739721941501 1.875436838758611 72
1739721941507 1.6079556229096679 73
1739721941512 1.678637158136976 74
1739721941517 1.6323710180474509 75
1739721941522 1.7155661743823445 76
1739721941527 1.1366654107099508 77
1739721941532 1.0465746911338836 78
1739721941538 1.0512500917546996 79
1739721941543 1.203354352726951 80
1739721941549 1.2205760280113807 81
1739721941554 0.8403374160912572 82
1739721941559 1.1212797379498392 83
1739721941564 0.7226721683199175 84
1739721941569 0.734728964983322 85
1739721941574 0.7240314485463644 86
1739721941579 0.9782613941636442 87
1739721941584 0.7651286705388366 88
1739721941590 0.4428776632998439 89
1739721941595 0.5675889173271152 90
1739721941601 0.45766695708239385 91
1739721941607 0.5791483172891394 92
1739721941613 0.59360810938616 93
1739721941618 0.5520186859895128 94
1739721941624 0.3611312394061511 95
1739721941629 0.360439845797032 96
1739721941634 0.37462746611451425 97
1739721941639 0.3864020825857854 98
1739721941644 0.269927877160254 99
1739721941650 0.5817601121661018 100
1739721941655 0.2822457130569098 101
1739721941660 0.39509938440517467 102
1739721941665 0.38608341728544426 103
1739721941670 0.4126892616142705 104
1739721941675 0.21887519613122416 105
1739721941680 0.5109141547263276 106
1739721941686 0.17900912997360108 107
1739721941692 0.3256612386343629 108
1739721941698 0.23837174950656115 109
1739721941703 0.1746605157012818 110
1739721941709 0.22298159926520028 111
1739721941714 0.2945661462766235 112
1739721941719 0.33109030482405655 113
1739721941725 0.3412383991916166 114
1739721941732 0.11983231814465899 115
1739721941737 0.29834131078512643 116
1739721941743 0.3418875487173587 117
1739721941749 0.09562827027119139 118
1739721941755 0.10304068966377465 119
1739721941760 0.2250608389403187 120
1739721941766 0.18806050685622808 121
1739721941771 0.17494162245650322 122
1739721941777 0.167947419912843 123
1739721941783 0.13977505775136861 124
1739721941788 0.15195076237362656 125
1739721941794 0.23222322982805993 126
1739721941799 0.12586041464422693 127
1739721941805 0.22278445197527438 128
1739721941810 0.18985562542447473 129
1739721941816 0.10568240582958223 130
1739721941821 0.1250457231099775 131
1739721941827 0.08951086953405764 132
1739721941833 0.134005224619054 133
1739721941838 0.11638020828282543 134
1739721941844 0.1880931699161052 135
1739721941849 0.10224178756905267 136
1739721941854 0.10960713842510257 137
1739721941859 0.09558772302096608 138
1739721941864 0.11257045841906291 139
1739721941870 0.15315274656319014 140
1739721941875 0.1685382205826646 141
1739721941880 0.07463414176138403 142
1739721941885 0.10170367635974377 143
1739721941891 0.10538211994694947 144
1739721941897 0.16014169472525275 145
1739721941903 0.14768988807920247 146
1739721941908 0.04967881439057423 147
1739721941917 0.09917201922363071 148
1739721941922 0.21639983970442525 149
1739721941928 0.08715819830967321 150
1739721941933 0.07851925707150852 151
1739721941939 0.05226569893806326 152
1739721941944 0.10658984894081376 153
1739721941949 0.09405624849223936 154
1739721941955 0.15509440423892842 155
1739721941960 0.1934793524777709 156
1739721941965 0.05933273537840908 157
1739721941970 0.10599481399742593 158
1739721941975 0.11301641129551343 159
1739721941980 0.18835205717466014 160
1739721941986 0.0389501494349319 161
1739721941991 0.07929341331580497 162
1739721941996 0.030958304093454292 163
1739721942001 0.05597668939535494 164
1739721942006 0.04123159343271406 165
1739721942011 0.1936301022276147 166
1739721942017 0.07583203218080778 167
1739721942022 0.05271319895455552 168
1739721942028 0.05614040876957433 169
1739721942033 0.06316222744930565 170
1739721942038 0.12988957626485256 171
1739721942044 0.1126299293992953 172
1739721942049 0.10087867700171099 173
1739721942054 0.05102140641634057 174
1739721942059 0.08224652598783036 175
1739721942064 0.051259093837333514 176
1739721942069 0.04627430743085492 177
1739721942074 0.11355136261269169 178
1739721942080 0.10534731322073052 179
1739721942085 0.08475429425092204 180
1739721942090 0.05436610849913382 181
1739721942096 0.10301143245397185 182
1739721942101 0.12874627000531397 183
1739721942106 0.04643296675968482 184
1739721942111 0.16393985436805547 185
1739721942117 0.04325684682171785 186
1739721942122 0.07727796023306976 187
1739721942127 0.17493913491466456 188
1739721942132 0.23004263596563715 189
1739721942137 0.07722786078963578 190
1739721942142 0.06748218097203486 191
1739721942148 0.06813284787470895 192
1739721942153 0.11461412363284623 193
1739721942158 0.06615702873858968 194
1739721942163 0.0680572785698555 195
1739721942169 0.15850101521279564 196
1739721942174 0.07595971017356104 197
1739721942179 0.09989479489189357 198
1739721942184 0.057375151180293675 199
1739721942190 0.0487774731373032 200
1739721942195 0.14911804220936453 201
1739721942200 0.09413508752976299 202
1739721942206 0.08423334573967617 203
1739721942212 0.03838097897681796 204
1739721942217 0.13450786631465006 205
1739721942222 0.06926119727061415 206
1739721942228 0.07148008254929744 207
1739721942233 0.04252243795093568 208
1739721942238 0.19119730661905218 209
1739721942244 0.017941114152305863 210
1739721942249 0.055616973559144606 211
1739721942255 0.08209336947982745 212
1739721942260 0.11033054440007567 213
1739721942265 0.18359722152007005 214
1739721942271 0.10203887642280343 215
1739721942277 0.055971028840208215 216
1739721942284 0.22970228396935266 217
1739721942290 0.10734234732551647 218
1739721942296 0.03990852016118033 219
1739721942302 0.059235535349925136 220
1739721942311 0.1909995856737447 221
1739721942317 0.07419780491032302 222
1739721942323 0.1076490987473831 223
1739721942330 0.09494637432976948 224
1739721942335 0.10439258613612382 225
1739721942340 0.06869058131086825 226
1739721942345 0.05729594822922105 227
1739721942351 0.06710467909494647 228
1739721942356 0.043071048704185426 229
1739721942361 0.07303534358129929 230
1739721942366 0.06559375046491246 231
1739721942372 0.20258364267401038 232
1739721942377 0.09696565497375995 233
1739721942382 0.053883103659156446 234
1739721942388 0.06297697034226986 235
1739721942393 0.05583467766226542 236
1739721942399 0.04090662707139088 237
1739721942404 0.1130981129668803 238
1739721942409 0.07007453999246308 239
1739721942415 0.05905670392961578 240
1739721942420 0.05144523061975347 241
1739721942425 0.11088421338901217 242
1739721942430 0.06939548404310292 243
1739721942436 0.0661705479233078 244
1739721942441 0.05198201168708088 245
1739721942446 0.1521390554939214 246
1739721942452 0.0454495115182374 247
1739721942457 0.21741891375093905 248
1739721942462 0.04375745537697046 249
1739721942467 0.09094535411384852 250
1739721942472 0.09917417565681054 251
1739721942477 0.07650504932996118 252
1739721942482 0.06467900530288738 253
1739721942487 0.07429892255468401 254
1739721942492 0.04625004453365304 255
1739721942498 0.11968425797693948 256
1739721942503 0.14512940388670123 257
1739721942508 0.1278658378247769 258
1739721942513 0.07886311935309097 259
1739721942519 0.09725209169245672 260
1739721942525 0.22598736233423455 261
1739721942530 0.10860078012247053 262
1739721942535 0.0707381621978885 263
1739721942540 0.1595772287048741 264
1739721942545 0.04286987304967785 265
1739721942550 0.08875304550853147 266
1739721942556 0.11370722134900893 267
1739721942561 0.14381219688020366 268
1739721942566 0.0550641720388627 269
1739721942571 0.07881100982539416 270
1739721942576 0.040182280792034494 271
1739721942581 0.13521570429928997 272
1739721942587 0.32275019294217916 273
1739721942592 0.0749184171686087 274
1739721942597 0.10102014147719493 275
1739721942603 0.03805488873702246 276
1739721942608 0.27932044432716857 277
1739721942613 0.12904846032822845 278
1739721942619 0.03453783517302868 279
1739721942624 0.053617034281487494 280
1739721942630 0.12286220037300653 281
1739721942635 0.12163495341113052 282
1739721942640 0.19954314615848673 283
1739721942646 0.12239353655022797 284
1739721942651 0.11995384424788164 285
1739721942657 0.03678474203451822 286
1739721942662 0.07342345953770468 287
1739721942668 0.04762552437380742 288
1739721942673 0.1448620915481845 289
1739721942679 0.05394000635511365 290
1739721942684 0.062061231317047064 291
1739721942690 0.11857550541656346 292
1739721942695 0.0332191847911746 293
1739721942701 0.2401273977334659 294
1739721942706 0.02794037721550889 295
1739721942712 0.04651040149237172 296
1739721942717 0.13533448047455235 297
1739721942723 0.1206374580942391 298
1739721942728 0.04175839435654864 299
1739721942734 0.027667598172759083 300
1739721942740 0.03551964411855425 301
1739721942745 0.08573678330410625 302
1739721942751 0.1428580587877262 303
1739721942756 0.09143944825288483 304
1739721942761 0.10227890359055167 305
1739721942766 0.07405685178081348 306
1739721942772 0.07729974168886677 307
1739721942777 0.03306373583200433 308
1739721942782 0.08642784580950652 309
1739721942787 0.0693345918688663 310
1739721942793 0.13795745200660173 311
1739721942798 0.13266276987079653 312
1739721942803 0.11642145116103429 313
1739721942809 0.1850132655356964 314
1739721942814 0.09683761033627426 315
1739721942819 0.06182202029211844 316
1739721942824 0.1085934886318087 317
1739721942830 0.07873027119876387 318
1739721942835 0.07340310824130375 319
1739721942840 0.14113390875364212 320
1739721942845 0.051788217901029734 321
1739721942851 0.07919497450117187 322
1739721942856 0.10113914739323672 323
1739721942861 0.08081170223255417 324
1739721942866 0.03580026159822342 325
1739721942872 0.09105238832205753 326
1739721942877 0.11567339437923908 327
1739721942883 0.03544407473842882 328
1739721942888 0.06106214027676655 329
1739721942893 0.0483815923651566 330
1739721942898 0.13731206333699697 331
1739721942903 0.10859212363549965 332
1739721942908 0.15744430338043308 333
1739721942914 0.06895264253051973 334
1739721942924 0.05894588414844742 335
1739721942929 0.0921616527496263 336
1739721942934 0.0641824091739055 337
1739721942939 0.06845099694252312 338
1739721942944 0.03126704311445303 339
1739721942949 0.04816377172418151 340
1739721942955 0.06488876588119762 341
1739721942960 0.08976554039122603 342
1739721942964 0.04850803847614404 343
1739721942969 0.09163077075818424 344
1739721942975 0.10389274115900397 345
1739721942980 0.12904933792618467 346
1739721942985 0.0850552739758246 347
1739721942991 0.06874882953387254 348
1739721942996 0.05056920934872251 349
1739721943001 0.03829075353880335 350
1739721943006 0.12614529334859342 351
1739721943011 0.09262831571730532 352
1739721943017 0.10499318372455793 353
1739721943022 0.07808362023763614 354
1739721943027 0.08921173176420227 355
1739721943032 0.08319293802982634 356
1739721943037 0.0427624621808602 357
1739721943041 0.2108737028588796 358
1739721943046 0.10401724790195527 359
1739721943051 0.07943601281560782 360
1739721943056 0.058428699796594 361
1739721943061 0.20899670539878984 362
1739721943066 0.03412519931676071 363
1739721943071 0.08862640332142703 364
1739721943075 0.17980531511589445 365
1739721943081 0.07844719402255548 366
1739721943086 0.1963097019992621 367
1739721943091 0.09805065571755472 368
1739721943096 0.08316830170625766 369
1739721943101 0.06707611753753782 370
1739721943107 0.050869472038924654 371
1739721943112 0.10795413130329841 372
1739721943117 0.17998798646857228 373
1739721943123 0.08240636996415872 374
1739721943129 0.021833372137898106 375
1739721943134 0.0492494569339728 376
1739721943139 0.11102531951953855 377
1739721943144 0.1570833599560778 378
1739721943149 0.042417666478609575 379
1739721943154 0.10445024393055719 380
1739721943159 0.13602713858868715 381
1739721943164 0.06358534368416627 382
1739721943169 0.13610927321408475 383
1739721943174 0.07542318068427636 384
1739721943179 0.14860548100886506 385
1739721943185 0.08845755699835152 386
1739721943190 0.06383341348291437 387
1739721943195 0.07699972952727434 388
1739721943201 0.17706162918883697 389
1739721943206 0.03780793867018904 390
1739721943211 0.08025122962019153 391
1739721943216 0.1831446449177377 392
1739721943221 0.06458956045522594 393
1739721943226 0.11367176648135432 394
1739721943231 0.14306109871258316 395
1739721943237 0.2551097717491133 396
1739721943242 0.057851594935307254 397
1739721943247 0.12008665916861008 398
1739721943252 0.19499918472534727 399
1739721943258 0.10189272275062389 400
1739721943263 0.050807410169368995 401
1739721943268 0.05889888875440298 402
1739721943273 0.20811425751141763 403
1739721943278 0.06169182046558372 404
1739721943283 0.0819504058549297 405
1739721943288 0.19955167589989176 406
1739721943293 0.04606390249594771 407
1739721943298 0.13994049272800818 408
1739721943303 0.06758272294587761 409
1739721943308 0.2681802180889702 410
1739721943313 0.07148289462708185 411
1739721943319 0.1687202342865658 412
1739721943324 0.059210325493891894 413
1739721943329 0.04647510789845117 414
1739721943335 0.14392416538706862 415
1739721943340 0.05573620088850844 416
1739721943345 0.0927439380785651 417
1739721943350 0.04147403145564039 418
1739721943356 0.10616621857332188 419
1739721943361 0.12138644338350384 420
1739721943366 0.06401468132556533 421
1739721943371 0.24998080044548873 422
1739721943376 0.08155353886447941 423
1739721943381 0.08157248171210532 424
1739721943386 0.04325782337119825 425
1739721943391 0.09391018172198567 426
1739721943397 0.08936201733830178 427
1739721943402 0.161113549637203 428
1739721943407 0.11495966563951544 429
1739721943412 0.1757909990075623 430
1739721943417 0.08593166904966974 431
1739721943423 0.054854814340594873 432
1739721943428 0.09239507460258235 433
1739721943433 0.197105394912235 434
1739721943439 0.15021673459640025 435
1739721943444 0.14461075375308177 436
1739721943449 0.10521522546240682 437
1739721943454 0.06746530658438096 438
1739721943460 0.12990161846252607 439
1739721943465 0.03481395172811629 440
1739721943470 0.06310519028846719 441
1739721943475 0.06131464638506408 442
1739721943480 0.06145902464542399 443
1739721943485 0.1068675593272735 444
1739721943490 0.06378224467788132 445
1739721943496 0.060237326413329455 446
1739721943501 0.10138670491133676 447
1739721943506 0.10446345308773057 448
1739721943511 0.050146211266129864 449
1739721943516 0.09087629210995883 450
1739721943521 0.13122041972460347 451
1739721943527 0.07260396751247006 452
1739721943532 0.10551520964546013 453
1739721943537 0.050974610420459095 454
1739721943543 0.10032958290832743 455
1739721943548 0.04809192901757206 456
1739721943553 0.11466995476965601 457
1739721943559 0.07075858530697991 458
1739721943564 0.10294378218347525 459
1739721943569 0.06870369019808534 460
1739721943574 0.19963854598511216 461
1739721943579 0.15071181837295897 462
1739721943585 0.14462939168308736 463
1739721943590 0.03135625764167411 464
1739721943595 0.0934559781587117 465
1739721943600 0.09336116878763813 466
1739721943605 0.09709592932802194 467
1739721943610 0.08748045426071172 468
1739721943615 0.12138820474312352 469
1739721943621 0.20646439688825946 470
1739721943626 0.07360921792316436 471
1739721943632 0.047663841832493205 472
1739721943637 0.12220789406429503 473
1739721943642 0.11917977763358535 474
1739721943647 0.06297322959767392 475
1739721943652 0.074903496256637 476
1739721943657 0.1146001853427944 477
1739721943663 0.07518429585829794 478
1739721943668 0.014733899199990196 479
1739721943673 0.12976292783837656 480
1739721943679 0.04716279221053029 481
1739721943684 0.032002489086915 482
1739721943689 0.10785855751984946 483
1739721943694 0.2571833568808829 484
1739721943700 0.14983419898248337 485
1739721943705 0.19864736803885416 486
1739721943710 0.06312419242673514 487
1739721943715 0.07524652838263823 488
1739721943720 0.035017664409872314 489
1739721943726 0.1775202591910724 490
1739721943731 0.09065259841297396 491
1739721943736 0.06846499799537366 492
1739721943741 0.24330658836763358 493
1739721943747 0.054545318802611834 494
1739721943752 0.044875377238491186 495
1739721943757 0.035330848174983345 496
1739721943762 0.039246303557891035 497
1739721943767 0.027954616721305427 498
1739721943772 0.1228681648514724 499
