1739717873589 0.5243905245202068 0
1739717873615 0.11212753908759317 1
1739717873641 0.1769971466522623 2
1739717873668 0.14656556915267602 3
1739717873695 0.2040307152540261 4
1739717873720 0.0032657645736019454 5
1739717873748 0.13382217071830668 6
1739717873775 2.789487908199978e-05 7
1739717873802 0.10209012144474357 8
1739717873828 0.03311997681383644 9
1739717873854 0.004977658863040603 10
1739717873881 0.6441682283380762 11
1739717873907 0.10059013760959912 12
1739717873933 0.0491915534911602 13
1739717873959 0.12697063839410777 14
1739717873985 0.0038297728982342283 15
1739717874011 0.008187816494834667 16
1739717874037 0.047425075168911264 17
1739717874064 0.45992900725901964 18
1739717874090 0.24516173787292514 19
1739717874116 0.003452497300833604 20
1739717874143 0.003822217106138586 21
1739717874170 0.10873631866868808 22
1739717874196 0.26231200139090616 23
1739717874222 0.3971384017199793 24
1739717874248 0.6187437931791753 25
1739717874274 0.25356014528281107 26
1739717874301 1.4992144525850561 27
1739717874326 0.07533401728699299 28
1739717874353 0.012752039268663789 29
1739717874379 0.29355241123177517 30
1739717874406 0.007664042894626107 31
1739717874432 0.4078027237897788 32
1739717874458 0.3812033522869992 33
1739717874485 0.2547923881391713 34
1739717874511 0.05595372707707752 35
1739717874537 0.018654377551018782 36
1739717874598 0.016371768218443283 37
1739717874634 0.0064585626179693096 38
1739717874661 0.5959787298162683 39
1739717874688 0.15343040173152336 40
1739717874714 0.07024220275725647 41
1739717874740 0.010211673550326377 42
1739717874767 0.0699290184155405 43
1739717874794 0.05223277856582662 44
1739717874820 0.1823411333371177 45
1739717874847 0.5337069820141215 46
1739717874873 0.8262582960308552 47
1739717874900 0.010452979803900642 48
1739717874926 0.028506741940811965 49
1739717874952 0.04977906223976806 50
1739717874978 0.614224783797249 51
1739717875004 0.10309302198112161 52
1739717875030 0.0005326153667173561 53
1739717875057 0.00910615220703476 54
1739717875084 0.0760477029932415 55
1739717875110 0.008766573424975225 56
1739717875137 0.052061930147692295 57
1739717875163 0.009522321324841078 58
1739717875190 0.01831135822697717 59
1739717875217 0.35147967785827505 60
1739717875242 0.27178278467351735 61
1739717875268 0.05754125392187039 62
1739717875295 1.094169194580865 63
1739717875321 0.012211355820880631 64
1739717875348 0.04740591390806134 65
1739717875374 1.4526961658147588 66
1739717875400 0.16652288556885267 67
1739717875426 0.0006701333694801022 68
1739717875452 0.03439092660780847 69
1739717875478 0.8266926260685503 70
1739717875505 0.22982965166450747 71
1739717875532 0.03656566165431592 72
1739717875558 0.01842475498063137 73
1739717875585 0.04807475630436634 74
1739717875612 0.07084456429042618 75
1739717875638 0.05343032181589181 76
1739717875665 0.20169233774224876 77
1739717875698 0.8362922446411035 78
1739717875724 0.029024218157704142 79
1739717875749 0.05858266652286281 80
1739717875776 0.1007821370213538 81
1739717875803 0.01726299075942658 82
1739717875829 0.059956093997784704 83
1739717875855 0.29596775694220345 84
1739717875881 0.14566647905556768 85
1739717875907 0.008527038893389505 86
1739717875933 0.12773129032635402 87
1739717875959 0.6462832808145641 88
1739717875985 0.24895315362664705 89
1739717876011 0.03738063157732776 90
1739717876037 0.002307127371350171 91
1739717876064 0.022605531697645086 92
1739717876091 0.6515128087827415 93
1739717876117 0.003591426991067778 94
1739717876143 0.24094166920392257 95
1739717876169 0.25170217641373294 96
1739717876196 0.007406672568069774 97
1739717876222 0.115172954283121 98
1739717876248 0.029541070527301122 99
1739717876274 0.227958307028036 100
1739717876300 0.3911352110897072 101
1739717876326 0.1957778128490603 102
1739717876352 0.03614523928338335 103
1739717876378 0.20407778995725326 104
1739717876405 0.0005617740953373378 105
1739717876431 0.6019550157326996 106
1739717876458 0.21640173921768946 107
1739717876484 0.0038414171909701756 108
1739717876512 0.49311704955964775 109
1739717876539 0.0029821649672307645 110
1739717876566 0.08783376654432659 111
1739717876592 0.8991754123389295 112
1739717876618 0.18953470976687897 113
1739717876644 0.33738994119819044 114
1739717876671 0.20384034235081144 115
1739717876697 0.09696678251799043 116
1739717876724 0.027066783681000982 117
1739717876750 0.009257979917047993 118
1739717876776 0.06064001374060481 119
1739717876802 0.03155915827115117 120
1739717876829 1.0648470713648814 121
1739717876854 0.18021899403016714 122
1739717876880 0.1288551582056628 123
1739717876906 0.09698386159804671 124
1739717876932 0.6313889930172992 125
1739717876958 0.4725930429206833 126
1739717876984 0.009649393570468826 127
1739717877010 0.002883664917704518 128
1739717877036 0.009597078949705852 129
1739717877063 0.009479416413838732 130
1739717877089 0.7721352121727981 131
1739717877115 2.0280713620606745 132
1739717877141 0.06706599479946317 133
1739717877167 0.09293744485168202 134
1739717877193 0.088494251613361 135
1739717877221 0.02277815769917849 136
1739717877247 1.434520908209229 137
1739717877273 0.019909445655460854 138
1739717877300 0.0006259419704383654 139
1739717877326 0.003492584578085231 140
1739717877352 0.4278660728596628 141
1739717877379 0.025898401969174686 142
1739717877406 0.27318286252360674 143
1739717877433 0.12036356074924905 144
1739717877459 0.08766603179548334 145
1739717877485 0.372031269839782 146
1739717877511 0.5448552692287735 147
1739717877538 0.0002431899256727741 148
1739717877564 0.1988906365938909 149
1739717877590 0.06640046997925482 150
1739717877617 0.9628957159015811 151
1739717877643 0.021292862208723118 152
1739717877669 0.0007740837180031382 153
1739717877695 0.014631193559438987 154
1739717877722 0.2762778438004791 155
1739717877749 0.24543869381000338 156
1739717877775 0.0024808652312314737 157
1739717877801 0.07447830197540604 158
1739717877827 0.004214603871731893 159
1739717877853 0.1352422452819469 160
1739717877879 0.45820332333712965 161
1739717877906 0.024299404553764926 162
1739717877932 0.10859553312935886 163
1739717877959 0.09358009831302831 164
1739717877985 0.008555471625993766 165
1739717878011 0.10625558041374868 166
1739717878038 0.24695933185106997 167
1739717878064 0.48391997125010344 168
1739717878091 0.7445620398957632 169
1739717878117 0.10467915436555447 170
1739717878143 0.020437503207723688 171
1739717878169 1.3790977841232086 172
1739717878196 0.709409669466696 173
1739717878222 0.1893457766294368 174
1739717878248 0.0004376644176625667 175
1739717878275 0.10345126422438844 176
1739717878301 0.12342983385508069 177
1739717878327 0.046764984386032625 178
1739717878354 0.14367134435772586 179
1739717878380 0.034124214278907786 180
1739717878406 0.045147289976055854 181
1739717878433 0.007616378588673811 182
1739717878459 0.17228990594667237 183
1739717878485 0.012284883327463964 184
1739717878511 0.06845435945551696 185
1739717878538 0.010384574059038702 186
1739717878565 1.2738099972448347 187
1739717878591 0.8132718549923247 188
1739717878617 0.052297067020543264 189
1739717878643 0.5628009754118376 190
1739717878669 0.3598117330157381 191
1739717878695 1.1524982213904538 192
1739717878721 0.0009976543854684516 193
1739717878748 0.2819064377760562 194
1739717878774 0.11452174444197535 195
1739717878800 6.401657293668435e-05 196
1739717878828 0.0845655069191682 197
1739717878854 0.0006691426079629689 198
1739717878879 0.8156071495267959 199
1739717878905 0.0062815459919586215 200
1739717878931 0.8399395021787691 201
1739717878958 0.04195809700371771 202
1739717878984 1.4360371742221625e-05 203
1739717879010 0.000925882269812094 204
1739717879037 0.3582717387959786 205
1739717879063 0.04874206904504039 206
1739717879089 0.7400718615889198 207
1739717879115 0.02611058709979367 208
1739717879142 0.44735286296023286 209
1739717879168 0.09513916731888644 210
1739717879194 0.0017258173014445806 211
1739717879220 0.036374830883844016 212
1739717879247 0.33495284044830254 213
1739717879273 0.004027057822636291 214
1739717879300 0.006716002282303227 215
1739717879326 0.02341983007932296 216
1739717879353 0.06089747295655599 217
1739717879379 0.3431154705923461 218
1739717879406 0.8996706985603906 219
1739717879433 0.025882131773831033 220
1739717879460 0.7456893500083226 221
1739717879486 0.12491720882076957 222
1739717879513 0.65503618066289 223
1739717879539 0.49005809375486964 224
1739717879566 0.026424731487067612 225
1739717879592 0.14138353664404307 226
1739717879618 0.16277395515557513 227
1739717879644 0.1046250600585631 228
1739717879670 0.00967216344635719 229
1739717879696 0.6878885484308335 230
1739717879722 0.1597711886809396 231
1739717879748 0.4263824138949814 232
1739717879774 0.3564273224981528 233
1739717879800 0.0010571466253561505 234
1739717879830 0.024184198893367797 235
1739717879857 0.048583559084675904 236
1739717879885 0.14157211492963268 237
1739717879916 0.005217246933740723 238
1739717879943 0.04163837179645802 239
1739717879969 0.0016087135594288198 240
1739717879995 0.000434258120929707 241
1739717880021 0.2389113806419338 242
1739717880048 0.10552572000369179 243
1739717880074 0.22856780309037783 244
1739717880100 0.0443539169266034 245
1739717880126 0.16819315829494152 246
1739717880152 0.00037097204592641877 247
1739717880179 0.008546775478430527 248
1739717880204 0.0655324187409444 249
1739717880231 0.2398830479923477 250
1739717880257 0.3136476821419233 251
1739717880283 0.02925180371925422 252
1739717880309 0.02500553280824428 253
1739717880335 0.39077567099330146 254
1739717880362 0.2084125720919232 255
1739717880388 0.26113818110183906 256
1739717880414 0.025386009903447786 257
1739717880440 0.8064971428735377 258
1739717880467 0.006787205870799929 259
1739717880493 0.26535641041514374 260
1739717880519 0.18891504463485373 261
1739717880545 0.008622664937004233 262
1739717880572 0.1464397985635866 263
1739717880598 0.17464528818811634 264
1739717880623 0.09162421122123386 265
1739717880650 0.0977374121419045 266
1739717880676 0.15682347284359993 267
1739717880702 0.09320696735073747 268
1739717880728 0.7261585225536096 269
1739717880755 0.3671485710949029 270
1739717880781 0.05093687731779881 271
1739717880808 0.04584422245679791 272
1739717880833 0.005479506196570135 273
1739717880860 0.004764438950113871 274
1739717880886 0.16006199875227559 275
1739717880912 0.3298210024725909 276
1739717880938 0.0037531775779167946 277
1739717880965 0.4758524888540287 278
1739717880991 0.11358383883094537 279
1739717881017 0.33614426226165894 280
1739717881044 0.5490007068439946 281
1739717881070 0.08846258694475918 282
1739717881097 0.0005677038174441302 283
1739717881123 0.01512722959001721 284
1739717881149 0.15450209849458904 285
1739717881176 0.04422381288294691 286
1739717881202 0.07965379553453175 287
1739717881227 0.5446289910377048 288
1739717881254 0.014092854612082954 289
1739717881280 1.038726619890967 290
1739717881305 1.2685034650113305 291
1739717881331 0.33655405571977537 292
1739717881357 0.000984757169262701 293
1739717881384 0.05700720479476606 294
1739717881409 0.36918607014020566 295
1739717881436 0.19304202772405227 296
1739717881462 0.16394694707731056 297
1739717881488 0.03527920192526924 298
1739717881514 0.26841264645289326 299
1739717881541 0.6636276577153588 300
1739717881568 0.6103424702969394 301
1739717881594 0.3476907729194491 302
1739717881619 0.05645384081101828 303
1739717881645 0.0045432299432657695 304
1739717881672 0.07742979358390772 305
1739717881698 0.028024813786604447 306
1739717881724 0.36342336632649347 307
1739717881750 0.03131542509469514 308
1739717881777 0.011412259343217318 309
1739717881802 0.27129001453798074 310
1739717881828 0.9553457755620642 311
1739717881854 0.008490644570481879 312
1739717881880 0.1265349488666122 313
1739717881906 0.03045607849215333 314
1739717881932 0.6201427590520666 315
1739717881958 0.0019694037660994246 316
1739717881984 0.10033949579937267 317
1739717882010 0.04249498440795995 318
1739717882036 0.29170874857887397 319
1739717882063 0.17918433137780274 320
1739717882089 0.25325394149656266 321
1739717882114 0.053805596390953114 322
1739717882140 0.07355057940831945 323
1739717882167 0.32536678121379475 324
1739717882193 0.001429640602481067 325
1739717882219 0.2619731395403165 326
1739717882246 0.10434440093500029 327
1739717882272 0.01932789258805967 328
1739717882299 0.03799553199632004 329
1739717882325 0.5054490231557529 330
1739717882352 0.017246911429211025 331
1739717882379 0.3186234831702656 332
1739717882405 0.12638562233864378 333
1739717882431 0.005334520700481406 334
1739717882457 0.00980358103038849 335
1739717882483 0.5086902556785831 336
1739717882509 0.576814662333917 337
1739717882535 0.0005593790327197181 338
1739717882562 0.008902943421334747 339
1739717882588 0.005528333730148237 340
1739717882614 0.1715763627693666 341
1739717882640 0.334202525409491 342
1739717882667 0.003133896121855047 343
1739717882693 0.0025914540265724708 344
1739717882720 5.2827964967730424e-05 345
1739717882746 0.008913764583283582 346
1739717882773 0.3460848287753703 347
1739717882799 0.32773537173296247 348
1739717882826 0.036731840664517276 349
1739717882852 0.05270215395673153 350
1739717882879 0.12680115068518322 351
1739717882905 0.00017157265420341796 352
1739717882931 0.22151410063007493 353
1739717882958 0.32883201954727154 354
1739717882984 0.6902302467717716 355
1739717883010 0.5295044022686064 356
1739717883036 0.5619657601601135 357
1739717883063 0.46033674310946476 358
1739717883089 3.7292736553605625e-07 359
1739717883116 0.03132679084577876 360
1739717883142 0.005689189944503907 361
1739717883169 0.020072787701211518 362
1739717883196 0.01802960306281049 363
1739717883222 0.11631082899644107 364
1739717883248 0.32107935834847456 365
1739717883275 0.5329269553405768 366
1739717883301 0.48633655932936004 367
1739717883327 0.1616846039635079 368
1739717883354 0.402838710224881 369
1739717883380 0.0018820724886495525 370
1739717883406 0.027182303071762098 371
1739717883433 0.058396188613016535 372
1739717883459 0.00029696513334093156 373
1739717883486 0.27728925091560164 374
1739717883512 0.03949509811705695 375
1739717883538 0.09452674629568839 376
1739717883565 0.05886764528598492 377
1739717883591 0.3346277125821898 378
1739717883618 0.00966038523736809 379
1739717883644 0.16804114807545648 380
1739717883671 0.021829922434946424 381
1739717883698 0.0036877310315760518 382
1739717883724 0.12454706728491562 383
1739717883750 0.05374053968349838 384
1739717883779 0.11046691202217877 385
1739717883805 0.011219785579761252 386
1739717883831 0.2563113129548705 387
1739717883857 0.03599523025232184 388
1739717883884 0.3001531736185597 389
1739717883911 0.019948774718569193 390
1739717883937 0.2766069535480208 391
1739717883964 0.0003682779570758306 392
1739717883990 0.4354871358394724 393
1739717884016 0.012096841804281194 394
1739717884042 0.0012506052940233089 395
1739717884069 0.18473120658020867 396
1739717884095 0.2871590255783556 397
1739717884121 0.0019190148584473327 398
1739717884148 0.00018531700838555562 399
1739717884174 0.7017651249060318 400
1739717884201 0.08530421109873108 401
1739717884227 0.007172495055846645 402
1739717884253 0.004065520800269216 403
1739717884280 0.009859889695904832 404
1739717884305 0.6653276843073948 405
1739717884331 0.3386389125276089 406
1739717884358 0.001113666836575758 407
1739717884385 0.09579440604604544 408
1739717884411 0.5274112335037198 409
1739717884437 0.0007196373993179094 410
1739717884464 0.027143430108480287 411
1739717884490 0.357006194650387 412
1739717884516 0.40493281968087014 413
1739717884543 0.028068748122676995 414
1739717884570 0.05181030820818035 415
1739717884596 0.04492595898429715 416
1739717884622 0.5946636442601352 417
1739717884648 0.10711989777024625 418
1739717884674 0.022472725855249336 419
1739717884701 0.008264616175996609 420
1739717884728 0.08125345643113469 421
1739717884754 0.7276466480244496 422
1739717884780 0.10828410455343171 423
1739717884806 0.12063171745474104 424
1739717884833 0.31128270284238135 425
1739717884859 0.3819834339305158 426
1739717884885 0.042574512063999016 427
1739717884911 0.7368259695308558 428
1739717884938 0.35666917432525497 429
1739717884964 0.032243086845209296 430
1739717884990 0.3017038134188187 431
1739717885017 0.0012660814701226804 432
1739717885043 0.0004830162886340482 433
1739717885070 0.16740606680360556 434
1739717885096 0.4914590168784308 435
1739717885123 0.13751422229796184 436
1739717885149 0.9805994009809036 437
1739717885175 0.524727709948666 438
1739717885202 0.1949075676808543 439
1739717885228 0.061258409250357755 440
1739717885255 0.06917424528937571 441
1739717885281 0.003775128618552677 442
1739717885308 0.18472583807193377 443
1739717885334 0.149956515045746 444
1739717885360 0.10485957109832296 445
1739717885386 9.129558447270777e-05 446
1739717885413 0.043850990131776436 447
1739717885440 0.5362059775284003 448
1739717885466 0.01392067808642456 449
1739717885492 0.0215564477260124 450
1739717885519 0.620862860819658 451
1739717885545 0.06733637105665548 452
1739717885571 0.09103819692466682 453
1739717885597 0.013766666969254653 454
1739717885624 0.0138301272555391 455
1739717885651 0.2014524550949998 456
1739717885677 0.009983150009787499 457
1739717885703 0.0009022006300699395 458
1739717885729 0.09874852007924682 459
1739717885755 0.8345532546254921 460
1739717885784 1.9200523109194598e-05 461
1739717885811 0.08317278477475695 462
1739717885838 0.8875731337746687 463
1739717885866 0.23451644218480358 464
1739717885893 0.3646680602629136 465
1739717885920 0.4852132467545222 466
1739717885948 0.07939574472257253 467
1739717885974 0.21192005164261696 468
1739717886002 0.08499933730276045 469
1739717886029 0.21374914358775363 470
1739717886055 0.007774654476405912 471
1739717886082 0.03824108848202067 472
1739717886109 0.8883606167112513 473
1739717886136 0.00866888261325962 474
1739717886164 0.004786456716448104 475
1739717886191 0.6349049721615697 476
1739717886218 0.6711707069837476 477
1739717886245 0.25503208434041064 478
1739717886271 0.21889273965759065 479
1739717886298 0.1582804644063573 480
1739717886325 0.6964407708215429 481
1739717886352 0.004804175708272647 482
1739717886379 0.0479555787111603 483
1739717886406 1.3918971153869995e-09 484
1739717886433 0.14263839198362105 485
1739717886460 0.1828097866068562 486
1739717886486 0.00028224250517807395 487
1739717886513 0.10451628137146161 488
1739717886539 0.1350424051739971 489
1739717886565 0.2519334766445387 490
1739717886592 5.600250773195811e-05 491
1739717886618 0.32330554121569555 492
1739717886645 0.007599231383032655 493
1739717886671 0.0867022285110215 494
1739717886697 0.0009292358640446882 495
1739717886723 0.1745136159721724 496
1739717886750 0.21315413207129869 497
1739717886776 0.1896293909520157 498
1739717886802 0.006897786861785933 499
