1739715349886 161.83298347321582 0
1739715349892 159.5729683977504 1
1739715349896 156.68102076269875 2
1739715349901 153.64530427133585 3
1739715349905 150.61010147161156 4
1739715349910 147.6178486671221 5
1739715349915 144.68040496441623 6
1739715349920 141.8004705916439 7
1739715349924 138.97801573897166 8
1739715349928 136.21220923005166 9
1739715349933 133.5019967895157 10
1739715349937 130.84627414853568 11
1739715349942 128.24393860158042 12
1739715349946 125.69390410543417 13
1739715349951 123.1951054493127 14
1739715349955 120.74649915496475 15
1739715349959 118.34763320536945 16
1739715349964 115.99857094242014 17
1739715349969 113.69707346220612 18
1739715349973 111.44180975110834 19
1739715349978 109.23173407422772 20
1739715349983 107.06589974089553 21
1739715349989 104.94340287279418 22
1739715349994 102.86336520196201 23
1739715349998 100.82492861935356 24
1739715350004 98.82806514608173 25
1739715350009 96.87133476562383 26
1739715350014 94.95374995781185 27
1739715350018 93.07446927222125 28
1739715350024 91.23270613509013 29
1739715350028 89.4277013193765 30
1739715350033 87.65871445524158 31
1739715350038 85.92502125806429 32
1739715350042 84.22591247852309 33
1739715350046 82.56069337480142 34
1739715350050 80.92868334631066 35
1739715350054 79.3292156204703 36
1739715350059 77.7616369598482 37
1739715350063 76.22530737973128 38
1739715350068 74.71959987304069 39
1739715350072 73.24390014156602 40
1739715350077 71.79760633311254 41
1739715350082 70.38012878434697 42
1739715350091 68.99088976918483 43
1739715350097 67.62932325258423 44
1739715350104 66.29554749581735 45
1739715350110 64.98851399332237 46
1739715350115 63.70754061570892 47
1739715350120 62.452062082740035 48
1739715350124 61.221555536445514 49
1739715350129 60.01551800339454 50
1739715350133 58.833459447741596 51
1739715350137 57.67490053135417 52
1739715350142 56.539371799128766 53
1739715350147 55.426413298003006 54
1739715350152 54.33603480777442 55
1739715350157 53.26745076361531 56
1739715350161 52.22012595489474 57
1739715350166 51.19360606793808 58
1739715350170 50.18746712471476 59
1739715350174 49.20130008172042 60
1739715350179 48.23470603703652 61
1739715350183 47.28729465985105 62
1739715350188 46.358683602428385 63
1739715350192 45.44849821334491 64
1739715350196 44.556371344627415 65
1739715350201 43.681943189614636 66
1739715350205 42.82486113225941 67
1739715350210 41.98477960195547 68
1739715350214 41.16135993204564 69
1739715350218 40.354270221409195 70
1739715350223 39.563185198904854 71
1739715350227 38.78778609056284 72
1739715350231 38.02776048945491 73
1739715350236 37.282802228183726 74
1739715350241 36.552611253936746 75
1739715350245 35.836893506052576 76
1739715350249 35.135360796048495 77
1739715350254 34.44773069005932 78
1739715350258 33.77372639363865 79
1739715350263 33.11307663887487 80
1739715350267 32.46551557377489 81
1739715350271 31.830782653869758 82
1739715350276 31.208622535997325 83
1739715350280 30.59878497421771 84
1739715350284 30.001024717818748 85
1739715350289 29.415101411368823 86
1739715350293 28.840779496776207 87
1739715350297 28.277828117313792 88
1739715350301 27.72602102357008 89
1739715350306 27.185136481287188 90
1739715350310 26.654957181047923 91
1739715350316 26.13527014977462 92
1739715350320 25.625866664003173 93
1739715350323 25.12654216489646 94
1739715350328 24.63709617496211 95
1739715350332 24.157332216440253 96
1739715350336 23.687057731327652 97
1739715350341 23.226084003005063 98
1739715350346 22.774226079435735 99
1739715350351 22.33130269790343 100
1739715350355 21.897136211258694 101
1739715350360 21.47155251564328 102
1739715350364 21.05438097966296 103
1739715350368 20.64545437497932 104
1739715350372 20.244608808292316 105
1739715350376 19.851683654685417 106
1739715350380 19.46652149230602 107
1739715350384 19.0889680383542 108
1739715350389 18.71887208635355 109
1739715350393 18.356085444678346 110
1739715350397 18.000462876311765 111
1739715350401 17.651862039810364 112
1739715350406 17.31014343145072 113
1739715350410 16.9751703285343 114
1739715350415 16.64680873382751 115
1739715350419 16.324927321113847 116
1739715350423 16.009397381836127 117
1739715350428 15.700092772806636 118
1739715350433 15.396889864963915 119
1739715350437 15.099667493155199 120
1739715350442 14.80830690692373 121
1739715350446 14.522691722281012 122
1739715350451 14.242707874444001 123
1739715350455 13.96824357151817 124
1739715350459 13.699189249107125 125
1739715350464 13.435437525830519 126
1739715350468 13.176883159731727 127
1739715350472 12.923423005557769 128
1739715350476 12.674955972893622 129
1739715350481 12.431382985134139 130
1739715350485 12.192606939276567 131
1739715350489 11.958532666517199 132
1739715350494 11.72906689363625 133
1739715350498 11.504118205154859 134
1739715350503 11.28359700624902 135
1739715350507 11.067415486405052 136
1739715350511 10.855487583801915 137
1739715350515 10.647728950405677 138
1739715350520 10.444056917761959 139
1739715350525 10.24439046347231 140
1739715350529 10.048650178340864 141
1739715350533 9.856758234177782 142
1739715350538 9.668638352246361 143
1739715350542 9.484215772340988 144
1739715350547 9.303417222483127 145
1739715350551 9.126170889223163 146
1739715350555 8.952406388535838 147
1739715350559 8.782054737297427 148
1739715350563 8.615048325332996 149
1739715350567 8.451320888022396 150
1739715350571 8.290807479453685 151
1739715350575 8.13344444611311 152
1739715350580 7.979169401100931 153
1739715350583 7.827921198862406 154
1739715350587 7.679639910423881 155
1739715350592 7.534266799123548 156
1739715350596 7.3917442968272935 157
1739715350600 7.252015980619731 158
1739715350604 7.115026549960967 159
1739715350608 6.980721804299728 160
1739715350612 6.849048621133876 161
1739715350616 6.719954934509113 162
1739715350621 6.5933897139473485 163
1739715350625 6.4693029437959435 164
1739715350629 6.347645602989597 165
1739715350633 6.228369645216374 166
1739715350637 6.111427979480083 167
1739715350641 5.996774451050823 168
1739715350646 5.884363822796051 169
1739715350650 5.774151756884584 170
1739715350654 5.666094796855989 171
1739715350658 5.5601503500481435 172
1739715350663 5.4562766703757175 173
1739715350667 5.354432841452618 174
1739715350671 5.2545787600514995 175
1739715350676 5.156675119893627 176
1739715350680 5.060683395762367 177
1739715350684 4.96656582793405 178
1739715350689 4.874285406919632 179
1739715350693 4.783805858511106 180
1739715350698 4.695091629126461 181
1739715350702 4.6081078714473005 182
1739715350706 4.522820430343211 183
1739715350711 4.439195829077171 184
1739715350715 4.357201255786403 185
1739715350719 4.276804550233113 186
1739715350723 4.197974190819724 187
1739715350727 4.120679281863459 188
1739715350732 4.044889541124781 189
1739715350736 3.97057528758499 190
1739715350741 3.8977074294677028 191
1739715350745 3.8262574524994637 192
1739715350750 3.7561974084047494 193
1739715350754 3.68749990363053 194
1739715350769 3.620138088295995 195
1739715350774 3.5540856453627603 196
1739715350778 3.489316780021315 197
1739715350783 3.425806209289214 198
1739715350787 3.363529151816937 199
1739715350791 3.3024613178971993 200
1739715350795 3.2425788996735916 201
1739715350799 3.183858561544731 202
1739715350803 3.1262774307597994 203
1739715350808 3.0698130882018355 204
1739715350812 3.014443559354884 205
1739715350816 2.96014730545148 206
1739715350821 2.9069032147966776 207
1739715350826 2.854690594265294 208
1739715350830 2.8034891609687045 209
1739715350834 2.753279034088029 210
1739715350838 2.7040407268701565 211
1739715350843 2.6557551387835083 212
1739715350847 2.6084035478303393 213
1739715350852 2.561967603012317 214
1739715350856 2.5164293169465184 215
1739715350860 2.4717710586286366 216
1739715350864 2.427975546340633 217
1739715350868 2.3850258406998215 218
1739715350873 2.3429053378466294 219
1739715350877 2.3015977627682336 220
1739715350882 2.261087162755351 221
1739715350886 2.2213579009895903 222
1739715350891 2.1823946502586655 223
1739715350895 2.144182386796963 224
1739715350899 2.106706384248953 225
1739715350903 2.0699522077530337 226
1739715350908 2.0339057081433016 227
1739715350912 1.9985530162669907 228
1739715350915 1.9638805374152268 229
1739715350920 1.9298749458648459 230
1739715350924 1.8965231795290225 231
1739715350928 1.8638124347146312 232
1739715350933 1.8317301609840668 233
1739715350938 1.8002640561195586 234
1739715350943 1.7694020611878993 235
1739715350948 1.739132355703531 236
1739715350953 1.7094433528881126 237
1739715350957 1.6803236950245415 238
1739715350961 1.651762248903658 239
1739715350968 1.62374810136167 240
1739715350973 1.5962705549065768 241
1739715350978 1.5693191234317267 242
1739715350984 1.5428835280148885 243
1739715350989 1.5169536928009915 244
1739715350995 1.4915197409669632 245
1739715351000 1.466571990766999 246
1739715351005 1.442100951656639 247
1739715351010 1.4180973204940945 248
1739715351015 1.3945519778172797 249
1739715351020 1.3714559841950447 250
1739715351024 1.348800576651118 251
1739715351029 1.3265771651593083 252
1739715351034 1.3047773292085454 253
1739715351039 1.2833928144363584 254
1739715351044 1.2624155293294566 255
1739715351048 1.241837541990027 256
1739715351052 1.2216510769664566 257
1739715351057 1.2018485121472338 258
1739715351061 1.1824223757166796 259
1739715351066 1.1633653431713542 260
1739715351070 1.1446702343959105 261
1739715351075 1.126330010797163 262
1739715351079 1.1083377724952792 263
1739715351083 1.090686755570893 264
1739715351090 1.0733703293670602 265
1739715351095 1.05638199384496 266
1739715351100 1.039715376992237 267
1739715351104 1.0233642322829897 268
1739715351109 1.007322436188306 269
1739715351114 0.991583985736417 270
1739715351118 0.9761429961213856 271
1739715351122 0.9609936983594637 272
1739715351126 0.9461304369920681 273
1739715351130 0.9315476678345281 274
1739715351135 0.9172399557696249 275
1739715351139 0.9032019725850908 276
1739715351143 0.8894284948541269 277
1739715351147 0.8759144018581467 278
1739715351152 0.8626546735508409 279
1739715351156 0.8496443885627835 280
1739715351160 0.8368787222457628 281
1739715351164 0.8243529447560161 282
1739715351168 0.8120624191756334 283
1739715351172 0.8000025996713377 284
1739715351177 0.7881690296899142 285
1739715351181 0.7765573401895441 286
1739715351186 0.7651632479063355 287
1739715351191 0.7539825536553508 288
1739715351196 0.7430111406654399 289
1739715351201 0.7319950734019143 290
1739715351208 0.721359756896876 291
1739715351214 0.7109761362423656 292
1739715351219 0.700802614505608 293
1739715351224 0.6908239123877662 294
1739715351228 0.6810328328713147 295
1739715351233 0.6714247069298129 296
1739715351237 0.6619956901649217 297
1739715351242 0.6527422387662509 298
1739715351247 0.6436609475604962 299
1739715351252 0.63474849932818 300
1739715351256 0.626001648331362 301
1739715351262 0.6174172143726006 302
1739715351266 0.608992080107718 303
1739715351271 0.6007231893755997 304
1739715351276 0.5926075458572597 305
1739715351281 0.5846422118525901 306
1739715351285 0.5768243071093332 307
1739715351289 0.5689030679786988 308
1739715351294 0.5613016581995376 309
1739715351298 0.5538932203144963 310
1739715351303 0.5466376085870857 311
1739715351307 0.5395207553743198 312
1739715351313 0.5325365880996535 313
1739715351318 0.5256815209655917 314
1739715351323 0.5189527656906504 315
1739715351328 0.5123478119923361 316
1739715351332 0.5058642672805169 317
1739715351336 0.49949980674901795 318
1739715351341 0.49325215741175465 319
1739715351346 0.4871190925846849 320
1739715351351 0.4810984295905752 321
1739715351356 0.4751880284661734 322
1739715351360 0.4693857909891629 323
1739715351364 0.4636896598147765 324
1739715351368 0.45785112408379314 325
1739715351373 0.4522916098567227 326
1739715351377 0.4468857953965846 327
1739715351381 0.44159452283257977 328
1739715351385 0.43640453762756937 329
1739715351390 0.43131051768596756 330
1739715351394 0.42630959890924036 331
1739715351399 0.4213996962841168 332
1739715351403 0.4165789876653555 333
1739715351408 0.4118457546496224 334
1739715351413 0.4071983332080026 335
1739715351418 0.4026350980674619 336
1739715351422 0.3981544574758151 337
1739715351427 0.39375485116723524 338
1739715351432 0.3894347493200003 339
1739715351437 0.3851926518275196 340
1739715351441 0.3807817866674716 341
1739715351446 0.3766220341366575 342
1739715351450 0.37258922182955934 343
1739715351455 0.3686448937125176 344
1739715351460 0.36477635580793766 345
1739715351465 0.36097879730652066 346
1739715351469 0.3572498438606276 347
1739715351473 0.35358788712766626 348
1739715351478 0.3499915712206076 349
1739715351483 0.34645963451076456 350
1739715351487 0.3429908606649807 351
1739715351492 0.3395840632720272 352
1739715351497 0.3362380808021 353
1739715351501 0.332951774749358 354
1739715351506 0.32972402875906737 355
1739715351511 0.32630954322386235 356
1739715351515 0.32312665889225034 357
1739715351519 0.32005213539355976 358
1739715351523 0.31704804225922517 359
1739715351544 0.3141020843062115 360
1739715351557 0.3112098067545714 361
1739715351563 0.3083691738160674 362
1739715351567 0.3055789059179506 363
1739715351572 0.30283796854758405 364
1739715351576 0.300145414861635 365
1739715351581 0.29750033705167245 366
1739715351586 0.2949018511537904 367
1739715351590 0.29234909214615856 368
1739715351595 0.2898412122143645 369
1739715351600 0.2873773799952116 370
1739715351604 0.2849567801257554 371
1739715351610 0.2823349160259185 372
1739715351615 0.27992952874290755 373
1739715351619 0.27761792927007073 374
1739715351624 0.2753625454564733 375
1739715351628 0.27315137874573014 376
1739715351632 0.27098024877483007 377
1739715351637 0.26884738388027696 378
1739715351642 0.2667517619688386 379
1739715351646 0.2646926005265387 380
1739715351650 0.2626691996460522 381
1739715351654 0.2606808935852809 382
1739715351659 0.2587270357010569 383
1739715351664 0.25680699364879056 384
1739715351668 0.2549201477420228 385
1739715351672 0.25306589028681153 386
1739715351677 0.25100056323290576 387
1739715351682 0.24914100230607472 388
1739715351688 0.24736504442144144 389
1739715351693 0.2456354083929048 390
1739715351699 0.24394031354313478 391
1739715351703 0.24227577291497243 392
1739715351708 0.24064019841157774 393
1739715351712 0.23903274610659112 394
1739715351717 0.23745280763321178 395
1739715351722 0.235899853672911 396
1739715351727 0.23437338569876268 397
1739715351731 0.23287292101002613 398
1739715351735 0.231397988006592 399
1739715351740 0.229948124614647 400
1739715351744 0.22828059710005233 401
1739715351748 0.2268110257266901 402
1739715351754 0.22541778787750216 403
1739715351759 0.22406385801307663 404
1739715351763 0.22273762383895024 405
1739715351768 0.2214352388199599 406
1739715351779 0.22015524514629856 407
1739715351784 0.21889692442578956 408
1739715351789 0.21765979072124772 409
1739715351794 0.21644343456668472 410
1739715351798 0.2152474749012249 411
1739715351804 0.214071544192572 412
1739715351809 0.21291528376920435 413
1739715351815 0.2117783422938262 414
1739715351819 0.21066037520458922 415
1739715351824 0.20931904885893615 416
1739715351828 0.20816959991342934 417
1739715351833 0.2070906648829618 418
1739715351837 0.20604537124509076 419
1739715351842 0.20502222643034698 420
1739715351846 0.20401749221208565 421
1739715351851 0.20302981426325106 422
1739715351855 0.20205857485336723 423
1739715351860 0.20110338651427592 424
1739715351864 0.2001639362712806 425
1739715351869 0.19923993766744671 426
1739715351873 0.19811735986610846 427
1739715351877 0.19716259973404604 428
1739715351882 0.19626863276476134 429
1739715351886 0.19516344889833245 430
1739715351890 0.19424842691487576 431
1739715351895 0.19340050451819654 432
1739715351899 0.19258234711907704 433
1739715351904 0.1917823717205252 434
1739715351908 0.19099686343523953 435
1739715351912 0.1900138965501677 436
1739715351917 0.18919409922142003 437
1739715351921 0.18843204990246268 438
1739715351925 0.1876958774229727 439
1739715351929 0.18697570955129758 440
1739715351934 0.1862683796800041 441
1739715351939 0.18557277876762135 442
1739715351943 0.1846506109709406 443
1739715351947 0.18370221922229163 444
1739715351952 0.18296465689365513 445
1739715351956 0.18229804061479798 446
1739715351961 0.18166011578985225 447
1739715351966 0.1810378529550395 448
1739715351970 0.18042713655862602 449
1739715351975 0.1798265870014485 450
1739715351979 0.17902942479027292 451
1739715351983 0.17838888600085764 452
1739715351987 0.17780197855120988 453
1739715351991 0.1772375997597521 454
1739715351996 0.17668614659902165 455
1739715352000 0.17590951152123124 456
1739715352005 0.17531005863726476 457
1739715352009 0.17477001149907237 458
1739715352014 0.174049732765618 459
1739715352018 0.17348773866317665 460
1739715352023 0.17297893946288792 461
1739715352027 0.17249160875800965 462
1739715352032 0.17201596663720997 463
1739715352036 0.1715489262399853 464
1739715352040 0.1710894550527586 465
1739715352045 0.17043383800658393 466
1739715352049 0.1699302618021506 467
1739715352054 0.16924484348668692 468
1739715352058 0.16874591735191116 469
1739715352062 0.1683079862572701 470
1739715352067 0.16789306451310856 471
1739715352072 0.1674894519769743 472
1739715352076 0.16689247509595423 473
1739715352081 0.166445285645854 474
1739715352085 0.1660474087545793 475
1739715352090 0.16566853613784416 476
1739715352094 0.16529934208836602 477
1739715352099 0.16493690051000476 478
1739715352104 0.16458024980563887 479
1739715352108 0.16379719468061588 480
1739715352113 0.16332843904366226 481
1739715352117 0.16295781551084837 482
1739715352122 0.16262055131438174 483
1739715352126 0.16229682172348822 484
1739715352130 0.16198048593183056 485
1739715352134 0.1616696023595074 486
1739715352138 0.16116450479979064 487
1739715352143 0.16080581047220616 488
1739715352147 0.160494402799275 489
1739715352151 0.1602003995501903 490
1739715352155 0.15968439846058738 491
1739715352160 0.15933844371241343 492
1739715352164 0.15904681559773579 493
1739715352168 0.15857717612115446 494
1739715352173 0.1582566896530901 495
1739715352177 0.15798388337532912 496
1739715352181 0.15772816435569212 497
1739715352185 0.15748014019659393 498
1739715352190 0.15723688696418975 499
