1739716284145 166.77035312245127 0
1739716284151 162.6347310237047 1
1739716284156 162.14987190444978 2
1739716284162 156.82716112160128 3
1739716284167 158.03497200708549 4
1739716284172 151.1079940266051 5
1739716284177 150.90438824808348 6
1739716284182 148.14547331315487 7
1739716284187 147.87788286170212 8
1739716284191 144.72402649541547 9
1739716284196 143.40801045532598 10
1739716284201 138.65494164729682 11
1739716284205 134.26273625330788 12
1739716284210 138.1915546452889 13
1739716284215 135.5904570585597 14
1739716284219 135.01455728014068 15
1739716284225 131.69151074550845 16
1739716284229 127.47988970770818 17
1739716284234 128.50340000942174 18
1739716284239 125.23192773404499 19
1739716284244 121.90668154328522 20
1739716284248 122.54669355463038 21
1739716284253 122.45976791770246 22
1739716284258 118.77133939022865 23
1739716284263 116.76250739297794 24
1739716284268 112.99955816233219 25
1739716284273 111.186708381495 26
1739716284278 111.73403812088418 27
1739716284283 111.24389262118437 28
1739716284287 108.14908774087789 29
1739716284292 104.8572830791402 30
1739716284297 105.11029756355565 31
1739716284302 103.05177240673358 32
1739716284306 101.89411206885852 33
1739716284311 101.38112933661124 34
1739716284316 98.88851739456622 35
1739716284321 96.24748431179934 36
1739716284326 98.33962305645406 37
1739716284330 94.21636247533378 38
1739716284335 93.00103061333715 39
1739716284340 90.37138338133198 40
1739716284345 88.67881453881651 41
1739716284351 89.4573829011327 42
1739716284356 89.1496370049891 43
1739716284361 87.45018660111081 44
1739716284366 86.37806888733726 45
1739716284371 83.93511494430227 46
1739716284376 80.45915840725941 47
1739716284381 79.6930270219659 48
1739716284386 80.31236599474289 49
1739716284391 81.13759804219099 50
1739716284396 77.79060345789436 51
1739716284401 76.44662438955474 52
1739716284405 74.56279429145111 53
1739716284410 74.98261711425148 54
1739716284415 75.68818888460991 55
1739716284419 70.4645389740404 56
1739716284424 71.7832358743348 57
1739716284429 68.78693022376967 58
1739716284434 69.46356946692113 59
1739716284438 70.0338003188069 60
1739716284443 69.30034600975398 61
1739716284448 67.0383696864514 62
1739716284453 63.38383698687916 63
1739716284458 63.515692244622535 64
1739716284463 63.60427068015014 65
1739716284468 62.39201250004379 66
1739716284473 62.43081866455136 67
1739716284477 62.54472616738813 68
1739716284482 60.59579545351056 69
1739716284486 58.13027893851414 70
1739716284491 57.95373640531967 71
1739716284496 56.50669746736721 72
1739716284501 56.702109855316316 73
1739716284505 53.922702981847074 74
1739716284519 55.10320868244587 75
1739716284524 53.65733584131716 76
1739716284529 53.30232345079266 77
1739716284534 54.26813024842265 78
1739716284539 52.295137655624764 79
1739716284544 51.20902123422154 80
1739716284548 50.66917709406566 81
1739716284553 48.36699096348359 82
1739716284558 49.05951996786439 83
1739716284562 48.23257013459571 84
1739716284567 47.61763688173719 85
1739716284572 46.93577064075505 86
1739716284577 46.057570008771066 87
1739716284582 43.84643798822278 88
1739716284587 43.600711053352654 89
1739716284592 43.971339803086536 90
1739716284597 42.67910992755283 91
1739716284601 42.34272680342175 92
1739716284606 41.59428089038909 93
1739716284611 41.22678585965068 94
1739716284615 40.33924542104379 95
1739716284620 39.834361996149184 96
1739716284625 40.09829490558944 97
1739716284630 37.978364202491086 98
1739716284635 38.07364393642031 99
1739716284639 37.42817913301866 100
1739716284644 37.13986870764271 101
1739716284649 37.169699698744985 102
1739716284653 37.05239032741427 103
1739716284658 36.4248585682652 104
1739716284663 34.37554520312865 105
1739716284668 35.002601386000904 106
1739716284673 34.5620113049292 107
1739716284677 34.33883236237549 108
1739716284682 33.328621942527846 109
1739716284687 33.74924145249779 110
1739716284692 31.994485475738543 111
1739716284697 33.8056569167652 112
1739716284702 30.984553614603808 113
1739716284706 30.333060919419694 114
1739716284711 30.03506355041768 115
1739716284716 30.29480761503718 116
1739716284721 29.87003169337618 117
1739716284726 28.83483775571947 118
1739716284731 28.81686743750643 119
1739716284736 27.857516706039224 120
1739716284741 28.637184642865375 121
1739716284745 27.43030518779757 122
1739716284750 27.357312340207713 123
1739716284755 26.19099635432786 124
1739716284760 26.6036875393994 125
1739716284765 24.149129739996646 126
1739716284770 25.691151619370785 127
1739716284775 25.073566950175657 128
1739716284780 24.84332901192992 129
1739716284785 24.213873840686936 130
1739716284790 25.287104114634175 131
1739716284795 24.248435650812098 132
1739716284800 23.468982451176924 133
1739716284805 21.78462663128183 134
1739716284810 22.568467146996944 135
1739716284815 22.24774654076852 136
1739716284820 21.474142358692756 137
1739716284824 21.506559154966084 138
1739716284829 21.381726653658557 139
1739716284834 20.87205236073203 140
1739716284838 20.354266963566033 141
1739716284843 20.266551663129647 142
1739716284847 19.150440023177794 143
1739716284852 20.59072267300988 144
1739716284857 20.17082107979238 145
1739716284862 20.261326350420138 146
1739716284867 18.678390249535866 147
1739716284872 18.289827312179167 148
1739716284876 19.200212016635454 149
1739716284881 17.69816998915388 150
1739716284886 18.274325781168383 151
1739716284890 16.955380998682575 152
1739716284895 18.09856292199259 153
1739716284899 18.111443710848725 154
1739716284904 17.086272944245067 155
1739716284909 16.964818967809265 156
1739716284914 16.065207547800707 157
1739716284918 16.972679422223013 158
1739716284923 15.49280810412695 159
1739716284928 15.331601573575364 160
1739716284933 15.720167606731712 161
1739716284937 15.172517313995009 162
1739716284942 14.965873873214878 163
1739716284947 15.837240528339906 164
1739716284952 15.316783587518822 165
1739716284957 13.398218204104237 166
1739716284961 14.505263853156121 167
1739716284966 14.484085803676361 168
1739716284971 14.28598704587995 169
1739716284975 13.723387883567037 170
1739716284980 13.574929179681842 171
1739716284985 12.940201509591168 172
1739716284990 13.431747164371515 173
1739716284995 12.341672055139837 174
1739716285000 12.848142639066255 175
1739716285005 13.014139318625988 176
1739716285009 12.938245452872378 177
1739716285014 12.279644577513 178
1739716285019 11.663810646857007 179
1739716285024 11.450380940366207 180
1739716285028 12.048481257718347 181
1739716285033 11.52796260967117 182
1739716285038 11.15121755662196 183
1739716285043 10.572828789534178 184
1739716285047 11.139351209964785 185
1739716285052 11.981301197925516 186
1739716285057 11.011423750255831 187
1739716285062 10.170483912921252 188
1739716285067 10.478054007720754 189
1739716285072 9.458885880370568 190
1739716285076 10.107372469171587 191
1739716285081 9.81227110761011 192
1739716285086 9.91107231880429 193
1739716285091 9.744559445803871 194
1739716285095 8.900565065066418 195
1739716285100 9.797026576373415 196
1739716285105 9.339571848734867 197
1739716285110 9.178988037397769 198
1739716285114 9.079735641877932 199
1739716285123 8.186797359031988 200
1739716285128 8.425755450283205 201
1739716285133 8.963875176402897 202
1739716285138 9.04537080893262 203
1739716285142 8.199936646138202 204
1739716285147 8.644895901016318 205
1739716285152 8.316308199866395 206
1739716285157 7.498420693621482 207
1739716285162 8.027067813205269 208
1739716285167 8.357978554781118 209
1739716285172 8.504007774455502 210
1739716285177 7.760492740077316 211
1739716285182 7.5135683552986325 212
1739716285187 7.180002959867373 213
1739716285192 7.2914042890999795 214
1739716285197 6.960520949048361 215
1739716285202 6.612934332178839 216
1739716285206 7.060421089127686 217
1739716285211 7.0387476102158875 218
1739716285216 6.964877523714155 219
1739716285232 6.423553056316465 220
1739716285262 6.244347105820417 221
1739716285282 6.746596123359028 222
1739716285291 6.037184609348798 223
1739716285301 6.448246429075634 224
1739716285306 6.37297033353914 225
1739716285311 6.3832340537988195 226
1739716285315 6.21947583211299 227
1739716285320 5.748070113638275 228
1739716285325 6.080659483231225 229
1739716285330 5.362487749226437 230
1739716285335 5.997430906206565 231
1739716285340 6.04481362148188 232
1739716285348 4.747745924407484 233
1739716285354 5.84950807919583 234
1739716285359 5.571670306667696 235
1739716285364 5.269030468484651 236
1739716285370 4.99388950891506 237
1739716285375 5.073743473020408 238
1739716285380 4.910979457558421 239
1739716285385 5.198297445668312 240
1739716285390 5.25647080633798 241
1739716285394 5.2436380247168595 242
1739716285399 4.431542952930756 243
1739716285404 4.764563324968276 244
1739716285409 4.905187418805556 245
1739716285414 4.519613322290863 246
1739716285419 4.732675826661336 247
1739716285424 4.5818492464877405 248
1739716285428 4.550390562438241 249
1739716285433 4.553562466545788 250
1739716285437 3.8408146970005945 251
1739716285442 4.008385220647151 252
1739716285447 4.104442067126709 253
1739716285452 4.381322733507914 254
1739716285456 4.28126524519972 255
1739716285461 3.8257767953465684 256
1739716285466 3.9015664728302935 257
1739716285470 4.319070806240929 258
1739716285475 4.441820414443668 259
1739716285480 3.6592641985083834 260
1739716285485 3.626449570366049 261
1739716285489 4.106992214649313 262
1739716285494 3.990638928165427 263
1739716285498 3.620695073842057 264
1739716285503 3.586984194109435 265
1739716285508 3.8842269519015615 266
1739716285512 3.7170481738792125 267
1739716285526 3.4499267595299075 268
1739716285531 3.5434862038434516 269
1739716285537 3.381791826751522 270
1739716285542 3.281071943653393 271
1739716285547 3.2965709646479895 272
1739716285552 3.4056202711784356 273
1739716285557 2.94675509976235 274
1739716285562 3.257942569275288 275
1739716285567 3.1242405255356753 276
1739716285572 2.597890909022013 277
1739716285577 3.091163774228528 278
1739716285581 2.741977945194663 279
1739716285586 2.8203311902078085 280
1739716285591 2.5187218047539406 281
1739716285596 2.835893333907184 282
1739716285600 2.603821352952501 283
1739716285605 2.9191809654890117 284
1739716285610 2.404967849579766 285
1739716285615 2.9943541538068468 286
1739716285619 2.851892557404983 287
1739716285624 3.1573224548166032 288
1739716285629 2.3819710879814093 289
1739716285634 2.4123192038909007 290
1739716285638 2.4744309527486656 291
1739716285643 2.7292385688724976 292
1739716285647 2.363531525883684 293
1739716285652 2.31178569248994 294
1739716285657 2.625846851279561 295
1739716285661 2.112626203982141 296
1739716285666 2.279733007670504 297
1739716285671 2.284439602832766 298
1739716285676 2.4642436526711715 299
1739716285681 2.676585417521289 300
1739716285685 2.1233223721794063 301
1739716285690 2.1580813218839157 302
1739716285695 1.9953503098040204 303
1739716285699 2.403699491873692 304
1739716285704 2.201819363183122 305
1739716285709 1.9565790732974009 306
1739716285714 2.208214922943354 307
1739716285719 2.3395105128031095 308
1739716285723 2.0597190569278423 309
1739716285728 2.201864124802307 310
1739716285732 2.159679330258686 311
1739716285737 2.1283769721396184 312
1739716285742 2.22186196105215 313
1739716285746 2.065989305060364 314
1739716285751 1.9154493925019225 315
1739716285755 2.192441558731935 316
1739716285760 1.689037322884343 317
1739716285764 1.7684032006961445 318
1739716285769 1.4793377273244173 319
1739716285774 1.7019200266547323 320
1739716285778 1.5177105029338678 321
1739716285783 1.5407370031474898 322
1739716285788 1.9120963401897095 323
1739716285793 1.4730534621055842 324
1739716285798 1.6891593482677358 325
1739716285802 1.478969310904636 326
1739716285807 1.8848023175949016 327
1739716285812 1.4107651634803755 328
1739716285817 1.3135561943836287 329
1739716285822 1.5425688461869635 330
1739716285827 1.5975743540925467 331
1739716285831 1.430650471435267 332
1739716285836 1.5135318733223966 333
1739716285841 1.5809269441445366 334
1739716285846 1.5090546739750097 335
1739716285850 1.4079232003399063 336
1739716285855 1.871227993480798 337
1739716285860 1.3371768666690442 338
1739716285864 1.2808284312493112 339
1739716285869 1.4399848532903146 340
1739716285874 1.3128643549250567 341
1739716285879 1.2295025870030083 342
1739716285884 1.4351300359430794 343
1739716285889 1.0921097059726979 344
1739716285894 1.2312791414388145 345
1739716285898 1.614265220126198 346
1739716285903 1.359669627311638 347
1739716285908 0.9662570914747942 348
1739716285913 1.0185096139343515 349
1739716285917 1.2763046845804615 350
1739716285922 1.1182393150273997 351
1739716285926 1.2920493896804603 352
1739716285931 1.1821392211316832 353
1739716285936 1.668370443966141 354
1739716285940 1.3442007114575016 355
1739716285945 1.363865105335705 356
1739716285950 1.1683915374847664 357
1739716285955 1.2171972604091539 358
1739716285959 1.013470241689649 359
1739716285964 1.1755589279226017 360
1739716285969 1.272172214753773 361
1739716285973 1.311258767869456 362
1739716285978 1.1864160124525147 363
1739716285983 0.9948203716830366 364
1739716285988 1.1114783857788055 365
1739716285992 0.9883778411812646 366
1739716285997 1.1093037128495353 367
1739716286002 0.9399026239123046 368
1739716286006 1.1433371551924372 369
1739716286011 1.0188057199137828 370
1739716286016 0.9383801299812384 371
1739716286020 0.8964115879652741 372
1739716286025 0.9596215674598526 373
1739716286029 0.9638043918114023 374
1739716286034 0.9651433607709348 375
1739716286039 1.1246420736526328 376
1739716286044 0.8709713924853841 377
1739716286048 0.9594525652861193 378
1739716286053 0.7981158950752941 379
1739716286058 0.8329884928067588 380
1739716286062 0.7448884886185015 381
1739716286067 0.8035685750030683 382
1739716286071 1.0126957484457157 383
1739716286075 0.7293605527368183 384
1739716286081 0.957996256197142 385
1739716286096 0.7512930820678789 386
1739716286102 0.9127792018069383 387
1739716286107 0.7920453148076895 388
1739716286112 0.9530857950225066 389
1739716286117 0.7279961475203599 390
1739716286121 0.7638882692577915 391
1739716286126 0.7574586404862739 392
1739716286130 0.7436848012594083 393
1739716286136 0.8046431105016876 394
1739716286140 0.9443728565835691 395
1739716286144 0.8396574263847488 396
1739716286150 0.7038901813760574 397
1739716286155 0.6543220164162774 398
1739716286160 0.7141764654595673 399
1739716286165 0.7489780029140529 400
1739716286171 0.7048554422098124 401
1739716286181 0.812137072202572 402
1739716286187 0.8099731652877132 403
1739716286192 0.6305531902824316 404
1739716286197 0.5513424596447616 405
1739716286202 0.6765099786750887 406
1739716286206 0.5172642250004664 407
1739716286211 0.644599395872335 408
1739716286216 0.7517065777300367 409
1739716286221 0.5629940195597449 410
1739716286226 0.6314090191520402 411
1739716286231 0.6601655573847154 412
1739716286236 0.5833891834291475 413
1739716286241 0.5831936204789987 414
1739716286246 0.6086893959612689 415
1739716286251 0.5273972449408457 416
1739716286255 0.5817424822336517 417
1739716286260 0.7035856336850107 418
1739716286265 0.5732217462416265 419
1739716286269 0.507464991406387 420
1739716286274 0.6714935407221555 421
1739716286279 0.5382302231527484 422
1739716286283 0.6138284289661773 423
1739716286288 0.7005130510768159 424
1739716286293 0.4169500189014188 425
1739716286298 0.5725032518269864 426
1739716286302 0.545648495623552 427
1739716286307 0.48541229724971535 428
1739716286311 0.5396974826042557 429
1739716286316 0.6379744117300344 430
1739716286320 0.7025018484990165 431
1739716286325 0.5121998785304994 432
1739716286330 0.5459703873464608 433
1739716286334 0.5519964406113409 434
1739716286339 0.6113187119861295 435
1739716286344 0.5172298058033462 436
1739716286349 0.4865984355188396 437
1739716286353 0.5080694096194569 438
1739716286358 0.36743736422986906 439
1739716286363 0.5144150662464886 440
1739716286368 0.5984437716884112 441
1739716286373 0.6114481249945546 442
1739716286377 0.500163288684314 443
1739716286382 0.6054243304024801 444
1739716286387 0.4737418820593379 445
1739716286391 0.3969693141101148 446
1739716286397 0.4965536810701209 447
1739716286401 0.4687892837430631 448
1739716286406 0.43438350172555024 449
1739716286411 0.3812042401610219 450
1739716286415 0.3982649306252652 451
1739716286421 0.47180187577448907 452
1739716286425 0.41404336935396563 453
1739716286430 0.3775831867127588 454
1739716286434 0.39929498789557744 455
1739716286439 0.30606732166707284 456
1739716286444 0.49815459856735067 457
1739716286449 0.4449992176655039 458
1739716286453 0.36057604662825826 459
1739716286458 0.3259846734249508 460
1739716286462 0.4435081353174403 461
1739716286467 0.4428250570558389 462
1739716286471 0.644211165024103 463
1739716286476 0.366879138921059 464
1739716286481 0.43988685236653935 465
1739716286486 0.4404949962211489 466
1739716286491 0.3629834483541385 467
1739716286496 0.36592426491461494 468
1739716286500 0.41960832014315763 469
1739716286505 0.3470702581065621 470
1739716286509 0.3399450261813048 471
1739716286514 0.5123454767775818 472
1739716286518 0.283836622364832 473
1739716286523 0.35464778717232937 474
1739716286537 0.3331391393535532 475
1739716286542 0.32193470118372614 476
1739716286546 0.3638491788275751 477
1739716286551 0.4058553032699424 478
1739716286555 0.45147012122026015 479
1739716286560 0.3991560978347751 480
1739716286565 0.3998791349183531 481
1739716286569 0.4015816269866061 482
1739716286574 0.31948100297995097 483
1739716286578 0.40747712008423603 484
1739716286583 0.39277499504014574 485
1739716286588 0.3554929708862439 486
1739716286593 0.33234849272168204 487
1739716286598 0.3369932183776147 488
1739716286602 0.5282979921246808 489
1739716286607 0.3570250385190741 490
1739716286612 0.37844326033060044 491
1739716286617 0.27790655814533916 492
1739716286622 0.31218606230435325 493
1739716286626 0.3874157963508611 494
1739716286631 0.2619443146700508 495
1739716286636 0.3512119488855824 496
1739716286640 0.4029428694473193 497
1739716286645 0.4029444858322478 498
1739716286649 0.4627963940203453 499
