1739714617425 169.570318906207 0
1739714617430 166.1744965726232 1
1739714617434 162.85411282373346 2
1739714617438 159.60739061491108 3
1739714617442 156.43259734847976 4
1739714617446 153.32804366618979 5
1739714617450 150.29208227873698 6
1739714617455 147.32310683099928 7
1739714617459 144.41955080172193 8
1739714617463 141.57988643643438 9
1739714617468 138.80262371243143 10
1739714617472 136.0863093347004 11
1739714617476 133.42952576171916 12
1739714617480 130.83089026009577 13
1739714617484 128.28905398706016 14
1739714617489 125.80270109985854 15
1739714617492 123.37054789113947 16
1739714617496 120.99134194945498 17
1739714617500 118.66386134403673 18
1739714617504 116.38691383303821 19
1739714617508 114.15933609446674 20
1739714617512 111.97999297905818 21
1739714617516 109.84777678437676 22
1739714617519 107.761606549449 23
1739714617523 105.72042736926818 24
1739714617526 103.72320972852941 25
1739714617531 101.7689488539807 26
1739714617535 99.85666408479783 27
1739714617539 97.98539826041268 28
1739714617543 96.1542171252462 29
1739714617547 94.3622087498169 30
1739714617551 92.6084829677153 31
1739714617555 90.89217082795342 32
1739714617559 89.21242406221529 33
1739714617563 87.56841456655314 34
1739714617566 85.95933389708783 35
1739714617570 84.38439277928978 36
1739714617574 82.8428206304309 37
1739714617578 81.33386509481117 38
1739714617581 79.85679159137996 39
1739714617585 78.41088287338218 40
1739714617589 76.99543859967474 41
1739714617593 75.60977491736932 42
1739714617597 74.25322405546977 43
1739714617602 72.9251339291834 44
1739714617605 71.6248677545965 45
1739714617610 70.3518036734145 46
1739714617614 69.10533438747744 47
1739714617618 67.8848668027703 48
1739714617622 66.68982168265786 49
1739714617627 65.51963331008184 50
1739714617631 64.3737491584672 51
1739714617636 63.25162957109185 52
1739714617640 62.15274744868268 53
1739714617644 61.076587945008264 54
1739714617649 60.0226481702449 55
1739714617653 58.99043690190161 56
1739714617658 57.979474303094406 57
1739714617662 56.98929164796799 58
1739714617666 56.01943105406888 59
1739714617671 55.06944522148023 60
1739714617675 54.13889717853379 61
1739714617679 53.22736003392115 62
1739714617683 52.33441673503085 63
1739714617687 51.45965983234382 64
1739714617691 50.602691249724145 65
1739714617695 49.7631220604477 66
1739714617699 48.94057226881508 67
1739714617703 48.134670597200596 68
1739714617707 47.34505427839282 69
1739714617712 46.57136885308695 70
1739714617716 45.81326797239293 71
1739714617720 45.07041320522748 72
1739714617724 44.342473850462014 73
1739714617728 43.62912675370178 74
1739714617732 42.93005612857585 75
1739714617736 42.24495338242001 76
1739714617741 41.57351694623899 77
1739714617745 40.915452108837115 78
1739714617749 40.270470855009485 79
1739714617754 39.638291707689476 80
1739714617758 39.0186395739504 81
1739714617762 38.41124559476289 82
1739714617766 37.81584699841153 83
1739714617769 37.232186957477516 84
1739714617774 36.66001444929648 85
1739714617777 36.09908411980286 86
1739714617781 35.54915615067521 87
1739714617785 35.00999612969865 88
1739714617789 34.48137492426306 89
1739714617793 33.963068557918085 90
1739714617797 33.45485808990797 91
1739714617802 32.956529497611015 92
1739714617806 32.46787356181113 93
1739714617810 31.988685754730405 94
1739714617814 31.518766130753516 95
1739714617817 31.057919219776995 96
1739714617821 30.6059539231177 97
1739714617825 30.162683411916998 98
1739714617828 29.727925027978433 99
1739714617832 29.30150018697876 100
1739714617836 28.88323428399325 101
1739714617841 28.47295660127824 102
1739714617845 28.070500218255034 103
1739714617849 27.675701923640844 104
1739714617862 27.288402129674022 105
1739714617866 26.908444788381793 106
1739714617870 26.5356773098405 107
1739714617873 26.169950482379395 108
1739714617877 25.81111839468028 109
1739714617880 25.45903835972662 110
1739714617884 25.11357084055693 111
1739714617888 24.774579377778245 112
1739714617892 24.441930518796852 113
1739714617896 24.115493748724358 114
1739714617900 23.795141422918242 115
1739714617904 23.480748701117268 116
1739714617908 23.172193483132908 117
1739714617912 22.86935634605903 118
1739714617916 22.572120482962955 119
1739714617920 22.28037164302218 120
1739714617924 21.993998073071538 121
1739714617928 21.712890460526864 122
1739714617932 21.436941877651783 123
1739714617936 21.166047727135318 124
1739714617940 20.90010568894854 125
1739714617944 20.639015668449602 126
1739714617948 20.38267974570695 127
1739714617952 20.131002126011506 128
1739714617956 19.88388909154919 129
1739714617960 19.641248954205892 130
1739714617964 19.40299200947766 131
1739714617969 19.169030491459836 132
1739714617972 18.939278528888877 133
1739714617977 18.71365210221198 134
1739714617981 18.492069001659775 135
1739714617985 18.274448786298116 136
1739714617989 18.060712744035474 137
1739714617994 17.850783852563325 138
1739714617997 17.644586741206975 139
1739714618001 17.44204765366532 140
1739714618005 17.24309441161824 141
1739714618009 17.04765637918107 142
1739714618013 16.855664428185687 143
1739714618018 16.66705090426898 144
1739714618022 16.48174959374911 145
1739714618026 16.299695691270998 146
1739714618029 16.120825768202806 147
1739714618033 15.94507774176544 148
1739714618037 15.772390844877854 149
1739714618040 15.602705596701076 150
1739714618044 15.435963773864271 151
1739714618048 15.272108382356969 152
1739714618052 15.111083630071525 153
1739714618056 14.952834899980218 154
1739714618059 14.797308723932456 155
1739714618063 14.644452757056978 156
1739714618067 14.494215752754954 157
1739714618071 14.346547538270016 158
1739714618074 14.201398990821641 159
1739714618078 14.0587220142884 160
1739714618082 13.918469516428324 161
1739714618086 13.780595386623666 162
1739714618090 13.645054474137593 163
1739714618094 13.511802566870907 164
1739714618097 13.380796370606898 165
1739714618102 13.251993488732904 166
1739714618105 13.125352402427382 167
1739714618109 13.000832451301497 168
1739714618113 12.878393814484589 169
1739714618117 12.757997492143017 170
1739714618121 12.639605287422413 171
1739714618126 12.523179788803013 172
1739714618129 12.40868435285889 173
1739714618133 12.296083087411176 174
1739714618138 12.185340835066281 175
1739714618141 12.076423157130003 176
1739714618145 11.969296317888773 177
1739714618149 11.863927269249402 178
1739714618153 11.760283635728946 179
1739714618157 11.658333699786528 180
1739714618161 11.558046387489165 181
1739714618164 11.459391254503615 182
1739714618169 11.362338472406874 183
1739714618173 11.266858815307701 184
1739714618177 11.172923646772006 185
1739714618180 11.080504907044967 186
1739714618185 10.989575100563023 187
1739714618190 10.900107283748852 188
1739714618194 10.81207505308291 189
1739714618198 10.72545253344501 190
1739714618203 10.640214366719587 191
1739714618207 10.55633570065868 192
1739714618212 10.473792177996463 193
1739714618216 10.392559925809575 194
1739714618220 10.312615545117627 195
1739714618224 10.233936100717981 196
1739714618228 10.156499111249833 197
1739714618232 10.080282539481859 198
1739714618236 10.00526478281843 199
1739714618240 9.931424664019426 200
1739714618244 9.858741422128409 201
1739714618248 9.787194703604666 202
1739714618252 9.716764553654079 203
1739714618255 9.647431407754542 204
1739714618259 9.579176083371111 205
1739714618263 9.511979771856758 206
1739714618267 9.44582403053426 207
1739714618271 9.380690774955175 208
1739714618275 9.316562271331689 209
1739714618279 9.25342112913745 210
1739714618283 9.191250293873457 211
1739714618286 9.130033039995094 212
1739714618290 9.069752963996827 213
1739714618294 9.010393977650711 214
1739714618297 8.95194030139524 215
1739714618301 8.894376457871159 216
1739714618306 8.83768726560073 217
1739714618310 8.781857832807166 218
1739714618314 8.726873551371218 219
1739714618317 8.672720090921425 220
1739714618321 8.61938339305526 221
1739714618326 8.56684966568796 222
1739714618329 8.515105377526252 223
1739714618334 8.46413725266409 224
1739714618338 8.41393226529745 225
1739714618342 8.364477634555707 226
1739714618346 8.315760819446725 227
1739714618351 8.267769513913198 228
1739714618355 8.220491641997564 229
1739714618359 8.173915353113111 230
1739714618362 8.128029017418863 231
1739714618367 8.082821221295719 232
1739714618371 8.038280762921818 233
1739714618376 7.994396647944517 234
1739714618379 7.951158085247115 235
1739714618383 7.9085544828078875 236
1739714618388 7.866575443649583 237
1739714618392 7.825210761877062 238
1739714618396 7.784450418801311 239
1739714618400 7.744284579147706 240
1739714618404 7.704703587346709 241
1739714618407 7.665697963905057 242
1739714618411 7.62725840185567 243
1739714618416 7.58937576328446 244
1739714618420 7.5520410759323315 245
1739714618424 7.515245529870613 246
1739714618428 7.478980474248322 247
1739714618432 7.4432374141096584 248
1739714618436 7.408008007279956 249
1739714618439 7.373284061318835 250
1739714618443 7.339057530538787 251
1739714618448 7.305320513087873 252
1739714618451 7.272065248094991 253
1739714618455 7.2392841128763585 254
1739714618459 7.206969620201834 255
1739714618462 7.175114415619684 256
1739714618466 7.14371127483854 257
1739714618470 7.1127531011652065 258
1739714618474 7.082232922997131 259
1739714618477 7.0521438913682095 260
1739714618481 7.022479277546846 261
1739714618485 6.993232470685004 262
1739714618489 6.96439697551722 263
1739714618492 6.935966410108252 264
1739714618496 6.907934503648548 265
1739714618500 6.880295094296237 266
1739714618504 6.853042127064735 267
1739714618508 6.826169651754937 268
1739714618513 6.7996718209308655 269
1739714618517 6.773542887938057 270
1739714618521 6.747777204963465 271
1739714618525 6.72236922113619 272
1739714618529 6.697313480667924 273
1739714618532 6.672604621032438 274
1739714618536 6.648237371182993 275
1739714618540 6.624206549807133 276
1739714618544 6.6005070636177505 277
1739714618547 6.577133905679799 278
1739714618551 6.554082153771792 279
1739714618555 6.53134696878139 280
1739714618558 6.508923593134185 281
1739714618562 6.486807349255091 282
1739714618566 6.464993638061576 283
1739714618570 6.443477937487958 284
1739714618574 6.422255801040251 285
1739714618578 6.4013228563806965 286
1739714618582 6.380674803941451 287
1739714618586 6.360307415566774 288
1739714618589 6.34021653318304 289
1739714618593 6.320398067496025 290
1739714618597 6.300847996714852 291
1739714618601 6.281562365301973 292
1739714618604 6.262537282748651 293
1739714618609 6.243768922375464 294
1739714618613 6.225253520157064 295
1739714618617 6.206987373570953 296
1739714618620 6.188966840469526 297
1739714618624 6.171188337974928 298
1739714618632 6.153648341396363 299
1739714618638 6.1363433831691205 300
1739714618642 6.119270051815122 301
1739714618647 6.102424990924316 302
1739714618651 6.085804898156516 303
1739714618655 6.069406524263364 304
1739714618659 6.0532266721297825 305
1739714618663 6.037262195834685 306
1739714618667 6.021509999730374 307
1739714618670 6.005967037540337 308
1739714618674 5.990630311475001 309
1739714618677 5.975496871365023 310
1739714618681 5.960563813811852 311
1739714618685 5.945828281355053 312
1739714618689 5.931287461656109 313
1739714618693 5.916938586698359 314
1739714618697 5.9027789320027475 315
1739714618702 5.888805815858857 316
1739714618706 5.875016598571279 317
1739714618710 5.861408681720558 318
1739714618714 5.847979507438731 319
1739714618718 5.834726557698981 320
1739714618722 5.821647353619157 321
1739714618726 5.808739454778874 322
1739714618730 5.796000458549925 323
1739714618734 5.783427999439596 324
1739714618738 5.771019748446828 325
1739714618742 5.758773412430751 326
1739714618746 5.74668673349146 327
1739714618749 5.734757488362686 328
1739714618753 5.722983487816241 329
1739714618757 5.711362576077768 330
1739714618760 5.6998926302538475 331
1739714618764 5.688571559769964 332
1739714618769 5.6773973058192295 333
1739714618773 5.666367840821684 334
1739714618776 5.655481167893844 335
1739714618780 5.644735320328282 336
1739714618784 5.634128361083202 337
1739714618788 5.623658382281566 338
1739714618792 5.61332350471976 339
1739714618796 5.603121877385483 340
1739714618800 5.593051676984758 341
1739714618804 5.583111107477798 342
1739714618808 5.573298399623583 343
1739714618812 5.563611810533001 344
1739714618817 5.554049623230304 345
1739714618821 5.544610146222724 346
1739714618825 5.535291713078215 347
1739714618829 5.526092682010883 348
1739714618833 5.517011435474235 349
1739714618837 5.508046379761894 350
1739714618842 5.49919594461572 351
1739714618846 5.490458582841122 352
1739714618850 5.4818327699295315 353
1739714618854 5.473317003687685 354
1739714618858 5.46490980387384 355
1739714618870 5.456609711840551 356
1739714618874 5.448415290184011 357
1739714618877 5.440325122399791 358
1739714618881 5.43233781254483 359
1739714618885 5.424451984905536 360
1739714618888 5.41666628367197 361
1739714618892 5.408979372617851 362
1739714618896 5.401389934786389 363
1739714618900 5.393896672181744 364
1739714618904 5.38649830546606 365
1739714618908 5.379193573661903 366
1739714618913 5.371981233860046 367
1739714618916 5.364860060932511 368
1739714618920 5.357828847250637 369
1739714618924 5.350886402408272 370
1739714618928 5.344031552949794 371
1739714618931 5.33726314210304 372
1739714618935 5.330580029516877 373
1739714618940 5.323981091003447 374
1739714618944 5.317465218284962 375
1739714618948 5.31103131874494 376
1739714618952 5.304678315183792 377
1739714618957 5.298405145578725 378
1739714618961 5.292210762847807 379
1739714618965 5.2860941346181445 380
1739714618969 5.280054242998176 381
1739714618973 5.274090084353783 382
1739714618976 5.268200669088394 383
1739714618980 5.262385021426856 384
1739714618984 5.256642179203022 385
1739714618987 5.250971193651035 386
1739714618992 5.245371129200172 387
1739714618995 5.239841063273195 388
1739714618999 5.23438008608822 389
1739714619002 5.22898730046388 390
1739714619006 5.223661821627898 391
1739714619010 5.218402777028864 392
1739714619014 5.213209306151222 393
1739714619018 5.208080560333402 394
1739714619023 5.203015702588988 395
1739714619027 5.198013907431005 396
1739714619031 5.1930743606990575 397
1739714619035 5.188196259389393 398
1739714619039 5.18337881148788 399
1739714619043 5.178621235805744 400
1739714619047 5.173922761817992 401
1739714619051 5.1692826295046315 402
1739714619055 5.164700089194497 403
1739714619060 5.1601744014116 404
1739714619064 5.155704836724131 405
1739714619068 5.151290675595891 406
1739714619072 5.146931208240188 407
1739714619076 5.142625734476165 408
1739714619081 5.138373563587449 409
1739714619085 5.13417401418315 410
1739714619089 5.130026414061122 411
1739714619093 5.125930100073462 412
1739714619097 5.121884417994207 413
1739714619101 5.117888722389162 414
1739714619105 5.113942376487854 415
1739714619110 5.110044752057597 416
1739714619114 5.106195229279517 417
1739714619119 5.102393196626644 418
1739714619122 5.098638050743946 419
1739714619127 5.0949291963302885 420
1739714619130 5.091266046022263 421
1739714619134 5.087648020279933 422
1739714619138 5.084074547274369 423
1739714619141 5.080545062776945 424
1739714619145 5.077059010050499 425
1739714619149 5.073615839742093 426
1739714619153 5.070215009777568 427
1739714619157 5.066855985257739 428
1739714619160 5.063538238356183 429
1739714619164 5.060261248218744 430
1739714619168 5.0570245008645 431
1739714619172 5.053827489088368 432
1739714619176 5.050669712365185 433
1739714619180 5.0475506767553275 434
1739714619185 5.044469894811771 435
1739714619189 5.041426885488619 436
1739714619193 5.038421174051012 437
1739714619197 5.0354522919865525 438
1739714619201 5.0325197769179075 439
1739714619206 5.0296231725169624 440
1739714619210 5.026762028420144 441
1739714619214 5.023935900145132 442
1739714619218 5.021144349008852 443
1739714619222 5.018386942046677 444
1739714619227 5.015663251932875 445
1739714619231 5.0129728569023335 446
1739714619236 5.010315340673395 447
1739714619241 5.0076902923719375 448
1739714619245 5.00509730645653 449
1739714619249 5.002535982644839 450
1739714619253 5.000005925841001 451
1739714619258 4.997506746064227 452
1739714619263 4.995038058378389 453
1739714619267 4.992599482822762 454
1739714619272 4.990190644343668 455
1739714619276 4.9878111727273025 456
1739714619280 4.985460702533444 457
1739714619285 4.983138873030236 458
1739714619289 4.980845328129863 459
1739714619293 4.978579716325277 460
1739714619298 4.976341690627806 461
1739714619302 4.974130908505659 462
1739714619306 4.971947031823442 463
1739714619311 4.9697897267824676 464
1739714619315 4.967658663862007 465
1739714619319 4.965553517761373 466
1739714619323 4.9634739673428925 467
1739714619327 4.961419695575661 468
1739714619331 4.959390389480201 469
1739714619335 4.957385740073837 470
1739714619340 4.955405442316946 471
1739714619345 4.953449195059955 472
1739714619349 4.951516700991125 473
1739714619353 4.949607666585053 474
1739714619357 4.947721802052007 475
1739714619363 4.945858821287908 476
1739714619367 4.944018441825077 477
1739714619371 4.942200384783697 478
1739714619376 4.9404043748239586 479
1739714619380 4.938630140098896 480
1739714619386 4.936877412207928 481
1739714619390 4.935145926151031 482
1739714619395 4.93343542028356 483
1739714619400 4.931745636271787 484
1739714619405 4.930076319048968 485
1739714619410 4.928427216772156 486
1739714619415 4.926798080779513 487
1739714619420 4.925188665548297 488
1739714619425 4.9235987286534675 489
1739714619429 4.922028030726788 490
1739714619434 4.9204763354165975 491
1739714619439 4.918943409348099 492
1739714619444 4.917429022084222 493
1739714619448 4.915932946087055 494
1739714619452 4.914454956679771 495
1739714619457 4.9129948320091525 496
1739714619461 4.911552353008611 497
1739714619465 4.91012730336168 498
1739714619470 4.908719469466111 499
