1739715910179 169.71010546178107 0
1739715910185 165.87765410045537 1
1739715910192 169.83560864156485 2
1739715910198 165.16095918033486 3
1739715910205 155.37387973211702 4
1739715910209 154.80658046514188 5
1739715910214 158.1715846947063 6
1739715910219 154.511444345715 7
1739715910224 152.82236191211908 8
1739715910229 149.83162504317494 9
1739715910234 144.56179951306763 10
1739715910239 143.05890111971507 11
1739715910244 141.18431113777442 12
1739715910249 139.21407793373518 13
1739715910254 134.70452534770266 14
1739715910260 139.41256329016576 15
1739715910265 133.67936104285863 16
1739715910270 134.48938568004655 17
1739715910275 131.1422735020248 18
1739715910279 130.42385888295044 19
1739715910284 126.06202992253034 20
1739715910289 124.66781483629393 21
1739715910293 126.34067372871559 22
1739715910298 121.14035381237701 23
1739715910302 117.87472935824988 24
1739715910307 118.44289974319562 25
1739715910311 113.41762071536802 26
1739715910316 116.39326735002628 27
1739715910320 110.88458981710892 28
1739715910325 106.86632314603679 29
1739715910329 111.3709852821669 30
1739715910334 108.57339452114013 31
1739715910338 107.75271606221794 32
1739715910343 101.99347634509522 33
1739715910347 104.10335953719894 34
1739715910352 100.55026414934366 35
1739715910356 100.48895868216914 36
1739715910361 98.99031429622569 37
1739715910366 98.47340697619602 38
1739715910371 96.26067592399193 39
1739715910376 95.93367044699274 40
1739715910381 93.45570074940342 41
1739715910386 93.40942620313082 42
1739715910391 91.89443008711842 43
1739715910396 88.46486635737423 44
1739715910401 86.07326667455963 45
1739715910405 85.19393761474659 46
1739715910410 85.1915797489122 47
1739715910415 83.21986509764167 48
1739715910421 83.23257163601762 49
1739715910426 81.4946420956838 50
1739715910431 79.65742201753767 51
1739715910436 80.04437745336509 52
1739715910441 77.89854714794419 53
1739715910446 76.14993086228984 54
1739715910451 73.57495266044737 55
1739715910455 74.73636055552767 56
1739715910460 72.08622344500233 57
1739715910464 72.48962801121631 58
1739715910470 69.93459811937895 59
1739715910474 68.45825560772344 60
1739715910478 69.00962893006091 61
1739715910483 66.06065808991697 62
1739715910489 66.18700786360529 63
1739715910494 67.58885907365857 64
1739715910498 63.82601348868352 65
1739715910503 62.84044091917723 66
1739715910507 61.957776834713286 67
1739715910512 62.175010149159206 68
1739715910517 60.03788446976529 69
1739715910521 60.41645868485372 70
1739715910526 58.624875704509805 71
1739715910530 56.786943908765345 72
1739715910535 58.15272653384598 73
1739715910539 58.60522296602961 74
1739715910543 54.330973470297856 75
1739715910548 53.47436029096151 76
1739715910552 52.96827128856871 77
1739715910557 53.47528257627527 78
1739715910562 53.101785800010255 79
1739715910566 53.03382027479971 80
1739715910571 51.7217993784107 81
1739715910576 49.88561503992291 82
1739715910580 48.885981712780605 83
1739715910585 49.18572524193301 84
1739715910590 48.44660885681098 85
1739715910595 48.81306999599221 86
1739715910599 43.27432828011372 87
1739715910604 46.7165963321572 88
1739715910609 47.52913840636383 89
1739715910614 43.775071273204496 90
1739715910618 44.13792516480376 91
1739715910623 43.60588363470154 92
1739715910627 42.38771287583371 93
1739715910632 42.53256854916937 94
1739715910636 38.93966142879626 95
1739715910641 40.495050088108876 96
1739715910646 41.07840277110989 97
1739715910651 39.65687667683703 98
1739715910655 38.540194097547705 99
1739715910660 38.24535345415095 100
1739715910664 36.83189555520621 101
1739715910669 37.24154446199908 102
1739715910676 38.23447315414215 103
1739715910681 36.57880659261537 104
1739715910685 34.62907946942109 105
1739715910690 35.76000748939599 106
1739715910695 35.13684522186437 107
1739715910700 33.7084716843815 108
1739715910704 33.66316222904361 109
1739715910709 32.381590884801795 110
1739715910713 32.977046072991776 111
1739715910717 32.566635482482 112
1739715910722 31.922963532065864 113
1739715910726 31.941288788202204 114
1739715910731 30.239766054140922 115
1739715910735 30.223528289864486 116
1739715910740 30.33036067595849 117
1739715910744 30.440273042505698 118
1739715910748 28.552215983304567 119
1739715910753 30.065786799709763 120
1739715910758 27.606319804990648 121
1739715910762 29.152347634811687 122
1739715910768 27.676036535650404 123
1739715910773 27.757058349023737 124
1739715910778 26.86839370431488 125
1739715910783 27.176444674621383 126
1739715910788 25.926771061212186 127
1739715910793 26.305121812875715 128
1739715910798 26.035518198789344 129
1739715910803 23.639546709285874 130
1739715910808 24.878523089579488 131
1739715910813 24.42114937059043 132
1739715910818 23.426018313394312 133
1739715910823 22.03892459180677 134
1739715910827 24.26127147977561 135
1739715910831 22.362906729343443 136
1739715910836 23.638165356888898 137
1739715910840 21.55172101862394 138
1739715910845 23.056825168552056 139
1739715910849 21.65525778731827 140
1739715910853 20.76346797925944 141
1739715910858 21.17166051842526 142
1739715910862 20.98355589891023 143
1739715910867 19.981649555450527 144
1739715910871 19.889454968485445 145
1739715910876 18.84691494312394 146
1739715910882 18.943886127464214 147
1739715910888 19.090325753851264 148
1739715910894 19.762597653142038 149
1739715910901 19.09048645098795 150
1739715910907 19.167250303692075 151
1739715910913 17.807637591998347 152
1739715910918 18.12480128610677 153
1739715910923 17.045826378607977 154
1739715910928 17.632808740915635 155
1739715910934 18.264162980626416 156
1739715910939 16.823236144417972 157
1739715910944 15.903073237773118 158
1739715910950 17.639292761587043 159
1739715910955 17.03371923762329 160
1739715910960 16.005685715533254 161
1739715910965 16.1983935763858 162
1739715910971 14.919910470621195 163
1739715910976 15.35593261124954 164
1739715910982 15.040374506794073 165
1739715910986 15.132944812310514 166
1739715910991 14.476737608220331 167
1739715910996 14.372477972741903 168
1739715911001 13.578931831836996 169
1739715911006 14.061592825412188 170
1739715911011 13.5815305440417 171
1739715911015 13.709401420011481 172
1739715911020 13.250830795233874 173
1739715911024 12.808421428956718 174
1739715911030 13.078538064373806 175
1739715911035 12.650858169383772 176
1739715911039 13.265880330056053 177
1739715911044 12.786963316693221 178
1739715911049 12.898018584276574 179
1739715911053 11.520904129915612 180
1739715911058 11.943329721208038 181
1739715911063 12.220278418571102 182
1739715911068 11.15950957558299 183
1739715911072 11.004566495916734 184
1739715911077 11.419193549700227 185
1739715911081 10.673086081205046 186
1739715911086 11.38503069142624 187
1739715911090 10.488403879686382 188
1739715911095 11.003231066223174 189
1739715911100 10.420032023524096 190
1739715911106 9.574652111116496 191
1739715911111 10.338051681249432 192
1739715911117 9.852595698695675 193
1739715911123 10.070848369661508 194
1739715911129 9.646792974857243 195
1739715911135 9.674005572223676 196
1739715911140 9.070634604088264 197
1739715911145 9.63930749627632 198
1739715911149 9.371220139606285 199
1739715911156 9.189704201854063 200
1739715911162 8.944053355124595 201
1739715911167 8.598085940835992 202
1739715911172 8.862891509241205 203
1739715911178 8.176736414444193 204
1739715911184 8.81004384767452 205
1739715911189 7.992078562119369 206
1739715911194 7.864543695073691 207
1739715911200 7.785945127636035 208
1739715911205 7.986789975519044 209
1739715911210 7.675168088600931 210
1739715911214 7.591800291858728 211
1739715911220 7.836798894490954 212
1739715911225 6.94391419746726 213
1739715911230 6.915660374853221 214
1739715911234 7.466421461589729 215
1739715911239 7.460380686860387 216
1739715911243 7.201000905355679 217
1739715911248 7.2615543255047355 218
1739715911252 6.81358016530727 219
1739715911257 7.032356392300543 220
1739715911262 6.439240665435183 221
1739715911267 6.641717884869167 222
1739715911290 6.487507901760052 223
1739715911302 6.377956679175712 224
1739715911308 6.31241193714899 225
1739715911314 7.164156610533444 226
1739715911319 6.627644253631578 227
1739715911323 5.799145444270109 228
1739715911328 6.128487209602588 229
1739715911334 6.165379695807324 230
1739715911338 6.014338612630727 231
1739715911343 6.002972120250311 232
1739715911348 5.289049948416506 233
1739715911353 6.0374355809510005 234
1739715911359 5.313349817860115 235
1739715911363 5.117022833142563 236
1739715911368 5.459165282589505 237
1739715911374 5.619835829542303 238
1739715911383 5.223616554774997 239
1739715911388 4.947349628803545 240
1739715911393 5.157230379315519 241
1739715911399 4.883234139998146 242
1739715911403 4.799095529551908 243
1739715911408 5.076209591800653 244
1739715911413 5.0579786707321075 245
1739715911418 5.2825371013321485 246
1739715911422 5.151761860652045 247
1739715911427 5.024281880399317 248
1739715911431 4.950762346113632 249
1739715911436 4.775268089164258 250
1739715911440 4.434048435883305 251
1739715911445 3.9579503458042846 252
1739715911450 4.495900671583449 253
1739715911455 4.462130879538341 254
1739715911460 4.243850284551836 255
1739715911465 3.752573129665058 256
1739715911470 3.786628051822308 257
1739715911475 4.139367459295461 258
1739715911480 3.673298314720341 259
1739715911485 3.7861702217715627 260
1739715911491 3.916774992343497 261
1739715911496 4.0710168309484285 262
1739715911501 3.5752693394454345 263
1739715911505 3.4902930017678697 264
1739715911510 3.8315168146178404 265
1739715911515 3.5040440323222923 266
1739715911520 3.6823743715995962 267
1739715911526 3.7918824787582928 268
1739715911531 3.9005452103382714 269
1739715911536 3.6891909917004866 270
1739715911541 3.1284689657974996 271
1739715911546 2.799912083930228 272
1739715911551 3.4113725536861774 273
1739715911556 3.204028269739134 274
1739715911561 3.3326344611335488 275
1739715911565 3.1505973130828 276
1739715911570 3.2521275928190065 277
1739715911575 2.7622773556211286 278
1739715911580 2.939479836909751 279
1739715911584 3.2204629039203416 280
1739715911588 3.2918582125206894 281
1739715911593 2.9483675129271574 282
1739715911598 2.6250441195140377 283
1739715911602 3.070891147699724 284
1739715911608 2.7703444400176123 285
1739715911613 2.670345535178526 286
1739715911619 2.7294449887993553 287
1739715911624 2.599083037605478 288
1739715911629 2.924853336613383 289
1739715911634 2.695787142024491 290
1739715911639 2.466629260111279 291
1739715911643 2.544848962850962 292
1739715911648 2.3831366406651626 293
1739715911653 2.2411242420988624 294
1739715911658 2.3075845465680325 295
1739715911663 2.4306611609486843 296
1739715911668 2.1623060261787086 297
1739715911676 2.4629309991638832 298
1739715911682 2.202655049868331 299
1739715911687 2.320078786919649 300
1739715911692 2.1757472265138915 301
1739715911698 2.180364806970301 302
1739715911702 1.9941001382392796 303
1739715911707 2.3989766663537186 304
1739715911712 1.944829487052317 305
1739715911717 2.0472515069009716 306
1739715911722 2.0221253145686866 307
1739715911728 1.975706456592166 308
1739715911733 2.282229824312125 309
1739715911739 2.015953204527142 310
1739715911743 2.0389176582448085 311
1739715911749 1.73562581426198 312
1739715911754 1.8979857146906425 313
1739715911759 2.1150950066832777 314
1739715911763 1.8371703531087755 315
1739715911768 1.919033529347444 316
1739715911773 1.6708631150019233 317
1739715911779 1.8077931602209587 318
1739715911783 1.7801154152295846 319
1739715911789 1.6207896457151474 320
1739715911794 1.9630423895777782 321
1739715911799 1.9321519398148579 322
1739715911804 1.6978930919249566 323
1739715911809 1.7456261099763493 324
1739715911814 1.6815964641304495 325
1739715911818 1.6272260639360772 326
1739715911823 1.5777833784698672 327
1739715911827 1.7450750276481153 328
1739715911832 1.3601742511555923 329
1739715911836 1.6561795902020358 330
1739715911840 1.468471019370205 331
1739715911845 1.4850275410573552 332
1739715911850 1.609941665853909 333
1739715911855 1.448416012149485 334
1739715911859 1.6153733548940243 335
1739715911864 1.5033374721395472 336
1739715911868 1.4095993648986709 337
1739715911873 1.5135046271258745 338
1739715911878 1.4417946786623876 339
1739715911883 1.2983875048097495 340
1739715911887 1.3978245337744 341
1739715911892 1.3565150178084955 342
1739715911897 1.4078991173923168 343
1739715911902 1.2334832863592502 344
1739715911907 1.4279729424054424 345
1739715911912 1.2543696729506906 346
1739715911916 1.437953314373823 347
1739715911921 1.1848334535733698 348
1739715911925 1.320672319938589 349
1739715911930 1.3134457852703056 350
1739715911934 1.1703145592072255 351
1739715911939 1.1185987146050906 352
1739715911943 1.375686420778639 353
1739715911948 1.043341487591198 354
1739715911952 1.1257652735809596 355
1739715911957 1.1195259964753967 356
1739715911961 1.0446029185751586 357
1739715911965 1.2472833919476032 358
1739715911970 1.1994924950874195 359
1739715911975 1.0336159145291648 360
1739715911981 1.2565024043568231 361
1739715911986 1.0770499672289613 362
1739715911990 1.0214972103152464 363
1739715911995 1.0053642673498513 364
1739715912000 0.9890561056627291 365
1739715912004 0.8879824821512338 366
1739715912010 0.8974403733147633 367
1739715912014 1.1327125071514998 368
1739715912019 0.9900088897644292 369
1739715912024 0.9111253072101487 370
1739715912030 0.8853906963447843 371
1739715912034 0.9410388790649766 372
1739715912038 0.9899652142915407 373
1739715912043 0.9717451178793296 374
1739715912047 0.8465244070600323 375
1739715912052 0.8999746515244366 376
1739715912056 0.8693685140910098 377
1739715912061 0.8107848260300518 378
1739715912066 0.8842284777364512 379
1739715912070 0.9943807812547982 380
1739715912075 1.0960517396458607 381
1739715912080 0.9725531216793861 382
1739715912084 0.8959986566962025 383
1739715912089 0.9078831523200254 384
1739715912094 0.748972470032729 385
1739715912098 0.70431389877248 386
1739715912103 0.8232972523443216 387
1739715912108 0.7359342997616471 388
1739715912113 0.8331466679805288 389
1739715912118 0.7110310128487924 390
1739715912122 0.6523290033963441 391
1739715912127 0.7897967701990884 392
1739715912132 0.8195984014599843 393
1739715912137 0.7050821121668945 394
1739715912141 0.6708563796335844 395
1739715912146 0.7742445051624847 396
1739715912150 0.7275771823102986 397
1739715912155 0.7930776800258351 398
1739715912159 0.8555951503148288 399
1739715912164 0.8738240866555892 400
1739715912168 0.6110164191568268 401
1739715912172 0.6554296111122452 402
1739715912177 0.5557062263861463 403
1739715912181 0.646774631009666 404
1739715912186 0.8114104176777343 405
1739715912190 0.5448736153538212 406
1739715912195 0.6558967134796764 407
1739715912199 0.5938201416055184 408
1739715912204 0.5740974165474116 409
1739715912208 0.707551283119267 410
1739715912213 0.535722234727784 411
1739715912217 0.6355055238789558 412
1739715912222 0.6811333598824029 413
1739715912226 0.6384352401335441 414
1739715912231 0.6642231307495093 415
1739715912236 0.5406526095673282 416
1739715912240 0.5715530647121428 417
1739715912245 0.566328544081076 418
1739715912249 0.5088453658591504 419
1739715912254 0.5073160083180642 420
1739715912259 0.5818183694638963 421
1739715912264 0.5628813387551723 422
1739715912269 0.4785854473169997 423
1739715912273 0.421642339529924 424
1739715912278 0.5686117470885284 425
1739715912283 0.5437642549120106 426
1739715912287 0.6264231674294327 427
1739715912292 0.5570399650900387 428
1739715912297 0.4935868118946906 429
1739715912301 0.49950013367290447 430
1739715912306 0.5351351490364246 431
1739715912310 0.4408465609722866 432
1739715912315 0.5718561664035214 433
1739715912319 0.4150325893568393 434
1739715912324 0.49227360512913476 435
1739715912328 0.4602560591412636 436
1739715912333 0.4959074628247107 437
1739715912337 0.5451024549856228 438
1739715912341 0.5484334513407914 439
1739715912346 0.3630986962678096 440
1739715912353 0.4322998852014288 441
1739715912359 0.34563459188658746 442
1739715912365 0.5076356104100239 443
1739715912371 0.6236425106110908 444
1739715912376 0.41374359979525294 445
1739715912382 0.42353840985203833 446
1739715912388 0.4638322627679317 447
1739715912393 0.5447006094998764 448
1739715912398 0.3922979595251088 449
1739715912402 0.2933579950238984 450
1739715912407 0.6034235765394236 451
1739715912411 0.4282743414511734 452
1739715912416 0.35057945785328515 453
1739715912420 0.33381635160194795 454
1739715912425 0.4051861404768792 455
1739715912430 0.37442897640401657 456
1739715912435 0.3881139793903861 457
1739715912439 0.28372664380118967 458
1739715912444 0.42298970150857623 459
1739715912449 0.40844071086557177 460
1739715912455 0.3735310237737875 461
1739715912459 0.40831160845318915 462
1739715912464 0.4079725362397309 463
1739715912469 0.2634839070427602 464
1739715912474 0.41912270693407055 465
1739715912479 0.44646772106482563 466
1739715912485 0.36173123870976953 467
1739715912490 0.3936019286487487 468
1739715912495 0.2970389662689879 469
1739715912499 0.3346089558311605 470
1739715912505 0.3940717482583086 471
1739715912510 0.3111439720064858 472
1739715912515 0.27538940783998483 473
1739715912521 0.4004709505410392 474
1739715912526 0.46194962067588796 475
1739715912532 0.46471174449490066 476
1739715912537 0.30299871219962055 477
1739715912542 0.2532176521747385 478
1739715912547 0.35382574026339375 479
1739715912553 0.32899753183825126 480
1739715912559 0.39856903799898685 481
1739715912564 0.28596427151928594 482
1739715912569 0.37243437406692814 483
1739715912574 0.3388000734595337 484
1739715912578 0.3965068382780409 485
1739715912583 0.30669153186370945 486
1739715912588 0.2273890278145042 487
1739715912593 0.3246491683759523 488
1739715912598 0.266779425229405 489
1739715912603 0.3959946405053017 490
1739715912608 0.24224937409777295 491
1739715912612 0.27194656933077666 492
1739715912617 0.39112393725203726 493
1739715912622 0.28847275765715497 494
1739715912627 0.3507630533091953 495
1739715912632 0.28405133659817555 496
1739715912637 0.34608554664922586 497
1739715912642 0.2877037485475185 498
1739715912647 0.38085379077359127 499
