1739719071197 0.03848990738930527 0
1739719071225 0.2585951627925247 1
1739719071253 0.024353469202713734 2
1739719071282 0.3883220124525743 3
1739719071310 0.3035682581108619 4
1739719071338 0.2730697659525163 5
1739719071367 0.48180094162084236 6
1739719071396 0.003755957792600945 7
1739719071425 0.09872669194515825 8
1739719071453 0.4432379593778732 9
1739719071481 0.19652149392047896 10
1739719071509 0.048750393499715765 11
1739719071537 0.21087717545067894 12
1739719071565 0.02361205602046032 13
1739719071593 0.06951586305881206 14
1739719071621 0.005450569907005104 15
1739719071649 0.8761270824913776 16
1739719071677 0.030018891774287425 17
1739719071705 0.33513014902798544 18
1739719071732 0.19480851040144243 19
1739719071760 0.13887614583919394 20
1739719071788 0.08850979857692547 21
1739719071816 0.03971950127643913 22
1739719071844 0.15365881346854054 23
1739719071871 0.5967613746362589 24
1739719071899 0.36682140829836474 25
1739719071928 0.011961445700343637 26
1739719071957 0.11029546815049536 27
1739719071986 1.1692351112079586 28
1739719072014 0.08281348368881053 29
1739719072042 0.01185831069316837 30
1739719072074 0.0586071543647039 31
1739719072102 0.0014913386676455006 32
1739719072130 0.076538657125561 33
1739719072159 0.1126977755896881 34
1739719072187 0.1389713290095516 35
1739719072214 0.04273526389234948 36
1739719072242 0.007752827081441378 37
1739719072269 0.1626809807872377 38
1739719072296 0.00510505269943516 39
1739719072323 0.009862115055768693 40
1739719072350 0.012700226860477 41
1739719072376 0.16597230099625346 42
1739719072404 0.0017544559328325255 43
1739719072431 0.0797165128367367 44
1739719072458 0.0243299106987061 45
1739719072486 0.005445850349477887 46
1739719072512 0.0008526088225807936 47
1739719072539 0.9161697855157888 48
1739719072565 0.027277843701575183 49
1739719072593 0.03713846838282602 50
1739719072619 0.2909625419344613 51
1739719072646 0.1304005566401726 52
1739719072672 0.0019133849554814604 53
1739719072700 0.18114409720477437 54
1739719072728 0.00513798414349042 55
1739719072755 0.010577931233892057 56
1739719072782 0.019251429204338123 57
1739719072809 0.4637253652460221 58
1739719072836 0.0074110204761590895 59
1739719072863 0.39139333196229714 60
1739719072890 8.985972808289405e-05 61
1739719072917 0.3485137948204558 62
1739719072944 0.10611921711986805 63
1739719072971 0.02836180510568619 64
1739719072999 0.035875280829593424 65
1739719073027 0.12189582815459682 66
1739719073054 0.03219408414714844 67
1739719073082 0.18858249601590218 68
1739719073110 0.06599068020104813 69
1739719073136 0.0014459963589988766 70
1739719073163 0.008839201034882829 71
1739719073190 0.09241166413668525 72
1739719073217 0.013948420322483548 73
1739719073243 0.07444982575075564 74
1739719073270 0.1034746939085459 75
1739719073297 0.09302373934476747 76
1739719073324 0.009583317646980663 77
1739719073350 0.015899476982214437 78
1739719073377 0.034957484273479396 79
1739719073404 0.033148917892890255 80
1739719073433 0.06373339781276194 81
1739719073462 0.028897044060634612 82
1739719073491 0.00690697976154125 83
1739719073520 0.010522354281986303 84
1739719073548 0.3016232808851299 85
1739719073576 0.013418620200703972 86
1739719073604 0.3769729758736545 87
1739719073632 0.024706417613695086 88
1739719073661 0.002051127062598267 89
1739719073689 0.002120643501617188 90
1739719073717 0.06763712538078265 91
1739719073745 0.04984810426149192 92
1739719073772 0.006056518045533256 93
1739719073799 0.00012779248517381112 94
1739719073826 0.06335883219355953 95
1739719073853 0.002950835823996514 96
1739719073880 0.06881371362003827 97
1739719073907 0.23898007296493304 98
1739719073934 0.0006858760463351277 99
1739719073961 0.6123287472430334 100
1739719073988 0.0026173710242992847 101
1739719074015 0.001263446054621349 102
1739719074042 0.07094851374884953 103
1739719074069 0.04365191450456049 104
1739719074096 0.03782806108994993 105
1739719074124 0.05529091775939919 106
1739719074150 0.001550166987754249 107
1739719074177 0.0032914345248106513 108
1739719074205 0.27331205363178446 109
1739719074232 0.18024096695556044 110
1739719074259 0.032234868087060754 111
1739719074286 0.0006452392435259578 112
1739719074314 0.0053997275494845525 113
1739719074342 0.16685409825691236 114
1739719074370 0.0337476835122213 115
1739719074399 0.7749094172093813 116
1739719074428 0.027578074005370618 117
1739719074456 0.11559790236435125 118
1739719074484 0.2805200544335329 119
1739719074513 0.10927759501289264 120
1739719074542 0.00011261136699364959 121
1739719074570 0.012060959690394054 122
1739719074598 0.0012552443402002434 123
1739719074626 0.2719895169656965 124
1739719074652 0.045348753347038494 125
1739719074679 0.22649372460123238 126
1739719074707 0.03332323019908949 127
1739719074734 0.08978629768605033 128
1739719074761 0.02607241364058819 129
1739719074788 0.950946501736924 130
1739719074816 0.08252841434339363 131
1739719074844 0.01570760959985773 132
1739719074872 0.0002193551931386675 133
1739719074901 0.005035655443758536 134
1739719074930 0.001777240886762109 135
1739719074959 0.11024707797820535 136
1739719074988 0.1404336758879758 137
1739719075015 0.12030340436647316 138
1739719075043 0.3006664181408749 139
1739719075070 0.1871384082722961 140
1739719075097 0.11152177021052538 141
1739719075124 0.0018622621230803252 142
1739719075153 0.2627239676904027 143
1739719075181 0.3275510401394554 144
1739719075208 0.8136574401604214 145
1739719075235 0.26245503015581667 146
1739719075262 0.02514994028592027 147
1739719075289 0.2790424895861899 148
1739719075316 1.1833615840949592 149
1739719075343 0.041795483393718955 150
1739719075370 0.09898580499806384 151
1739719075397 0.010212365629535721 152
1739719075425 0.012881723249295615 153
1739719075455 0.00013367062265653645 154
1739719075484 0.1453587916080669 155
1739719075513 0.0004155037372181833 156
1739719075541 0.03203786077623757 157
1739719075569 0.0012880279113925113 158
1739719075597 0.026518640693417656 159
1739719075626 1.2219381742135188e-05 160
1739719075655 0.00043508697853454555 161
1739719075683 0.09528031505328502 162
1739719075711 0.06888564577609407 163
1739719075739 0.15693948765246565 164
1739719075767 0.01816967958545105 165
1739719075795 0.06131885203557679 166
1739719075822 0.47633824012226655 167
1739719075849 0.0008569662820208581 168
1739719075876 0.015498236310357136 169
1739719075903 0.07507978370160415 170
1739719075930 0.010423299347121062 171
1739719075956 0.059550109422947334 172
1739719075983 0.2511569586542556 173
1739719076011 0.06314591006791649 174
1739719076039 0.5514922160141942 175
1739719076066 0.39600577900466294 176
1739719076094 0.3368689077989673 177
1739719076122 0.0010412778247446935 178
1739719076150 0.023623191076157988 179
1739719076176 0.25961677005737327 180
1739719076204 0.09216426801080069 181
1739719076232 0.005881538170175582 182
1739719076261 0.057496303922079085 183
1739719076289 0.1266703336175249 184
1739719076318 0.03409426035571374 185
1739719076346 0.008001226122937011 186
1739719076374 0.018204893597011624 187
1739719076402 0.020647274157364223 188
1739719076430 1.0457056260718072 189
1739719076458 0.010088335128202267 190
1739719076485 0.011851344393743935 191
1739719076512 0.00977067176112377 192
1739719076539 0.00012479613197344938 193
1739719076566 0.004761253081680832 194
1739719076593 0.16059504464951316 195
1739719076621 0.33595494654019836 196
1739719076650 0.1290152762968039 197
1739719076679 0.475917541827626 198
1739719076708 0.9616424367389498 199
1739719076736 0.01376940311572761 200
1739719076765 0.04348842189719588 201
1739719076793 0.029293324407998932 202
1739719076821 0.10432410171624094 203
1739719076849 0.1619672211017637 204
1739719076876 0.03717027858251653 205
1739719076904 0.06155149832361051 206
1739719076931 0.037262905326804555 207
1739719076959 0.00017028173665561684 208
1739719076986 0.3059167263125196 209
1739719077014 0.2499764623211354 210
1739719077041 0.023910477730431465 211
1739719077069 0.023979746838200935 212
1739719077096 0.0011293720456791972 213
1739719077122 0.23590089121234464 214
1739719077149 0.005321791549801315 215
1739719077176 0.014653173295970318 216
1739719077204 0.03210971447137881 217
1739719077231 0.016575518691575645 218
1739719077259 0.0862290699557696 219
1739719077287 0.010217286323492624 220
1739719077314 0.03115032049711802 221
1739719077341 0.10146814285951367 222
1739719077368 0.04971253960446414 223
1739719077395 0.0004884547446071088 224
1739719077422 0.04705164509774009 225
1739719077449 0.015643878175624727 226
1739719077475 0.01445326096732424 227
1739719077502 0.0006569543537536705 228
1739719077529 0.972630217994151 229
1739719077556 0.16625538833359424 230
1739719077583 0.02309507241728738 231
1739719077610 0.1620150807371625 232
1739719077637 0.015069245388754015 233
1739719077663 0.09054959574644195 234
1739719077690 0.14657853945817523 235
1739719077716 0.00018250732421771178 236
1739719077744 0.030432076122264274 237
1739719077771 0.36725897183674455 238
1739719077798 0.01075319742818162 239
1739719077825 0.05800272485397065 240
1739719077853 0.41728246359548093 241
1739719077879 0.09628980143260489 242
1739719077906 0.031820401301323464 243
1739719077932 0.056580024699070364 244
1739719077960 0.1241808178388051 245
1739719077986 0.03808594192157989 246
1739719078013 0.08165681023518906 247
1739719078040 0.5071522450119187 248
1739719078066 0.500290220559856 249
1739719078093 0.010574748626714557 250
1739719078120 0.054760756324838435 251
1739719078147 0.2331691008915822 252
1739719078174 0.013852172943883263 253
1739719078200 0.3334138064225536 254
1739719078228 0.12140509159134959 255
1739719078256 7.248450157427057e-05 256
1739719078283 0.20361105553616393 257
1739719078311 0.02537224047758806 258
1739719078338 0.012862739744893777 259
1739719078365 0.02430078041206096 260
1739719078393 0.09418320987980855 261
1739719078419 0.1146593340572155 262
1739719078446 0.01288047842821384 263
1739719078473 0.20059768644685513 264
1739719078500 0.007399652156043648 265
1739719078527 0.004272144168294284 266
1739719078554 0.504818670820306 267
1739719078580 0.004077863525345906 268
1739719078607 0.04539505129773797 269
1739719078634 0.039682529570731546 270
1739719078660 0.16308695391241057 271
1739719078687 0.1208756199829362 272
1739719078714 0.13280528594963967 273
1739719078741 0.007307552947900568 274
1739719078768 0.17643615438009608 275
1739719078795 0.016413596579193737 276
1739719078822 0.14995626014763613 277
1739719078849 0.034430470075765954 278
1739719078877 0.18832597549820826 279
1739719078906 0.0057498516184911865 280
1739719078937 0.03217768156325233 281
1739719078965 0.004038862656115764 282
1739719078993 0.016393047080138258 283
1739719079022 0.16742974763636098 284
1739719079050 0.2898683708972869 285
1739719079079 0.10779199364309835 286
1739719079106 0.011971781568442048 287
1739719079134 0.021316772755931405 288
1739719079162 0.0191067283247728 289
1739719079190 0.0019775629973800206 290
1739719079220 0.10756835006737547 291
1739719079247 0.07972200345274641 292
1739719079276 0.4629494594228145 293
1739719079304 5.5823555846606316e-05 294
1739719079331 0.14857097248778423 295
1739719079359 0.0032719539730825505 296
1739719079386 0.17071157703541226 297
1739719079413 0.008664398807919409 298
1739719079440 0.021056916737718 299
1739719079468 0.14759328036299754 300
1739719079496 0.10391452784374307 301
1739719079522 0.06887669827448671 302
1739719079549 0.10393364747739696 303
1739719079576 0.14410628221652572 304
1739719079603 0.14433445215014987 305
1739719079630 0.38805045863504334 306
1739719079657 0.002806631522157453 307
1739719079683 0.03784557486364007 308
1739719079710 1.2242740923771875 309
1739719079737 0.006388629018479844 310
1739719079764 0.04306847664032518 311
1739719079820 0.145756916036648 312
1739719079849 0.06442406606324813 313
1739719079878 0.01405700918947216 314
1739719079906 0.1507475148827533 315
1739719079933 0.012067981190478205 316
1739719079961 0.02399485850610776 317
1739719079989 0.005161545327141527 318
1739719080018 0.03151894878116309 319
1739719080046 0.06089378769717879 320
1739719080075 0.0059753977559569614 321
1739719080103 0.03837202712895839 322
1739719080129 0.08952915780891975 323
1739719080156 0.04503173717540198 324
1739719080183 0.01666985008592467 325
1739719080210 0.008044453290588284 326
1739719080237 0.12767679670627377 327
1739719080265 0.011585496326330784 328
1739719080293 0.20504408016679676 329
1739719080321 0.1899934424490385 330
1739719080349 0.03316559485503202 331
1739719080376 0.00229153407713608 332
1739719080404 0.3875512901451116 333
1739719080431 0.017702980008540793 334
1739719080459 0.003154992381862896 335
1739719080486 0.015950865590942623 336
1739719080514 0.024014235122247252 337
1739719080541 0.009182701458662521 338
1739719080570 0.037877339254385314 339
1739719080599 0.0034044373520506163 340
1739719080627 0.008791813148737185 341
1739719080657 0.007091507463877429 342
1739719080686 0.017298834716548216 343
1739719080714 0.03403705662037001 344
1739719080743 0.006504568463691489 345
1739719080772 0.007154253903823454 346
1739719080799 0.06101752097595258 347
1739719080826 0.0002944240668410247 348
1739719080852 0.0027993550446494624 349
1739719080879 0.2553688344297435 350
1739719080906 0.28137004329512844 351
1739719080932 0.17710291108344617 352
1739719080959 0.0017495912682295662 353
1739719080987 0.09362991748317907 354
1739719081014 0.009491557298662872 355
1739719081040 0.08788842784106515 356
1739719081067 0.1361336028311299 357
1739719081094 0.026740545486874857 358
1739719081121 0.005963402407471521 359
1739719081147 0.09600172183009172 360
1739719081174 0.19557104636090333 361
1739719081201 0.07688094087318843 362
1739719081230 0.06115165008995502 363
1739719081260 0.03359056355735992 364
1739719081289 3.745164404198828e-05 365
1739719081317 0.03898937694513388 366
1739719081346 0.007314184252960251 367
1739719081374 0.0023473901493192796 368
1739719081402 0.009114335079871963 369
1739719081431 0.21569517910933253 370
1739719081459 0.24230219181011106 371
1739719081488 0.02423919000327305 372
1739719081517 0.1649258755445299 373
1739719081544 0.2076571431858851 374
1739719081571 0.07634112745544869 375
1739719081598 0.0021020618897932795 376
1739719081625 0.026124633007941284 377
1739719081652 0.026819633945643646 378
1739719081679 0.21875992287324078 379
1739719081705 0.19336887253787083 380
1739719081732 0.15439885720607743 381
1739719081759 0.0244667446199159 382
1739719081787 0.03216437655707275 383
1739719081815 0.1800037709699318 384
1739719081844 0.016434657079463153 385
1739719081872 0.02215003701344073 386
1739719081899 0.45924702182938126 387
1739719081927 0.015468984798802168 388
1739719081954 0.0007951766588276629 389
1739719081981 0.03908616236818784 390
1739719082010 0.0006592264187211144 391
1739719082038 0.024460937009000025 392
1739719082067 0.02915172795246355 393
1739719082096 0.23518085118936843 394
1739719082124 0.7173258195902369 395
1739719082152 0.014862610051056257 396
1739719082181 0.001187407858397012 397
1739719082209 0.07985393277777127 398
1739719082237 0.14269655246816887 399
1739719082264 0.0002188616950306449 400
1739719082292 0.05067775940867076 401
1739719082319 0.09166345347741459 402
1739719082349 0.00537299879805899 403
1739719082377 0.0004384541126080222 404
1739719082404 0.09866484476696517 405
1739719082433 0.1056074358494834 406
1739719082461 0.046986439566706756 407
1739719082490 0.003930722034316269 408
1739719082518 0.24088156782019612 409
1739719082546 0.20307989504384108 410
1739719082574 0.0003669830179984428 411
1739719082603 0.08532864178182217 412
1739719082631 0.41382359696748494 413
1739719082659 1.2857342589273784 414
1739719082687 0.008057418292632726 415
1739719082715 0.05589912752221659 416
1739719082743 0.16744195795026656 417
1739719082770 0.17907696794172628 418
1739719082798 0.16724120740093776 419
1739719082825 0.1333459910218264 420
1739719082853 0.2567536906051977 421
1739719082880 0.07986631993180839 422
1739719082908 0.7986528429371285 423
1739719082936 0.06895490484689092 424
1739719082963 0.04710510108998466 425
1739719082991 0.15606283966961085 426
1739719083018 0.14420733761893545 427
1739719083045 0.019449310207445145 428
1739719083071 0.12464744124211771 429
1739719083098 0.12821883323830494 430
1739719083125 0.126120001980969 431
1739719083151 0.004675602959192533 432
1739719083178 0.1381517000820795 433
1739719083204 0.011852858435753748 434
1739719083231 0.04240921171428868 435
1739719083258 0.001474654339319187 436
1739719083285 0.004828245381587064 437
1739719083312 0.14080809142680278 438
1739719083339 0.10633204999853726 439
1739719083367 0.28316780267177616 440
1739719083395 0.010005538374070151 441
1739719083422 0.12977571485848954 442
1739719083449 0.005626275716461768 443
1739719083476 0.2876935656564769 444
1739719083503 0.3032218288961276 445
1739719083529 0.011456752470682311 446
1739719083556 0.002244381099194462 447
1739719083584 0.38190033841535176 448
1739719083613 0.7250249027557528 449
1739719083641 0.051047419591587616 450
1739719083673 0.02042922818958406 451
1739719083700 0.00533475844833397 452
1739719083726 0.011197601682912442 453
1739719083755 0.22183132335511416 454
1739719083787 0.3434709938941745 455
1739719083814 0.15481703388033644 456
1739719083842 0.00905767159740257 457
1739719083870 0.040702262900047255 458
1739719083898 0.05440338097819868 459
1739719083925 0.0021608384012152173 460
1739719083952 0.15303926618915276 461
1739719083978 0.04023525097293933 462
1739719084004 0.00035206699128822745 463
1739719084031 0.03129406147555878 464
1739719084057 0.0813217728558023 465
1739719084083 0.016194525094861464 466
1739719084111 0.002393688300077597 467
1739719084138 0.027557256163319832 468
1739719084165 0.024001097850071314 469
1739719084192 0.014463338310225136 470
1739719084219 0.18633972047653993 471
1739719084247 0.00527750384314505 472
1739719084274 0.014010035263673656 473
1739719084301 0.25765068475560815 474
1739719084328 0.04774312667464662 475
1739719084355 0.01919089344157464 476
1739719084382 0.07990168696770739 477
1739719084409 0.015859030747878977 478
1739719084436 0.1559844913370413 479
1739719084463 0.003912513826651342 480
1739719084489 0.08512703367866536 481
1739719084517 0.030668016967773184 482
1739719084544 0.13753192244943455 483
1739719084571 0.01248792483526346 484
1739719084598 0.22011908696765772 485
1739719084625 0.5076610549622839 486
1739719084652 0.4157864571470802 487
1739719084679 0.10897999049377045 488
1739719084706 0.018488277665980688 489
1739719084733 0.06466997364154294 490
1739719084760 0.15751942989561357 491
1739719084787 0.19150960157223254 492
1739719084814 0.02319993747358744 493
1739719084841 0.04606028570935871 494
1739719084870 0.12795824887137497 495
1739719084899 0.00038809647601081957 496
1739719084927 0.44490518971444143 497
1739719084955 0.01789387936751818 498
1739719084984 0.011156871805925193 499
