1739718211654 6.189881955203687 0
1739718211682 7.4166199950048215 1
1739718211710 5.863104407080959 2
1739718211736 5.363476030356224 3
1739718211763 5.763357796715683 4
1739718211789 4.313860130851448 5
1739718211816 5.755126581983352 6
1739718211843 4.274011220672195 7
1739718211871 6.406737734806144 8
1739718211897 5.278163103245064 9
1739718211923 5.625999517069077 10
1739718211950 4.6613734764765695 11
1739718211976 3.583003643445409 12
1739718212002 4.130430187733223 13
1739718212029 5.215020418197016 14
1739718212056 3.5679723522136593 15
1739718212082 3.191610541531555 16
1739718212109 4.312897329349182 17
1739718212135 3.8835755990719854 18
1739718212161 4.393183635519107 19
1739718212188 6.629545290620013 20
1739718212215 5.373726940691819 21
1739718212241 4.592293611137693 22
1739718212268 3.739045329220368 23
1739718212294 3.345113603663064 24
1739718212321 6.789099493053306 25
1739718212347 1.365531231848463 26
1739718212373 4.136805815942209 27
1739718212399 8.129879574682569 28
1739718212426 3.4089132673289915 29
1739718212453 2.2788668463689987 30
1739718212506 4.594720029271603 31
1739718212547 5.469655090115141 32
1739718212574 6.794807448557044 33
1739718212601 6.1670035360563755 34
1739718212628 4.218792923754057 35
1739718212654 5.752868725422747 36
1739718212680 5.112927062287443 37
1739718212708 9.793289052164946 38
1739718212734 6.502462200142877 39
1739718212760 3.5145471033858975 40
1739718212787 4.927728122745121 41
1739718212814 6.390778856631333 42
1739718212841 6.169021468662401 43
1739718212867 2.8525251867335135 44
1739718212894 1.97515063644865 45
1739718212921 4.320646171504286 46
1739718212947 4.609875112073294 47
1739718212974 4.663832758925871 48
1739718213000 4.179832003629264 49
1739718213029 9.044200097079125 50
1739718213056 8.474197630612961 51
1739718213085 5.984836565791431 52
1739718213114 6.3307876859445615 53
1739718213144 3.613090377718301 54
1739718213173 3.982572609959023 55
1739718213202 5.301275737852172 56
1739718213230 7.440068051324997 57
1739718213257 5.608823834842039 58
1739718213286 2.5783023958937337 59
1739718213314 4.547927348294315 60
1739718213342 3.577711584279774 61
1739718213370 4.75309060310065 62
1739718213399 5.92469130277047 63
1739718213426 5.930409944214892 64
1739718213453 6.501417900907175 65
1739718213480 6.100079336080382 66
1739718213507 4.062326508961078 67
1739718213533 5.162359551332172 68
1739718213560 3.709624481857692 69
1739718213587 5.375572865905786 70
1739718213614 5.186417536725813 71
1739718213640 3.319539038641667 72
1739718213668 3.424188054630927 73
1739718213695 6.880320522644376 74
1739718213722 5.82731246151263 75
1739718213748 4.55287631690442 76
1739718213775 6.444694135486046 77
1739718213801 6.042405979166147 78
1739718213827 4.098307454601102 79
1739718213854 3.1676016124330015 80
1739718213880 4.229133682946993 81
1739718213907 4.348743020088097 82
1739718213934 4.030907263433381 83
1739718213960 5.930096684512343 84
1739718213987 4.759273611806865 85
1739718214013 3.002000867726441 86
1739718214040 6.167966436776356 87
1739718214066 3.9294882866766407 88
1739718214093 3.191052528294355 89
1739718214120 4.851534411387947 90
1739718214146 5.8169758600826045 91
1739718214173 4.2324728959381455 92
1739718214200 5.158564443565081 93
1739718214227 7.49454084968081 94
1739718214253 5.910033237009817 95
1739718214280 4.113807443644845 96
1739718214307 4.867977013043917 97
1739718214334 7.058362040168675 98
1739718214361 6.5649400658588934 99
1739718214387 4.183650756987071 100
1739718214413 3.5361414907104933 101
1739718214440 3.3374365392371024 102
1739718214466 5.380228691411117 103
1739718214493 5.686297450140238 104
1739718214520 4.61273999430813 105
1739718214546 3.7059181760225117 106
1739718214573 6.488611112327815 107
1739718214599 3.6287532796193815 108
1739718214627 5.45006544349552 109
1739718214654 4.290274606285727 110
1739718214681 3.97797956432292 111
1739718214707 7.006182260956864 112
1739718214734 5.393527400746925 113
1739718214761 7.263745075680186 114
1739718214788 5.367595926844407 115
1739718214814 4.808031359591153 116
1739718214841 5.540683216242429 117
1739718214867 6.033349508408078 118
1739718214894 1.0618045943416523 119
1739718214921 8.204578266606305 120
1739718214947 5.426994449603963 121
1739718214973 4.148161342825822 122
1739718215000 6.105644661589085 123
1739718215026 5.2524311053916835 124
1739718215053 5.019313006061627 125
1739718215079 3.4463582505588284 126
1739718215106 4.409871872597734 127
1739718215132 3.1656223978059055 128
1739718215159 7.134105612520561 129
1739718215185 4.8849873481780595 130
1739718215211 5.338510640377691 131
1739718215238 6.951470981154484 132
1739718215264 4.7473544646002 133
1739718215290 4.099074454792402 134
1739718215317 7.201439346667206 135
1739718215344 4.812167339640023 136
1739718215370 2.916318183984848 137
1739718215397 5.295600559453772 138
1739718215423 5.594540861250989 139
1739718215450 5.944173441624915 140
1739718215476 4.64941349936832 141
1739718215503 6.864137200081093 142
1739718215529 2.9566763673529404 143
1739718215555 2.107244206225504 144
1739718215582 3.843041729715603 145
1739718215608 3.1386097487819455 146
1739718215635 5.693956007295863 147
1739718215661 4.8565599890321725 148
1739718215688 4.702228635429857 149
1739718215714 2.9521805183228755 150
1739718215741 6.358816659906181 151
1739718215768 6.500521182431144 152
1739718215795 1.2816647404715962 153
1739718215823 4.066999307267919 154
1739718215850 5.63890503053258 155
1739718215878 3.909220597740236 156
1739718215906 4.2431391679424 157
1739718215934 10.256353650965734 158
1739718215962 4.1794529476613835 159
1739718215989 2.6760117399377332 160
1739718216016 3.045360821515309 161
1739718216044 3.9247155120395165 162
1739718216072 6.026405860540717 163
1739718216099 2.2949351795130104 164
1739718216127 5.453687372554503 165
1739718216154 3.931161131132944 166
1739718216181 5.858864696670699 167
1739718216209 6.221823199851116 168
1739718216237 5.2312337464191065 169
1739718216264 4.242731537222147 170
1739718216292 5.607049219500182 171
1739718216319 4.191715432149598 172
1739718216347 3.959707567408882 173
1739718216374 5.200925079290949 174
1739718216402 5.118855632540403 175
1739718216430 6.429773727306201 176
1739718216458 4.476489500860104 177
1739718216486 4.509999053913979 178
1739718216514 4.75130427019898 179
1739718216542 4.740696995704165 180
1739718216570 3.6426395098764046 181
1739718216597 4.5690550910604175 182
1739718216624 2.68055822985651 183
1739718216652 5.504746193901249 184
1739718216679 5.728341144046695 185
1739718216707 6.144619159015591 186
1739718216736 3.9145791222736865 187
1739718216764 4.0556806348830365 188
1739718216792 3.925440595686565 189
1739718216820 5.240134659365893 190
1739718216847 3.067149465668941 191
1739718216875 6.255782076202277 192
1739718216903 5.9586438357476705 193
1739718216931 4.457135107834134 194
1739718216958 6.770818838605416 195
1739718216985 5.036402895957434 196
1739718217011 4.211912683871439 197
1739718217038 3.1888788760556426 198
1739718217065 6.919931787081658 199
1739718217092 4.037366076144975 200
1739718217119 5.284831670942018 201
1739718217145 3.5568891113645407 202
1739718217172 5.639196409833164 203
1739718217199 3.527161161942125 204
1739718217227 8.132083993405818 205
1739718217254 4.410456632938551 206
1739718217281 9.026019015223431 207
1739718217307 3.1186539992984947 208
1739718217334 7.076691096818774 209
1739718217360 6.852501144195602 210
1739718217387 4.6425468667319585 211
1739718217414 5.208297221153659 212
1739718217441 7.439200049232829 213
1739718217468 2.2915909078539687 214
1739718217495 6.486088035091996 215
1739718217522 6.000888335019391 216
1739718217549 5.961132321306033 217
1739718217575 6.473071720167966 218
1739718217602 6.448664655288238 219
1739718217628 2.4468799019285994 220
1739718217655 4.31087340535824 221
1739718217682 10.103744086854615 222
1739718217709 4.00710565792306 223
1739718217736 5.996296321157373 224
1739718217762 1.3637564341547057 225
1739718217789 4.824746493211281 226
1739718217816 6.326561738728162 227
1739718217843 4.920615343256117 228
1739718217870 4.382537107666061 229
1739718217897 5.089288727505261 230
1739718217924 4.286474062211152 231
1739718217951 6.090182671579077 232
1739718217977 6.099806480801758 233
1739718218003 6.188006820150691 234
1739718218032 2.327715027690344 235
1739718218060 6.14760844806322 236
1739718218090 6.431851388696292 237
1739718218119 5.0569000810726825 238
1739718218148 4.374668858239844 239
1739718218176 6.209896716314513 240
1739718218204 4.354121987818875 241
1739718218232 6.470991920236235 242
1739718218260 4.426875648610258 243
1739718218287 4.1082078190340665 244
1739718218315 5.502747936809626 245
1739718218343 4.658136231668247 246
1739718218391 6.3801313504276935 247
1739718218420 3.912508001071229 248
1739718218449 4.642450827345794 249
1739718218477 5.572504441709197 250
1739718218505 0.1648352205816322 251
1739718218534 4.7878575835163195 252
1739718218563 4.261748793046787 253
1739718218591 4.464059337910792 254
1739718218619 3.8543616840776016 255
1739718218648 5.225713877223425 256
1739718218676 2.258787324371239 257
1739718218705 2.4877872010608515 258
1739718218734 3.7810898982066106 259
1739718218761 5.149141759295411 260
1739718218789 5.889589817449901 261
1739718218816 5.419900477923253 262
1739718218845 4.563875965526248 263
1739718218874 5.845673853377426 264
1739718218903 6.2568196300222425 265
1739718218932 4.5538015754620185 266
1739718218960 4.322720796942023 267
1739718218987 5.12350898720332 268
1739718219014 6.296126635747473 269
1739718219042 3.149752985951508 270
1739718219070 1.924073237228509 271
1739718219097 3.565129725065572 272
1739718219125 4.932050422655405 273
1739718219152 4.34984272486564 274
1739718219179 4.77642536173931 275
1739718219206 3.0542434007994506 276
1739718219234 3.6586116637561092 277
1739718219261 6.178680111764465 278
1739718219289 3.5374253398747006 279
1739718219317 6.6383473450441866 280
1739718219346 3.820175656396832 281
1739718219374 4.96585854736671 282
1739718219402 4.1648567148864455 283
1739718219430 5.191673995651309 284
1739718219459 6.420217669286361 285
1739718219487 5.230551522879421 286
1739718219515 4.416595643702082 287
1739718219542 5.995103116425829 288
1739718219569 3.620546867754466 289
1739718219596 6.003611212335865 290
1739718219623 4.91371595232857 291
1739718219649 3.9713721449533534 292
1739718219676 2.6447055604800056 293
1739718219703 4.487489907586136 294
1739718219729 6.591127393483068 295
1739718219755 3.26372961936471 296
1739718219782 2.5371068834788435 297
1739718219809 5.204278371026485 298
1739718219835 6.325170812074848 299
1739718219862 5.2502123488599866 300
1739718219889 2.7203150679891643 301
1739718219915 5.405287666488773 302
1739718219941 3.8112969824938556 303
1739718219967 3.5110076402475086 304
1739718219994 3.032278488429836 305
1739718220021 2.3762930066318027 306
1739718220047 0.608538186710558 307
1739718220074 4.1984289921434 308
1739718220100 5.374051070453832 309
1739718220128 6.5757428917941105 310
1739718220157 6.154561380322152 311
1739718220185 4.789014711865339 312
1739718220213 4.181145272723436 313
1739718220241 4.667529697149668 314
1739718220269 5.289655793817191 315
1739718220297 6.434307263327314 316
1739718220326 6.28202098584593 317
1739718220357 6.143488442872337 318
1739718220385 6.130270197787866 319
1739718220413 1.6970979471973604 320
1739718220441 6.040290522324583 321
1739718220468 4.1689015097877995 322
1739718220497 4.591760088613338 323
1739718220525 5.136306144119132 324
1739718220553 4.199662220303223 325
1739718220580 3.921017582153919 326
1739718220606 2.83924527951439 327
1739718220633 4.924679199698171 328
1739718220659 2.4901366041207944 329
1739718220685 4.7561162601187 330
1739718220712 5.908626110887824 331
1739718220738 5.194458686637359 332
1739718220765 5.398440596541228 333
1739718220792 2.8242401945336137 334
1739718220819 5.120930882680509 335
1739718220845 3.766676015598864 336
1739718220873 5.803258835166812 337
1739718220901 1.7795208202875559 338
1739718220928 6.835562574326511 339
1739718220956 2.6543119582935177 340
1739718220985 4.277897256103894 341
1739718221013 5.950930529256114 342
1739718221040 6.249909172380223 343
1739718221067 6.478196177356848 344
1739718221095 4.646050181020941 345
1739718221121 6.528428801068887 346
1739718221148 5.7001053361140395 347
1739718221174 4.579793364608075 348
1739718221201 4.813154476791301 349
1739718221228 4.700460383880276 350
1739718221254 4.817751956098838 351
1739718221281 2.978027920113725 352
1739718221308 6.329221900670442 353
1739718221334 5.089946678789413 354
1739718221361 4.885123996324354 355
1739718221388 2.917087200160277 356
1739718221415 4.454643172138018 357
1739718221441 4.794318608468477 358
1739718221468 6.451014634541293 359
1739718221494 5.632151765764223 360
1739718221521 3.781908977345193 361
1739718221547 6.4913580480247255 362
1739718221574 6.621673615980421 363
1739718221601 5.308987091803498 364
1739718221627 5.9312854533879555 365
1739718221653 2.706591802560833 366
1739718221679 5.963632790571148 367
1739718221706 7.71587514998556 368
1739718221732 3.3838318288338787 369
1739718221758 3.6608506832673218 370
1739718221785 4.562914605501792 371
1739718221812 2.753432144511913 372
1739718221839 3.291559297651348 373
1739718221866 2.2534807026821495 374
1739718221893 2.0797812566948237 375
1739718221919 4.801788390482231 376
1739718221945 3.865812002502438 377
1739718221972 3.921787970214283 378
1739718221999 6.39887878303918 379
1739718222025 2.031162804887774 380
1739718222051 4.054336338317724 381
1739718222078 5.0326815862161025 382
1739718222106 4.4912270750373295 383
1739718222132 6.203413864308711 384
1739718222160 4.10016313319058 385
1739718222186 2.0719901101974507 386
1739718222213 3.3200914305234837 387
1739718222242 5.708971805889087 388
1739718222271 2.9071014932380064 389
1739718222298 5.203376435608512 390
1739718222326 3.8539686164064104 391
1739718222354 4.361982628320297 392
1739718222381 3.4608610358903538 393
1739718222409 5.387829075467547 394
1739718222437 6.445080231800661 395
1739718222464 5.052810153393322 396
1739718222492 5.037163873794525 397
1739718222520 3.042600057741201 398
1739718222547 4.566971986812458 399
1739718222574 6.206327965157244 400
1739718222601 5.919261313380699 401
1739718222627 4.590669096898206 402
1739718222654 7.137987412233834 403
1739718222680 4.921229223538649 404
1739718222708 5.616012679390819 405
1739718222734 3.873922933408126 406
1739718222761 3.8575906870988548 407
1739718222788 2.295407669178511 408
1739718222814 3.5866405033908926 409
1739718222841 4.357073789400485 410
1739718222868 5.655431411834672 411
1739718222895 5.55679023985433 412
1739718222921 1.376474409679034 413
1739718222947 5.065279679590822 414
1739718222974 8.35693629228555 415
1739718223000 5.078619301636651 416
1739718223027 5.793453690906594 417
1739718223054 4.106962577263566 418
1739718223081 5.9497429805069455 419
1739718223108 3.26208868767209 420
1739718223135 6.487591552939851 421
1739718223162 5.24987479667368 422
1739718223189 3.4947777931114405 423
1739718223216 4.371708965851605 424
1739718223243 6.297518453052855 425
1739718223269 3.66672701633641 426
1739718223295 7.033882355376004 427
1739718223322 5.085649453383442 428
1739718223350 6.007927023743985 429
1739718223377 4.898148273475152 430
1739718223404 3.7770170889489587 431
1739718223430 5.684099166165116 432
1739718223456 4.730178515159126 433
1739718223483 3.80252828913839 434
1739718223510 3.306878113334963 435
1739718223536 4.346039636629009 436
1739718223563 4.840261593409264 437
1739718223589 4.529459127657921 438
1739718223616 5.153746306838278 439
1739718223642 5.368577107129638 440
1739718223669 2.596264670077762 441
1739718223696 7.107033729592477 442
1739718223723 5.213607883088521 443
1739718223749 4.848968114357652 444
1739718223776 3.168322822098279 445
1739718223803 4.042742635022874 446
1739718223830 4.412375841014331 447
1739718223856 3.606353757307111 448
1739718223883 3.7816452481700855 449
1739718223910 5.7633021642873175 450
1739718223937 4.496476464980236 451
1739718223963 5.758411413675276 452
1739718223991 7.108402872898842 453
1739718224019 4.0491188208580615 454
1739718224046 6.299378059515906 455
1739718224073 4.943107579066437 456
1739718224100 3.7655503426217334 457
1739718224127 3.9153618612717787 458
1739718224153 5.832702190816292 459
1739718224180 6.394228961265089 460
1739718224206 2.257501226041769 461
1739718224233 5.535350491593017 462
1739718224260 5.527975273153711 463
1739718224286 5.497605574468191 464
1739718224314 1.649550278641928 465
1739718224340 5.963511115447029 466
1739718224367 5.060526098249204 467
1739718224393 4.164871302699326 468
1739718224420 4.412769909267446 469
1739718224447 6.115197811919136 470
1739718224473 5.117693810466539 471
1739718224500 7.688423322213409 472
1739718224527 3.6630313144301865 473
1739718224553 5.45293166759569 474
1739718224580 6.814513316012658 475
1739718224606 7.453601880048418 476
1739718224633 3.7217949776877095 477
1739718224660 3.9461436018026683 478
1739718224687 5.298522000109172 479
1739718224713 5.4606421310732935 480
1739718224740 5.3892496362293185 481
1739718224766 5.619734915239352 482
1739718224793 6.496911478473824 483
1739718224819 3.7110577749605422 484
1739718224846 2.209504597864298 485
1739718224873 6.6904686080790405 486
1739718224900 4.21282552691263 487
1739718224927 4.79672109637405 488
1739718224953 3.1455808033214874 489
1739718224980 4.69019357135656 490
1739718225007 8.248302414529544 491
1739718225034 4.256488425829464 492
1739718225060 4.498682643840157 493
1739718225087 5.314896437625714 494
1739718225113 3.4437359243405825 495
1739718225140 5.596833068100252 496
1739718225166 4.654484439032567 497
1739718225193 5.915429326451556 498
1739718225221 3.935830425774848 499
