1739714833370 173.38181924198202 0
1739714833376 173.02848586696362 1
1739714833381 172.67596197658693 2
1739714833386 172.32424555298573 3
1739714833390 171.9733345838646 4
1739714833395 171.62322706248153 5
1739714833399 171.27392098763013 6
1739714833403 170.92541436362242 7
1739714833407 170.57770520027134 8
1739714833412 170.23079151287334 9
1739714833416 169.88467132219117 10
1739714833420 169.53934265443667 11
1739714833424 169.1948035412536 12
1739714833428 168.85105201970066 13
1739714833433 168.50808613223427 14
1739714833437 168.16590392669184 15
1739714833441 167.82450345627453 16
1739714833445 167.48388277953092 17
1739714833449 167.14403996033985 18
1739714833454 166.80497306789374 19
1739714833458 166.46668017668216 20
1739714833462 166.12915936647502 21
1739714833467 165.79240872230613 22
1739714833471 165.45642633445672 23
1739714833475 165.12121029843908 24
1739714833479 164.78675871498012 25
1739714833483 164.4530696900052 26
1739714833488 164.12014133462174 27
1739714833492 163.78797176510318 28
1739714833496 163.45655910287286 29
1739714833500 163.12590147448796 30
1739714833504 162.7959970116234 31
1739714833508 162.46684385105604 32
1739714833513 162.13844013464876 33
1739714833517 161.81078400933464 34
1739714833521 161.48387362710113 35
1739714833526 161.15770714497455 36
1739714833530 160.83228272500406 37
1739714833534 160.50759853424648 38
1739714833538 160.18365274475056 39
1739714833542 159.86044353354148 40
1739714833546 159.53796908260546 41
1739714833551 159.21622757887442 42
1739714833555 158.89521721421067 43
1739714833559 158.5749361853916 44
1739714833564 158.25538269409444 45
1739714833568 157.93655494688136 46
1739714833573 157.61845115518395 47
1739714833577 157.3010695352887 48
1739714833582 156.98440830832152 49
1739714833586 156.66846570023324 50
1739714833590 156.3532399417843 51
1739714833594 156.03872926853035 52
1739714833599 155.72493192080722 53
1739714833603 155.4118461437163 54
1739714833607 155.09947018710977 55
1739714833611 154.78780230557612 56
1739714833615 154.4768407584256 57
1739714833619 154.16658380967561 58
1739714833623 153.8570297280362 59
1739714833628 153.54817678689585 60
1739714833632 153.24002326430707 61
1739714833636 152.9325674429719 62
1739714833642 152.62580761022804 63
1739714833647 152.31974205803417 64
1739714833651 152.01436908295622 65
1739714833657 151.70968698615317 66
1739714833662 151.40569407336278 67
1739714833667 151.10238865488793 68
1739714833674 150.79976904558225 69
1739714833681 150.49783356483684 70
1739714833686 150.19658053656576 71
1739714833692 149.89600828919268 72
1739714833698 149.5961151556369 73
1739714833703 149.29689947329985 74
1739714833708 148.99835958405112 75
1739714833713 148.7004938342153 76
1739714833718 148.40330057455802 77
1739714833723 148.10677816027263 78
1739714833728 147.81092495096672 79
1739714833734 147.51573931064868 80
1739714833739 147.22121960771446 81
1739714833743 146.92736421493407 82
1739714833747 146.63417150943835 83
1739714833752 146.34163987270583 84
1739714833757 146.04976769054954 85
1739714833762 145.7585533531038 86
1739714833768 145.46799525481123 87
1739714833774 145.17809179440965 88
1739714833779 144.88884137491908 89
1739714833784 144.60024240362884 90
1739714833789 144.31229329208463 91
1739714833795 144.02499245607567 92
1739714833800 143.73833831562195 93
1739714833806 143.4523292949613 94
1739714833810 143.1669638225368 95
1739714833815 142.88224033098422 96
1739714833821 142.598157257119 97
1739714833825 142.31471304192416 98
1739714833830 142.0319061305374 99
1739714833835 141.7497349722387 100
1739714833839 141.46819802043788 101
1739714833844 141.1872937326622 102
1739714833849 140.90702057054398 103
1739714833855 140.62737699980826 104
1739714833860 140.34836149026052 105
1739714833866 140.06997251577442 106
1739714833871 139.79220855427968 107
1739714833876 139.51506808774988 108
1739714833881 139.2385496021903 109
1739714833886 138.96265158762588 110
1739714833892 138.68737253808925 111
1739714833898 138.41271095160872 112
1739714833903 138.1386653301962 113
1739714833908 137.86523417983557 114
1739714833913 137.5924160104705 115
1739714833918 137.32020933599287 116
1739714833923 137.04861267423095 117
1739714833928 136.77762454693752 118
1739714833933 136.50724347977834 119
1739714833938 136.23746800232038 120
1739714833942 135.96829664802027 121
1739714833947 135.69972795421268 122
1739714833951 135.4317604620988 123
1739714833955 135.16439271673485 124
1739714833959 134.89762326702066 125
1739714833963 134.63145066568808 126
1739714833967 134.36587346928985 127
1739714833971 134.10089023818807 128
1739714833975 133.83649953654302 129
1739714833979 133.57269993230176 130
1739714833984 133.309489997187 131
1739714833988 133.04686830668604 132
1739714833993 132.78483344003928 133
1739714833997 132.52338398022948 134
1739714834001 132.26251851397046 135
1739714834005 132.00223563169618 136
1739714834010 131.74253392754963 137
1739714834014 131.483411999372 138
1739714834017 131.2248684486917 139
1739714834022 130.96690188071346 140
1739714834026 130.70951090430762 141
1739714834030 130.452694131999 142
1739714834035 130.19645017995657 143
1739714834039 129.9407776679823 144
1739714834043 129.68567521950084 145
1739714834047 129.43114146154846 146
1739714834051 129.17717502476285 147
1739714834055 128.9237745433721 148
1739714834059 128.67093865518456 149
1739714834063 128.418666001578 150
1739714834067 128.16695522748935 151
1739714834071 127.91580498140407 152
1739714834076 127.6652139153459 153
1739714834080 127.41518068486639 154
1739714834084 127.1657039490346 155
1739714834088 126.91678237042679 156
1739714834092 126.66841461511616 157
1739714834096 126.42059935266258 158
1739714834100 126.17333525610239 159
1739714834104 125.92662100193829 160
1739714834108 125.68045527012923 161
1739714834119 125.43483674408016 162
1739714834123 125.18976411063211 163
1739714834127 124.94523606005212 164
1739714834131 124.7012512860233 165
1739714834135 124.45780848563469 166
1739714834139 124.21490635937158 167
1739714834143 123.97254361110541 168
1739714834147 123.73071894808403 169
1739714834151 123.48943108092183 170
1739714834155 123.24867872358995 171
1739714834160 123.0084605934065 172
1739714834164 122.76877541102687 173
1739714834167 122.52962190043401 174
1739714834171 122.29099878892875 175
1739714834176 122.05290480712023 176
1739714834180 121.8153386889162 177
1739714834184 121.57829917151358 178
1739714834188 121.34178499538879 179
1739714834192 121.10579490428836 180
1739714834196 120.87032764521939 181
1739714834200 120.63538196844016 182
1739714834204 120.40095662745064 183
1739714834208 120.16705037898325 184
1739714834212 119.9336619829934 185
1739714834216 119.70079020265017 186
1739714834220 119.46843380432709 187
1739714834225 119.2365915575929 188
1739714834229 119.00526223520227 189
1739714834233 118.77444461308659 190
1739714834237 118.54413747034491 191
1739714834241 118.31433958923473 192
1739714834245 118.08504975516293 193
1739714834249 117.85626675667669 194
1739714834253 117.62798938545443 195
1739714834257 117.40021643629684 196
1739714834261 117.17294670711793 197
1739714834265 116.946178998936 198
1739714834269 116.7199121158647 199
1739714834274 116.49414486510432 200
1739714834278 116.26887605693268 201
1739714834282 116.0441045046965 202
1739714834285 115.8198290248025 203
1739714834289 115.59604843670863 204
1739714834293 115.37276156291537 205
1739714834297 115.149967228957 206
1739714834301 114.92766426339283 207
1739714834305 114.70585149779866 208
1739714834309 114.4845277667581 209
1739714834313 114.263691907854 210
1739714834317 114.04334276165974 211
1739714834322 113.82347917173092 212
1739714834326 113.60409998459663 213
1739714834330 113.38520404975107 214
1739714834334 113.16679021964504 215
1739714834338 112.94885734967758 216
1739714834342 112.73140429818751 217
1739714834347 112.51442992644499 218
1739714834351 112.29793309864331 219
1739714834355 112.08191268189043 220
1739714834359 111.86636754620078 221
1739714834363 111.65129656448696 222
1739714834367 111.4366986125515 223
1739714834371 111.2225725690786 224
1739714834376 111.00891731562602 225
1739714834380 110.79573173661682 226
1739714834384 110.58301471933139 227
1739714834388 110.3707651538991 228
1739714834392 110.15898193329046 229
1739714834396 109.94766395330893 230
1739714834400 109.73681011258287 231
1739714834404 109.52641931255762 232
1739714834408 109.31649045748749 233
1739714834412 109.10702245442779 234
1739714834416 108.89801421322693 235
1739714834421 108.68946464651852 236
1739714834426 108.4813726697134 237
1739714834430 108.27373720099197 238
1739714834434 108.06655716129622 239
1739714834439 107.859831474322 240
1739714834443 107.65355906651124 241
1739714834447 107.44773886704415 242
1739714834451 107.24236980783157 243
1739714834455 107.03745082350721 244
1739714834460 106.83298085142007 245
1739714834464 106.62895883162665 246
1739714834468 106.42538370688344 247
1739714834472 106.22225442263925 248
1739714834476 106.01956992702775 249
1739714834480 105.81732917085974 250
1739714834484 105.61553110761581 251
1739714834488 105.4141746934387 252
1739714834493 105.2132588871259 253
1739714834497 105.01278265012213 254
1739714834501 104.81274494651203 255
1739714834505 104.61314474301253 256
1739714834509 104.41398100896578 257
1739714834513 104.21525271633155 258
1739714834518 104.01695883967992 259
1739714834522 103.81909835618406 260
1739714834526 103.62167024561298 261
1739714834530 103.42467349032401 262
1739714834534 103.22810707525588 263
1739714834539 103.03196998792131 264
1739714834543 102.83626121839986 265
1739714834547 102.64097975933066 266
1739714834551 102.44612460590555 267
1739714834555 102.25169475586164 268
1739714834559 102.05768920947429 269
1739714834564 101.86410696955019 270
1739714834569 101.67094704142005 271
1739714834577 101.47820843293177 272
1739714834582 101.2858901544433 273
1739714834586 101.09399121881573 274
1739714834591 100.9025106414063 275
1739714834595 100.71144744006135 276
1739714834600 100.52080063510957 277
1739714834604 100.33056924935497 278
1739714834608 100.14075230807006 279
1739714834612 99.95134883898895 280
1739714834616 99.76235787230054 281
1739714834620 99.57377844064166 282
1739714834625 99.38560957909036 283
1739714834629 99.19785032515907 284
1739714834633 99.01049971878783 285
1739714834637 98.82355680233762 286
1739714834641 98.63702062058363 287
1739714834646 98.45089022070859 288
1739714834649 98.265164652296 289
1739714834653 98.07984296732361 290
1739714834658 97.89492422015678 291
1739714834662 97.71040746754181 292
1739714834666 97.52629176859936 293
1739714834670 97.34257618481797 294
1739714834674 97.15925978004746 295
1739714834678 96.97634162049236 296
1739714834682 96.79382077470554 297
1739714834686 96.61169631358156 298
1739714834690 96.42996731035042 299
1739714834694 96.24863284057089 300
1739714834698 96.06769198212426 301
1739714834702 95.88714381520788 302
1739714834706 95.70698742232877 303
1739714834711 95.52722188829725 304
1739714834715 95.34784630022067 305
1739714834719 95.16885974749702 306
1739714834723 94.99026132180866 307
1739714834727 94.81205011711602 308
1739714834731 94.63422522965134 309
1739714834735 94.45678575791246 310
1739714834740 94.27973080265654 311
1739714834743 94.103059466894 312
1739714834747 93.9267708558821 313
1739714834751 93.75086407711896 314
1739714834756 93.5753382403374 315
1739714834760 93.40019245749872 316
1739714834764 93.22542584278665 317
1739714834768 93.05103751260131 318
1739714834773 92.87702658555303 319
1739714834777 92.70339218245643 320
1739714834781 92.53013342632427 321
1739714834785 92.3572494423615 322
1739714834789 92.18473935795927 323
1739714834793 92.01260230268893 324
1739714834797 91.84083740829605 325
1739714834801 91.66944380869458 326
1739714834805 91.4984206399608 327
1739714834809 91.32776704032754 328
1739714834813 91.15748215017818 329
1739714834817 90.98756511204088 330
1739714834822 90.81801507058267 331
1739714834826 90.64883117260368 332
1739714834830 90.48001256703128 333
1739714834834 90.31155840491427 334
1739714834839 90.14346783941716 335
1739714834843 89.97574002581442 336
1739714834847 89.80837412148465 337
1739714834851 89.64136928590496 338
1739714834855 89.47472468064518 339
1739714834859 89.30843946936226 340
1739714834863 89.1425128177945 341
1739714834867 88.97694389375599 342
1739714834871 88.81173186713094 343
1739714834875 88.64687590986806 344
1739714834879 88.48237519597485 345
1739714834883 88.3182289015123 346
1739714834887 88.15443620458905 347
1739714834891 87.99099628535588 348
1739714834895 87.82790832600041 349
1739714834899 87.6651715107412 350
1739714834903 87.50278502582262 351
1739714834907 87.34074805950912 352
1739714834912 87.17905980207993 353
1739714834916 87.01771944582346 354
1739714834920 86.85672618503202 355
1739714834924 86.69607921599624 356
1739714834929 86.53577773699983 357
1739714834933 86.37582094831409 358
1739714834937 86.2162080521926 359
1739714834941 86.05693825286586 360
1739714834945 85.89801075653595 361
1739714834949 85.73942477137118 362
1739714834953 85.58117950750082 363
1739714834958 85.42327417700989 364
1739714834962 85.26570799393375 365
1739714834966 85.10848017425288 366
1739714834970 84.95158993588772 367
1739714834975 84.7950364986935 368
1739714834979 84.63881908445477 369
1739714834985 84.4829369168805 370
1739714834989 84.32738922159875 371
1739714834993 84.17217522615154 372
1739714834997 84.01729415998973 373
1739714835001 83.86274525446784 374
1739714835005 83.70852774283905 375
1739714835009 83.55464086024999 376
1739714835013 83.4010838437357 377
1739714835017 83.24785593221458 378
1739714835021 83.0949563664833 379
1739714835025 82.94238438921181 380
1739714835029 82.79013924493832 381
1739714835033 82.63822018006421 382
1739714835037 82.4866264428492 383
1739714835042 82.33535728340618 384
1739714835046 82.18441195369644 385
1739714835050 82.03378970752458 386
1739714835054 81.88348980053365 387
1739714835058 81.73351149020024 388
1739714835062 81.58385403582957 389
1739714835066 81.43451669855055 390
1739714835070 81.28549874131096 391
1739714835074 81.13679942887264 392
1739714835078 80.98841802780652 393
1739714835082 80.840353806488 394
1739714835086 80.69260603509181 395
1739714835091 80.5451739855876 396
1739714835095 80.39805693173483 397
1739714835099 80.25125414907818 398
1739714835103 80.10476491494275 399
1739714835107 79.95858850842933 400
1739714835112 79.8127242104096 401
1739714835116 79.66717130352158 402
1739714835128 79.5219290721647 403
1739714835133 79.3769968024953 404
1739714835137 79.23237378242192 405
1739714835141 79.08805930160055 406
1739714835146 78.94405265143016 407
1739714835150 78.80035312504785 408
1739714835154 78.65696001732445 409
1739714835158 78.51387262485979 410
1739714835162 78.3710902459781 411
1739714835167 78.22861218072352 412
1739714835171 78.08643773085548 413
1739714835175 77.94456619984415 414
1739714835178 77.80299689286593 415
1739714835182 77.66172911679895 416
1739714835186 77.5207621802185 417
1739714835191 77.38009539339257 418
1739714835196 77.23972806827734 419
1739714835200 77.09965951851281 420
1739714835204 76.95988905941822 421
1739714835209 76.82041600798767 422
1739714835213 76.68123968288569 423
1739714835217 76.54235940444283 424
1739714835221 76.40377449465123 425
1739714835226 76.26548427716025 426
1739714835230 76.12748807727212 427
1739714835234 75.9897852219375 428
1739714835239 75.85237503975118 429
1739714835243 75.71525686094776 430
1739714835247 75.57843001739737 431
1739714835251 75.44189384260113 432
1739714835255 75.30564767168718 433
1739714835260 75.1696908414061 434
1739714835264 75.03402269012683 435
1739714835268 74.89864255783233 436
1739714835272 74.7635497861153 437
1739714835276 74.62874371817406 438
1739714835280 74.49422369880814 439
1739714835284 74.35998907441427 440
1739714835288 74.22603919298204 441
1739714835293 74.09237340408978 442
1739714835297 73.95899105890034 443
1739714835302 73.82589151015695 444
1739714835307 73.69307411217908 445
1739714835311 73.56053822085829 446
1739714835315 73.42828319365411 447
1739714835321 73.29630838958991 448
1739714835326 73.1646131692488 449
1739714835330 73.03319689476952 450
1739714835335 72.9020589298425 451
1739714835339 72.77119863970553 452
1739714835343 72.64061539113993 453
1739714835348 72.51030855246641 454
1739714835353 72.38027749354114 455
1739714835358 72.25052158575151 456
1739714835362 72.12104020201234 457
1739714835367 71.99183271676183 458
1739714835371 71.86289850595752 459
1739714835375 71.73423694707232 460
1739714835380 71.60584741909062 461
1739714835386 71.47772930250432 462
1739714835392 71.34988197930873 463
1739714835397 71.22230483299896 464
1739714835401 71.09499724856572 465
1739714835407 70.96795861249151 466
1739714835412 70.84118831274681 467
1739714835416 70.71468573878603 468
1739714835421 70.58845028154381 469
1739714835426 70.46248133343103 470
1739714835430 70.33677828833108 471
1739714835435 70.21134054159586 472
1739714835439 70.08616749004214 473
1739714835444 69.9612585319476 474
1739714835449 69.83661306704713 475
1739714835453 69.71223049652895 476
1739714835458 69.58811022303087 477
1739714835462 69.46425165063651 478
1739714835466 69.3406541848716 479
1739714835470 69.21731723270007 480
1739714835474 69.09424020252051 481
1739714835478 68.9714225041623 482
1739714835482 68.84886354888197 483
1739714835487 68.72656274935943 484
1739714835491 68.60451951969429 485
1739714835495 68.48273327540227 486
1739714835499 68.36120343341136 487
1739714835503 68.23992941205827 488
1739714835508 68.1189106310848 489
1739714835512 67.99814651163406 490
1739714835516 67.87763647624696 491
1739714835520 67.75737994885857 492
1739714835524 67.63737635479447 493
1739714835528 67.51762512076712 494
1739714835533 67.39812567487238 495
1739714835537 67.27887744658581 496
1739714835542 67.1598798667592 497
1739714835546 67.0411323676169 498
1739714835552 66.92263438275238 499
