1739714793722 168.817950746782 0
1739714793729 168.78340321081097 1
1739714793735 168.74886671805567 2
1739714793741 168.7143412403834 3
1739714793746 168.67982674984648 4
1739714793752 168.64532321868109 5
1739714793757 168.61083061930546 6
1739714793763 168.57634892431912 7
1739714793769 168.54187810650123 8
1739714793774 168.50741813880936 9
1739714793779 168.4729689943783 10
1739714793785 168.43853064651864 11
1739714793791 168.40410306871559 12
1739714793796 168.36968623462772 13
1739714793801 168.33528011808562 14
1739714793806 168.30088469309086 15
1739714793812 168.26649993381454 16
1739714793818 168.23212581459606 17
1739714793823 168.19776230994222 18
1739714793829 168.16340939452562 19
1739714793834 168.1290670431837 20
1739714793840 168.0947352309175 21
1739714793845 168.0604139328905 22
1739714793850 168.0261031244273 23
1739714793854 167.99180278101272 24
1739714793859 167.9575128782905 25
1739714793865 167.92323339206203 26
1739714793870 167.88896429828557 27
1739714793875 167.85470557307477 28
1739714793881 167.82045719269763 29
1739714793889 167.78621913357566 30
1739714793895 167.75199137228236 31
1739714793901 167.71777388554244 32
1739714793906 167.68356665023057 33
1739714793911 167.64936964337045 34
1739714793920 167.61518284213346 35
1739714793928 167.58100622383805 36
1739714793933 167.54683976594825 37
1739714793939 167.51268344607283 38
1739714793944 167.47853724196423 39
1739714793949 167.4444011315175 40
1739714793955 167.4102750927694 41
1739714793960 167.37615910389727 42
1739714793965 167.3420531432179 43
1739714793970 167.30795718918688 44
1739714793976 167.27387122039724 45
1739714793982 167.23979521557868 46
1739714793987 167.2057291535965 47
1739714793993 167.17167301345077 48
1739714793998 167.13762677427516 49
1739714794003 167.10359041533607 50
1739714794008 167.0695639160317 51
1739714794013 167.03554725589123 52
1739714794019 167.00154041457353 53
1739714794025 166.96754337186664 54
1739714794031 166.93355610768654 55
1739714794037 166.89957860207645 56
1739714794042 166.86561083520573 57
1739714794047 166.8316527873692 58
1739714794053 166.79770443898596 59
1739714794057 166.76376577059875 60
1739714794062 166.72983676287302 61
1739714794067 166.69591739659595 62
1739714794072 166.6620076526756 63
1739714794077 166.6281075121402 64
1739714794083 166.5942169561371 65
1739714794088 166.56033596593204 66
1739714794093 166.52646452290827 67
1739714794098 166.4926026085657 68
1739714794103 166.45875020452002 69
1739714794108 166.424907292502 70
1739714794113 166.3910738543567 71
1739714794119 166.35724987204242 72
1739714794124 166.32343532763 73
1739714794129 166.28963020330218 74
1739714794134 166.2558344813526 75
1739714794139 166.2220481441851 76
1739714794144 166.18827117431303 77
1739714794149 166.15450355435814 78
1739714794154 166.12074526705024 79
1739714794159 166.08699629522607 80
1739714794164 166.0532566218288 81
1739714794169 166.01952622990723 82
1739714794174 165.98580510261473 83
1739714794179 165.95209322320903 84
1739714794184 165.91839057505106 85
1739714794189 165.8846971416043 86
1739714794194 165.8510129064342 87
1739714794199 165.8173378532073 88
1739714794205 165.7836719656907 89
1739714794210 165.750015227751 90
1739714794215 165.716367623354 91
1739714794220 165.68272913656372 92
1739714794225 165.6490997515419 93
1739714794230 165.615479452547 94
1739714794235 165.581868223934 95
1739714794240 165.54826605015325 96
1739714794245 165.51467291574994 97
1739714794250 165.48108880536356 98
1739714794255 165.44751370372722 99
1739714794260 165.41394759566674 100
1739714794265 165.3803904661003 101
1739714794271 165.34684230003748 102
1739714794277 165.31330308257907 103
1739714794282 165.27977279891581 104
1739714794287 165.24625143432837 105
1739714794292 165.2127389741862 106
1739714794297 165.17923540394733 107
1739714794302 165.1457407091574 108
1739714794308 165.11225487544928 109
1739714794313 165.0787778885423 110
1739714794318 165.04530973424175 111
1739714794324 165.0118503984382 112
1739714794328 164.97839986710704 113
1739714794334 164.9449581263075 114
1739714794339 164.91152516218267 115
1739714794344 164.8781009609583 116
1739714794349 164.84468550894258 117
1739714794353 164.8112787925255 118
1739714794358 164.77788079817824 119
1739714794363 164.74449151245253 120
1739714794368 164.7111109219802 121
1739714794373 164.67773901347255 122
1739714794377 164.64437577371982 123
1739714794382 164.6110211895907 124
1739714794388 164.5776752480315 125
1739714794393 164.54433793606606 126
1739714794398 164.51100924079478 127
1739714794402 164.47768914939428 128
1739714794407 164.44437764911697 129
1739714794412 164.41107472729018 130
1739714794417 164.37778037131608 131
1739714794422 164.34449456867068 132
1739714794427 164.31121730690379 133
1739714794432 164.277948573638 134
1739714794438 164.24468835656873 135
1739714794443 164.2114366434632 136
1739714794448 164.17819342216026 137
1739714794453 164.1449586805697 138
1739714794458 164.11173240667193 139
1739714794463 164.07851458851738 140
1739714794467 164.04530521422592 141
1739714794472 164.01210427198657 142
1739714794477 163.9789117500569 143
1739714794482 163.9457276367626 144
1739714794486 163.91255192049684 145
1739714794491 163.87938458972016 146
1739714794496 163.84622563295954 147
1739714794500 163.8130750388084 148
1739714794505 163.77993279592576 149
1739714794510 163.74679889303596 150
1739714794515 163.71367331892813 151
1739714794520 163.68055606245588 152
1739714794526 163.64744711253678 153
1739714794532 163.61434645815163 154
1739714794537 163.58125408834468 155
1739714794542 163.5481699922224 156
1739714794547 163.51509415895373 157
1739714794552 163.48202657776915 158
1739714794557 163.44896723796055 159
1739714794562 163.41591612888067 160
1739714794567 163.38287323994277 161
1739714794572 163.34983856061996 162
1739714794577 163.31681208044523 163
1739714794582 163.28379378901064 164
1739714794587 163.25078367596706 165
1739714794592 163.21778173102376 166
1739714794596 163.18478794394792 167
1739714794602 163.15180230456454 168
1739714794606 163.1188248027555 169
1739714794611 163.08585542845964 170
1739714794616 163.05289417167214 171
1739714794621 163.01994102244424 172
1739714794626 162.98699597088276 173
1739714794631 162.95405900714968 174
1739714794636 162.92113012146194 175
1739714794640 162.88820930409094 176
1739714794646 162.855296545362 177
1739714794650 162.82239183565446 178
1739714794655 162.78949516540067 179
1739714794660 162.75660652508626 180
1739714794665 162.72372590524927 181
1739714794670 162.69085329648004 182
1739714794674 162.65798868942085 183
1739714794680 162.62513207476542 184
1739714794685 162.59228344325874 185
1739714794690 162.55944278569652 186
1739714794694 162.5266100929251 187
1739714794699 162.49378535584074 188
1739714794705 162.46096856538955 189
1739714794709 162.42815971256726 190
1739714794715 162.3953587884184 191
1739714794720 162.36256578403643 192
1739714794725 162.32978069056318 193
1739714794730 162.2970034991887 194
1739714794734 162.26423420115046 195
1739714794739 162.23147278773382 196
1739714794744 162.19871925027084 197
1739714794749 162.16597358014064 198
1739714794754 162.1332357687686 199
1739714794759 162.10050580762635 200
1739714794764 162.06778368823134 201
1739714794769 162.03506940214655 202
1739714794774 162.00236294098008 203
1739714794779 161.96966429638493 204
1739714794784 161.93697346005874 205
1739714794789 161.90429042374336 206
1739714794794 161.87161517922473 207
1739714794798 161.83894771833235 208
1739714794803 161.80628803293908 209
1739714794808 161.7736361149609 210
1739714794813 161.74099195635665 211
1739714794818 161.70835554912748 212
1739714794823 161.67572688531692 213
1739714794828 161.64310595701028 214
1739714794833 161.61049275633457 215
1739714794838 161.57788727545807 216
1739714794843 161.54528950659025 217
1739714794847 161.51269944198123 218
1739714794852 161.4801170739217 219
1739714794857 161.44754239474253 220
1739714794862 161.41497539681458 221
1739714794867 161.38241607254835 222
1739714794872 161.34986441439383 223
1739714794877 161.31732041484005 224
1739714794882 161.28478406641497 225
1739714794887 161.2522553616852 226
1739714794892 161.21973429325556 227
1739714794897 161.18722085376913 228
1739714794902 161.15471503590672 229
1739714794907 161.12221683238678 230
1739714794912 161.08972623596492 231
1739714794919 161.0572432394341 232
1739714794927 161.02476783562372 233
1739714794933 160.9923000174001 234
1739714794939 160.9598397776657 235
1739714794944 160.92738710935902 236
1739714794949 160.89494200545445 237
1739714794954 160.8625044589621 238
1739714794959 160.83007446292706 239
1739714794963 160.7976520104299 240
1739714794969 160.7652370945859 241
1739714794974 160.7328297085449 242
1739714794979 160.7004298454913 243
1739714794984 160.6680374986435 244
1739714794989 160.635652661254 245
1739714794995 160.6032753266089 246
1739714794999 160.5709054880278 247
1739714795004 160.53854313886356 248
1739714795010 160.50618827250207 249
1739714795014 160.47384088236208 250
1739714795019 160.4415009618948 251
1739714795025 160.40916850458393 252
1739714795030 160.3768435039453 253
1739714795035 160.3445259535266 254
1739714795040 160.31221584690735 255
1739714795044 160.2799131776985 256
1739714795050 160.24761793954227 257
1739714795054 160.21533012611204 258
1739714795060 160.1830497311121 259
1739714795065 160.15077674827725 260
1739714795070 160.11851117137297 261
1739714795075 160.08625299419472 262
1739714795081 160.05400221056829 263
1739714795086 160.02175881434923 264
1739714795091 159.98952279942264 265
1739714795095 159.9572941597033 266
1739714795100 159.9250728891351 267
1739714795105 159.89285898169092 268
1739714795110 159.86065243137273 269
1739714795115 159.82845323221105 270
1739714795120 159.7962613782648 271
1739714795125 159.76407686362143 272
1739714795130 159.7318996823963 273
1739714795135 159.69972982873279 274
1739714795140 159.66756729680196 275
1739714795145 159.6354120808025 276
1739714795150 159.6032641749604 277
1739714795154 159.57112357352887 278
1739714795159 159.5389902707881 279
1739714795165 159.5068642610451 280
1739714795170 159.4747455386336 281
1739714795175 159.4426340979137 282
1739714795179 159.41052993327193 283
1739714795184 159.37843303912075 284
1739714795189 159.34634340989868 285
1739714795194 159.3142610400701 286
1739714795199 159.28218592412483 287
1739714795204 159.25011805657832 288
1739714795209 159.218057431971 289
1739714795214 159.18600404486867 290
1739714795219 159.15395788986194 291
1739714795224 159.12191896156622 292
1739714795229 159.08988725462154 293
1739714795234 159.05786276369233 294
1739714795239 159.02584548346735 295
1739714795244 158.99383540865946 296
1739714795249 158.9618325340055 297
1739714795254 158.92983685426606 298
1739714795259 158.8978483642254 299
1739714795264 158.86586705869135 300
1739714795269 158.83389293249505 301
1739714795274 158.8019259804906 302
1739714795279 158.76996619755556 303
1739714795285 158.73801357859003 304
1739714795290 158.70606811851698 305
1739714795295 158.67412981228188 306
1739714795300 158.64219865485276 307
1739714795305 158.61027464121977 308
1739714795309 158.57835776639538 309
1739714795314 158.54644802541392 310
1739714795319 158.51454541333166 311
1739714795324 158.4826499252265 312
1739714795329 158.45076155619796 313
1739714795334 158.41888030136695 314
1739714795339 158.3870061558757 315
1739714795344 158.35513911488758 316
1739714795349 158.32327917358694 317
1739714795354 158.29142632717907 318
1739714795359 158.2595805708899 319
1739714795364 158.22774189996605 320
1739714795369 158.1959103096745 321
1739714795373 158.16408579530267 322
1739714795379 158.13226835215818 323
1739714795384 158.10045797556862 324
1739714795389 158.06865466088155 325
1739714795394 158.03685840346444 326
1739714795399 158.00506919870432 327
1739714795404 157.97328704200785 328
1739714795409 157.94151192880105 329
1739714795416 157.90974385452927 330
1739714795421 157.87798281465712 331
1739714795426 157.84622880466807 332
1739714795431 157.8144818200647 333
1739714795436 157.78274185636835 334
1739714795441 157.75100890911892 335
1739714795446 157.7192829738751 336
1739714795451 157.68756404621374 337
1739714795456 157.65585212173033 338
1739714795461 157.62414719603825 339
1739714795466 157.59244926476924 340
1739714795471 157.56075832357286 341
1739714795476 157.52907436811648 342
1739714795481 157.4973973940854 343
1739714795485 157.4657273971824 344
1739714795491 157.4340643731278 345
1739714795496 157.40240831765934 346
1739714795501 157.37075922653204 347
1739714795506 157.33911709551813 348
1739714795511 157.30748192040684 349
1739714795515 157.27585369700435 350
1739714795521 157.24423242113383 351
1739714795525 157.21261808863508 352
1739714795531 157.1810106953645 353
1739714795536 157.14941023719518 354
1739714795542 157.11781671001634 355
1739714795547 157.0862301097339 356
1739714795552 157.05465043226965 357
1739714795557 157.02307767356174 358
1739714795562 156.99151182956416 359
1739714795567 156.9599528962469 360
1739714795572 156.9284008695957 361
1739714795581 156.89685574561202 362
1739714795587 156.86531752031297 363
1739714795592 156.83378618973106 364
1739714795599 156.80226174991438 365
1739714795605 156.77074419692607 366
1739714795610 156.7392335268447 367
1739714795616 156.707729735764 368
1739714795621 156.67623281979238 369
1739714795626 156.64474277505352 370
1739714795631 156.61325959768575 371
1739714795637 156.58178328384227 372
1739714795642 156.5503138296907 373
1739714795647 156.5188512314135 374
1739714795652 156.48739548520732 375
1739714795657 156.45594658728336 376
1739714795662 156.42450453386698 377
1739714795667 156.39306932119783 378
1739714795672 156.36164094552944 379
1739714795677 156.33021940312966 380
1739714795682 156.29880469028006 381
1739714795687 156.26739680327606 382
1739714795692 156.2359957384268 383
1739714795697 156.20460149205522 384
1739714795702 156.17321406049763 385
1739714795707 156.14183344010402 386
1739714795712 156.11045962723765 387
1739714795717 156.07909261827515 388
1739714795721 156.04773240960637 389
1739714795726 156.01637899763432 390
1739714795731 155.9850323787751 391
1739714795736 155.95369254945768 392
1739714795741 155.92235950612417 393
1739714795745 155.8910332452293 394
1739714795750 155.85971376324062 395
1739714795755 155.82840105663826 396
1739714795760 155.79709512191516 397
1739714795764 155.76579595557652 398
1739714795769 155.73450355414016 399
1739714795774 155.7032179141361 400
1739714795779 155.67193903210682 401
1739714795784 155.64066690460675 402
1739714795789 155.60940152820268 403
1739714795795 155.5781428994733 404
1739714795800 155.54689101500944 405
1739714795805 155.51564587141357 406
1739714795810 155.48440746530028 407
1739714795814 155.45317579329569 408
1739714795819 155.42195085203772 409
1739714795825 155.39073263817588 410
1739714795830 155.3595211483712 411
1739714795836 155.32831637929615 412
1739714795841 155.29711832763468 413
1739714795846 155.26592699008197 414
1739714795850 155.2347423633446 415
1739714795855 155.20356444414008 416
1739714795860 155.1723932291973 417
1739714795866 155.1412287152561 418
1739714795870 155.11007089906724 419
1739714795875 155.0789197773925 420
1739714795880 155.0477753470044 421
1739714795885 155.01663760468642 422
1739714795890 154.98550654723255 423
1739714795895 154.95438217144752 424
1739714795900 154.9232644741467 425
1739714795905 154.8921534521558 426
1739714795910 154.86104910231126 427
1739714795915 154.82995142145967 428
1739714795920 154.79886040645803 429
1739714795925 154.76777605417365 430
1739714795930 154.73669836148397 431
1739714795935 154.70562732527662 432
1739714795940 154.67456294244937 433
1739714795945 154.64350520990985 434
1739714795950 154.61245412457572 435
1739714795955 154.58140968337463 436
1739714795960 154.55037188324386 437
1739714795965 154.51934072113073 438
1739714795970 154.4883161939921 439
1739714795975 154.45729829879448 440
1739714795980 154.4262870325141 441
1739714795985 154.39528239213664 442
1739714795990 154.36428437465727 443
1739714795995 154.33329297708062 444
1739714796000 154.3023081964207 445
1739714796005 154.2713300297008 446
1739714796010 154.2403584739535 447
1739714796014 154.2093935262206 448
1739714796019 154.17843518355295 449
1739714796024 154.14748344301057 450
1739714796030 154.11653830166253 451
1739714796035 154.08559975658687 452
1739714796040 154.05466780487055 453
1739714796045 154.02374244360936 454
1739714796050 153.99282366990806 455
1739714796055 153.96191148088008 456
1739714796060 153.93100587364745 457
1739714796065 153.90010684534113 458
1739714796070 153.8692143931005 459
1739714796075 153.83832851407354 460
1739714796080 153.80744920541682 461
1739714796085 153.77657646429526 462
1739714796090 153.74571028788236 463
1739714796095 153.71485067335968 464
1739714796100 153.6839976179175 465
1739714796105 153.65315111875404 466
1739714796110 153.6223111730758 467
1739714796115 153.5914777780976 468
1739714796120 153.56065093104218 469
1739714796125 153.52983062914046 470
1739714796130 153.4990168696314 471
1739714796135 153.4682096497618 472
1739714796140 153.4374089667866 473
1739714796145 153.4066148179684 474
1739714796150 153.37582720057776 475
1739714796155 153.34504611189303 476
1739714796160 153.31427154920027 477
1739714796165 153.28350350979323 478
1739714796170 153.25274199097333 479
1739714796175 153.22198699004957 480
1739714796179 153.1912385043386 481
1739714796184 153.16049653116448 482
1739714796189 153.1297610678588 483
1739714796195 153.09903211176055 484
1739714796200 153.06830966021613 485
1739714796206 153.0375937105793 486
1739714796211 153.00688426021108 487
1739714796217 152.97618130647982 488
1739714796222 152.94548484676096 489
1739714796228 152.91479487843728 490
1739714796233 152.88411139889854 491
1739714796239 152.85343440554166 492
1739714796244 152.82276389577066 493
1739714796250 152.79209986699647 494
1739714796255 152.7614423166371 495
1739714796261 152.73079124211736 496
1739714796266 152.70014664086906 497
1739714796270 152.66950851033076 498
1739714796275 152.63887684794793 499
