1739717618632 4.425956912340995 0
1739717618660 3.9205051765921706 1
1739717618687 4.985428230387023 2
1739717618714 1.3838851282823899 3
1739717618740 4.181623174259758 4
1739717618767 5.449041478563097 5
1739717618795 4.443270127829473 6
1739717618823 7.756874534943015 7
1739717618851 4.822992015571991 8
1739717618878 1.4058778481991068 9
1739717618905 6.053026398539017 10
1739717618931 5.902404835562293 11
1739717618958 5.3151540415214935 12
1739717618986 4.788362462809068 13
1739717619014 2.80330275676878 14
1739717619042 5.749711215787388 15
1739717619070 5.37766813377846 16
1739717619100 7.92108754096085 17
1739717619128 4.703390216389949 18
1739717619159 7.365124492065503 19
1739717619191 4.837076585717541 20
1739717619220 3.896620179940531 21
1739717619248 4.848480877343644 22
1739717619278 6.532439914942481 23
1739717619306 8.890775983347215 24
1739717619333 3.16247817623043 25
1739717619361 6.42047400641621 26
1739717619390 5.142060794147989 27
1739717619419 7.50033958692919 28
1739717619448 2.233835217478928 29
1739717619476 7.534907281876038 30
1739717619505 2.2313702925397836 31
1739717619532 4.104923870437499 32
1739717619559 7.723668454448781 33
1739717619586 4.426023175626686 34
1739717619613 4.6439290614357365 35
1739717619641 3.8513799010659144 36
1739717619669 5.0352990394618224 37
1739717619695 2.794169053621752 38
1739717619722 3.68234844135246 39
1739717619749 5.905713873410427 40
1739717619775 6.157852989776161 41
1739717619803 6.495522171590656 42
1739717619829 10.606662811718357 43
1739717619856 4.559756895857891 44
1739717619883 7.708233810576942 45
1739717619910 8.499603035049644 46
1739717619937 2.139024322148027 47
1739717619965 4.212794538810754 48
1739717619993 4.5231959775925645 49
1739717620020 4.081021266501551 50
1739717620047 3.6511119973283686 51
1739717620075 3.94223594619563 52
1739717620102 0.2581617067676038 53
1739717620129 2.6450578055073803 54
1739717620155 5.688799732584749 55
1739717620181 7.3545457260995875 56
1739717620209 6.416405922394021 57
1739717620236 6.441025966541131 58
1739717620263 3.8383845627548907 59
1739717620291 5.831310756859364 60
1739717620319 7.0668557883788 61
1739717620346 5.404255354273836 62
1739717620374 5.96149906076161 63
1739717620401 3.8226283194819914 64
1739717620429 2.7312537489369224 65
1739717620458 4.324880163782789 66
1739717620486 1.3631713077562726 67
1739717620514 6.083577136365941 68
1739717620542 3.0687236378042897 69
1739717620570 5.732319462431994 70
1739717620598 11.543704239482048 71
1739717620626 5.632570788758893 72
1739717620653 3.0415235744834073 73
1739717620681 2.8953697169911043 74
1739717620708 6.286096552639347 75
1739717620736 9.650788723525942 76
1739717620764 4.98674339100734 77
1739717620792 4.773228834468772 78
1739717620820 3.493059872772596 79
1739717620850 4.178657415053919 80
1739717620879 5.316308962682068 81
1739717620907 3.0190494932061385 82
1739717620935 6.842887818448168 83
1739717620962 2.0818546563586433 84
1739717620989 1.1219623057968295 85
1739717621017 3.9834129726733334 86
1739717621044 4.1045340305090825 87
1739717621070 5.167207238207651 88
1739717621096 2.1983866223127237 89
1739717621123 4.984206068310189 90
1739717621150 5.651649950149527 91
1739717621176 5.7905186916010045 92
1739717621203 4.814757171364456 93
1739717621229 5.1667305377257335 94
1739717621256 1.5629938136464636 95
1739717621283 1.3994301961087996 96
1739717621310 5.017983425073735 97
1739717621336 2.5054546209413875 98
1739717621363 6.143123983861737 99
1739717621393 6.391947018505362 100
1739717621422 3.5419031612311045 101
1739717621451 3.612239109344939 102
1739717621479 1.6885290370218393 103
1739717621508 5.226006108611754 104
1739717621537 4.226881724468593 105
1739717621565 6.163209887906435 106
1739717621593 4.725306715805063 107
1739717621621 4.089019735273873 108
1739717621648 5.027508354235352 109
1739717621676 3.541741888921942 110
1739717621702 4.253524696579668 111
1739717621729 12.87253419866976 112
1739717621755 2.730130261904384 113
1739717621781 5.89555132472111 114
1739717621808 5.072015315586383 115
1739717621835 2.1856532475869805 116
1739717621861 5.366655260845584 117
1739717621888 4.467060651741177 118
1739717621914 6.660416808032739 119
1739717621941 6.941991295298844 120
1739717621967 4.6629869515250455 121
1739717621994 3.477921360734942 122
1739717622021 5.554099007015959 123
1739717622048 5.986740420821317 124
1739717622075 3.8475412247866903 125
1739717622103 3.671080924810948 126
1739717622131 4.431811807763207 127
1739717622159 1.353418647177314 128
1739717622187 3.4377800508916088 129
1739717622216 3.5240038453874774 130
1739717622244 5.011576301143534 131
1739717622271 5.566085631853871 132
1739717622298 5.382974204822101 133
1739717622325 2.842995749313959 134
1739717622352 3.8438670707888947 135
1739717622378 6.519845298778859 136
1739717622405 5.84273470458887 137
1739717622432 5.232109132031763 138
1739717622458 7.0128773639317155 139
1739717622485 5.234777858471595 140
1739717622512 11.208256653095354 141
1739717622539 5.007906317646681 142
1739717622565 4.297126534196514 143
1739717622592 6.550485914224819 144
1739717622619 4.160103078015672 145
1739717622646 6.6939098683370135 146
1739717622672 2.004660277559355 147
1739717622699 3.166413203868075 148
1739717622726 5.142197648378056 149
1739717622753 6.649618918643348 150
1739717622780 6.082317404238703 151
1739717622808 4.145448354907601 152
1739717622835 3.6284257841203473 153
1739717622862 6.298834166157012 154
1739717622890 2.067024832461373 155
1739717622916 6.759165963885313 156
1739717622943 3.835004856034928 157
1739717622969 5.861744505215704 158
1739717622997 3.9998879486847647 159
1739717623026 6.504700235502746 160
1739717623054 10.487529050877187 161
1739717623082 5.48974891224078 162
1739717623109 3.650262169131732 163
1739717623136 5.125885316070496 164
1739717623162 7.9369108938836215 165
1739717623189 2.5351919648168346 166
1739717623218 6.07201648839202 167
1739717623244 4.451264867276947 168
1739717623271 3.877360018187743 169
1739717623298 4.518806291818559 170
1739717623325 3.5552995683181723 171
1739717623352 5.283743546773676 172
1739717623378 3.6637746225328156 173
1739717623405 5.0446636294414136 174
1739717623433 5.29583323448823 175
1739717623459 6.5352278208428185 176
1739717623486 5.161985364917965 177
1739717623513 9.66547888103842 178
1739717623539 5.281210538315966 179
1739717623566 1.835929977829458 180
1739717623597 2.497180060220801 181
1739717623626 4.152105349085754 182
1739717623655 4.3623492829856225 183
1739717623683 3.8607332477217846 184
1739717623711 2.8462777835527007 185
1739717623740 5.378806138767438 186
1739717623767 3.7213461223378683 187
1739717623794 1.2588835522632587 188
1739717623823 6.326782506554152 189
1739717623850 3.7548040418975224 190
1739717623877 7.324402274814083 191
1739717623903 17.26012857323094 192
1739717623931 5.413470925200322 193
1739717623958 5.644491410813748 194
1739717623985 4.896353476170062 195
1739717624013 3.1780189511065933 196
1739717624040 5.425045831699106 197
1739717624068 6.02890359037265 198
1739717624095 3.1140902871813236 199
1739717624121 1.5028167819349028 200
1739717624149 3.0167370491213177 201
1739717624176 4.172961951603187 202
1739717624202 5.751673174305898 203
1739717624229 4.640951342850937 204
1739717624277 4.379854697123138 205
1739717624305 5.580504653063763 206
1739717624333 3.016438539751541 207
1739717624361 5.703896779615052 208
1739717624388 3.947973454373702 209
1739717624415 2.448060674705026 210
1739717624442 2.6314601353444385 211
1739717624468 5.9384102705733826 212
1739717624495 3.5362775151781376 213
1739717624522 5.464236789977197 214
1739717624549 5.933446611008553 215
1739717624575 5.770211699671247 216
1739717624602 2.865994149811709 217
1739717624629 5.188930762953367 218
1739717624656 5.111030068966858 219
1739717624682 5.342302767529888 220
1739717624709 5.167537786752203 221
1739717624736 10.825533312548947 222
1739717624762 4.961187193577472 223
1739717624788 4.836610978677495 224
1739717624815 6.083890976404395 225
1739717624842 5.11131605767426 226
1739717624869 9.073420706918792 227
1739717624896 3.495820186144429 228
1739717624923 1.023568407702755 229
1739717624950 5.527378772624262 230
1739717624977 1.3895726399552382 231
1739717625003 5.36215207743387 232
1739717625030 6.61680734211761 233
1739717625057 4.921283972204084 234
1739717625083 3.7898899134775554 235
1739717625110 3.922366614775708 236
1739717625137 6.115414921112819 237
1739717625166 4.399650256901142 238
1739717625193 3.6879336341045232 239
1739717625222 4.610321318505131 240
1739717625249 5.536171617231871 241
1739717625275 6.505665888332919 242
1739717625302 2.4908298564172653 243
1739717625328 1.7289612760849855 244
1739717625355 3.6854330682320513 245
1739717625382 4.890386770812965 246
1739717625409 6.575267673229142 247
1739717625436 5.684218745726437 248
1739717625464 4.304877083131235 249
1739717625490 5.761222350189249 250
1739717625517 6.767343014196054 251
1739717625544 3.8021789054892836 252
1739717625570 5.31711633220029 253
1739717625597 4.273513754006523 254
1739717625624 1.6416054529521422 255
1739717625651 5.009479073927996 256
1739717625678 4.579807415170884 257
1739717625705 4.758989992874496 258
1739717625731 3.380302276218064 259
1739717625758 3.7891315021062484 260
1739717625785 1.3844859265708487 261
1739717625812 3.886212233508196 262
1739717625838 4.321888911930751 263
1739717625865 4.635871283652604 264
1739717625892 3.75245734576171 265
1739717625918 3.445502328425717 266
1739717625945 0.4186514467609241 267
1739717625972 5.250717858476241 268
1739717625999 7.468205265783653 269
1739717626025 1.2615808388989613 270
1739717626052 4.496822469371467 271
1739717626079 1.2725889398895427 272
1739717626106 4.9828406225803095 273
1739717626133 3.94421918402826 274
1739717626160 5.126473050181548 275
1739717626187 7.15975297337527 276
1739717626213 4.614886505093537 277
1739717626240 1.833400431248343 278
1739717626268 6.278468087661321 279
1739717626294 3.9564701737997385 280
1739717626321 3.9500362130211824 281
1739717626348 7.659877215012301 282
1739717626375 4.559380668376577 283
1739717626402 0.23272184926811168 284
1739717626428 4.126784340197985 285
1739717626455 2.7197119698511294 286
1739717626482 6.383090259440637 287
1739717626509 3.1679203770629876 288
1739717626535 5.114134209024022 289
1739717626562 4.540962967635113 290
1739717626589 5.419935519749607 291
1739717626615 4.049895487984213 292
1739717626642 10.516081888879354 293
1739717626668 5.041401231724561 294
1739717626696 9.695733911190128 295
1739717626722 7.18685394075236 296
1739717626749 4.727171623947888 297
1739717626775 4.121312360958656 298
1739717626802 3.6385151792715997 299
1739717626828 3.0569684708104696 300
1739717626855 8.864533795892735 301
1739717626882 1.5204101840558253 302
1739717626909 6.896940138980429 303
1739717626936 4.421513826544075 304
1739717626962 5.400265461144673 305
1739717626989 2.8406978561139424 306
1739717627016 6.900981508694748 307
1739717627042 4.500372212759562 308
1739717627069 6.361809918744855 309
1739717627096 6.50355561961749 310
1739717627122 4.578370563403184 311
1739717627149 5.657029507556373 312
1739717627182 3.56436220849424 313
1739717627214 3.87109173570344 314
1739717627241 3.9346486168895285 315
1739717627270 0.4095095501391955 316
1739717627297 3.665540553996027 317
1739717627324 8.38445114516558 318
1739717627351 3.6970422321803396 319
1739717627378 3.035710365633644 320
1739717627404 6.687060714917173 321
1739717627431 9.89913493593458 322
1739717627458 4.848843620768638 323
1739717627485 7.453417121488035 324
1739717627512 5.532304407795796 325
1739717627538 4.365663315214686 326
1739717627565 1.5734282309010972 327
1739717627592 3.9718667083354386 328
1739717627618 5.897032255664025 329
1739717627645 5.572747245656536 330
1739717627671 3.4715996036782304 331
1739717627699 8.983967494832708 332
1739717627726 3.9243403997579405 333
1739717627753 5.667034919599961 334
1739717627780 5.846724706098719 335
1739717627807 3.4311794037022176 336
1739717627833 4.489341574691036 337
1739717627860 2.4310847463080174 338
1739717627887 9.7253789140951 339
1739717627913 2.7264843747396643 340
1739717627939 3.533920167746416 341
1739717627966 7.88806093457714 342
1739717627994 3.0771574892819853 343
1739717628020 4.231072510371076 344
1739717628046 5.782145503078737 345
1739717628074 4.8496370219728195 346
1739717628100 5.397286490634127 347
1739717628127 9.00700569068419 348
1739717628154 5.384215607770417 349
1739717628180 2.108835564194379 350
1739717628207 9.288829341915918 351
1739717628234 4.655717969996893 352
1739717628261 1.9771409122609178 353
1739717628287 3.0900771842768084 354
1739717628313 1.1929991126027824 355
1739717628339 6.308217298385642 356
1739717628366 4.933729961723884 357
1739717628393 0.6140585713240625 358
1739717628420 6.611646010885885 359
1739717628447 4.943499467814669 360
1739717628474 0.5932167064501898 361
1739717628500 5.613478527523733 362
1739717628526 7.36684918888839 363
1739717628553 6.247165746554742 364
1739717628580 10.117138490578377 365
1739717628607 5.371104913348372 366
1739717628634 7.4465416486571545 367
1739717628660 1.1616544954977626 368
1739717628687 0.9767879114262943 369
1739717628713 5.823161376411209 370
1739717628740 3.0133022110327774 371
1739717628767 2.4862161248057744 372
1739717628794 2.9130924514355536 373
1739717628821 1.6299649180737485 374
1739717628847 9.631913905798857 375
1739717628874 4.3411450304876436 376
1739717628903 5.805526642252416 377
1739717628931 4.962717294942075 378
1739717628959 2.1685922849042805 379
1739717628986 4.424046515660568 380
1739717629012 3.5000072373553177 381
1739717629039 1.1588052521916539 382
1739717629064 1.886600634999401 383
1739717629092 6.623140246819131 384
1739717629119 7.682810709973362 385
1739717629147 5.245165403422984 386
1739717629174 5.525132974559457 387
1739717629202 4.1906367970484295 388
1739717629230 2.434624847997603 389
1739717629258 4.061506678683297 390
1739717629285 6.2063742634195025 391
1739717629312 2.3654480583041675 392
1739717629339 2.8700444612771836 393
1739717629366 1.3476919238964804 394
1739717629396 7.0012398809821725 395
1739717629424 5.950124471329806 396
1739717629452 2.9973970741244425 397
1739717629479 5.868428862792746 398
1739717629507 4.194050183336271 399
1739717629534 6.3204175319063385 400
1739717629561 6.936062863396091 401
1739717629588 7.075988104644278 402
1739717629614 5.23739210753508 403
1739717629641 5.795504583299705 404
1739717629668 4.497126927026507 405
1739717629695 4.9355750464477435 406
1739717629721 6.143834648177835 407
1739717629748 8.394212613831879 408
1739717629775 3.6306165005815494 409
1739717629802 4.906311929501262 410
1739717629829 2.8407349280315066 411
1739717629855 4.583880912974807 412
1739717629883 5.959654744628368 413
1739717629910 4.447033742101048 414
1739717629937 3.0140179687258026 415
1739717629964 6.297781593842271 416
1739717629994 4.760608782959272 417
1739717630023 6.856128611491936 418
1739717630053 6.287276879031653 419
1739717630082 5.716698453731714 420
1739717630110 7.583942548336986 421
1739717630139 3.011430344898863 422
1739717630167 5.843385601268423 423
1739717630196 7.709076899061843 424
1739717630223 3.4465422954745755 425
1739717630252 1.6163296035693833 426
1739717630280 8.888680905486202 427
1739717630308 4.850120853256258 428
1739717630336 5.543484108822123 429
1739717630365 5.352613239048828 430
1739717630393 8.001676507902024 431
1739717630420 6.469610518041849 432
1739717630447 2.125523474179413 433
1739717630473 5.020550030040898 434
1739717630500 2.9457762883146223 435
1739717630527 7.509428094599537 436
1739717630554 1.3649926827347818 437
1739717630581 7.024986423786941 438
1739717630608 4.839694646412792 439
1739717630633 6.8379021664936435 440
1739717630660 6.478035589767713 441
1739717630686 3.7037954360159966 442
1739717630714 6.344127178066256 443
1739717630741 4.59476283864066 444
1739717630768 4.739616791521661 445
1739717630796 3.6969745854701483 446
1739717630824 3.9016792996426637 447
1739717630851 10.077232669324497 448
1739717630879 4.836378418748094 449
1739717630908 9.166136912901838 450
1739717630935 0.7884689081741044 451
1739717630963 2.9902124738238354 452
1739717630991 4.290581708855079 453
1739717631018 5.471704337178101 454
1739717631046 0.0008673240087293062 455
1739717631074 19.486138085227882 456
1739717631101 7.831741477503085 457
1739717631130 5.843142325663518 458
1739717631162 6.000268293893829 459
1739717631191 5.396731070024524 460
1739717631220 6.708596117977722 461
1739717631250 4.665457278395669 462
1739717631279 6.539897681693501 463
1739717631307 1.9583902899331307 464
1739717631335 2.0070240846641205 465
1739717631363 8.048653215971946 466
1739717631390 6.843591737184086 467
1739717631417 2.907928926616474 468
1739717631445 4.378208708864197 469
1739717631472 6.433374803800956 470
1739717631501 3.607251312290399 471
1739717631530 2.8112820549530393 472
1739717631558 6.911483486288648 473
1739717631585 4.752974270814877 474
1739717631614 4.472704118359019 475
1739717631641 3.7281568238261604 476
1739717631669 5.49531948623551 477
1739717631696 6.861952706776079 478
1739717631725 6.287846966617686 479
1739717631752 5.732495975526261 480
1739717631780 6.486353738922553 481
1739717631808 4.6722900634296325 482
1739717631835 4.9288757103359195 483
1739717631861 5.625840004821322 484
1739717631888 7.257549799142121 485
1739717631915 3.956712682913515 486
1739717631942 6.545748207387949 487
1739717631969 3.7782536604310506 488
1739717631999 5.484421435431007 489
1739717632026 4.239566568609682 490
1739717632053 8.74370575536867 491
1739717632080 9.911590216922301 492
1739717632107 5.879175288714278 493
1739717632134 4.511394032468167 494
1739717632160 4.203281447785031 495
1739717632187 4.629615315913445 496
1739717632214 3.4283148473766625 497
1739717632241 1.569356343302071 498
1739717632268 4.00867349714742 499
