1739715936027 160.54992520696726 0
1739715936033 156.6147353685213 1
1739715936040 152.6003695640865 2
1739715936046 152.7569743818161 3
1739715936052 150.46496053810475 4
1739715936056 151.3359126906547 5
1739715936061 146.43470239043086 6
1739715936066 142.4236863767119 7
1739715936072 145.2852400109253 8
1739715936078 142.12879540123245 9
1739715936083 136.9718207656776 10
1739715936088 134.83336731104174 11
1739715936093 136.03833197850108 12
1739715936098 126.20586359610368 13
1739715936103 133.266479339774 14
1739715936108 128.21306860303045 15
1739715936113 128.88321650614697 16
1739715936118 124.63633463066245 17
1739715936123 122.68873966111633 18
1739715936128 120.57827677437498 19
1739715936133 119.97512799638612 20
1739715936138 121.38473384958085 21
1739715936144 112.64241418771987 22
1739715936149 112.68227152935741 23
1739715936154 109.19972130326913 24
1739715936159 112.3747183519479 25
1739715936163 107.59559788894796 26
1739715936168 106.82608760295201 27
1739715936173 106.07615786460765 28
1739715936178 103.99491461081662 29
1739715936183 101.19124692553088 30
1739715936188 99.39448860935336 31
1739715936193 101.02195029355623 32
1739715936197 96.38755332199308 33
1739715936202 99.15454554690314 34
1739715936208 96.99113120584751 35
1739715936213 95.99954610532195 36
1739715936218 91.54414174933052 37
1739715936224 90.1813360531116 38
1739715936230 92.38521125156174 39
1739715936234 88.4403284705234 40
1739715936239 88.01289840654579 41
1739715936244 83.59188347175477 42
1739715936249 87.66593258894568 43
1739715936254 82.2806491899992 44
1739715936259 77.7085140425921 45
1739715936264 78.18078969330455 46
1739715936269 78.21837275373682 47
1739715936274 80.09180841945745 48
1739715936279 77.05630475546396 49
1739715936284 75.09241932573401 50
1739715936288 75.4746380100615 51
1739715936293 70.56665912761383 52
1739715936298 71.23935694701832 53
1739715936303 71.4290303176577 54
1739715936308 72.06444078904325 55
1739715936314 69.71108952967595 56
1739715936320 69.15294862974866 57
1739715936327 66.70836702799214 58
1739715936332 67.18124219255724 59
1739715936337 66.09093092549033 60
1739715936342 62.658459458219134 61
1739715936347 63.525084805918624 62
1739715936352 60.76926914631632 63
1739715936357 62.01284630992641 64
1739715936362 60.81317594159242 65
1739715936366 59.449861397476525 66
1739715936371 59.68880824033622 67
1739715936376 57.62154760380561 68
1739715936381 56.5599958057925 69
1739715936385 56.05211216668209 70
1739715936390 54.80187258005811 71
1739715936395 54.962616482000385 72
1739715936399 54.65753074087775 73
1739715936404 52.71237592541853 74
1739715936408 53.679529827741014 75
1739715936413 50.37203215039429 76
1739715936418 51.96837614358949 77
1739715936422 47.77124411224086 78
1739715936427 50.8462459559924 79
1739715936432 47.577822381400004 80
1739715936436 47.556095236864614 81
1739715936441 45.63112857605704 82
1739715936445 47.02946885974642 83
1739715936451 46.04301616787668 84
1739715936458 44.83719069068924 85
1739715936464 45.38514971746508 86
1739715936470 45.750149602665566 87
1739715936475 42.71624658117984 88
1739715936480 41.94427879610032 89
1739715936485 41.91633440681368 90
1739715936491 41.35200611340826 91
1739715936496 41.38267087365361 92
1739715936503 41.48896682024811 93
1739715936509 39.02585689633095 94
1739715936514 39.04685416880384 95
1739715936519 40.923958455585726 96
1739715936524 37.70735369946007 97
1739715936528 36.88800052683082 98
1739715936533 37.81476794347041 99
1739715936539 34.07774201539364 100
1739715936544 35.440617848657794 101
1739715936549 35.688960326318195 102
1739715936554 35.02329175680661 103
1739715936559 32.73829231171076 104
1739715936564 33.12544012382044 105
1739715936568 32.488080459987074 106
1739715936573 33.596624962828535 107
1739715936578 33.082961212782315 108
1739715936583 30.944163093999943 109
1739715936588 30.708552099090298 110
1739715936593 32.466026654993925 111
1739715936597 29.06571339461306 112
1739715936602 29.837574999700692 113
1739715936607 29.610410380423506 114
1739715936612 28.798891069825775 115
1739715936617 27.88090336676944 116
1739715936622 28.118733113009487 117
1739715936627 27.328369698806352 118
1739715936633 27.217339609953875 119
1739715936638 27.03587964557678 120
1739715936643 26.392241771676673 121
1739715936648 27.095942878890018 122
1739715936653 25.566872018883718 123
1739715936659 24.54775056779363 124
1739715936663 25.25474495360724 125
1739715936668 25.137317913493685 126
1739715936674 23.78356865072225 127
1739715936679 23.9437955394651 128
1739715936683 25.33727985052285 129
1739715936689 23.087180089781732 130
1739715936694 23.02716097313541 131
1739715936699 23.67681192614705 132
1739715936704 23.22932591021222 133
1739715936709 21.525155913073178 134
1739715936714 20.812230725088337 135
1739715936719 22.46977901716018 136
1739715936723 22.5986529313633 137
1739715936728 19.9105466773678 138
1739715936733 21.133276105411607 139
1739715936738 20.8265020445518 140
1739715936742 19.3510824770188 141
1739715936747 18.903285948496386 142
1739715936752 19.17872934758301 143
1739715936757 19.077181983926934 144
1739715936779 19.036533583146255 145
1739715936790 19.09888600891436 146
1739715936797 18.27974082297169 147
1739715936802 18.69109984819676 148
1739715936807 17.924755270414472 149
1739715936811 16.826000827721092 150
1739715936818 17.771611506011585 151
1739715936823 17.675924716581452 152
1739715936828 17.34360829618677 153
1739715936833 16.108861037663104 154
1739715936839 16.47821286525492 155
1739715936844 15.463060298090738 156
1739715936848 15.823112597560801 157
1739715936853 16.390384976194444 158
1739715936858 14.458899553671232 159
1739715936863 16.21457485481273 160
1739715936869 16.12546484274995 161
1739715936873 14.487055502123551 162
1739715936878 14.277575915356454 163
1739715936884 13.515789685322455 164
1739715936889 14.830404080789071 165
1739715936893 14.145582347385874 166
1739715936898 14.068389655688206 167
1739715936903 13.232165328356036 168
1739715936908 12.831472980646424 169
1739715936913 13.490539002983462 170
1739715936917 13.103529949976354 171
1739715936922 13.95902747348694 172
1739715936926 12.018241575777425 173
1739715936931 12.158734774134958 174
1739715936936 12.867047265249287 175
1739715936940 11.883333979533026 176
1739715936945 11.92436597881772 177
1739715936950 11.50723484815056 178
1739715936954 10.964449830417717 179
1739715936959 11.739913651347921 180
1739715936964 11.547979098215805 181
1739715936969 11.00129630863461 182
1739715936974 11.050064957974453 183
1739715936978 9.99293393572909 184
1739715936983 10.912586244112733 185
1739715936988 10.488185193497923 186
1739715936992 10.910947010016724 187
1739715936997 9.806919042757384 188
1739715937002 10.336249270647217 189
1739715937006 9.991630807727299 190
1739715937011 9.04728955365595 191
1739715937016 9.712219829905251 192
1739715937021 9.97566530401269 193
1739715937025 9.491569803091464 194
1739715937030 9.18655369777577 195
1739715937035 9.223702044334482 196
1739715937039 8.945984071365869 197
1739715937045 9.122235907684113 198
1739715937050 8.697434158037906 199
1739715937055 8.586625762487714 200
1739715937059 8.472848999737039 201
1739715937064 8.032133044190196 202
1739715937068 8.024896901277618 203
1739715937073 8.14458621498148 204
1739715937078 8.382028952740574 205
1739715937083 8.210126907101357 206
1739715937088 7.652783475966155 207
1739715937093 7.558368216680965 208
1739715937097 8.087800562403178 209
1739715937102 6.948205027531215 210
1739715937107 8.16128786169876 211
1739715937112 6.6721187650616205 212
1739715937117 7.679525153437612 213
1739715937122 7.168299488559131 214
1739715937127 6.812469806938123 215
1739715937132 6.63437073801965 216
1739715937137 7.491870662503212 217
1739715937142 6.30486160053897 218
1739715937147 6.6706064260027285 219
1739715937151 6.700316889683089 220
1739715937155 6.076415328358328 221
1739715937160 6.457367093984021 222
1739715937165 5.986387483414584 223
1739715937170 5.89810383172841 224
1739715937174 5.958199906069967 225
1739715937179 5.565205982036985 226
1739715937183 6.210983205270259 227
1739715937188 6.21089122085859 228
1739715937192 5.935588523544775 229
1739715937197 5.295577381064453 230
1739715937202 5.59743341060709 231
1739715937206 5.3387879002278735 232
1739715937211 5.608952540705572 233
1739715937215 5.782006784957506 234
1739715937220 4.685474590060196 235
1739715937229 5.252347203307023 236
1739715937234 5.1132877539813695 237
1739715937238 4.943391351957582 238
1739715937243 4.881235530747525 239
1739715937248 4.984908493594803 240
1739715937253 4.729816614304017 241
1739715937258 4.963470493447374 242
1739715937263 4.827998502389476 243
1739715937267 4.988983662041011 244
1739715937272 4.382360556540194 245
1739715937276 4.422895722500399 246
1739715937281 4.317310794565741 247
1739715937286 3.698454051865441 248
1739715937290 3.94086335232779 249
1739715937295 4.538290967086206 250
1739715937299 3.7853472302959514 251
1739715937304 4.628935163763266 252
1739715937309 4.260566207192049 253
1739715937314 4.253134233554776 254
1739715937319 3.9119860216958275 255
1739715937323 3.988143787504324 256
1739715937328 4.655758343945246 257
1739715937333 3.938338668193066 258
1739715937337 3.7630693697819546 259
1739715937342 3.6022108483308304 260
1739715937347 3.7763404688656435 261
1739715937352 3.605704121698616 262
1739715937357 3.398339032681686 263
1739715937361 3.8145176281539745 264
1739715937366 3.4938601405382506 265
1739715937370 3.433559735396205 266
1739715937375 3.0894597339921384 267
1739715937380 3.4918670234108804 268
1739715937384 3.483258338790877 269
1739715937389 3.3465649105526007 270
1739715937394 3.153923248732672 271
1739715937399 2.949059309476319 272
1739715937404 3.106608232168886 273
1739715937409 2.826661749921126 274
1739715937414 3.3396185119536925 275
1739715937418 2.9239941913871403 276
1739715937423 2.5738645129516127 277
1739715937428 3.364905900272114 278
1739715937433 2.7652035812393954 279
1739715937437 2.9226448373284275 280
1739715937442 3.345004458214319 281
1739715937447 2.448385664134636 282
1739715937452 2.7262247327269757 283
1739715937456 2.684568722513429 284
1739715937461 2.8852171494678673 285
1739715937466 2.618242356120919 286
1739715937471 2.251980083614175 287
1739715937476 2.3501551333709347 288
1739715937480 2.720003967808682 289
1739715937485 2.5887322114063096 290
1739715937490 2.676320392942231 291
1739715937494 2.565498975188818 292
1739715937499 2.2791924956740286 293
1739715937504 2.071598631307303 294
1739715937509 2.219817375303098 295
1739715937514 2.056652212190946 296
1739715937519 2.4540019389704835 297
1739715937523 2.441616165703529 298
1739715937528 1.8315574659147258 299
1739715937533 2.4757115693473906 300
1739715937537 1.8591905969596723 301
1739715937542 2.0839611419052093 302
1739715937546 2.238436839518971 303
1739715937551 2.0898799123656824 304
1739715937556 2.253568025187586 305
1739715937561 1.899657956291318 306
1739715937565 1.9155816331345932 307
1739715937570 2.076285824095436 308
1739715937575 1.8137810393067837 309
1739715937580 2.2577658560967966 310
1739715937584 2.056914590277913 311
1739715937589 1.6869683067268466 312
1739715937594 1.8704667012600367 313
1739715937598 1.7308667794021813 314
1739715937603 1.7298249136137327 315
1739715937608 1.7379017016115867 316
1739715937612 1.7946156618801272 317
1739715937617 1.8316275092167806 318
1739715937622 1.7640173356369864 319
1739715937626 1.6299825493801234 320
1739715937631 1.6641956026614877 321
1739715937636 1.662406590898008 322
1739715937641 1.459543413961778 323
1739715937645 1.5919157892900322 324
1739715937650 1.4779516540981228 325
1739715937654 1.5885594883488512 326
1739715937659 1.7396372024136095 327
1739715937664 1.6685284239670441 328
1739715937668 1.640790905770682 329
1739715937673 1.5471136167910469 330
1739715937677 1.4784419640445643 331
1739715937682 1.1571502567631529 332
1739715937686 1.2801615665211838 333
1739715937692 1.471324223693301 334
1739715937696 1.3765660287933437 335
1739715937701 1.2327207659097668 336
1739715937706 1.5154570441874866 337
1739715937710 1.497149657998539 338
1739715937715 1.0502705916269297 339
1739715937719 1.4735962891443222 340
1739715937724 1.1366671063082285 341
1739715937729 1.2807367736461475 342
1739715937734 1.2628955564449265 343
1739715937739 1.0929605151841413 344
1739715937743 1.056813447367315 345
1739715937748 1.0733167742839667 346
1739715937753 1.2986713494921873 347
1739715937758 1.102209150261789 348
1739715937762 1.2467705154961062 349
1739715937767 1.2196036783546655 350
1739715937771 1.408652475737881 351
1739715937776 1.221033797556973 352
1739715937780 1.1540110452698356 353
1739715937792 1.0900185214259626 354
1739715937797 1.156521399681892 355
1739715937801 1.1314159914684254 356
1739715937806 1.0328827601614372 357
1739715937810 1.232790756779358 358
1739715937815 1.0220735413736535 359
1739715937820 0.9873382708004065 360
1739715937825 1.2365730629983147 361
1739715937829 1.1553896009207734 362
1739715937834 1.009646094318495 363
1739715937839 1.107346933868972 364
1739715937843 1.235477628070554 365
1739715937849 0.9584260384260014 366
1739715937854 1.0079496266050307 367
1739715937859 1.0279171040917323 368
1739715937863 0.9687070116148557 369
1739715937868 1.0218718859092681 370
1739715937873 0.9672509957611525 371
1739715937878 0.8236485725779705 372
1739715937883 1.0758702930844166 373
1739715937887 0.8632574586992926 374
1739715937892 1.0380502306855532 375
1739715937897 0.8779884332409145 376
1739715937901 0.6937241003776902 377
1739715937906 0.9550655252238027 378
1739715937911 0.8607380425783977 379
1739715937916 0.8442200164943019 380
1739715937921 0.709728369573854 381
1739715937925 0.8751034479976063 382
1739715937930 0.9016873369184625 383
1739715937934 0.6806928239104287 384
1739715937940 0.7983841538273551 385
1739715937945 0.7070216497176385 386
1739715937952 0.875287198335656 387
1739715937957 0.843895038264624 388
1739715937963 1.0415327585045786 389
1739715937970 0.7256351173412078 390
1739715937978 0.8619921315926561 391
1739715937983 0.7526899359410573 392
1739715937989 0.7133380466833185 393
1739715937995 0.7585189578812959 394
1739715938000 0.8272570900612917 395
1739715938005 0.6747289787795251 396
1739715938010 0.8573274110438843 397
1739715938015 0.7473136692428557 398
1739715938020 0.7341713084058337 399
1739715938025 0.6552201354557396 400
1739715938030 0.7804187949645653 401
1739715938035 0.6823789703567725 402
1739715938039 0.6407904142291504 403
1739715938044 0.6654299511716366 404
1739715938049 0.8073910477184063 405
1739715938054 0.4719305325971626 406
1739715938059 0.6006901424867226 407
1739715938063 0.6315422110930631 408
1739715938068 0.6526101472922505 409
1739715938073 0.6701143541034424 410
1739715938078 0.9391826603850927 411
1739715938083 0.646618522540514 412
1739715938088 0.5647778931282659 413
1739715938094 0.5972125238221971 414
1739715938099 0.7124816619280254 415
1739715938105 0.5661299313077083 416
1739715938109 0.6036192969949109 417
1739715938115 0.5370138836628268 418
1739715938119 0.6961986706678632 419
1739715938124 0.5503478992253299 420
1739715938129 0.5494052501350856 421
1739715938134 0.7776702146404971 422
1739715938139 0.5913615243703932 423
1739715938143 0.5954280414765097 424
1739715938148 0.643229945453427 425
1739715938153 0.4143278870776265 426
1739715938158 0.5039686904846001 427
1739715938162 0.5020293110984255 428
1739715938167 0.5837134076727083 429
1739715938171 0.49866862901226106 430
1739715938176 0.4043473049638489 431
1739715938181 0.612624416536347 432
1739715938186 0.4506957124630312 433
1739715938190 0.4848016621039592 434
1739715938195 0.5583676295725141 435
1739715938200 0.424057155031637 436
1739715938205 0.43596466606585205 437
1739715938209 0.44794851354401605 438
1739715938214 0.524060928060809 439
1739715938219 0.5320428491334542 440
1739715938224 0.480387653239721 441
1739715938229 0.5225429933467184 442
1739715938233 0.5648580458107055 443
1739715938238 0.5972181462020864 444
1739715938243 0.3947105547428767 445
1739715938247 0.45537531089999855 446
1739715938252 0.45250548724542783 447
1739715938257 0.4987661059555921 448
1739715938262 0.44807735384617964 449
1739715938267 0.49511530214094773 450
1739715938271 0.4145942842834774 451
1739715938276 0.44160772196923154 452
1739715938281 0.3888390810948788 453
1739715938286 0.5415477169813632 454
1739715938290 0.45949300252171277 455
1739715938295 0.4911346451100363 456
1739715938299 0.40814682906494776 457
1739715938304 0.42768572777209257 458
1739715938309 0.42597483122777186 459
1739715938313 0.33617276496521686 460
1739715938318 0.3211311305085482 461
1739715938323 0.2687049980430585 462
1739715938327 0.3897351693195892 463
1739715938332 0.3617962279089968 464
1739715938337 0.520658664942343 465
1739715938342 0.5760177342909704 466
1739715938347 0.3910379094320974 467
1739715938351 0.3677553267777907 468
1739715938356 0.3437636042835692 469
1739715938360 0.5948747205226949 470
1739715938365 0.4612701915692233 471
1739715938370 0.5694592681624424 472
1739715938374 0.403084003841252 473
1739715938379 0.410283792860657 474
1739715938384 0.5265512784885844 475
1739715938388 0.4117634795165913 476
1739715938392 0.4061806927330791 477
1739715938397 0.5168532751643725 478
1739715938402 0.350876992691419 479
1739715938406 0.36034208622211833 480
1739715938411 0.27309079488136934 481
1739715938415 0.540729720139847 482
1739715938420 0.4482076628419023 483
1739715938425 0.490820680896011 484
1739715938430 0.3437287391235876 485
1739715938435 0.3828883807451232 486
1739715938441 0.4319536603466365 487
1739715938446 0.4320053982953187 488
1739715938451 0.3771870126202595 489
1739715938455 0.3627444473622347 490
1739715938460 0.24468254633706432 491
1739715938465 0.4084859376638611 492
1739715938470 0.3684098251360314 493
1739715938474 0.43027126086384787 494
1739715938479 0.4926564001509471 495
1739715938484 0.4034531029013887 496
1739715938489 0.32781416705031535 497
1739715938494 0.276557922637395 498
1739715938499 0.25440585341240946 499
