1739715119371 169.3217676079807 0
1739715119375 166.9536864616521 1
1739715119380 163.92228442731403 2
1739715119384 160.7420871124017 3
1739715119389 157.56710636859802 4
1739715119393 154.44253476368672 5
1739715119397 151.38083677339316 6
1739715119401 148.38466119432104 7
1739715119405 145.45373180837336 8
1739715119410 142.58691850840964 9
1739715119414 139.78285932774418 10
1739715119418 137.04014683455566 11
1739715119422 134.35738357714226 12
1739715119426 131.73319817673055 13
1739715119431 129.16624960405457 14
1739715119435 126.65522791762818 15
1739715119439 124.19885395200542 16
1739715119443 121.79587870375873 17
1739715119448 119.44508263962683 18
1739715119452 117.14527499397128 19
1739715119456 114.89529307539321 20
1739715119460 112.69400158815415 21
1739715119464 110.54029196978144 22
1739715119468 108.43308174496697 23
1739715119473 106.3713138954932 24
1739715119477 104.35395624581659 25
1739715119481 102.3800008639154 26
1739715119485 100.44846347700982 27
1739715119489 98.55838290177016 28
1739715119493 96.70882048863832 29
1739715119497 94.89885957989881 30
1739715119501 93.12760498114419 31
1739715119506 91.39418244579082 32
1739715119510 89.69773817230941 33
1739715119514 88.03743831384446 34
1739715119518 86.41246849990561 35
1739715119522 84.82203336982201 36
1739715119526 83.26535611765995 37
1739715119530 81.7416780483118 38
1739715119534 80.25025814447166 39
1739715119538 78.79037264422193 40
1739715119542 77.36131462896137 41
1739715119547 75.96239362141274 42
1739715119551 74.59293519345574 43
1739715119555 73.25228058353639 44
1739715119559 71.93978632341236 45
1739715119563 70.65482387399852 46
1739715119568 69.39677927008427 47
1739715119573 68.16505277369953 48
1739715119578 66.95905853591326 49
1739715119583 65.77822426685233 50
1739715119587 64.62199091373597 51
1739715119591 63.48981234672499 52
1739715119595 62.38115505239102 53
1739715119600 61.295497834615766 54
1739715119603 60.23233152273533 55
1739715119607 59.1911586867493 56
1739715119612 58.17149335941924 57
1739715119616 57.17286076508554 58
1739715119620 56.194797055036 59
1739715119624 55.236849049264066 60
1739715119629 54.29857398445848 61
1739715119633 53.37953926807038 62
1739715119637 52.47932223830777 63
1739715119641 51.59750992991123 64
1739715119646 50.73369884556808 65
1739715119650 49.88749473282654 66
1739715119654 49.058512366374345 67
1739715119658 48.246375335549914 68
1739715119662 47.45071583695766 69
1739715119667 46.67117447206218 70
1739715119671 45.907400049639065 71
1739715119675 45.15904939296371 72
1739715119679 44.42578715162157 73
1739715119684 43.70728561782744 74
1739715119688 43.00322454714299 75
1739715119693 42.313290983485345 76
1739715119697 41.637179088322206 77
1739715119701 40.97458997395078 78
1739715119705 40.325231540761564 79
1739715119710 39.688818318389785 80
1739715119714 39.06507131065942 81
1739715119718 38.45371784422826 82
1739715119723 37.85449142084339 83
1739715119726 37.26713157311975 84
1739715119733 36.69138372375608 85
1739715119737 36.12699904810489 86
1739715119742 35.57373434001507 87
1739715119746 35.03135188086784 88
1739715119750 34.499619311728736 89
1739715119755 33.978309508540065 90
1739715119760 33.46720046028038 91
1739715119765 32.96607515001917 92
1739715119769 32.474721438796784 93
1739715119773 31.992931952261316 94
1739715119777 31.520503969995946 95
1739715119781 31.05723931747178 96
1739715119785 30.60294426056276 97
1739715119789 30.157429402561057 98
1739715119793 29.72050958363252 99
1739715119797 29.292003782653538 100
1739715119801 28.871735021371883 101
1739715119805 28.45953027083562 102
1739715119809 28.055220360035634 103
1739715119814 27.658639886708446 104
1739715119818 27.26962713024738 105
1739715119822 26.88802396667153 106
1739715119826 26.51367578560312 107
1739715119829 26.14643140920488 108
1739715119834 25.786143013030657 109
1739715119838 25.432666048743236 110
1739715119842 25.085859168654547 111
1739715119846 24.745584152044817 112
1739715119850 24.411705833217813 113
1739715119854 24.084092031250734 114
1739715119858 23.76261348139822 115
1739715119862 23.447143768110745 116
1739715119866 23.137559259629057 117
1739715119870 22.833739044116648 118
1739715119874 22.53556486729377 119
1739715119878 22.242921071536955 120
1739715119882 21.95569453640929 121
1739715119887 21.6737746205868 122
1739715119891 21.397053105148245 123
1739715119895 21.12542413819531 124
1739715119899 20.858784180771703 125
1739715119903 20.597031954050134 126
1739715119907 20.34006838775694 127
1739715119911 20.087796569805015 128
1739715119915 19.84012169710594 129
1739715119919 19.5969510275336 130
1739715119924 19.35819383301175 131
1739715119928 19.123761353698658 132
1739715119932 18.89356675324295 133
1739715119937 18.667525075085013 134
1739715119941 18.44555319977921 135
1739715119945 18.227569803312644 136
1739715119948 18.013495316396757 137
1739715119952 17.803251884708576 138
1739715119957 17.5967633300594 139
1739715119961 17.393955112468436 140
1739715119965 17.194754293120383 141
1739715119969 16.9990894981856 142
1739715119973 16.806890883482748 143
1739715119978 16.618090099963652 144
1739715119982 16.432620260001187 145
1739715119986 16.25041590446084 146
1739715119990 16.07141297053773 147
1739715119994 15.895548760340665 148
1739715119998 15.722761910205794 149
1739715120002 15.552992360722486 150
1739715120007 15.386181327454544 151
1739715120011 15.222271272340436 152
1739715120015 15.061205875756364 153
1739715120019 14.902930009226734 154
1739715120023 14.747389708766372 155
1739715120027 14.594532148839885 156
1739715120031 14.444305616923591 157
1739715120035 14.296659488655436 158
1739715120038 14.151544203559604 159
1739715120042 14.008911241331697 160
1739715120047 13.868713098671675 161
1739715120051 13.730903266651447 162
1739715120055 13.59543620860455 163
1739715120059 13.462267338525685 164
1739715120063 13.331352999968015 165
1739715120067 13.202650445426551 166
1739715120071 13.076117816196177 167
1739715120075 12.951714122693263 168
1739715120079 12.829399225229649 169
1739715120083 12.709133815228762 170
1739715120087 12.59087939687324 171
1739715120091 12.47459826917389 172
1739715120096 12.360253508450308 173
1739715120100 12.247808951213216 174
1739715120105 12.137229177439385 175
1739715120109 12.028479494229575 176
1739715120113 11.921525919840903 177
1739715120117 11.816335168084583 178
1739715120121 11.712874633080538 179
1739715120125 11.611112374360568 180
1739715120129 11.511017102311897 181
1739715120133 11.412558163953133 182
1739715120137 11.315705529034728 183
1739715120141 11.220429776456685 184
1739715120145 11.126702080995589 185
1739715120149 11.034494200334262 186
1739715120153 10.943778462386549 187
1739715120157 10.854527752910593 188
1739715120162 10.766715503403729 189
1739715120166 10.680315679272486 190
1739715120170 10.595302768271258 191
1739715120174 10.511651769203349 192
1739715120178 10.429338180878354 193
1739715120182 10.348337991319779 194
1739715120186 10.268627667217162 195
1739715120190 10.190184143617005 196
1739715120194 10.112984813846849 197
1739715120199 10.037007519667181 198
1739715120203 9.962230541645859 199
1739715120206 9.888632589749788 200
1739715120210 9.816192794148847 201
1739715120214 9.744890696227273 202
1739715120218 9.674706239797356 203
1739715120222 9.60561976251109 204
1739715120227 9.537611987465043 205
1739715120230 9.470664014993815 206
1739715120234 9.40475731464804 207
1739715120238 9.339873717352313 208
1739715120242 9.275995407739128 209
1739715120246 9.21310491665458 210
1739715120251 9.151185113832023 211
1739715120256 9.090219200729544 212
1739715120260 9.030190703527756 213
1739715120264 8.97108346628401 214
1739715120268 8.912881644239432 215
1739715120272 8.855569697275335 216
1739715120276 8.799132383515511 217
1739715120280 8.743554753070988 218
1739715120284 8.688822141924055 219
1739715120288 8.634920165948252 220
1739715120291 8.581834715061312 221
1739715120295 8.529551947507839 222
1739715120299 8.478058284268881 223
1739715120303 8.427340403595359 224
1739715120307 8.37738523566256 225
1739715120311 8.328179957342986 226
1739715120315 8.279711987094641 227
1739715120319 8.231968979962284 228
1739715120323 8.18493882268901 229
1739715120327 8.138609628935564 230
1739715120331 8.092969734604992 231
1739715120335 8.0480076932702 232
1739715120339 8.003712271702005 233
1739715120344 7.960072445495467 234
1739715120349 7.917077394792189 235
1739715120353 7.8747165000964126 236
1739715120357 7.832979338182727 237
1739715120362 7.791855678093436 238
1739715120366 7.751335477223301 239
1739715120370 7.71140887748988 240
1739715120375 7.672066201587443 241
1739715120379 7.633297949322464 242
1739715120383 7.595094794028972 243
1739715120387 7.557447579061906 244
1739715120391 7.520347314366588 245
1739715120395 7.483785173122779 246
1739715120399 7.447752488461424 247
1739715120402 7.41224075025256 248
1739715120407 7.377241601962762 249
1739715120410 7.342746837580513 250
1739715120415 7.308748398607921 251
1739715120419 7.275238371117421 252
1739715120423 7.242208982871827 253
1739715120427 7.209652600506399 254
1739715120430 7.177561726771499 255
1739715120434 7.145928997834477 256
1739715120438 7.1147471806394105 257
1739715120442 7.08400917032344 258
1739715120446 7.053707987688384 259
1739715120450 7.023836776726454 260
1739715120454 6.9943888021987455 261
1739715120458 6.965357447265422 262
1739715120462 6.936736211166366 263
1739715120466 6.908518706951196 264
1739715120470 6.880698659257486 265
1739715120474 6.853269902136191 266
1739715120478 6.8262263769231915 267
1739715120482 6.799562130155855 268
1739715120487 6.773271311533681 269
1739715120491 6.747348171922036 270
1739715120494 6.7217870613979835 271
1739715120498 6.6965824273373435 272
1739715120502 6.6717288125418746 273
1739715120506 6.64722085340598 274
1739715120510 6.623053278121772 275
1739715120514 6.599220904921805 276
1739715120518 6.575718640358581 277
1739715120523 6.552541477620044 278
1739715120527 6.529684494880237 279
1739715120531 6.507142853684312 280
1739715120535 6.484911797367241 281
1739715120538 6.462986649505316 282
1739715120543 6.441362812399895 283
1739715120547 6.420035765592516 284
1739715120551 6.399001064410803 285
1739715120555 6.3782543385444175 286
1739715120559 6.357791290650444 287
1739715120563 6.3376076949875 288
1739715120567 6.317699396078005 289
1739715120572 6.298062307397922 290
1739715120578 6.278692410093403 291
1739715120583 6.259585751723802 292
1739715120587 6.240738445030332 293
1739715120592 6.222146666729953 294
1739715120596 6.203806656333897 295
1739715120600 6.1857147149901826 296
1739715120604 6.167867204349778 297
1739715120608 6.15026054545576 298
1739715120612 6.132891217655005 299
1739715120616 6.115755757531961 300
1739715120620 6.098850757863951 301
1739715120624 6.082172866597568 302
1739715120628 6.065718785845775 303
1739715120632 6.049485270905107 304
1739715120636 6.0334691292926745 305
1739715120640 6.017667219802512 306
1739715120644 6.002076451580785 307
1739715120652 5.986693783219537 308
1739715120656 5.971516221868524 309
1739715120660 5.956540822364723 310
1739715120665 5.941764686379249 311
1739715120669 5.927184961581155 312
1739715120673 5.912798840817857 313
1739715120677 5.898603561311768 314
1739715120681 5.884596403872875 315
1739715120685 5.870774692126777 316
1739715120689 5.857135791758052 317
1739715120694 5.843677109768353 318
1739715120698 5.83039609374926 319
1739715120702 5.8172902311692525 320
1739715120706 5.804357048674709 321
1739715120710 5.7915941114045255 322
1739715120714 5.778999022318134 323
1739715120718 5.7665694215366 324
1739715120722 5.754302985696537 325
1739715120726 5.7421974273165475 326
1739715120730 5.730250494175898 327
1739715120735 5.718459968705317 328
1739715120739 5.706823667389423 329
1739715120743 5.695339440180763 330
1739715120747 5.684005169925083 331
1739715120751 5.67281877179762 332
1739715120756 5.661778192750238 333
1739715120760 5.6508814109690775 334
1739715120765 5.640126435342641 335
1739715120769 5.629511304939945 336
1739715120773 5.6190340884986245 337
1739715120777 5.608692883922786 338
1739715120781 5.598485817790331 339
1739715120785 5.588411044869634 340
1739715120789 5.578466747645324 341
1739715120793 5.5686511358530355 342
1739715120797 5.558962446022865 343
1739715120801 5.549398941031443 344
1739715120805 5.539958909662389 345
1739715120809 5.530640666174964 346
1739715120813 5.521442549880801 347
1739715120818 5.512362924728533 348
1739715120821 5.503400178896094 349
1739715120825 5.494552724390675 350
1739715120829 5.485818996655982 351
1739715120833 5.477197454186845 352
1739715120838 5.468686578150917 353
1739715120842 5.460284872017313 354
1739715120847 5.451990861192083 355
1739715120851 5.443803092660403 356
1739715120855 5.4357201346352975 357
1739715120859 5.4277405762127575 358
1739715120864 5.41986302703321 359
1739715120868 5.412086116949074 360
1739715120872 5.404408495698417 361
1739715120876 5.396828832584489 362
1739715120881 5.389345816161088 363
1739715120884 5.381958153923558 364
1739715120889 5.374664572005421 365
1739715120892 5.367463814880402 366
1739715120896 5.360354645069859 367
1739715120901 5.353335842855383 368
1739715120904 5.3464062059966295 369
1739715120909 5.339564549454067 370
1739715120913 5.332809705116804 371
1739715120917 5.326140521535119 372
1739715120921 5.319555863657797 373
1739715120925 5.3130546125741205 374
1739715120928 5.306635665260392 375
1739715120932 5.300297934330942 376
1739715120936 5.294040347793499 377
1739715120940 5.287861848808878 378
1739715120944 5.281761395454826 379
1739715120948 5.275737960494084 380
1739715120952 5.269790531146402 381
1739715120956 5.263918108864572 382
1739715120960 5.2581197091143705 383
1739715120965 5.252394361158253 384
1739715120969 5.246741107842845 385
1739715120973 5.2411590053901005 386
1739715120978 5.235647123191988 387
1739715120982 5.230204543608831 388
1739715120986 5.224830361770985 389
1739715120990 5.21952368538401 390
1739715120994 5.214283634537074 391
1739715120998 5.209109341514728 392
1739715121002 5.203999950611804 393
1739715121006 5.1989546179514825 394
1739715121011 5.193972511306472 395
1739715121014 5.189052809923174 396
1739715121018 5.184194704348815 397
1739715121022 5.179397396261515 398
1739715121026 5.174660098303212 399
1739715121030 5.169982033915378 400
1739715121034 5.16536243717747 401
1739715121038 5.160800552648088 402
1739715121042 5.15629563520882 403
1739715121047 5.1518469499106345 404
1739715121050 5.147453771822844 405
1739715121054 5.143115385884575 406
1739715121058 5.138831086758656 407
1739715121062 5.134600178688013 408
1739715121066 5.1304219753542775 409
1739715121071 5.126295799738909 410
1739715121075 5.1222209839863755 411
1739715121079 5.118196869269798 412
1739715121083 5.114222805658597 413
1739715121086 5.110298151988443 414
1739715121090 5.106422275733196 415
1739715121094 5.102594552879037 416
1739715121099 5.098814367800588 417
1739715121103 5.095081113138979 418
1739715121107 5.09139418968201 419
1739715121111 5.087753006246131 420
1739715121115 5.0841569795603645 421
1739715121120 5.080605534152088 422
1739715121124 5.077098102234648 423
1739715121128 5.073634123596741 424
1739715121132 5.0702130454936025 425
1739715121136 5.066834322539895 426
1739715121140 5.063497416604295 427
1739715121144 5.060201796705777 428
1739715121148 5.056946938911528 429
1739715121152 5.053732326236437 430
1739715121156 5.050557448544226 431
1739715121160 5.047421802450096 432
1739715121164 5.044324891224918 433
1739715121168 5.041266224700926 434
1739715121172 5.0382453191788565 435
1739715121177 5.035261697336569 436
1739715121181 5.032314888139103 437
1739715121186 5.029404426750067 438
1739715121190 5.026529854444456 439
1739715121194 5.0236907185228254 440
1739715121198 5.0208865722267495 441
1739715121202 5.0181169746556185 442
1739715121206 5.015381490684678 443
1739715121210 5.0126796908844105 444
1739715121214 5.010011151441034 445
1739715121218 5.0073754540783 446
1739715121222 5.004772185980482 447
1739715121226 5.002200939716517 448
1739715121230 4.999661313165294 449
1739715121234 4.9971529094421 450
1739715121238 4.9946753368261545 451
1739715121242 4.992228208689309 452
1739715121246 4.989811143425711 453
1739715121250 4.987423764382624 454
1739715121254 4.985065699792261 455
1739715121258 4.982736582704623 456
1739715121263 4.980436050921375 457
1739715121267 4.978163746930657 458
1739715121271 4.975919317842977 459
1739715121275 4.9737024153279314 460
1739715121279 4.971512695551976 461
1739715121283 4.969349819117029 462
1739715121287 4.96721345100008 463
1739715121291 4.965103260493603 464
1739715121296 4.963018921146932 465
1739715121300 4.960960110708433 466
1739715121304 4.9589265110685785 467
1739715121308 4.956917808203846 468
1739715121312 4.954933692121393 469
1739715121316 4.952973856804647 470
1739715121320 4.951038000159598 471
1739715121324 4.949125823961889 472
1739715121328 4.947237033804758 473
1739715121332 4.9453713390476 474
1739715121337 4.943528452765435 475
1739715121341 4.941708091698974 476
1739715121345 4.939909976205494 477
1739715121349 4.938133830210386 478
1739715121353 4.936379381159402 479
1739715121357 4.934646359971642 480
1739715121361 4.9329345009931345 481
1739715121365 4.931243541951135 482
1739715121369 4.929573223909099 483
1739715121373 4.927923291222252 484
1739715121377 4.926293491493836 485
1739715121381 4.924683575531932 486
1739715121385 4.923093297306983 487
1739715121389 4.921522413909825 488
1739715121394 4.919970685510371 489
1739715121398 4.918437875316887 490
1739715121402 4.916923749535812 491
1739715121406 4.915428077332178 492
1739715121410 4.913950630790568 493
1739715121414 4.912491184876631 494
1739715121418 4.911049517399152 495
1739715121421 4.909625408972649 496
1739715121426 4.908218642980473 497
1739715121430 4.906829005538473 498
1739715121434 4.90545628545912 499
