1739715738578 42.86758588664157 0
1739715738584 9.390517143041311 1
1739715738590 2.2631542589237283 2
1739715738596 0.6015491923332253 3
1739715738602 0.18171430239911818 4
1739715738607 0.09893269995382523 5
1739715738613 0.11185501804688372 6
1739715738619 0.11111493689371672 7
1739715738625 0.0824209902732743 8
1739715738631 0.11152787031543446 9
1739715738636 0.07180002758510973 10
1739715738642 0.08435042706818541 11
1739715738648 0.07661064182105648 12
1739715738653 0.10122848694363343 13
1739715738659 0.1380414527824336 14
1739715738664 0.11209630633193521 15
1739715738670 0.07284815741529642 16
1739715738675 0.11064109168758093 17
1739715738681 0.08528093550655667 18
1739715738686 0.10050787198087786 19
1739715738691 0.08808587814095532 20
1739715738696 0.09463363464837324 21
1739715738701 0.13096142617215162 22
1739715738706 0.06709476212637847 23
1739715738712 0.10501224386565078 24
1739715738717 0.09523387645693872 25
1739715738722 0.08543927204598933 26
1739715738727 0.12185399710837866 27
1739715738733 0.0824706815370545 28
1739715738738 0.08295594362604987 29
1739715738744 0.1319416942119855 30
1739715738749 0.07143379385421432 31
1739715738754 0.07716060188683213 32
1739715738759 0.08518103812100226 33
1739715738765 0.07003277311699811 34
1739715738770 0.06271628163511264 35
1739715738776 0.08513136429849891 36
1739715738783 0.06455823368756247 37
1739715738789 0.05735235557636702 38
1739715738795 0.0822706802377943 39
1739715738801 0.10521821198377769 40
1739715738806 0.053891720756920954 41
1739715738811 0.14421121608170068 42
1739715738816 0.0959786136298653 43
1739715738822 0.06163034893636098 44
1739715738828 0.07824498327380341 45
1739715738833 0.07393836381921733 46
1739715738838 0.07779854978537344 47
1739715738844 0.059634382506686484 48
1739715738849 0.1793403438474726 49
1739715738854 0.08647363201020936 50
1739715738859 0.09428969926841493 51
1739715738864 0.08461517122023539 52
1739715738870 0.08881875925180091 53
1739715738875 0.07495687909711433 54
1739715738882 0.05562267081106089 55
1739715738887 0.1272629718484446 56
1739715738892 0.09793639003765363 57
1739715738898 0.10647541459362161 58
1739715738903 0.11159827394003184 59
1739715738908 0.07486281531046765 60
1739715738914 0.09074566859557053 61
1739715738919 0.06837642238760772 62
1739715738924 0.08432881007049604 63
1739715738929 0.08256982014187661 64
1739715738935 0.10097238048019551 65
1739715738940 0.09301425582004812 66
1739715738945 0.08081843710136061 67
1739715738950 0.1139184973326386 68
1739715738956 0.11287600856124093 69
1739715738961 0.1251283955040118 70
1739715738966 0.09346314601030505 71
1739715738971 0.07887366398257004 72
1739715738977 0.12496740673483699 73
1739715738982 0.07160855225914094 74
1739715738987 0.11992629321398385 75
1739715738993 0.07073492279533633 76
1739715738999 0.1050886883287229 77
1739715739004 0.11164902535244088 78
1739715739009 0.05654328151306583 79
1739715739014 0.056982104074276625 80
1739715739021 0.10717926046092537 81
1739715739026 0.11325558731975473 82
1739715739032 0.05444734399106763 83
1739715739038 0.054820993737340874 84
1739715739043 0.10657907848295492 85
1739715739048 0.08435241834000029 86
1739715739053 0.08662989882448312 87
1739715739059 0.08443769860537514 88
1739715739064 0.11744754703925325 89
1739715739069 0.06336808547318143 90
1739715739075 0.13547106420171548 91
1739715739080 0.08105533863560214 92
1739715739085 0.08963348620435277 93
1739715739090 0.0592498512732287 94
1739715739096 0.10234040238229562 95
1739715739101 0.06794645509073909 96
1739715739106 0.10139273609810756 97
1739715739112 0.13319705047908711 98
1739715739118 0.06543366794337095 99
1739715739124 0.11097186350271135 100
1739715739129 0.09551097876104814 101
1739715739134 0.1077013084183966 102
1739715739140 0.1076574419290236 103
1739715739146 0.09902806197278746 104
1739715739151 0.047270657915713 105
1739715739157 0.12633797962299534 106
1739715739162 0.07493097382629313 107
1739715739168 0.11907390009378972 108
1739715739173 0.06498263971437214 109
1739715739178 0.10906026416873932 110
1739715739183 0.09031268460433406 111
1739715739188 0.07393767232318675 112
1739715739194 0.099550355124356 113
1739715739199 0.10736551972843285 114
1739715739204 0.10082919276934384 115
1739715739209 0.09705816058037624 116
1739715739214 0.07190429624499109 117
1739715739220 0.058454262831291584 118
1739715739227 0.07221713341623513 119
1739715739234 0.07281068323669239 120
1739715739240 0.0608686043577496 121
1739715739246 0.06760810591881998 122
1739715739251 0.10786426763068765 123
1739715739257 0.0844079351633988 124
1739715739262 0.07718374891060778 125
1739715739268 0.1497027657448803 126
1739715739273 0.06786114859959487 127
1739715739278 0.11843317497834134 128
1739715739284 0.06496252333477426 129
1739715739289 0.06517697246513732 130
1739715739294 0.06058824669382827 131
1739715739299 0.1020360343379446 132
1739715739305 0.09402447244341125 133
1739715739311 0.10121044296569966 134
1739715739318 0.048365356810633996 135
1739715739325 0.07687805072670056 136
1739715739333 0.09719153976033787 137
1739715739341 0.1375339976689727 138
1739715739349 0.07329952779670293 139
1739715739356 0.06512129517344842 140
1739715739364 0.062401769318229966 141
1739715739371 0.11003805598885315 142
1739715739380 0.09570585583451816 143
1739715739388 0.0863620552270975 144
1739715739396 0.06508841920636192 145
1739715739406 0.08437056153478398 146
1739715739415 0.1069700397499094 147
1739715739424 0.07738540329054752 148
1739715739433 0.09223790797014422 149
1739715739441 0.053207399406843825 150
1739715739450 0.09126123322451306 151
1739715739459 0.1149344417101914 152
1739715739467 0.13160988893452144 153
1739715739475 0.09671498279112781 154
1739715739484 0.0987368380894371 155
1739715739493 0.09571149884823443 156
1739715739500 0.1019546387924009 157
1739715739508 0.05818531182223444 158
1739715739515 0.06104617940219072 159
1739715739523 0.08145500999791778 160
1739715739530 0.06732962780239475 161
1739715739538 0.0644108129348553 162
1739715739545 0.12263203935261827 163
1739715739553 0.08428348466808842 164
1739715739561 0.11871255387597297 165
1739715739567 0.12192528567101471 166
1739715739574 0.08786664499754526 167
1739715739582 0.07006015035568992 168
1739715739588 0.10995772153618401 169
1739715739595 0.07733029744307003 170
1739715739602 0.07112488827764941 171
1739715739609 0.07067711584502835 172
1739715739615 0.0481232292086343 173
1739715739622 0.06493873196535979 174
1739715739629 0.14847681845940155 175
1739715739636 0.07842372133444407 176
1739715739643 0.07604565799428421 177
1739715739649 0.09930075423720612 178
1739715739655 0.08219765008842539 179
1739715739661 0.08861993487201623 180
1739715739667 0.055607902878152704 181
1739715739672 0.0749902382876032 182
1739715739678 0.06715452707538731 183
1739715739683 0.07237149912717639 184
1739715739689 0.07040610231933282 185
1739715739694 0.10039735187750848 186
1739715739700 0.07536378339633208 187
1739715739706 0.07271405151281876 188
1739715739711 0.08961634637804755 189
1739715739717 0.19623553378179412 190
1739715739723 0.08831274748784387 191
1739715739729 0.10534686917789038 192
1739715739734 0.1488719662035269 193
1739715739741 0.12441571904511091 194
1739715739747 0.055494625799233546 195
1739715739753 0.08997331917527696 196
1739715739758 0.07591063264245482 197
1739715739764 0.10045059899539224 198
1739715739769 0.07780045630617831 199
1739715739775 0.07609358848262368 200
1739715739786 0.06593047084301962 201
1739715739792 0.0699661586832088 202
1739715739797 0.06300345483046826 203
1739715739803 0.08792176932558955 204
1739715739809 0.07604148685582794 205
1739715739815 0.0901489427052695 206
1739715739820 0.051095841989560256 207
1739715739826 0.0857032592344874 208
1739715739832 0.07705280234604617 209
1739715739838 0.06653973787792097 210
1739715739843 0.08283565326363161 211
1739715739849 0.06824161929857986 212
1739715739854 0.059499014219821636 213
1739715739860 0.11541958724148838 214
1739715739866 0.106080602992619 215
1739715739872 0.05449481631762181 216
1739715739877 0.07259953727830525 217
1739715739882 0.08452963396786285 218
1739715739888 0.088901085452851 219
1739715739894 0.11135381376385159 220
1739715739900 0.09006696261321152 221
1739715739907 0.08725027973803408 222
1739715739913 0.10596479644978263 223
1739715739919 0.0690477643821327 224
1739715739924 0.22063129420927274 225
1739715739930 0.08777308664510677 226
1739715739936 0.10247727383952139 227
1739715739942 0.114338484725034 228
1739715739948 0.06917479844121983 229
1739715739954 0.09331974121981818 230
1739715739960 0.0990631416912071 231
1739715739966 0.07939580754979303 232
1739715739972 0.05744133309888928 233
1739715739977 0.0824095827165139 234
1739715739983 0.11199124696231763 235
1739715739988 0.06660191036954484 236
1739715739993 0.11053555690220515 237
1739715739999 0.06682232458855149 238
1739715740004 0.061574705913252384 239
1739715740010 0.12217939347483917 240
1739715740015 0.07256540170738393 241
1739715740022 0.15899900930734717 242
1739715740028 0.08191293417506747 243
1739715740033 0.12197314310231426 244
1739715740039 0.0955232780853682 245
1739715740045 0.0900629362026897 246
1739715740050 0.09344464520403618 247
1739715740057 0.11522369208400769 248
1739715740062 0.08662971367674209 249
1739715740068 0.10993487218326024 250
1739715740074 0.0904181112130493 251
1739715740079 0.12105791914250631 252
1739715740085 0.07475886797115114 253
1739715740090 0.09419672668178475 254
1739715740095 0.15787779596832807 255
1739715740101 0.09094010299501985 256
1739715740106 0.1094708482241348 257
1739715740111 0.10887424943027992 258
1739715740117 0.09323325665959623 259
1739715740122 0.07307335626253586 260
1739715740128 0.12631628140541099 261
1739715740133 0.06614188364508444 262
1739715740139 0.06820616122721886 263
1739715740146 0.10520916259918699 264
1739715740153 0.10649565313461273 265
1739715740159 0.08841202525148004 266
1739715740165 0.08746418863026825 267
1739715740171 0.07598290510363757 268
1739715740177 0.10737815231500095 269
1739715740182 0.0675639285426951 270
1739715740188 0.05639608806631974 271
1739715740193 0.089400512685235 272
1739715740198 0.05592005367529016 273
1739715740203 0.14652370832781494 274
1739715740209 0.10201779062007625 275
1739715740214 0.06406056968754852 276
1739715740220 0.10568566345597798 277
1739715740225 0.08220038195185399 278
1739715740231 0.11625154470025198 279
1739715740237 0.04803148006640592 280
1739715740242 0.10688604596654773 281
1739715740248 0.08331436366829535 282
1739715740254 0.08522147469694956 283
1739715740259 0.07204386156415313 284
1739715740265 0.08601021261003879 285
1739715740270 0.07858495815044411 286
1739715740276 0.11897656180798397 287
1739715740281 0.11083366586376626 288
1739715740287 0.04574570099325418 289
1739715740293 0.11191365644566117 290
1739715740298 0.10999225782631726 291
1739715740304 0.09120074419786926 292
1739715740309 0.09062733243061036 293
1739715740314 0.06260274627033481 294
1739715740319 0.07194911212782303 295
1739715740325 0.09397728145259357 296
1739715740330 0.08553629126398776 297
1739715740335 0.08725657290095531 298
1739715740340 0.056323413513160434 299
1739715740345 0.07465975272484196 300
1739715740351 0.062415230770186084 301
1739715740356 0.07779230573753824 302
1739715740362 0.1015249113140048 303
1739715740367 0.06841696632412919 304
1739715740373 0.0698765118679162 305
1739715740378 0.10956083918542288 306
1739715740384 0.09435558279297541 307
1739715740390 0.08592929863215407 308
1739715740396 0.09222199437793922 309
1739715740403 0.0761095063611603 310
1739715740410 0.0943850744442695 311
1739715740417 0.1195072141267713 312
1739715740424 0.08242171037760655 313
1739715740430 0.07586289420702197 314
1739715740436 0.09960845644754344 315
1739715740441 0.09788669972568984 316
1739715740447 0.09249158526079639 317
1739715740453 0.08292152142262084 318
1739715740459 0.06677436108534669 319
1739715740464 0.10853633196724098 320
1739715740469 0.06136452738997993 321
1739715740475 0.12005020809308933 322
1739715740480 0.05656450178228778 323
1739715740485 0.09744846032549388 324
1739715740491 0.06573544522179921 325
1739715740497 0.1217130487521645 326
1739715740503 0.07362513121596878 327
1739715740508 0.09967132532687165 328
1739715740513 0.09012423408065473 329
1739715740519 0.06536567014830719 330
1739715740524 0.07686134884293361 331
1739715740529 0.10460593635517851 332
1739715740534 0.08835457566052288 333
1739715740539 0.13184623114457694 334
1739715740545 0.09317464114337017 335
1739715740551 0.10027477512227427 336
1739715740556 0.09619847565389009 337
1739715740561 0.09013140024233116 338
1739715740566 0.09260318627268353 339
1739715740573 0.09181923642874482 340
1739715740579 0.12897937826655873 341
1739715740584 0.11937565071625693 342
1739715740590 0.08185232075904295 343
1739715740595 0.13660769621962537 344
1739715740600 0.1157688501899896 345
1739715740605 0.09205723625995897 346
1739715740611 0.10807331115064947 347
1739715740616 0.09962399020474802 348
1739715740621 0.1257781270293159 349
1739715740626 0.08558284392307373 350
1739715740631 0.15617603067742458 351
1739715740636 0.12688162072337542 352
1739715740642 0.05461706336896797 353
1739715740647 0.11376023556463964 354
1739715740653 0.09628880858696327 355
1739715740658 0.08772461196181851 356
1739715740664 0.07428634869274578 357
1739715740669 0.09415157068888366 358
1739715740675 0.08817782714832276 359
1739715740681 0.07944191823011562 360
1739715740687 0.10977772182349034 361
1739715740693 0.11666928744238615 362
1739715740700 0.12471758348369426 363
1739715740706 0.09237014206069777 364
1739715740713 0.12401878585446303 365
1739715740721 0.13895900983723147 366
1739715740729 0.09960098669643284 367
1739715740737 0.09809752899301256 368
1739715740748 0.08429596925712103 369
1739715740758 0.07768337528230455 370
1739715740766 0.0569282205247448 371
1739715740775 0.08442623772701613 372
1739715740783 0.06015096702060064 373
1739715740791 0.10095291374270035 374
1739715740799 0.0912998706577084 375
1739715740805 0.08519231448994331 376
1739715740811 0.10038451502890137 377
1739715740818 0.06292595804801436 378
1739715740824 0.06381173074797844 379
1739715740830 0.09525596622328895 380
1739715740836 0.10216248399616384 381
1739715740842 0.12527495646700448 382
1739715740850 0.07824239117805129 383
1739715740856 0.0837264237971352 384
1739715740863 0.09229247935388027 385
1739715740869 0.07412979460858539 386
1739715740876 0.06919409950906127 387
1739715740882 0.07113370728017497 388
1739715740888 0.06332718117574178 389
1739715740893 0.10057595280426929 390
1739715740899 0.07085217029209648 391
1739715740905 0.13374338213078132 392
1739715740911 0.08209923411689261 393
1739715740918 0.11469096832469881 394
1739715740923 0.0927842077702477 395
1739715740929 0.04404957438844926 396
1739715740934 0.07529606488482696 397
1739715740940 0.06624773616238727 398
1739715740946 0.054234863290641463 399
1739715740953 0.10073578530750801 400
1739715740959 0.0603917561242906 401
1739715740965 0.09896522893373805 402
1739715740970 0.06965339199983629 403
1739715740976 0.06775459598419983 404
1739715740981 0.09268619155110362 405
1739715740986 0.07820676748492728 406
1739715740992 0.07751807197487516 407
1739715740997 0.05637831417996028 408
1739715741003 0.058654256420726913 409
1739715741008 0.06710586869614069 410
1739715741013 0.09168322038579631 411
1739715741018 0.10556272786515251 412
1739715741027 0.10635177165608564 413
1739715741033 0.09551863976114922 414
1739715741038 0.11082863335955956 415
1739715741044 0.08015108946618521 416
1739715741049 0.06756769533388222 417
1739715741055 0.08836760325719838 418
1739715741060 0.05575694119286758 419
1739715741066 0.10410358160870824 420
1739715741071 0.08073374238767536 421
1739715741076 0.10088410289270565 422
1739715741082 0.07248992143688424 423
1739715741087 0.06602045447380363 424
1739715741093 0.09199166959308096 425
1739715741098 0.13749187923584114 426
1739715741103 0.10075272726535632 427
1739715741109 0.11253974886090919 428
1739715741115 0.0826850678345974 429
1739715741120 0.11516265798423364 430
1739715741126 0.0486421589137464 431
1739715741131 0.08211782575697482 432
1739715741137 0.08317417883859758 433
1739715741143 0.0832623012216646 434
1739715741149 0.0653978592813242 435
1739715741155 0.08600901018856862 436
1739715741161 0.10381351267095275 437
1739715741166 0.09271926184413048 438
1739715741172 0.08759667801137852 439
1739715741177 0.11814555572376124 440
1739715741183 0.08846892209082297 441
1739715741188 0.05537287082636038 442
1739715741194 0.05909776735486465 443
1739715741199 0.09254178906412665 444
1739715741204 0.08588187505582975 445
1739715741210 0.10327744708415947 446
1739715741215 0.04516443518707086 447
1739715741220 0.07425349084151293 448
1739715741225 0.08214931987269396 449
1739715741231 0.11362560438308575 450
1739715741236 0.09401137639648283 451
1739715741242 0.0799925668679478 452
1739715741247 0.07493824739654066 453
1739715741253 0.1714070352130383 454
1739715741259 0.06295899268575654 455
1739715741264 0.10207396341905066 456
1739715741269 0.04843306237588194 457
1739715741275 0.09419661163745913 458
1739715741280 0.09619527665021242 459
1739715741285 0.07074302899107524 460
1739715741290 0.07176381828025495 461
1739715741296 0.07371695755897241 462
1739715741301 0.059572405272228665 463
1739715741306 0.09304723791379824 464
1739715741311 0.09610017519421601 465
1739715741317 0.07395409960911337 466
1739715741322 0.08246386764032765 467
1739715741328 0.06342887437963665 468
1739715741333 0.09113082915911352 469
1739715741339 0.10858108001654335 470
1739715741344 0.15452398131661696 471
1739715741349 0.08682116653933304 472
1739715741354 0.08169563806451477 473
1739715741360 0.06778037788245964 474
1739715741365 0.06954884189437048 475
1739715741371 0.054749222010526795 476
1739715741376 0.09655703476029301 477
1739715741381 0.0849684521005408 478
1739715741387 0.0585088767266289 479
1739715741392 0.09454394245048978 480
1739715741397 0.08752305478619166 481
1739715741403 0.1242540585527339 482
1739715741409 0.09267205787935723 483
1739715741414 0.10343763580325806 484
1739715741420 0.08693470034927687 485
1739715741425 0.08203099344524734 486
1739715741430 0.08684393854793192 487
1739715741435 0.10334314178807906 488
1739715741441 0.08417770252211375 489
1739715741446 0.07779649230245334 490
1739715741451 0.08562043989825836 491
1739715741458 0.059317232577896874 492
1739715741464 0.09064332471150556 493
1739715741471 0.07526526455618254 494
1739715741477 0.09276818806963823 495
1739715741484 0.09433930409728795 496
1739715741491 0.09646833337570579 497
1739715741498 0.09983453657956541 498
1739715741505 0.09311200896741317 499
