1739715885061 156.5572089687586 0
1739715885066 133.17941327820603 1
1739715885071 111.97482473959401 2
1739715885077 100.42292771775743 3
1739715885081 82.90715139016118 4
1739715885086 73.42768380582648 5
1739715885091 62.27119295697603 6
1739715885096 54.703021813153654 7
1739715885101 47.74117261286047 8
1739715885106 40.91537813116975 9
1739715885110 34.150042870031065 10
1739715885115 30.714847281798892 11
1739715885119 26.93885966521479 12
1739715885124 22.662386460983384 13
1739715885129 18.96324359339 14
1739715885134 16.684604143892898 15
1739715885139 14.050126894397389 16
1739715885143 12.375456223549975 17
1739715885147 11.187134070334595 18
1739715885152 9.807790563974132 19
1739715885158 8.435215417092424 20
1739715885162 6.911315111145338 21
1739715885167 6.200213124247335 22
1739715885171 4.95456199512051 23
1739715885176 5.338916242008286 24
1739715885180 4.274872876226242 25
1739715885186 3.6300535581834326 26
1739715885191 2.9524223791294877 27
1739715885196 2.554464110569081 28
1739715885200 2.6332574500400012 29
1739715885205 2.3323216371711157 30
1739715885209 2.1652250452581194 31
1739715885214 1.486566241052569 32
1739715885219 1.4506666214968393 33
1739715885225 1.412702178372398 34
1739715885230 1.1797286881203766 35
1739715885235 1.1296938071905793 36
1739715885240 0.9826025310037864 37
1739715885244 0.7285842074821509 38
1739715885249 0.7601053079040713 39
1739715885255 0.788400965385476 40
1739715885260 0.4124855658024621 41
1739715885265 0.6739091087013772 42
1739715885270 0.46931189760563186 43
1739715885275 0.5533574099478274 44
1739715885279 0.7220132160198396 45
1739715885284 0.4463897297151142 46
1739715885289 0.3285600288812855 47
1739715885293 0.33334249183628517 48
1739715885298 0.36431777536654425 49
1739715885302 0.30257573082912936 50
1739715885306 0.3068677078477713 51
1739715885311 0.2753234051366828 52
1739715885317 0.261175702221828 53
1739715885321 0.3085086470735126 54
1739715885327 0.22642489650933695 55
1739715885334 0.32204708042380836 56
1739715885340 0.2056543237695457 57
1739715885345 0.22367364622907693 58
1739715885350 0.3094935233647404 59
1739715885354 0.24016603038247522 60
1739715885359 0.22076406301221005 61
1739715885363 0.1996100997814057 62
1739715885368 0.24534143266626923 63
1739715885373 0.4249972863950011 64
1739715885377 0.18676655440277007 65
1739715885382 0.14921080807145254 66
1739715885387 0.17695312430201304 67
1739715885391 0.20810186307335587 68
1739715885396 0.19451564134106364 69
1739715885400 0.1992109364962633 70
1739715885405 0.18828060367302227 71
1739715885410 0.2974212157248988 72
1739715885414 0.15594243921994091 73
1739715885418 0.23309786263486498 74
1739715885423 0.2277729441238278 75
1739715885429 0.20945230732116646 76
1739715885435 0.20735290072670906 77
1739715885440 0.2186242621549753 78
1739715885446 0.15346762065336564 79
1739715885454 0.1965037783582379 80
1739715885460 0.2221001968580563 81
1739715885466 0.16759424060876965 82
1739715885471 0.2116834883452068 83
1739715885476 0.1504548850255437 84
1739715885481 0.17674049604337058 85
1739715885487 0.16484582563851488 86
1739715885492 0.2298978717875773 87
1739715885497 0.19656298799780142 88
1739715885502 0.18355820291588823 89
1739715885507 0.27533728329386437 90
1739715885513 0.37200248568240607 91
1739715885518 0.18530024690240182 92
1739715885523 0.24030849114293387 93
1739715885528 0.40678264951894066 94
1739715885533 0.1698931514794399 95
1739715885537 0.183542023089446 96
1739715885542 0.17860845856826438 97
1739715885548 0.3733000934034728 98
1739715885554 0.17953642810858544 99
1739715885559 0.18887898363604244 100
1739715885564 0.2049224148238913 101
1739715885569 0.17727355122672853 102
1739715885574 0.14883009603864797 103
1739715885580 0.32986720220543453 104
1739715885585 0.19462260245604088 105
1739715885590 0.22934763291631804 106
1739715885595 0.20043282272122734 107
1739715885600 0.28202402252434633 108
1739715885606 0.1444958754608342 109
1739715885611 0.17853124761045133 110
1739715885616 0.19045617135612905 111
1739715885622 0.18242889550998695 112
1739715885626 0.21391770174620914 113
1739715885632 0.21067827264824227 114
1739715885637 0.15025706199678596 115
