1739718989581 130.64564295024172 0
1739718989613 44.677365447461405 1
1739718989645 22.33037712531434 2
1739718989676 12.157944066637342 3
1739718989708 7.30924528837108 4
1739718989739 2.420965549038224 5
1739718989772 1.0905813719122461 6
1739718989804 0.8274155799439445 7
1739718989835 0.3222910566682045 8
1739718989867 0.0724076510750375 9
1739718989899 0.07944954581833176 10
1739718989930 0.18289647595513694 11
1739718989964 0.003630190592475949 12
1739718989997 0.06193650555776061 13
1739718990031 0.003561930405508688 14
1739718990066 0.10962045844763472 15
1739718990098 0.028763921827986594 16
1739718990130 0.1950172052720493 17
1739718990163 0.008773885461922053 18
1739718990195 0.030482315188939544 19
1739718990227 0.18098851622877365 20
1739718990260 0.1815600096476692 21
1739718990292 0.010677917896749788 22
1739718990325 0.0019172985970020281 23
1739718990358 0.0501233284235769 24
1739718990390 0.5764013987551473 25
1739718990423 0.00012514901571104533 26
1739718990455 0.9495549221429122 27
1739718990487 0.0554508244492458 28
1739718990518 4.4365504105988045e-05 29
1739718990549 0.3146507407018912 30
1739718990580 0.49049716905159363 31
1739718990612 0.31155871018877007 32
1739718990644 0.0001434040904239095 33
1739718990676 0.01886302660453171 34
1739718990708 0.03436455569664355 35
1739718990740 1.2240590737500427 36
1739718990772 0.015302907022637294 37
1739718990805 0.02531783370152239 38
1739718990836 0.03286493011571269 39
1739718990868 0.07548951815798188 40
1739718990900 0.023133848804862148 41
1739718990931 0.0020299798609536646 42
1739718990964 0.0035938825179109173 43
1739718991008 0.1133795113100404 44
1739718991117 0.015456109987778233 45
1739718991151 0.010827945149230616 46
1739718991183 0.00023888871079022928 47
1739718991215 0.00011934257295158632 48
1739718991248 0.01560098373385034 49
1739718991282 0.012079829042931457 50
1739718991316 0.021390539792767196 51
1739718991348 0.07856307446417282 52
1739718991379 0.05116612838633074 53
1739718991411 0.00785396709497973 54
1739718991443 0.04771233996783202 55
1739718991476 4.88363345747143e-05 56
1739718991509 0.0017910758226021741 57
1739718991542 0.0896080231950875 58
1739718991576 0.010389971647733125 59
1739718991608 0.03049211788055397 60
1739718991640 0.005726398385249231 61
1739718991672 0.07221277194744413 62
1739718991705 0.022194285471389744 63
1739718991736 0.3313705398868455 64
1739718991769 0.029538848663066376 65
1739718991801 0.4422361992162015 66
1739718991834 0.434055207554157 67
1739718991867 0.12452362641310626 68
1739718991899 0.002084147775733437 69
1739718991932 0.09983524264580318 70
1739718991964 0.16678817604806542 71
1739718991997 0.16999524948356745 72
1739718992030 0.11926432083807874 73
1739718992062 0.08485333563745008 74
1739718992095 0.020172325824560775 75
1739718992128 0.23778517349306025 76
1739718992160 0.03764367951865073 77
1739718992193 0.03235621961573128 78
1739718992225 0.20779448711114698 79
1739718992257 0.08530267372806229 80
1739718992290 0.24654183818800032 81
1739718992323 0.15096046184245107 82
1739718992356 0.006590646815881337 83
1739718992390 0.04064382144817106 84
1739718992423 0.6343527742523878 85
1739718992458 0.04885429736737351 86
1739718992491 0.030720844970850432 87
1739718992523 3.493180989533324e-05 88
1739718992556 0.45419006685053775 89
1739718992588 0.0028731829154328976 90
1739718992620 0.008483932502292534 91
1739718992651 0.00015119383403681085 92
1739718992683 0.03642510723920781 93
1739718992714 4.495275164705884 94
1739718992746 0.020094017595683442 95
1739718992778 0.3631193585875351 96
1739718992809 0.05290910771721346 97
1739718992841 0.006634898387993536 98
1739718992872 0.06580068400608355 99
1739718992904 0.12816874092272343 100
1739718992935 0.04157670082845158 101
1739718992967 0.014299072044452701 102
1739718992998 0.13001425811834058 103
1739718993030 0.14211703417016683 104
1739718993063 8.970134261655077e-05 105
1739718993095 0.0009476162604766538 106
1739718993127 0.007603024002390574 107
1739718993158 0.15781876780444198 108
1739718993190 0.0668366456977438 109
1739718993222 0.04185589442120311 110
1739718993254 0.016781827481433066 111
1739718993286 0.03900086259063177 112
1739718993318 0.01749318729794543 113
1739718993349 0.03319168734035735 114
1739718993381 0.011593760976426469 115
1739718993414 0.03504013388317352 116
1739718993447 0.02239097983882462 117
1739718993484 0.047319243712403015 118
1739718993517 0.05889567731825145 119
1739718993550 0.01163326558632333 120
1739718993586 0.009642762175893669 121
1739718993619 0.6303377338149024 122
1739718993651 0.03096472808166816 123
1739718993682 0.0840209744626749 124
1739718993715 0.05704105819469721 125
1739718993747 0.025067050308850806 126
1739718993778 0.0010073446169120844 127
1739718993810 0.04533710776537175 128
1739718993841 0.03170201676227283 129
1739718993873 0.005139856127053505 130
1739718993904 0.01055337978386096 131
1739718993936 0.13139878300487653 132
1739718993968 0.3348592349581754 133
1739718993999 0.008599055659519943 134
1739718994030 0.018420986132464925 135
1739718994062 0.0162688175629966 136
1739718994093 0.05496880324464633 137
1739718994125 0.11867630807165083 138
1739718994156 0.006616937563226777 139
1739718994189 0.014662565635636546 140
1739718994225 0.04642967069707973 141
1739718994258 0.042084278054237964 142
1739718994291 0.06374271321232089 143
1739718994324 0.09009760736485184 144
1739718994357 0.03779534216650308 145
1739718994390 0.1063552004364015 146
1739718994424 0.07119295030396638 147
1739718994461 0.03175619280639345 148
1739718994501 0.03680064946498052 149
1739718994543 0.0010752042930482425 150
1739718994582 0.005989804468671237 151
1739718994616 0.25661988943062586 152
1739718994650 0.006803093183150396 153
1739718994683 0.17970453694203925 154
1739718994716 0.0036198073216036283 155
1739718994749 2.527339373458328e-05 156
1739718994782 0.018992150587537053 157
1739718994817 0.005903533880155231 158
1739718994851 0.009990607992791152 159
1739718994885 0.32790234837911997 160
1739718994917 0.5701475896149697 161
1739718994950 0.005816304971534922 162
1739718994982 0.07827284384162116 163
1739718995051 0.390797272727562 164
1739718995085 0.00025110514890902335 165
1739718995117 0.0779650561609901 166
1739718995150 0.0007593218787122547 167
1739718995182 0.009140369033353213 168
1739718995214 0.014189144915886286 169
1739718995247 0.014156895249979528 170
1739718995278 0.026970106032167394 171
1739718995309 0.16890940482807917 172
1739718995341 0.7997052063317851 173
1739718995373 0.14565640677505995 174
1739718995406 0.11956690965363082 175
1739718995438 0.011788044965160928 176
1739718995470 0.14251303043095542 177
1739718995502 0.04505098272741371 178
1739718995534 0.01797059751470924 179
1739718995565 0.1544762271812569 180
1739718995597 8.6595099287131e-05 181
1739718995629 0.00782165452476362 182
1739718995661 0.06367131756784716 183
1739718995693 0.03318541734816605 184
1739718995724 0.09565183257971142 185
1739718995756 0.014314585003397303 186
1739718995789 0.10011605181700722 187
1739718995822 0.11036434571940892 188
1739718995855 0.03233797901639133 189
1739718995887 0.02127556103910583 190
1739718995920 0.0005294548030901775 191
1739718995953 0.009048135473383035 192
1739718995985 2.8156626369642585e-05 193
1739718996020 0.6086389461037574 194
1739718996053 0.007243198344051017 195
1739718996086 0.3973478781171333 196
1739718996119 0.06138030871275789 197
1739718996151 0.11739443348115604 198
1739718996185 0.3280683212608142 199
1739718996218 0.19155226452634136 200
1739718996250 3.245289057817102e-05 201
1739718996283 0.035510856445889756 202
1739718996316 0.07984587538465149 203
1739718996349 0.052097513263778275 204
1739718996382 0.5243009795904077 205
1739718996415 0.00969693515211558 206
1739718996448 0.04599430105889958 207
1739718996481 0.040177918945167805 208
1739718996514 0.11875705890987848 209
1739718996546 0.07251243423159899 210
1739718996579 0.013397697066329529 211
1739718996612 0.0005911149075904139 212
1739718996646 0.000749628456320626 213
1739718996679 2.0185820918486303e-05 214
1739718996712 0.19061245121444031 215
1739718996745 0.025439471015166037 216
1739718996778 0.4239578529122592 217
1739718996810 0.17150504832026803 218
1739718996844 0.036339748228566074 219
1739718996877 0.08875933773025732 220
1739718996909 0.008988755370458078 221
1739718996942 0.05714019446471337 222
1739718996975 0.2708612774918032 223
1739718997008 0.0944642773609832 224
1739718997041 0.024053449862984633 225
1739718997074 0.023721801910183065 226
1739718997107 0.030690354313907826 227
1739718997139 0.02765677600596015 228
1739718997172 0.11312036998177649 229
1739718997204 0.003991514647786804 230
1739718997236 0.03991636578132121 231
1739718997268 0.03442046314774505 232
1739718997300 0.018585731681329407 233
1739718997332 0.0032735356721007537 234
1739718997364 0.18507062624865397 235
1739718997395 0.0407019787425418 236
1739718997427 0.1310965802591354 237
1739718997459 0.0003815839730718154 238
1739718997490 0.05333898844540476 239
1739718997522 0.018093101573839088 240
1739718997554 0.01463321030112221 241
1739718997585 0.41931773713463816 242
1739718997617 0.0069926531143920485 243
1739718997649 0.009775396764346533 244
1739718997681 0.2698421700438757 245
1739718997713 0.04465400774619005 246
1739718997744 0.0007428529999693765 247
1739718997776 0.005374171349446288 248
1739718997808 0.0838344059309353 249
1739718997839 0.0013811680402978344 250
1739718997870 0.013010380723446737 251
1739718997902 0.020828285590064433 252
1739718997933 0.0005767529996251 253
1739718997964 0.0015083963754092405 254
1739718997996 0.02303473115301339 255
1739718998028 0.0008860408492995824 256
1739718998060 0.017394787879981416 257
1739718998091 0.07472046283644894 258
1739718998122 0.22970896852685463 259
1739718998154 0.10655561449279716 260
1739718998186 0.008470478654728122 261
1739718998217 0.014499927868567974 262
1739718998248 0.09139314021343 263
1739718998280 0.00022578537808295006 264
1739718998312 0.03189652437204459 265
1739718998343 0.0871867500769245 266
1739718998375 0.11297352935329123 267
1739718998406 0.1325354733771433 268
1739718998438 0.29907053004147616 269
1739718998470 0.007211045484073631 270
1739718998501 0.11153501523791721 271
1739718998532 0.07937293665701653 272
1739718998564 0.07761940521805714 273
1739718998595 0.00025197179037100023 274
1739718998626 0.01437374480224159 275
1739718998657 0.0025473732630848585 276
1739718998689 0.16418100438016797 277
1739718998720 0.02554409258690539 278
1739718998752 0.033284956052552404 279
1739718998784 0.011619654614078259 280
1739718998816 0.017280167735413392 281
1739718998848 0.008399363116566607 282
1739718998880 0.37377648645924627 283
1739718998912 0.23379144434041788 284
1739718998943 0.0012642226421239848 285
1739718998975 0.0008790449701366406 286
1739718999007 0.00013808348366439624 287
1739718999039 0.06570962732379997 288
1739718999070 0.016048149285497276 289
1739718999102 0.0005039605149244483 290
1739718999134 0.061518948391588765 291
1739718999165 0.09512993073072713 292
1739718999197 0.6919651664502351 293
1739718999229 0.10189141232306119 294
1739718999261 0.0008406429192760126 295
1739718999293 0.0012061107796677059 296
1739718999324 0.004205551758469549 297
1739718999355 0.02766667926591608 298
1739718999387 0.11078939152271029 299
1739718999419 0.3931040547190674 300
1739718999450 0.06831655337766825 301
1739718999482 0.07646512287503052 302
1739718999513 0.02231088752458113 303
1739718999545 0.021753764439915137 304
1739718999576 0.013470985969501078 305
1739718999607 0.06097618878440508 306
1739718999639 0.03016016334423374 307
1739718999671 0.03125396870998164 308
1739718999702 0.038502632106468475 309
1739718999733 0.008138924558204459 310
1739718999765 0.04664404528445201 311
1739718999797 0.05669516026994302 312
1739718999828 0.002464407149317299 313
1739718999860 0.0020914748862470517 314
1739718999891 0.184224412055669 315
1739718999923 0.0038356385573792427 316
1739718999954 0.00907593719494231 317
1739718999986 0.21509293482744077 318
1739719000017 0.08245186312597695 319
1739719000050 0.13376637623673135 320
1739719000081 0.18781905225416642 321
1739719000113 0.12900820260484736 322
1739719000145 0.11313474749104727 323
1739719000176 0.0012938111225572267 324
1739719000208 0.04223289545393501 325
1739719000240 0.07248120830204585 326
1739719000271 0.010322974181064745 327
1739719000303 0.08946748363602137 328
1739719000335 0.13735094984943924 329
1739719000366 0.08722943123797106 330
1739719000398 0.0084040588797598 331
1739719000429 0.050121390682850986 332
1739719000461 0.024357828203997355 333
1739719000493 0.0007099236962005704 334
1739719000525 0.5753977644041735 335
1739719000557 0.03431861618639388 336
1739719000589 0.28261491320524784 337
1739719000621 0.025689319788383354 338
1739719000652 0.02767601284220913 339
1739719000684 0.0080453921916318 340
1739719000715 0.1090021895751499 341
1739719000747 0.029845187181688253 342
1739719000779 0.012591851075937716 343
1739719000811 0.19474210144300969 344
1739719000842 0.001105507123270192 345
1739719000873 1.3573595573552004e-07 346
1739719000905 0.01286173550890611 347
1739719000938 0.5453481238971272 348
1739719000970 0.03382825461501804 349
1739719001002 0.030151883148440747 350
1739719001033 0.07460546012977746 351
1739719001065 0.004231189695374239 352
1739719001097 0.11947274612971916 353
1739719001129 0.31852514668350973 354
1739719001161 0.03569896158666727 355
1739719001193 0.02401422164586359 356
1739719001224 0.06289023199708314 357
1739719001256 7.96151663903079e-06 358
1739719001288 0.00038706795735434917 359
1739719001320 0.030880306312883583 360
1739719001351 0.038973675349540146 361
1739719001383 0.00628545672858339 362
1739719001414 0.005202098042123971 363
1739719001445 0.0837523617128372 364
1739719001477 0.09086754209588073 365
1739719001508 0.019897412610112013 366
1739719001540 0.07142646923767657 367
1739719001571 0.16416273631253242 368
1739719001603 9.026347843086841e-05 369
1739719001635 0.014761159651054028 370
1739719001666 0.21501364490030347 371
1739719001698 0.0016209911691768245 372
1739719001729 0.19302047244556722 373
1739719001761 0.295684271075549 374
1739719001793 0.11510997154221994 375
1739719001825 0.04740743653849794 376
1739719001856 0.09166204691442476 377
1739719001888 0.15992180034398662 378
1739719001919 1.6086326182725268e-05 379
1739719001951 0.001628110752381818 380
1739719001982 1.4485416491238793e-05 381
1739719002014 0.02339536528148958 382
1739719002045 0.03587141404400309 383
1739719002077 0.4010468816520722 384
1739719002109 0.03113481875596534 385
1739719002141 0.04100488149802509 386
1739719002173 0.00412960946497338 387
1739719002205 0.016206562514713887 388
1739719002237 0.05390273320268432 389
1739719002269 0.1002868579597204 390
1739719002301 0.37165983579578127 391
1739719002332 0.0062484169611066575 392
1739719002364 0.009731628360292613 393
1739719002396 0.005163169485914393 394
1739719002428 0.032549379090408906 395
1739719002459 4.641522146999428e-05 396
1739719002491 0.07893955412558874 397
1739719002523 0.0034983623624136595 398
1739719002555 0.41342153322907793 399
1739719002587 0.48122854415876476 400
1739719002619 0.000669445464693248 401
1739719002651 0.09168205001226021 402
1739719002682 0.030233925270951614 403
1739719002714 0.15043166410101602 404
1739719002745 0.10270340478767956 405
1739719002777 0.13415459163108748 406
1739719002809 0.3699750307933689 407
1739719002841 0.00010089642688874905 408
1739719002872 0.09357153068044918 409
1739719002904 0.08362719314357368 410
1739719002935 0.12790500069904756 411
1739719002967 8.55938248465766e-05 412
1739719002998 0.06101445593358691 413
1739719003031 0.01574117365959588 414
1739719003063 0.20997111596711493 415
1739719003095 0.03912416275345689 416
1739719003127 0.13067641304874472 417
1739719003158 0.45998108675923693 418
1739719003190 0.004650164335718886 419
1739719003222 0.02380841978219119 420
1739719003253 0.037211775215574464 421
1739719003284 0.11956128674840905 422
1739719003316 0.09703004530483121 423
1739719003347 0.054211540784480525 424
1739719003379 0.10565848242216846 425
1739719003411 0.36063044997215155 426
1739719003442 0.059838280479570335 427
1739719003474 0.041675152871009015 428
1739719003505 0.029494571059601685 429
1739719003537 0.05006877255051635 430
1739719003568 0.09216735247208245 431
1739719003600 0.10170016270168035 432
1739719003632 0.011289380205471548 433
1739719003663 0.04908337687864625 434
1739719003694 0.6735308989032771 435
1739719003726 0.03776936970336469 436
1739719003757 0.19922793667898483 437
1739719003789 0.7223769569238737 438
1739719003821 0.013349138881092798 439
1739719003852 1.1426317305057236 440
1739719003884 0.001277377505599537 441
1739719003916 0.17300180089848902 442
1739719003947 0.009212524948563113 443
1739719003978 0.03477102054049785 444
1739719004010 0.004587465177863163 445
1739719004042 0.18432207162072975 446
1739719004076 0.010562194391383319 447
1739719004109 0.030716715993061892 448
1739719004141 0.03495481787501354 449
1739719004175 2.051145815933369e-08 450
1739719004208 0.018157536508445857 451
1739719004239 0.02305382689077901 452
1739719004272 0.11479988570922028 453
1739719004303 0.005089368305148237 454
1739719004337 0.10413710106162738 455
1739719004371 0.040781914032252634 456
1739719004404 0.00016328735849955748 457
1739719004438 0.5326886806387879 458
1739719004473 0.042910402742394826 459
1739719004507 0.0005926509815036092 460
1739719004541 0.33530196735958445 461
1739719004573 0.11717475850223442 462
1739719004605 0.025964372952495714 463
1739719004637 0.06705759808376421 464
1739719004668 0.010560011554406938 465
1739719004700 0.012723607043124762 466
1739719004731 0.016341383393248723 467
1739719004763 0.002405687465133632 468
1739719004795 0.013310549721778843 469
1739719004827 0.270541880088927 470
1739719004858 0.08964534260900561 471
1739719004890 0.06565333037761034 472
1739719004921 0.04012727077582275 473
1739719004953 0.15770591940914958 474
1739719004985 0.0021057375045097 475
1739719005017 0.10313511554154203 476
1739719005048 0.03445318399728888 477
1739719005079 0.04355879815784111 478
1739719005111 6.235392061772777e-05 479
1739719005144 0.0466256351527616 480
1739719005176 0.009332517512170064 481
1739719005209 0.0018249111878103602 482
1739719005241 0.0010816503964729339 483
1739719005273 0.14331696466961802 484
1739719005304 0.025661314425682893 485
1739719005337 0.02784257514739557 486
1739719005368 0.024758635310492723 487
1739719005400 0.20616459289811748 488
1739719005432 0.03189455273337515 489
1739719005463 0.004513375600753503 490
1739719005495 0.02572159713655731 491
1739719005527 0.037092484667748366 492
1739719005558 0.1212739536195467 493
1739719005590 0.032578246086695614 494
1739719005621 0.0009069625494365724 495
1739719005653 0.058546997240774654 496
1739719005685 0.0038122332027248143 497
1739719005716 0.06915802846802455 498
1739719005748 0.013076932464333425 499
