1739714706680 169.57031890620698 0
1739714706685 169.53618873720038 1
1739714706690 169.50239147854955 2
1739714706694 169.46860103923808 3
1739714706699 169.43481741786317 4
1739714706704 169.4010406130225 5
1739714706708 169.3672706233139 6
1739714706712 169.33350744733562 7
1739714706716 169.29975108368617 8
1739714706720 169.26600153096427 9
1739714706725 169.23225878776904 10
1739714706729 169.19852285269988 11
1739714706733 169.1647937243565 12
1739714706737 169.1310714013389 13
1739714706741 169.0973558822473 14
1739714706745 169.06364716568243 15
1739714706749 169.0299452502451 16
1739714706753 168.9962501345365 17
1739714706757 168.9625618171581 18
1739714706761 168.92888029671175 19
1739714706765 168.89520557179955 20
1739714706769 168.86153764102383 21
1739714706773 168.82787650298732 22
1739714706778 168.79422215629302 23
1739714706781 168.76057459954419 24
1739714706786 168.7269338313444 25
1739714706790 168.69329985029762 26
1739714706794 168.65967265500797 27
1739714706797 168.62605224407997 28
1739714706801 168.5924386161183 29
1739714706806 168.55883176972822 30
1739714706810 168.52523170351495 31
1739714706814 168.49163841608427 32
1739714706818 168.45805190604216 33
1739714706822 168.42447217199484 34
1739714706826 168.39089921254887 35
1739714706830 168.35733302631118 36
1739714706834 168.32377361188895 37
1739714706838 168.29022096788955 38
1739714706841 168.25667509292091 39
1739714706845 168.223135985591 40
1739714706849 168.1896036445081 41
1739714706853 168.15607806828106 42
1739714706857 168.1225592555187 43
1739714706861 168.08904720483034 44
1739714706865 168.0555419148255 45
1739714706869 168.02204338411403 46
1739714706873 167.98855161130615 47
1739714706877 167.95506659501223 48
1739714706881 167.92158833384303 49
1739714706886 167.88811682640963 50
1739714706890 167.85465207132333 51
1739714706894 167.82119406719573 52
1739714706898 167.78774281263887 53
1739714706902 167.75429830626493 54
1739714706906 167.72086054668642 55
1739714706910 167.68742953251618 56
1739714706914 167.65400526236735 57
1739714706918 167.62058773485333 58
1739714706921 167.5871769485878 59
1739714706925 167.55377290218482 60
1739714706929 167.52037559425867 61
1739714706933 167.48698502342404 62
1739714706936 167.4536011882957 63
1739714706940 167.42022408748898 64
1739714706944 167.3868537196192 65
1739714706948 167.35349008330232 66
1739714706952 167.32013317715433 67
1739714706956 167.28678299979168 68
1739714706960 167.253439549831 69
1739714706964 167.2201028258893 70
1739714706968 167.18677282658382 71
1739714706972 167.15344955053214 72
1739714706975 167.1201329963521 73
1739714706979 167.08682316266191 74
1739714706983 167.05352004807995 75
1739714706987 167.02022365122502 76
1739714706991 166.98693397071617 77
1739714706995 166.95365100517273 78
1739714706999 166.92037475321433 79
1739714707003 166.88710521346087 80
1739714707008 166.85384238453258 81
1739714707012 166.82058626505008 82
1739714707016 166.7873368536341 83
1739714707020 166.7540941489057 84
1739714707024 166.72085814948645 85
1739714707028 166.68762885399784 86
1739714707031 166.654406261062 87
1739714707035 166.62119036930125 88
1739714707040 166.58798117733812 89
1739714707044 166.55477868379546 90
1739714707048 166.52158288729646 91
1739714707052 166.48839378646466 92
1739714707056 166.45521137992367 93
1739714707060 166.42203566629775 94
1739714707064 166.38886664421108 95
1739714707068 166.35570431228837 96
1739714707072 166.32254866915457 97
1739714707075 166.2893997134349 98
1739714707079 166.25625744375495 99
1739714707083 166.2231218587404 100
1739714707087 166.18999295701747 101
1739714707091 166.15687073721259 102
1739714707095 166.1237551979524 103
1739714707099 166.0906463378639 104
1739714707103 166.0575441555744 105
1739714707107 166.02444864971145 106
1739714707112 165.99135981890305 107
1739714707116 165.95827766177717 108
1739714707119 165.92520217696247 109
1739714707123 165.89213336308757 110
1739714707127 165.85907121878157 111
1739714707131 165.82601574267386 112
1739714707135 165.79296693339398 113
1739714707139 165.7599247895719 114
1739714707143 165.7268893098379 115
1739714707148 165.69386049282238 116
1739714707151 165.66083833715624 117
1739714707156 165.6278228414706 118
1739714707160 165.59481400439674 119
1739714707163 165.56181182456643 120
1739714707169 165.52881630061162 121
1739714707174 165.49582743116463 122
1739714707178 165.46284521485794 123
1739714707184 165.42986965032446 124
1739714707189 165.39690073619732 125
1739714707193 165.36393847110995 126
1739714707198 165.33098285369613 127
1739714707204 165.29803388258983 128
1739714707209 165.26509155642538 129
1739714707213 165.23215587383737 130
1739714707219 165.19922683346076 131
1739714707224 165.16630443393063 132
1739714707229 165.1333886738826 133
1739714707233 165.10047955195233 134
1739714707237 165.06757706677598 135
1739714707241 165.03468121698984 136
1739714707245 165.00179200123054 137
1739714707249 164.96890941813507 138
1739714707253 164.93603346634063 139
1739714707257 164.9031641444848 140
1739714707262 164.87030145120534 141
1739714707267 164.83744538514034 142
1739714707271 164.80459594492825 143
1739714707275 164.77175312920772 144
1739714707280 164.73891693661773 145
1739714707283 164.70608736579752 146
1739714707288 164.67326441538674 147
1739714707292 164.64044808402514 148
1739714707296 164.60763837035287 149
1739714707300 164.57483527301045 150
1739714707304 164.54203879063851 151
1739714707308 164.5092489218781 152
1739714707312 164.47646566537048 153
1739714707316 164.4436890197573 154
1739714707320 164.41091898368043 155
1739714707324 164.378155555782 156
1739714707328 164.3453987347045 157
1739714707332 164.31264851909071 158
1739714707337 164.2799049075836 159
1739714707341 164.24716789882658 160
1739714707344 164.21443749146323 161
1739714707348 164.18171368413743 162
1739714707352 164.14899647549348 163
1739714707357 164.11628586417575 164
1739714707361 164.0835818488291 165
1739714707364 164.05088442809856 166
1739714707369 164.01819360062953 167
1739714707373 163.98550936506766 168
1739714707377 163.9528317200588 169
1739714707381 163.92016066424927 170
1739714707384 163.88749619628555 171
1739714707389 163.85483831481443 172
1739714707393 163.82218701848302 173
1739714707396 163.78954230593874 174
1739714707400 163.75690417582922 175
1739714707405 163.72427262680242 176
1739714707409 163.69164765750656 177
1739714707413 163.6590292665902 178
1739714707417 163.62641745270224 179
1739714707421 163.5938122144917 180
1739714707425 163.56121355060802 181
1739714707429 163.52862145970087 182
1739714707433 163.49603594042023 183
1739714707437 163.4634569914164 184
1739714707440 163.43088461133993 185
1739714707444 163.39831879884164 186
1739714707448 163.3657595525727 187
1739714707452 163.33320687118447 188
1739714707456 163.3006607533287 189
1739714707460 163.26812119765736 190
1739714707464 163.2355882028228 191
1739714707468 163.20306176747752 192
1739714707472 163.1705418902744 193
1739714707477 163.13802856986658 194
1739714707481 163.1055218049075 195
1739714707486 163.0730215940509 196
1739714707492 163.04052793595076 197
1739714707497 163.0080408292614 198
1739714707500 162.97556027263738 199
1739714707504 162.94308626473358 200
1739714707508 162.9106188042052 201
1739714707513 162.87815788970758 202
1739714707517 162.84570351989655 203
1739714707521 162.81325569342812 204
1739714707525 162.78081440895852 205
1739714707529 162.74837966514443 206
1739714707533 162.71595146064269 207
1739714707537 162.68352979411043 208
1739714707541 162.65111466420518 209
1739714707545 162.61870606958462 210
1739714707549 162.58630400890678 211
1739714707563 162.55390848083002 212
1739714707585 162.52151948401286 213
1739714707597 162.48913701711425 214
1739714707612 162.4567610787933 215
1739714707617 162.42439166770956 216
1739714707621 162.3920287825227 217
1739714707625 162.35967242189275 218
1739714707629 162.32732258448002 219
1739714707633 162.29497926894516 220
1739714707637 162.26264247394897 221
1739714707641 162.23031219815275 222
1739714707645 162.1979884402178 223
1739714707649 162.165671198806 224
1739714707653 162.1333604725793 225
1739714707658 162.1010562602 226
1739714707662 162.06875856033085 227
1739714707666 162.03646737163447 228
1739714707669 162.00418269277426 229
1739714707673 161.9719045224136 230
1739714707677 161.9396328592162 231
1739714707681 161.90736770184614 232
1739714707685 161.8751090489677 233
1739714707689 161.84285689924542 234
1739714707693 161.81061125134426 235
1739714707696 161.77837210392934 236
1739714707700 161.74613945566617 237
1739714707704 161.71391330522044 238
1739714707708 161.68169365125812 239
1739714707713 161.64948049244563 240
1739714707717 161.61727382744942 241
1739714707720 161.58507365493648 242
1739714707724 161.55287997357388 243
1739714707728 161.52069278202916 244
1739714707732 161.48851207896996 245
1739714707737 161.45633786306425 246
1739714707741 161.42417013298046 247
1739714707745 161.39200888738708 248
1739714707749 161.359854124953 249
1739714707753 161.3277058443473 250
1739714707757 161.29556404423948 251
1739714707760 161.26342872329923 252
1739714707764 161.23129988019656 253
1739714707769 161.1991775136017 254
1739714707773 161.1670616221853 255
1739714707777 161.13495220461814 256
1739714707780 161.10284925957137 257
1739714707784 161.07075278571634 258
1739714707788 161.03866278172484 259
1739714707792 161.00657924626884 260
1739714707796 160.97450217802054 261
1739714707800 160.94243157565256 262
1739714707804 160.91036743783766 263
1739714707808 160.87830976324898 264
1739714707812 160.84625855056 265
1739714707815 160.81421379844423 266
1739714707819 160.78217550557576 267
1739714707823 160.75014367062883 268
1739714707827 160.71811829227786 269
1739714707831 160.68609936919773 270
1739714707835 160.6540869000636 271
1739714707839 160.62208088355067 272
1739714707843 160.59008131833474 273
1739714707846 160.55808820309173 274
1739714707850 160.5261015364978 275
1739714707854 160.4941213172295 276
1739714707858 160.46214754396362 277
1739714707862 160.43018021537722 278
1739714707866 160.3982193301476 279
1739714707870 160.36626488695245 280
1739714707874 160.33431688446964 281
1739714707879 160.30237532137738 282
1739714707887 160.27044019635423 283
1739714707892 160.2385115080788 284
1739714707897 160.20658925523023 285
1739714707901 160.17467343648775 286
1739714707906 160.14276405053107 287
1739714707909 160.11086109604 288
1739714707914 160.07896457169477 289
1739714707918 160.04707447617577 290
1739714707922 160.0151908081637 291
1739714707926 159.98331356633966 292
1739714707931 159.95144274938488 293
1739714707935 159.91957835598092 294
1739714707939 159.88772038480968 295
1739714707942 159.85586883455326 296
1739714707946 159.8240237038941 297
1739714707950 159.79218499151483 298
1739714707954 159.7603526960985 299
1739714707958 159.7285268163283 300
1739714707962 159.6967073508878 301
1739714707967 159.66489429846084 302
1739714707971 159.6330876577315 303
1739714707976 159.60128742738414 304
1739714707981 159.5694936061034 305
1739714707985 159.53770619257426 306
1739714707990 159.5059251854819 307
1739714707994 159.47415058351186 308
1739714707998 159.44238238534993 309
1739714708002 159.41062058968208 310
1739714708006 159.37886519519472 311
1739714708010 159.34711620057445 312
1739714708014 159.31537360450815 313
1739714708018 159.28363740568307 314
1739714708022 159.25190760278656 315
1739714708026 159.22018419450643 316
1739714708031 159.18846717953065 317
1739714708035 159.15675655654755 318
1739714708040 159.1250523242457 319
1739714708044 159.09335448131395 320
1739714708048 159.06166302644144 321
1739714708052 159.02997795831755 322
1739714708057 158.998299275632 323
1739714708061 158.96662697707475 324
1739714708065 158.93496106133608 325
1739714708069 158.90330152710646 326
1739714708074 158.87164837307677 327
1739714708078 158.84000159793803 328
1739714708082 158.80836120038165 329
1739714708086 158.77672717909923 330
1739714708090 158.74509953278275 331
1739714708093 158.7134782601244 332
1739714708097 158.68186335981656 333
1739714708101 158.65025483055214 334
1739714708105 158.61865267102405 335
1739714708109 158.5870568799257 336
1739714708113 158.5554674559506 337
1739714708118 158.5238843977927 338
1739714708121 158.4923077041461 339
1739714708125 158.46073737370523 340
1739714708129 158.42917340516482 341
1739714708133 158.39761579721986 342
1739714708137 158.36606454856553 343
1739714708141 158.33451965789746 344
1739714708145 158.3029811239114 345
1739714708149 158.27144894530352 346
1739714708152 158.2399231207701 347
1739714708156 158.20840364900786 348
1739714708160 158.1768905287137 349
1739714708164 158.1453837585848 350
1739714708168 158.11388333731873 351
1739714708172 158.08238926361315 352
1739714708176 158.05090153616615 353
1739714708180 158.019420153676 354
1739714708183 157.98794511484135 355
1739714708187 157.956476418361 356
1739714708191 157.92501406293417 357
1739714708195 157.89355804726017 358
1739714708199 157.8621083700388 359
1739714708203 157.83066502997005 360
1739714708207 157.79922802575405 361
1739714708211 157.76779735609145 362
1739714708215 157.736373019683 363
1739714708218 157.70495501522976 364
1739714708222 157.67354334143312 365
1739714708226 157.64213799699473 366
1739714708230 157.61073898061642 367
1739714708234 157.5793462910005 368
1739714708239 157.5479599268493 369
1739714708244 157.51657988686569 370
1739714708248 157.48520616975256 371
1739714708252 157.4538387742133 372
1739714708256 157.4224776989514 373
1739714708261 157.3911229426708 374
1739714708267 157.35977450407552 375
1739714708272 157.32843238187 376
1739714708276 157.29709657475888 377
1739714708280 157.26576708144714 378
1739714708284 157.23444390064003 379
1739714708289 157.20312703104295 380
1739714708294 157.17181647136178 381
1739714708298 157.14051222030244 382
1739714708303 157.1092142765714 383
1739714708307 157.07792263887518 384
1739714708312 157.04663730592063 385
1739714708318 157.0153582764149 386
1739714708323 156.9840855490655 387
1739714708328 156.95281912258002 388
1739714708332 156.92155899566652 389
1739714708336 156.89030516703318 390
1739714708341 156.85905763538855 391
1739714708345 156.82781639944145 392
1739714708349 156.79658145790094 393
1739714708353 156.76535280947635 394
1739714708357 156.7341304528773 395
1739714708361 156.70291438681372 396
1739714708366 156.67170460999574 397
1739714708370 156.64050112113384 398
1739714708374 156.60930391893868 399
1739714708378 156.5781130021213 400
1739714708382 156.54692836939302 401
1739714708386 156.51575001946526 402
1739714708391 156.4845779510499 403
1739714708394 156.4534121628591 404
1739714708399 156.42225265360509 405
1739714708404 156.3910994220006 406
1739714708409 156.35995246675853 407
1739714708414 156.32881178659198 408
1739714708418 156.2976773802145 409
1739714708422 156.26654924633982 410
1739714708428 156.2354273836819 411
1739714708433 156.20431179095502 412
1739714708438 156.1732024668738 413
1739714708442 156.14209941015298 414
1739714708446 156.11100261950773 415
1739714708450 156.07991209365335 416
1739714708454 156.04882783130557 417
1739714708459 156.01774983118025 418
1739714708463 155.98667809199364 419
1739714708467 155.9556126124621 420
1739714708471 155.92455339130242 421
1739714708475 155.89350042723166 422
1739714708479 155.86245371896706 423
1739714708483 155.8314132652262 424
1739714708490 155.8003790647268 425
1739714708510 155.76935111618712 426
1739714708520 155.73832941832546 427
1739714708525 155.70731396986048 428
1739714708530 155.67630476951106 429
1739714708534 155.64530181599645 430
1739714708538 155.61430510803604 431
1739714708543 155.58331464434966 432
1739714708547 155.55233042365725 433
1739714708551 155.52135244467905 434
1739714708555 155.49038070613574 435
1739714708559 155.45941520674808 436
1739714708563 155.42845594523712 437
1739714708567 155.39750292032426 438
1739714708571 155.3665561307312 439
1739714708575 155.33561557517976 440
1739714708579 155.30468125239213 441
1739714708583 155.2737531610908 442
1739714708587 155.24283129999853 443
1739714708591 155.21191566783827 444
1739714708595 155.18100626333327 445
1739714708599 155.15010308520712 446
1739714708603 155.1192061321836 447
1739714708608 155.0883154029868 448
1739714708612 155.05743089634106 449
1739714708622 155.0265526109711 450
1739714708626 154.99568054560166 451
1739714708630 154.964814698958 452
1739714708634 154.93395506976552 453
1739714708638 154.90310165674995 454
1739714708642 154.87225445863731 455
1739714708646 154.8414134741538 456
1739714708650 154.81057870202596 457
1739714708654 154.77975014098052 458
1739714708658 154.74892778974467 459
1739714708662 154.7181116470456 460
1739714708666 154.687301711611 461
1739714708670 154.65649798216876 462
1739714708674 154.62570045744695 463
1739714708678 154.59490913617404 464
1739714708682 154.56412401707868 465
1739714708686 154.53334509888987 466
1739714708690 154.5025723803368 467
1739714708694 154.47180586014898 468
1739714708699 154.44104553705614 469
1739714708703 154.4102914097883 470
1739714708707 154.37954347707586 471
1739714708711 154.3488017376493 472
1739714708715 154.31806619023956 473
1739714708720 154.28733683357765 474
1739714708724 154.25661366639497 475
1739714708728 154.22589668742324 476
1739714708732 154.1951858953943 477
1739714708737 154.16448128904042 478
1739714708741 154.133782867094 479
1739714708745 154.1030906282878 480
1739714708749 154.0724045713548 481
1739714708754 154.04172469502825 482
1739714708758 154.01105099804175 483
1739714708762 153.98038347912907 484
1739714708766 153.94972213702428 485
1739714708770 153.91906697046173 486
1739714708774 153.88841797817597 487
1739714708779 153.857775158902 488
1739714708783 153.8271385113749 489
1739714708787 153.7965080343301 490
1739714708791 153.7658837265033 491
1739714708795 153.7352655866304 492
1739714708799 153.70465361344765 493
1739714708803 153.67404780569163 494
1739714708807 153.64344816209896 495
1739714708811 153.61285468140682 496
1739714708816 153.58226736235235 497
1739714708821 153.5516862036732 498
1739714708825 153.52111120410723 499
