1739715989012 167.46558487926453 0
1739715989019 163.33384454020054 1
1739715989025 158.43313350736034 2
1739715989031 159.99445662730355 3
1739715989037 157.51554927812424 4
1739715989042 156.1820607242505 5
1739715989049 153.07541207922472 6
1739715989055 154.0340342258572 7
1739715989061 149.2913144526627 8
1739715989066 147.49675395326102 9
1739715989073 144.23646277209932 10
1739715989080 141.9913414554245 11
1739715989086 139.2894725714662 12
1739715989092 140.5967910789662 13
1739715989098 136.0003747297886 14
1739715989104 133.7133045219363 15
1739715989111 132.10227478711406 16
1739715989117 131.50410020133396 17
1739715989122 129.43437975825233 18
1739715989128 125.84614510117638 19
1739715989134 126.21957382124391 20
1739715989139 122.39337659440676 21
1739715989145 123.1569474324252 22
1739715989150 119.30339723890157 23
1739715989155 115.52189616897915 24
1739715989162 116.03789622604471 25
1739715989167 115.03387039075848 26
1739715989173 110.4495586677504 27
1739715989179 112.45098398072045 28
1739715989185 109.59203478395634 29
1739715989192 107.68084677818536 30
1739715989199 108.22123149048683 31
1739715989206 106.97618003960092 32
1739715989212 104.28898095532128 33
1739715989218 103.93640722301704 34
1739715989225 98.78555837553827 35
1739715989230 99.15954369006508 36
1739715989236 96.19472355738436 37
1739715989241 94.34705003636144 38
1739715989247 95.06440550569774 39
1739715989252 93.00728858815107 40
1739715989258 91.57230950106401 41
1739715989263 92.22555964821979 42
1739715989269 89.33644755367787 43
1739715989274 87.72124981944879 44
1739715989279 84.59031684313993 45
1739715989284 83.75479137563153 46
1739715989290 83.51165305898039 47
1739715989296 83.26910964910263 48
1739715989302 79.34077794316183 49
1739715989307 79.67607448463411 50
1739715989313 78.63408013020053 51
1739715989319 77.04930120900038 52
1739715989326 76.43996483345822 53
1739715989332 76.74163420590584 54
1739715989338 73.73973686803319 55
1739715989344 74.9644660094227 56
1739715989350 71.83963603857995 57
1739715989356 71.70300138093447 58
1739715989362 71.28826927656125 59
1739715989368 68.64013391033966 60
1739715989374 67.78480325894597 61
1739715989380 68.05958559003753 62
1739715989385 66.8472323495459 63
1739715989390 66.3030724584162 64
1739715989396 63.69735485346815 65
1739715989404 62.605461058226744 66
1739715989411 63.05941637805504 67
1739715989418 62.70005096857282 68
1739715989426 58.37763154364961 69
1739715989432 60.11421022523456 70
1739715989438 59.3908237519291 71
1739715989445 57.99206362389486 72
1739715989451 57.0596431491858 73
1739715989457 56.39960768351623 74
1739715989464 55.558106304956944 75
1739715989470 54.31265063315486 76
1739715989476 55.75081846582321 77
1739715989482 53.220105627330256 78
1739715989489 52.38417958194141 79
1739715989495 52.01137914536656 80
1739715989501 49.103632014354105 81
1739715989508 51.02993172513408 82
1739715989515 50.292912073491614 83
1739715989522 50.1642659137782 84
1739715989528 47.05821569462675 85
1739715989534 48.58393524000796 86
1739715989540 46.21191287049543 87
1739715989547 45.42559629419175 88
1739715989553 45.43384740599933 89
1739715989560 44.82314961349556 90
1739715989566 45.09303490442766 91
1739715989572 42.78047132974681 92
1739715989581 42.61322639163153 93
1739715989587 42.1532078670959 94
1739715989594 43.04603438832911 95
1739715989600 40.14500706562541 96
1739715989605 38.821202203505685 97
1739715989611 40.52203326617994 98
1739715989617 40.2711601756226 99
1739715989623 38.40187255936118 100
1739715989628 38.40861263602122 101
1739715989634 38.838750272163004 102
1739715989640 37.05347082954598 103
1739715989646 35.93487386256315 104
1739715989651 34.60770489115303 105
1739715989656 35.33038253225782 106
1739715989662 35.218791269891774 107
1739715989667 34.96107501510779 108
1739715989673 33.90158573718232 109
1739715989679 34.83327265583694 110
1739715989685 33.708161844913704 111
1739715989691 32.93947293852081 112
1739715989698 31.143008718112647 113
1739715989703 31.509254288252137 114
1739715989708 30.508581420388758 115
1739715989714 31.117112444919332 116
1739715989720 30.287467577630068 117
1739715989725 30.665044444528824 118
1739715989730 30.08924292858088 119
1739715989736 28.343616829106576 120
1739715989742 29.742941055557743 121
1739715989747 28.75784265167916 122
1739715989754 27.07681783236153 123
1739715989760 27.901211156296366 124
1739715989765 26.503258436682362 125
1739715989771 27.24891637116089 126
1739715989776 26.873945122939467 127
1739715989781 25.901338240209103 128
1739715989787 25.03883462491439 129
1739715989792 25.20331771864067 130
1739715989797 24.8757287742929 131
1739715989803 24.340555957364312 132
1739715989808 24.913668424092243 133
1739715989814 22.832147037117604 134
1739715989820 22.636615471452743 135
1739715989826 22.886457510303103 136
1739715989831 22.569953589806133 137
1739715989837 22.736396070884652 138
1739715989842 21.866842337172194 139
1739715989847 22.29905642078317 140
1739715989853 21.493835814514114 141
1739715989859 21.586294089410217 142
1739715989864 21.571762102413505 143
1739715989870 20.701024863327824 144
1739715989876 20.601010671374905 145
1739715989882 19.35465764076506 146
1739715989888 19.96900010471079 147
1739715989893 19.9438930875506 148
1739715989898 19.647802399024954 149
1739715989904 18.626433208405317 150
1739715989909 18.708448364910268 151
1739715989915 19.000249193899634 152
1739715989920 17.79671332748484 153
1739715989925 18.38514091930973 154
1739715989931 17.008404120469958 155
1739715989936 16.934077633345495 156
1739715989942 16.377170322011363 157
1739715989948 16.254312977031006 158
1739715989953 15.91792642686605 159
1739715989958 15.915089468399653 160
1739715989964 15.908449622412972 161
1739715989969 15.307048601559746 162
1739715989974 15.57143127057439 163
1739715989982 15.086303717322123 164
1739715989989 14.742382293303555 165
1739715989995 15.049386490606048 166
1739715990001 14.11838288481889 167
1739715990007 14.803527390753477 168
1739715990015 13.801902923937662 169
1739715990021 13.832351407567247 170
1739715990028 13.911154677690137 171
1739715990034 13.213425916637414 172
1739715990040 14.274349517644186 173
1739715990046 13.614600941897184 174
1739715990053 12.86167246406192 175
1739715990059 12.837111411251138 176
1739715990065 12.793258663043977 177
1739715990071 12.839920607074092 178
1739715990077 12.759104501942275 179
1739715990082 12.746078008151061 180
1739715990088 11.97702686410419 181
1739715990094 11.095520993148787 182
1739715990099 12.023180068308466 183
1739715990106 11.178310811181891 184
1739715990112 11.465965931028272 185
1739715990118 10.90656540574149 186
1739715990124 11.02180365634843 187
1739715990130 10.855737333286834 188
1739715990136 11.138745615988835 189
1739715990142 10.448369093482416 190
1739715990148 10.198168031609056 191
1739715990154 10.836849927961536 192
1739715990159 9.86607489458301 193
1739715990165 9.786204140839006 194
1739715990172 9.731821640240222 195
1739715990178 9.87924306071591 196
1739715990185 8.88896865457242 197
1739715990192 8.977874488299776 198
1739715990198 8.87265560606049 199
1739715990205 9.132161947732651 200
1739715990215 8.98927500002028 201
1739715990222 8.556139739588655 202
1739715990229 8.969086804201487 203
1739715990234 8.814488655058241 204
1739715990240 8.163823258628081 205
1739715990246 8.508840746047833 206
1739715990252 8.060254063219226 207
1739715990258 8.442850372179437 208
1739715990263 7.62007538600108 209
1739715990269 7.794057191455844 210
1739715990274 7.180306294569303 211
1739715990280 7.73564056551392 212
1739715990285 7.31917441595894 213
1739715990290 7.31411327028393 214
1739715990297 7.598490186776505 215
1739715990303 7.1666225210083905 216
1739715990309 7.165159945927533 217
1739715990316 6.973189210928449 218
1739715990321 7.0634713967329885 219
1739715990327 7.016318627214058 220
1739715990332 7.213072604662801 221
1739715990337 6.369053931202864 222
1739715990343 6.377232641774781 223
1739715990349 6.350783008020352 224
1739715990355 6.121806069801573 225
1739715990360 5.740503961210445 226
1739715990366 6.096856263851825 227
1739715990371 6.167226293830528 228
1739715990377 5.907949563911495 229
1739715990383 6.123671740113536 230
1739715990388 5.735517240673106 231
1739715990394 5.836144461877594 232
1739715990399 5.767954676889142 233
1739715990405 5.577677126824187 234
1739715990411 5.269661146717594 235
1739715990417 5.371828164088018 236
1739715990422 5.723030652594679 237
1739715990428 5.470653623561457 238
1739715990433 5.162327666234239 239
1739715990439 5.266095035850812 240
1739715990444 4.758797975738396 241
1739715990450 5.193703039442537 242
1739715990455 4.826698326417141 243
1739715990461 5.2240670526499375 244
1739715990466 4.641462222617474 245
1739715990471 4.546875620953122 246
1739715990477 4.88270052920832 247
1739715990482 4.709241553968553 248
1739715990488 4.521656870547743 249
1739715990494 4.543659035806898 250
1739715990499 4.433351221939688 251
1739715990505 4.4017974219316 252
1739715990511 4.193930403924259 253
1739715990517 4.2048080108141965 254
1739715990522 3.9349915297050337 255
1739715990528 4.129502351215781 256
1739715990534 3.930051349953901 257
1739715990539 3.7865764027985307 258
1739715990545 4.125470011192724 259
1739715990550 3.686878772495189 260
1739715990556 4.094848642542699 261
1739715990561 3.9019439359931907 262
1739715990567 3.6344638004885814 263
1739715990572 3.601448903685139 264
1739715990578 3.5033196562846824 265
1739715990583 3.374073075075049 266
1739715990589 3.2487194528762795 267
1739715990594 3.4467822611342864 268
1739715990599 3.538739503120629 269
1739715990604 3.487359529898954 270
1739715990610 3.4414458540886623 271
1739715990616 3.18399748482711 272
1739715990621 3.2520601824307986 273
1739715990627 3.1720782654172535 274
1739715990632 3.030220823465918 275
1739715990638 2.959104053016059 276
1739715990643 3.408956869823993 277
1739715990649 3.039922703551776 278
1739715990654 3.2020293166031637 279
1739715990660 3.0804514886718066 280
1739715990666 2.831902341130741 281
1739715990672 3.004379208613197 282
1739715990677 2.700248450024677 283
1739715990682 2.519177488283747 284
1739715990688 2.603566398095017 285
1739715990693 2.6578393843526595 286
1739715990698 2.6287786133067277 287
1739715990704 2.50007149298838 288
1739715990709 2.6299769370357375 289
1739715990715 2.5151605625068796 290
1739715990720 2.8950980643740776 291
1739715990725 2.496628340746031 292
1739715990731 2.462429010258836 293
1739715990736 2.5189056805699033 294
1739715990742 2.4609541712422636 295
1739715990747 2.2879053496962594 296
1739715990753 2.2228970449739918 297
1739715990758 2.212506194666488 298
1739715990763 2.2022631568061537 299
1739715990769 2.277707636519514 300
1739715990774 2.2260923140146716 301
1739715990780 2.1678130404414273 302
1739715990785 2.149734199128799 303
1739715990790 1.9804296566446136 304
1739715990795 2.035884155520421 305
1739715990800 1.8982044704933259 306
1739715990806 1.9857636372719503 307
1739715990811 1.936716516949694 308
1739715990817 1.9053243547407166 309
1739715990822 2.046207422915258 310
1739715990828 1.8513745680199998 311
1739715990833 1.9468633105466577 312
1739715990838 1.928036824882511 313
1739715990843 1.8583268968001354 314
1739715990848 1.7199753922297558 315
1739715990854 1.662699464193547 316
1739715990860 1.7491282113189472 317
1739715990866 1.5998920677579846 318
1739715990873 1.6044765541795982 319
1739715990879 1.6948313420554064 320
1739715990885 1.6004274309879025 321
1739715990891 1.668994733394051 322
1739715990897 1.6226058818665612 323
1739715990903 1.7031479687266806 324
1739715990909 1.4719522723857368 325
1739715990915 1.5745932732832515 326
1739715990921 1.6317647705472866 327
1739715990927 1.3974948192063443 328
1739715990933 1.470009655006956 329
1739715990938 1.622121076779758 330
1739715990943 1.5288582511864888 331
1739715990949 1.5079756785789473 332
1739715990955 1.3336916024922585 333
1739715990960 1.4407528740201543 334
1739715990966 1.3490746335758423 335
1739715990971 1.4560990285834292 336
1739715990977 1.3777310442165622 337
1739715990982 1.2379653017366474 338
1739715990988 1.2301467904036374 339
1739715990994 1.216579000599381 340
1739715991000 1.266548421510172 341
1739715991005 1.2000804605629425 342
1739715991011 1.3768845000202368 343
1739715991017 1.155121653392966 344
1739715991022 1.0849117799734065 345
1739715991028 1.1569713411853755 346
1739715991034 1.1023323694616571 347
1739715991039 1.0660096824742846 348
1739715991045 1.0613367260064643 349
1739715991050 1.0503463590537296 350
1739715991056 0.9486312359565655 351
1739715991062 0.9599458707326413 352
1739715991067 1.0218235113354817 353
1739715991073 0.9040988560790165 354
1739715991079 1.123387924101019 355
1739715991085 0.974189801085563 356
1739715991091 0.9827773841781334 357
1739715991097 0.930701652667379 358
1739715991102 0.9560003905348716 359
1739715991108 0.9940059626157519 360
1739715991113 0.9697203407194183 361
1739715991119 0.8385639076807088 362
1739715991125 0.9824418357719555 363
1739715991130 0.8552003404759876 364
1739715991136 0.8358431039443868 365
1739715991142 1.088471221980594 366
1739715991147 0.8458743365267413 367
1739715991153 0.9064995213124314 368
1739715991158 0.9075286647941598 369
1739715991164 0.9704132000416448 370
1739715991170 0.808880872910375 371
1739715991176 0.8212722553581512 372
1739715991182 0.7627577166373122 373
1739715991187 0.7864729741651542 374
1739715991193 0.7219657739145072 375
1739715991199 0.7964109581570106 376
1739715991205 0.7291108510037331 377
1739715991210 0.8469992029186083 378
1739715991216 0.7340277785953948 379
1739715991222 0.7096539197930677 380
1739715991227 0.6492265151470401 381
1739715991233 0.6125567689534924 382
1739715991238 0.7130786636317138 383
1739715991243 0.5947807624327275 384
1739715991249 0.7143276734233026 385
1739715991254 0.5865471780741707 386
1739715991259 0.7157483515145795 387
1739715991265 0.6331424770990816 388
1739715991270 0.6705266981944699 389
1739715991275 0.7294870076894328 390
1739715991281 0.676116756189629 391
1739715991286 0.6091409032825081 392
1739715991292 0.5746978220034079 393
1739715991297 0.5436189485558116 394
1739715991303 0.6756158561689233 395
1739715991308 0.5953098522285254 396
1739715991313 0.5230854547749143 397
1739715991319 0.6058087501243964 398
1739715991325 0.5595619981779427 399
1739715991330 0.598403122482479 400
1739715991335 0.4730620092633635 401
1739715991341 0.5509154397505878 402
1739715991347 0.47984736182116866 403
1739715991352 0.549299861321167 404
1739715991358 0.4863313814480197 405
1739715991363 0.5943030140995637 406
1739715991369 0.5266091274657965 407
1739715991374 0.5727358322498659 408
1739715991380 0.4466072465251485 409
1739715991385 0.46261990818010446 410
1739715991391 0.4225020303300289 411
1739715991396 0.466656721066477 412
1739715991402 0.5349978020516897 413
1739715991407 0.5677388230955652 414
1739715991413 0.44541714741819066 415
1739715991419 0.48819553803322374 416
1739715991425 0.47379712504423255 417
1739715991430 0.4209031608373667 418
1739715991436 0.525233601078795 419
1739715991441 0.6150098499459727 420
1739715991447 0.3734416714682447 421
1739715991452 0.36994807652711614 422
1739715991458 0.4573771870665947 423
1739715991463 0.4033793588707023 424
1739715991468 0.36458844302380855 425
1739715991474 0.3669057734286159 426
1739715991479 0.4592674297572778 427
1739715991484 0.46988520795621525 428
1739715991490 0.4953259366900387 429
1739715991495 0.33467672634308604 430
1739715991500 0.3982324821152439 431
1739715991506 0.26611458537198873 432
1739715991511 0.3825917199475124 433
1739715991516 0.4147090677570235 434
1739715991522 0.3525560924861478 435
1739715991528 0.38559590839946684 436
1739715991534 0.4833871825532236 437
1739715991539 0.3451216748213898 438
1739715991545 0.36618814658501386 439
1739715991551 0.3259505976356321 440
1739715991557 0.30601468349406197 441
1739715991563 0.3733724784425301 442
1739715991568 0.3610037199010581 443
1739715991574 0.5191662945213619 444
1739715991579 0.3303712903209846 445
1739715991588 0.27032861099520533 446
1739715991593 0.41720067342065037 447
1739715991599 0.3398423127745772 448
1739715991604 0.26746802685608395 449
1739715991610 0.4643032010356407 450
1739715991615 0.30962680216303184 451
1739715991645 0.31714877266516384 452
1739715991657 0.27331478469928966 453
1739715991664 0.2840402933166444 454
1739715991669 0.2899904949056621 455
1739715991675 0.3067536311484527 456
1739715991681 0.24548949507368964 457
1739715991687 0.2752136200442933 458
1739715991693 0.27400830732721787 459
1739715991699 0.2910003951380302 460
1739715991704 0.22045196923350135 461
1739715991710 0.2813426773164589 462
1739715991716 0.33358059710368726 463
1739715991722 0.32014939487615807 464
1739715991728 0.30896438228959955 465
1739715991734 0.2516605729886648 466
1739715991740 0.28118061224438157 467
1739715991745 0.42223854653456316 468
1739715991751 0.30437748657715147 469
1739715991757 0.2921571112713114 470
1739715991764 0.23503715547358403 471
1739715991770 0.3060570629288409 472
1739715991776 0.22362022665903075 473
1739715991781 0.23867435594316708 474
1739715991787 0.24832139732430175 475
1739715991793 0.24950172467621898 476
1739715991798 0.26296114388505054 477
1739715991804 0.24518945810525197 478
1739715991809 0.25105418052392653 479
1739715991815 0.20361031817842581 480
1739715991821 0.24289899284096164 481
1739715991827 0.23329142990912505 482
1739715991832 0.25159994099754784 483
1739715991838 0.31695718203573703 484
1739715991844 0.22143919333108475 485
1739715991850 0.19794091803205224 486
1739715991855 0.35141334627808474 487
1739715991861 0.28933708933314206 488
1739715991867 0.23498613801583673 489
1739715991873 0.21138181104633427 490
1739715991878 0.2419980992923776 491
1739715991884 0.16724871293870203 492
1739715991889 0.16949564013208 493
1739715991894 0.20925630888597813 494
1739715991900 0.22350784173376875 495
1739715991905 0.19248254558984743 496
1739715991910 0.2648689207642026 497
1739715991916 0.13019902785170262 498
1739715991921 0.18363861198997058 499
