1739714805113 169.10737062212402 0
1739714805117 169.07368893874866 1
1739714805122 169.04001404309668 2
1739714805126 169.00634593377714 3
1739714805131 168.97268460939935 4
1739714805135 168.93903006857283 5
1739714805140 168.90538230990754 6
1739714805144 168.8717413320136 7
1739714805148 168.83810713350144 8
1739714805152 168.804479712982 9
1739714805156 168.77085906906612 10
1739714805160 168.73724520036527 11
1739714805164 168.70363810549105 12
1739714805168 168.67003778305545 13
1739714805172 168.63644423167065 14
1739714805177 168.60285744994917 15
1739714805181 168.56927743650394 16
1739714805185 168.53570418994792 17
1739714805189 168.50213770889457 18
1739714805193 168.46857799195766 19
1739714805197 168.43502503775113 20
1739714805201 168.40147884488923 21
1739714805205 168.36793941198658 22
1739714805209 168.33440673765807 23
1739714805213 168.3008808205189 24
1739714805217 168.26736165918444 25
1739714805221 168.23384925227046 26
1739714805225 168.20034359839306 27
1739714805229 168.16684469616854 28
1739714805232 168.13335254421352 29
1739714805237 168.09986714114498 30
1739714805241 168.06638848558006 31
1739714805245 168.03291657613633 32
1739714805249 167.99945141143158 33
1739714805253 167.9659929900839 34
1739714805257 167.93254131071168 35
1739714805261 167.89909637193355 36
1739714805265 167.86565817236857 37
1739714805269 167.83222671063592 38
1739714805273 167.79880198535523 39
1739714805277 167.76538399514632 40
1739714805281 167.73197273862928 41
1739714805285 167.69856821442463 42
1739714805289 167.66517042115302 43
1739714805293 167.63177935743556 44
1739714805297 167.59839502189342 45
1739714805301 167.5650174131483 46
1739714805305 167.531646529822 47
1739714805309 167.49828237053686 48
1739714805313 167.46492493391526 49
1739714805318 167.4315742185799 50
1739714805322 167.39823022315397 51
1739714805326 167.3648929462607 52
1739714805330 167.33156238652379 53
1739714805334 167.2982385425672 54
1739714805338 167.26492141301506 55
1739714805342 167.23161099649192 56
1739714805346 167.19830729162263 57
1739714805350 167.16501029703227 58
1739714805354 167.13172001134615 59
1739714805359 167.09843643319005 60
1739714805363 167.06515956118992 61
1739714805367 167.0318893939719 62
1739714805371 166.9986259301627 63
1739714805375 166.96536916838903 64
1739714805380 166.9321191072781 65
1739714805385 166.89887574545733 66
1739714805389 166.86563908155435 67
1739714805394 166.83240911419725 68
1739714805398 166.79918584201425 69
1739714805402 166.76596926363396 70
1739714805406 166.7327593776853 71
1739714805410 166.69955618279732 72
1739714805414 166.6663596775996 73
1739714805418 166.63316986072178 74
1739714805422 166.59998673079394 75
1739714805426 166.56681028644633 76
1739714805430 166.53364052630963 77
1739714805434 166.50047744901474 78
1739714805438 166.46732105319282 79
1739714805443 166.43417133747533 80
1739714805447 166.40102830049412 81
1739714805451 166.36789194088115 82
1739714805455 166.3347622572688 83
1739714805459 166.30163924828972 84
1739714805463 166.26852291257683 85
1739714805467 166.23541324876334 86
1739714805472 166.20231025548273 87
1739714805476 166.1692139313688 88
1739714805480 166.13612427505564 89
1739714805485 166.10304128517762 90
1739714805490 166.06996496036945 91
1739714805494 166.03689529926595 92
1739714805498 166.0038323005025 93
1739714805503 165.9707759627145 94
1739714805509 165.93772628453783 95
1739714805514 165.90468326460856 96
1739714805519 165.87164690156308 97
1739714805524 165.8386171940381 98
1739714805529 165.8055941406706 99
1739714805533 165.77257774009772 100
1739714805539 165.7395679909571 101
1739714805545 165.7065648918866 102
1739714805550 165.67356844152425 103
1739714805554 165.64057863850846 104
1739714805559 165.60759548147803 105
1739714805563 165.5746189690718 106
1739714805568 165.5416490999291 107
1739714805573 165.50868587268954 108
1739714805577 165.47572928599286 109
1739714805581 165.44277933847928 110
1739714805586 165.4098360287892 111
1739714805590 165.37689935556327 112
1739714805594 165.34396931744254 113
1739714805599 165.31104591306826 114
1739714805604 165.27812914108205 115
1739714805609 165.2452190001257 116
1739714805617 165.21231548884143 117
1739714805622 165.17941860587158 118
1739714805626 165.14652834985884 119
1739714805630 165.1136447194464 120
1739714805635 165.08076771327737 121
1739714805640 165.04789732999538 122
1739714805645 165.0150335682443 123
1739714805649 164.98217642666827 124
1739714805653 164.94932590391178 125
1739714805658 164.91648199861947 126
1739714805662 164.88364470943642 127
1739714805666 164.8508140350079 128
1739714805670 164.8179899739794 129
1739714805674 164.78517252499697 130
1739714805678 164.75236168670662 131
1739714805682 164.71955745775483 132
1739714805686 164.68675983678835 133
1739714805690 164.65396882245417 134
1739714805694 164.62118441339962 135
1739714805698 164.58840660827227 136
1739714805702 164.55563540571993 137
1739714805706 164.52287080439083 138
1739714805710 164.4901128029334 139
1739714805714 164.45736139999633 140
1739714805719 164.42461659422872 141
1739714805723 164.3918783842797 142
1739714805727 164.35914676879904 143
1739714805731 164.3264217464365 144
1739714805735 164.2937033158423 145
1739714805740 164.26099147566674 146
1739714805745 164.22828622456072 147
1739714805750 164.19558756117516 148
1739714805754 164.16289548416137 149
1739714805758 164.13020999217096 150
1739714805762 164.09753108385573 151
1739714805767 164.06485875786782 152
1739714805771 164.03219301285978 153
1739714805775 163.99953384748423 154
1739714805779 163.96688126039413 155
1739714805784 163.93423525024286 156
1739714805788 163.90159581568403 157
1739714805792 163.86896295537142 158
1739714805796 163.83633666795913 159
1739714805800 163.80371695210164 160
1739714805805 163.7711038064537 161
1739714805810 163.7384972296702 162
1739714805814 163.70589722040654 163
1739714805818 163.67330377731824 164
1739714805823 163.64071689906106 165
1739714805827 163.6081365842912 166
1739714805831 163.5755628316651 167
1739714805835 163.54299563983943 168
1739714805839 163.5104350074712 169
1739714805844 163.47788093321756 170
1739714805848 163.44533341573617 171
1739714805853 163.41279245368483 172
1739714805857 163.38025804572172 173
1739714805861 163.34773019050513 174
1739714805866 163.3152088866938 175
1739714805870 163.2826941329467 176
1739714805874 163.25018592792298 177
1739714805878 163.21768427028232 178
1739714805882 163.1851891586845 179
1739714805886 163.15270059178954 180
1739714805890 163.12021856825788 181
1739714805895 163.0877430867502 182
1739714805899 163.05527414592737 183
1739714805903 163.0228117444507 184
1739714805908 162.99035588098167 185
1739714805912 162.95790655418207 186
1739714805916 162.92546376271397 187
1739714805920 162.89302750523976 188
1739714805925 162.8605977804221 189
1739714805929 162.82817458692384 190
1739714805933 162.79575792340825 191
1739714805937 162.7633477885388 192
1739714805942 162.73094418097918 193
1739714805946 162.6985470993936 194
1739714805949 162.66615654244626 195
1739714805953 162.6337725088019 196
1739714805957 162.60139499712534 197
1739714805961 162.56902400608175 198
1739714805965 162.53665953433665 199
1739714805969 162.50430158055573 200
1739714805973 162.47195014340502 201
1739714805977 162.4396052215509 202
1739714805981 162.40726681365993 203
1739714805985 162.37493491839888 204
1739714805989 162.34260953443504 205
1739714805993 162.31029066043578 206
1739714805997 162.27797829506883 207
1739714806002 162.24567243700218 208
1739714806006 162.21337308490413 209
1739714806010 162.18108023744318 210
1739714806014 162.14879389328826 211
1739714806017 162.11651405110845 212
1739714806021 162.08424070957312 213
1739714806025 162.05197386735193 214
1739714806029 162.01971352311494 215
1739714806033 161.98745967553234 216
1739714806038 161.9552123232747 217
1739714806042 161.92297146501272 218
1739714806046 161.89073709941758 219
1739714806050 161.85850922516062 220
1739714806054 161.82628784091355 221
1739714806058 161.79407294534818 222
1739714806061 161.76186453713677 223
1739714806065 161.72966261495185 224
1739714806070 161.6974671774661 225
1739714806074 161.66527822335271 226
1739714806078 161.63309575128488 227
1739714806082 161.60091975993623 228
1739714806086 161.56875024798072 229
1739714806090 161.53658721409246 230
1739714806094 161.50443065694594 231
1739714806098 161.47228057521582 232
1739714806103 161.4401369675772 233
1739714806107 161.4079998327053 234
1739714806111 161.3758691692757 235
1739714806115 161.34374497596428 236
1739714806119 161.3116272514471 237
1739714806123 161.27951599440064 238
1739714806127 161.24741120350154 239
1739714806131 161.2153128774268 240
1739714806135 161.18322101485361 241
1739714806140 161.15113561445952 242
1739714806144 161.11905667492235 243
1739714806148 161.08698419492018 244
1739714806152 161.05491817313134 245
1739714806157 161.0228586082345 246
1739714806161 160.9908054989085 247
1739714806165 160.9587588438326 248
1739714806169 160.9267186416863 249
1739714806173 160.89468489114932 250
1739714806177 160.8626575909017 251
1739714806182 160.83063673962374 252
1739714806186 160.79862233599601 253
1739714806190 160.7666143786994 254
1739714806195 160.7346128664151 255
1739714806199 160.70261779782442 256
1739714806203 160.67062917160922 257
1739714806208 160.63864698645128 258
1739714806212 160.60667124103298 259
1739714806217 160.57470193403694 260
1739714806221 160.54273906414582 261
1739714806225 160.51078263004277 262
1739714806229 160.47883263041112 263
1739714806233 160.44688906393458 264
1739714806237 160.41495192929705 265
1739714806241 160.38302122518277 266
1739714806246 160.35109695027614 267
1739714806250 160.31917910326197 268
1739714806254 160.28726768282533 269
1739714806258 160.25536268765143 270
1739714806262 160.22346411642593 271
1739714806266 160.19157196783468 272
1739714806270 160.15968624056387 273
1739714806275 160.12780693329984 274
1739714806279 160.09593404472932 275
1739714806283 160.06406757353932 276
1739714806287 160.03220751841707 277
1739714806291 160.00035387805005 278
1739714806295 159.96850665112618 279
1739714806299 159.93666583633345 280
1739714806303 159.9048314323602 281
1739714806307 159.87300343789516 282
1739714806311 159.84118185162717 283
1739714806318 159.8093666722454 284
1739714806323 159.77755789843943 285
1739714806328 159.74575552889888 286
1739714806333 159.71395956231385 287
1739714806337 159.6821699973746 288
1739714806342 159.6503868327717 289
1739714806346 159.618610067196 290
1739714806350 159.5868396993386 291
1739714806354 159.55507572789097 292
1739714806358 159.5233181515447 293
1739714806363 159.49156696899175 294
1739714806367 159.4598221789244 295
1739714806371 159.42808378003517 296
1739714806375 159.39635177101673 297
1739714806379 159.36462615056223 298
1739714806383 159.33290691736497 299
1739714806386 159.30119407011858 300
1739714806390 159.26948760751688 301
1739714806394 159.23778752825402 302
1739714806398 159.20609383102453 303
1739714806402 159.17440651452307 304
1739714806406 159.14272557744457 305
1739714806411 159.11105101848432 306
1739714806414 159.07938283633786 307
1739714806419 159.047721029701 308
1739714806423 159.01606559726983 309
1739714806427 158.98441653774066 310
1739714806431 158.95277384981017 311
1739714806435 158.9211375321753 312
1739714806439 158.8895075835331 313
1739714806443 158.85788400258113 314
1739714806448 158.82626678801714 315
1739714806452 158.79465593853902 316
1739714806456 158.7630514528452 317
1739714806461 158.7314533296341 318
1739714806465 158.6998615676046 319
1739714806469 158.66827616545584 320
1739714806472 158.63669712188712 321
1739714806476 158.60512443559816 322
1739714806481 158.57355810528887 323
1739714806485 158.54199812965942 324
1739714806489 158.51044450741026 325
1739714806493 158.47889723724222 326
1739714806497 158.44735631785628 327
1739714806501 158.41582174795374 328
1739714806505 158.38429352623612 329
1739714806509 158.3527716514053 330
1739714806513 158.32125612216345 331
1739714806517 158.28974693721287 332
1739714806521 158.25824409525623 333
1739714806525 158.22674759499654 334
1739714806529 158.19525743513697 335
1739714806534 158.16377361438097 336
1739714806539 158.13229613143227 337
1739714806544 158.10082498499503 338
1739714806548 158.06936017377345 339
1739714806553 158.03790169647215 340
1739714806557 158.00644955179592 341
1739714806561 157.9750037384499 342
1739714806566 157.94356425513953 343
1739714806571 157.91213110057046 344
1739714806575 157.8807042734486 345
1739714806579 157.8492837724802 346
1739714806583 157.8178695963717 347
1739714806588 157.7864617438299 348
1739714806592 157.75506021356182 349
1739714806596 157.72366500427475 350
1739714806600 157.69227611467628 351
1739714806604 157.66089354347423 352
1739714806608 157.62951728937674 353
1739714806612 157.5981473510922 354
1739714806616 157.56678372732924 355
1739714806624 157.5354264167969 356
1739714806629 157.50407541820428 357
1739714806633 157.4727307302609 358
1739714806637 157.4413923516765 359
1739714806641 157.41006028116112 360
1739714806645 157.37873451742504 361
1739714806650 157.34741505917884 362
1739714806655 157.3161019051334 363
1739714806659 157.28479505399972 364
1739714806663 157.25349450448925 365
1739714806668 157.22220025531362 366
1739714806672 157.19091230518487 367
1739714806676 157.15963065281503 368
1739714806679 157.12835529691665 369
1739714806684 157.0970862362025 370
1739714806688 157.06582346938546 371
1739714806693 157.03456699517898 372
1739714806697 157.00331681229648 373
1739714806701 156.97207291945185 374
1739714806706 156.9408353153592 375
1739714806711 156.90960399873285 376
1739714806715 156.87837896828745 377
1739714806719 156.8471602227379 378
1739714806724 156.81594776079936 379
1739714806728 156.78474158118735 380
1739714806732 156.75354168261748 381
1739714806736 156.72234806380587 382
1739714806740 156.69116072346864 383
1739714806744 156.65997966032245 384
1739714806749 156.628804873084 385
1739714806754 156.59763636047043 386
1739714806759 156.566474121199 387
1739714806763 156.53531815398742 388
1739714806768 156.50416845755348 389
1739714806772 156.47302503061542 390
1739714806776 156.44188787189157 391
1739714806781 156.41075698010067 392
1739714806786 156.3796323539617 393
1739714806790 156.3485139921939 394
1739714806795 156.31740189351666 395
1739714806799 156.28629605664983 396
1739714806803 156.25519648031351 397
1739714806808 156.22410316322788 398
1739714806812 156.19301610411358 399
1739714806816 156.1619353016915 400
1739714806820 156.13086075468274 401
1739714806825 156.09979246180862 402
1739714806829 156.0687304217908 403
1739714806833 156.03767463335134 404
1739714806837 156.00662509521229 405
1739714806841 155.9755818060962 406
1739714806846 155.9445447647257 407
1739714806850 155.91351396982387 408
1739714806855 155.882489420114 409
1739714806859 155.8514711143196 410
1739714806863 155.82045905116445 411
1739714806868 155.7894532293726 412
1739714806872 155.75845364766852 413
1739714806876 155.72746030477674 414
1739714806880 155.69647319942212 415
1739714806884 155.66549233032987 416
1739714806888 155.63451769622534 417
1739714806893 155.60354929583428 418
1739714806897 155.57258712788266 419
1739714806901 155.5416311910966 420
1739714806905 155.51068148420268 421
1739714806910 155.47973800592766 422
1739714806914 155.44880075499853 423
1739714806918 155.41786973014266 424
1739714806922 155.38694493008748 425
1739714806926 155.35602635356096 426
1739714806930 155.3251139992911 427
1739714806935 155.2942078660063 428
1739714806939 155.26330795243518 429
1739714806944 155.23241425730674 430
1739714806949 155.20152677935005 431
1739714806953 155.17064551729453 432
1739714806957 155.13977046986997 433
1739714806962 155.10890163580626 434
1739714806966 155.07803901383375 435
1739714806970 155.04718260268282 436
1739714806975 155.01633240108433 437
1739714806979 154.98548840776928 438
1739714806992 154.95465062146903 439
1739714806999 154.92381904091508 440
1739714807003 154.89299366483934 441
1739714807007 154.86217449197386 442
1739714807012 154.8313615210511 443
1739714807016 154.8005547508036 444
1739714807020 154.76975417996434 445
1739714807025 154.7389598072665 446
1739714807029 154.70817163144346 447
1739714807033 154.67738965122902 448
1739714807037 154.6466138653571 449
1739714807042 154.61584427256196 450
1739714807046 154.58508087157807 451
1739714807050 154.55432366114024 452
1739714807055 154.52357263998354 453
1739714807059 154.49282780684325 454
1739714807063 154.46208916045492 455
1739714807068 154.43135669955444 456
1739714807072 154.40063042287784 457
1739714807076 154.36991032916157 458
1739714807080 154.3391964171423 459
1739714807085 154.3084886855568 460
1739714807089 154.2777871331423 461
1739714807093 154.2470917586363 462
1739714807097 154.21640256077643 463
1739714807102 154.18571953830067 464
1739714807106 154.15504268994724 465
1739714807110 154.12437201445465 466
1739714807115 154.09370751056176 467
1739714807119 154.06304917700746 468
1739714807123 154.03239701253102 469
1739714807127 154.00175101587217 470
1739714807132 153.9711111857706 471
1739714807136 153.94047752096645 472
1739714807140 153.90985002020008 473
1739714807145 153.87922868221204 474
1739714807149 153.84861350574332 475
1739714807153 153.81800448953499 476
1739714807158 153.7874016323285 477
1739714807163 153.7568049328655 478
1739714807168 153.72621438988793 479
1739714807172 153.69563000213807 480
1739714807176 153.66505176835835 481
1739714807181 153.63447968729147 482
1739714807186 153.60391375768052 483
1739714807190 153.5733539782686 484
1739714807195 153.54280034779944 485
1739714807199 153.5122528650168 486
1739714807203 153.48171152866456 487
1739714807207 153.45117633748725 488
1739714807212 153.42064729022934 489
1739714807216 153.39012438563572 490
1739714807220 153.35960762245153 491
1739714807225 153.32909699942215 492
1739714807229 153.29859251529317 493
1739714807234 153.26809416881053 494
1739714807238 153.2376019587204 495
1739714807242 153.20711588376923 496
1739714807247 153.17663594270365 497
1739714807251 153.14616213427078 498
1739714807255 153.11569445721764 499
