1739716148082 38.98192350988675 0
1739716148090 9.064178640222156 1
1739716148096 2.22777126909057 2
1739716148102 0.6736595522534593 3
1739716148106 0.2257850207250333 4
1739716148111 0.18764902863096378 5
1739716148117 0.1666381114081547 6
1739716148122 0.15344927785007217 7
1739716148127 0.10535118539057668 8
1739716148132 0.1409546099128159 9
1739716148136 0.15791115552467466 10
1739716148141 0.11605138969175204 11
1739716148146 0.12433470822223426 12
1739716148151 0.2163791923600992 13
1739716148156 0.16094133733768945 14
1739716148162 0.11293620949835158 15
1739716148167 0.14593395756253083 16
1739716148171 0.09468765739672266 17
1739716148176 0.10413601116763038 18
1739716148181 0.1627926132905435 19
1739716148185 0.20506288088441949 20
1739716148190 0.10964820107378304 21
1739716148194 0.12546910134167802 22
1739716148199 0.16140594500787475 23
1739716148203 0.1074858907113646 24
1739716148208 0.13362659156969126 25
1739716148212 0.20480391699351813 26
1739716148217 0.1338569899234693 27
1739716148221 0.10528611291677024 28
1739716148226 0.10255681287268645 29
1739716148231 0.15999209806036616 30
1739716148235 0.1296751356446842 31
1739716148240 0.11308681458639441 32
1739716148245 0.11201066972189834 33
1739716148250 0.0851326379396033 34
1739716148254 0.0756909413546933 35
1739716148259 0.11051769693211357 36
1739716148264 0.11207710820407282 37
1739716148269 0.13010825628722184 38
1739716148274 0.08202673842779086 39
1739716148278 0.18504570633346412 40
1739716148283 0.09360907604512943 41
1739716148289 0.14163433387583296 42
1739716148294 0.12554787524218253 43
1739716148299 0.1090058443149382 44
1739716148304 0.09903039417528924 45
1739716148308 0.14436470588467037 46
1739716148313 0.1030827908263244 47
1739716148317 0.11726927344312864 48
1739716148322 0.17651138549757836 49
1739716148327 0.1129208209420252 50
1739716148331 0.21351575541790774 51
1739716148336 0.08804897665580855 52
1739716148340 0.15715585291896458 53
1739716148345 0.1196279781576404 54
1739716148350 0.10693397093696765 55
1739716148354 0.10262755614704139 56
1739716148359 0.13833252691825812 57
1739716148363 0.08353798021381051 58
1739716148368 0.18872511553011684 59
1739716148372 0.12505737077620863 60
1739716148377 0.15123531000237395 61
1739716148382 0.10427490683453186 62
1739716148386 0.14268751480314099 63
1739716148391 0.13481355263175002 64
1739716148396 0.14344134821405824 65
1739716148401 0.10266467614101281 66
1739716148406 0.10663429560931353 67
1739716148411 0.16822645700496758 68
1739716148416 0.11886338376218525 69
1739716148421 0.11371446246426302 70
1739716148425 0.20121975686301555 71
1739716148430 0.101389300734609 72
1739716148434 0.0780359744657042 73
1739716148439 0.13119362179220512 74
1739716148444 0.12479603134795796 75
1739716148448 0.1303962476918535 76
1739716148453 0.13819228685835785 77
1739716148458 0.08638427196557556 78
1739716148462 0.14978260910531604 79
1739716148467 0.1459052942776553 80
1739716148471 0.12481023627259688 81
1739716148476 0.19965445815610078 82
1739716148481 0.13621142540852602 83
1739716148485 0.1514173086415767 84
1739716148490 0.1447206761436498 85
1739716148495 0.11354966562427234 86
1739716148499 0.12794195024586266 87
1739716148504 0.11875102800721477 88
1739716148509 0.13260406816341458 89
1739716148513 0.0958935763819946 90
1739716148518 0.12139350596180866 91
1739716148522 0.10672773939610537 92
1739716148527 0.19465030816097648 93
1739716148532 0.09948318482911944 94
1739716148536 0.14521772789278226 95
1739716148541 0.12429832338436617 96
1739716148545 0.1984968966154719 97
1739716148549 0.14974148888862102 98
1739716148554 0.1488020802410891 99
1739716148559 0.17648459778938094 100
1739716148563 0.12354609456370992 101
1739716148567 0.1625562378147199 102
1739716148572 0.15068663909813015 103
1739716148576 0.15839290910908205 104
1739716148581 0.1664604903533267 105
1739716148585 0.12583918461236826 106
1739716148590 0.15433764388745735 107
1739716148595 0.15437114025115847 108
1739716148600 0.12784248166834913 109
1739716148604 0.12880462452900404 110
1739716148609 0.10705341685644183 111
1739716148614 0.1408233324385935 112
1739716148618 0.08499222366721072 113
1739716148623 0.1192360664022007 114
1739716148628 0.13107622799012164 115
1739716148632 0.16422720514032996 116
1739716148637 0.17462668982434182 117
1739716148641 0.1719699751323429 118
1739716148646 0.1473676671072754 119
1739716148652 0.16899991437811931 120
1739716148657 0.17614322875991373 121
1739716148662 0.1082319285222398 122
1739716148666 0.11600179857933203 123
1739716148671 0.16941916529157147 124
1739716148676 0.13972307271719242 125
1739716148680 0.1019097743039287 126
1739716148685 0.13633724162854116 127
1739716148690 0.12093288715146688 128
1739716148694 0.1282002543930984 129
1739716148699 0.16070804443567654 130
1739716148703 0.15411138844877345 131
1739716148708 0.15407363221620096 132
1739716148713 0.1905462858357388 133
1739716148717 0.13757456003672716 134
1739716148722 0.11970084114808206 135
1739716148726 0.10380997196073348 136
1739716148731 0.07799848931399544 137
1739716148735 0.1778328198670774 138
1739716148740 0.16699850757507104 139
1739716148744 0.1923743038196051 140
1739716148748 0.3322167141963409 141
1739716148753 0.14283519802021113 142
1739716148757 0.13495637705618815 143
1739716148762 0.08790047920949295 144
1739716148767 0.17203876339220003 145
1739716148771 0.15010996937636353 146
1739716148776 0.09973320276623855 147
1739716148781 0.14021875892473978 148
1739716148786 0.12990119786331425 149
1739716148792 0.12837999888553844 150
1739716148797 0.0658307175379174 151
1739716148802 0.1589797484864499 152
1739716148806 0.14570741592468203 153
1739716148811 0.16118779668710037 154
1739716148816 0.12866848775788914 155
1739716148821 0.15327517364551035 156
1739716148826 0.17542277414151428 157
1739716148831 0.08382095044442181 158
1739716148836 0.1274778707172552 159
1739716148840 0.18605547215702153 160
1739716148846 0.14162235743864196 161
1739716148850 0.09472255543078484 162
1739716148855 0.10689287736360495 163
1739716148860 0.11539539294861055 164
1739716148865 0.1418724236436635 165
1739716148870 0.10019415920183464 166
1739716148875 0.11688472691981851 167
1739716148880 0.14909629646683112 168
1739716148884 0.13660937639090368 169
1739716148889 0.12673763162551263 170
1739716148894 0.11681782693248569 171
1739716148900 0.13546555519576 172
1739716148905 0.13124911072748452 173
1739716148911 0.07822455235673628 174
1739716148917 0.10338171564688324 175
1739716148922 0.1497493907180791 176
1739716148928 0.0941777565209199 177
1739716148933 0.13904365048019932 178
1739716148938 0.10142711688503192 179
1739716148943 0.14217523642754037 180
1739716148948 0.1306800073305263 181
1739716148953 0.0578168463410806 182
1739716148958 0.11582687402086585 183
1739716148963 0.14118998024525106 184
1739716148968 0.07940407076732148 185
1739716148973 0.12466830062402497 186
1739716148977 0.08282190638287715 187
1739716148982 0.09862703293109111 188
1739716148987 0.19479885181548717 189
1739716148993 0.15986132181409565 190
1739716148998 0.11402787959635374 191
1739716149002 0.13272243215090182 192
1739716149007 0.1316177260913789 193
1739716149012 0.176128443392695 194
1739716149017 0.1534591691525247 195
1739716149023 0.12382968460979915 196
1739716149028 0.15167101075545397 197
1739716149033 0.1263356181369735 198
1739716149037 0.084804373524819 199
1739716149042 0.18036242006638484 200
1739716149047 0.12175791244943103 201
1739716149051 0.12746140126750022 202
1739716149056 0.17011264690808564 203
1739716149061 0.14623971935009186 204
1739716149066 0.1349526765292018 205
1739716149071 0.10203082059935929 206
1739716149075 0.0724523856429987 207
1739716149080 0.10168339253369985 208
1739716149085 0.1298111407335678 209
1739716149090 0.14116723966095118 210
1739716149095 0.12917597026965383 211
1739716149101 0.16316751080958838 212
1739716149106 0.16576133968605786 213
1739716149111 0.19606310399071625 214
1739716149116 0.16339541150597564 215
1739716149121 0.11127156260416568 216
1739716149126 0.15410358895533163 217
1739716149130 0.09425010915385892 218
1739716149135 0.12934610150171014 219
1739716149139 0.12358905282420349 220
1739716149144 0.09448616314242017 221
1739716149149 0.13004732724125756 222
1739716149155 0.286456868257964 223
1739716149161 0.12039836981472865 224
1739716149166 0.10423469922836802 225
1739716149171 0.14517823084858938 226
1739716149176 0.1754341406076336 227
1739716149180 0.11240237166142795 228
1739716149185 0.1863302511175155 229
1739716149189 0.10679600861550137 230
1739716149195 0.06718895913055252 231
1739716149200 0.13747465247699214 232
1739716149205 0.11285803028048344 233
1739716149209 0.09170898864501315 234
1739716149214 0.09898535344555531 235
1739716149219 0.16473816321131626 236
1739716149224 0.15318411556698505 237
1739716149229 0.16472446393495452 238
1739716149233 0.1466810191043033 239
1739716149238 0.09838024525403019 240
1739716149242 0.1406808805634802 241
1739716149247 0.0763274437172682 242
1739716149251 0.13944730277897494 243
1739716149256 0.11707685245653657 244
1739716149261 0.14386156880800252 245
1739716149265 0.17366435913303188 246
1739716149270 0.1327739329520092 247
1739716149275 0.12016545050431122 248
1739716149279 0.36617232040855696 249
1739716149289 0.18438593919023435 250
1739716149294 0.19923172531881148 251
1739716149300 0.15349097775277257 252
1739716149305 0.11144486770747847 253
1739716149310 0.16357583573365164 254
1739716149315 0.11839754361667851 255
1739716149322 0.12290051967791549 256
1739716149328 0.16966198718797945 257
1739716149333 0.12839921681601565 258
1739716149338 0.16564565113392823 259
1739716149344 0.11577460511834894 260
1739716149349 0.10282649704373777 261
1739716149353 0.08972251297325622 262
1739716149358 0.11959423012477272 263
1739716149363 0.1495445430089621 264
1739716149368 0.11211025217157822 265
1739716149373 0.1169728538256922 266
1739716149378 0.13044228279051903 267
1739716149383 0.12223124919068734 268
1739716149387 0.16045676956611507 269
1739716149392 0.09738807381089125 270
1739716149397 0.13912510206981812 271
1739716149403 0.13405078341147694 272
1739716149408 0.17987399263087528 273
1739716149413 0.13228753755371314 274
1739716149418 0.16119909301174135 275
1739716149423 0.0840950687828094 276
1739716149428 0.09409410091070441 277
1739716149433 0.10392088720512123 278
1739716149438 0.09749974875461928 279
1739716149442 0.15757523765038647 280
1739716149447 0.11141754449847405 281
1739716149453 0.12145306010736114 282
1739716149457 0.087691711596797 283
1739716149462 0.13943662822822067 284
1739716149467 0.16843437059651195 285
1739716149472 0.19563405835848613 286
1739716149477 0.12214769224248846 287
1739716149482 0.13609890757357523 288
1739716149487 0.09828766231533231 289
1739716149492 0.1273414596264226 290
1739716149497 0.15933478508362778 291
1739716149502 0.15394800025195418 292
1739716149506 0.23407310463719472 293
1739716149511 0.10006056863533683 294
1739716149516 0.1432846592762654 295
1739716149520 0.1816213971427274 296
1739716149525 0.15478702393700042 297
1739716149529 0.13999643277420826 298
1739716149534 0.12974167381153168 299
1739716149539 0.08423568132081581 300
1739716149543 0.16413758426696434 301
1739716149548 0.13455778477017039 302
1739716149553 0.1789394061306446 303
1739716149558 0.07941549737358217 304
1739716149562 0.1125804038283625 305
1739716149567 0.1579807044631091 306
1739716149571 0.11558810719462854 307
1739716149576 0.18027085819935398 308
1739716149581 0.13621258293021668 309
1739716149585 0.1973853734961939 310
1739716149590 0.2864714153992607 311
1739716149595 0.10968015834387168 312
1739716149600 0.0992000259835845 313
1739716149605 0.12515173280214076 314
1739716149609 0.17272376863321134 315
1739716149615 0.09355351801734393 316
1739716149619 0.16531222663072964 317
1739716149624 0.16479128961364226 318
1739716149629 0.10435536037542134 319
1739716149633 0.08392385560383443 320
1739716149638 0.18570482084278417 321
1739716149643 0.14176710374195192 322
1739716149647 0.09766967093737951 323
1739716149652 0.16330137883027354 324
1739716149656 0.08538629560572739 325
1739716149661 0.12498321917385771 326
1739716149666 0.0745726879657741 327
1739716149671 0.17843529439345138 328
1739716149675 0.22986311250703612 329
1739716149680 0.14192713913746582 330
1739716149685 0.15180036382081188 331
1739716149689 0.12472938473997235 332
1739716149694 0.14169319925996832 333
1739716149699 0.11628708954788385 334
1739716149704 0.11768785301894216 335
1739716149709 0.12613627728757876 336
1739716149714 0.13642959310702404 337
1739716149720 0.12901102852389293 338
1739716149725 0.09070533057180107 339
1739716149730 0.13314155708258013 340
1739716149734 0.1386741645118072 341
1739716149739 0.1140340497886676 342
1739716149744 0.09943741442720258 343
1739716149748 0.13630614017560339 344
1739716149753 0.10691273196496566 345
1739716149757 0.10760207750606045 346
1739716149762 0.14302721737161148 347
1739716149767 0.1305808768999343 348
1739716149771 0.16494736932418586 349
1739716149776 0.09563422161829384 350
1739716149781 0.1814177230797792 351
1739716149785 0.13136375358392852 352
1739716149790 0.10246369362313532 353
1739716149795 0.10054680258799308 354
1739716149800 0.13234680465948753 355
1739716149804 0.09340236777953179 356
1739716149809 0.13625937121111292 357
1739716149814 0.12942864668829412 358
1739716149818 0.12109498630298571 359
1739716149823 0.1920719139898397 360
1739716149828 0.22579917901167976 361
1739716149833 0.13088880326686778 362
1739716149838 0.08787485220616785 363
1739716149843 0.11466309491427915 364
1739716149848 0.12488792096370491 365
1739716149853 0.13216407515054462 366
1739716149857 0.11849015146461228 367
1739716149862 0.16028212219135538 368
1739716149893 0.15693632029114515 369
1739716149917 0.1504956808351314 370
1739716149933 0.15045489026121436 371
1739716149939 0.12355083939513492 372
1739716149944 0.10452693966367171 373
1739716149950 0.12479492388329369 374
1739716149956 0.11063478134882102 375
1739716149963 0.14985789498359062 376
1739716149968 0.10647208435498032 377
1739716149976 0.15528075961538634 378
1739716149982 0.16700807374629245 379
1739716149989 0.11226244552754619 380
1739716149995 0.1690545408409059 381
1739716150001 0.10174695827574083 382
1739716150007 0.1311144534905226 383
1739716150012 0.08369679662345886 384
1739716150018 0.14159605238860895 385
1739716150024 0.13610547964168235 386
1739716150030 0.13692954712467478 387
1739716150036 0.14850360073901975 388
1739716150042 0.11217194812948138 389
1739716150047 0.14378028755108693 390
1739716150053 0.1373754081644039 391
1739716150058 0.15703864707253135 392
1739716150063 0.2110186801389031 393
1739716150068 0.16410611759309077 394
1739716150072 0.16980531992010395 395
1739716150077 0.12586887501165311 396
1739716150083 0.17082785231151473 397
1739716150087 0.12010009123190493 398
1739716150092 0.1783226798174866 399
1739716150098 0.1560164686605759 400
1739716150103 0.12077068282002597 401
1739716150108 0.13977216399674863 402
1739716150113 0.08791977486903399 403
1739716150118 0.18389191108854033 404
1739716150123 0.09831407806322778 405
1739716150128 0.16359250876531406 406
1739716150133 0.12125523244393524 407
1739716150138 0.14128273314037962 408
1739716150142 0.1405627909589017 409
1739716150147 0.10019789851431826 410
1739716150151 0.14691524709199677 411
1739716150156 0.17310783464029128 412
1739716150160 0.13601206979705535 413
1739716150165 0.13019630073066515 414
1739716150170 0.1317428608799035 415
1739716150175 0.11931972434186604 416
1739716150179 0.14625882990348282 417
1739716150184 0.06525536124232098 418
1739716150188 0.0698332168188158 419
1739716150192 0.16556189724925635 420
1739716150197 0.1462350609524297 421
1739716150202 0.12001687528620172 422
1739716150207 0.1237716431613871 423
1739716150212 0.1089085593132387 424
1739716150217 0.14165605191491387 425
1739716150222 0.09931656702545337 426
1739716150226 0.1697317773438959 427
1739716150231 0.14180533699356374 428
1739716150236 0.15830268497577465 429
1739716150240 0.10431163024380818 430
1739716150246 0.12245776502406676 431
1739716150251 0.07238143418784734 432
1739716150255 0.13209438742629542 433
1739716150260 0.12480976575441109 434
1739716150265 0.14283300828474738 435
1739716150269 0.11133430591330512 436
1739716150274 0.10159439909777655 437
1739716150279 0.11552382797121101 438
1739716150284 0.1753481983591778 439
1739716150288 0.15997795313425056 440
1739716150293 0.12963316605956557 441
1739716150297 0.12009418925502392 442
1739716150302 0.1556454878926342 443
1739716150306 0.11156015479441139 444
1739716150311 0.17611020054726295 445
1739716150316 0.11079954190724323 446
1739716150321 0.12139610748072609 447
1739716150325 0.11339223307442625 448
1739716150330 0.14932405935890586 449
1739716150334 0.13919671200168415 450
1739716150339 0.1116391422770283 451
1739716150344 0.09724298336662242 452
1739716150348 0.13260837488801797 453
1739716150353 0.20198029400549783 454
1739716150357 0.12657615620993887 455
1739716150362 0.14838726040313793 456
1739716150366 0.12263658192982149 457
1739716150371 0.17656123227173187 458
1739716150376 0.10245541771825606 459
1739716150380 0.11748361633562636 460
1739716150385 0.16922870699912193 461
1739716150390 0.1741224272914698 462
1739716150394 0.10105190268709636 463
1739716150399 0.0980479666624494 464
1739716150403 0.1817319514749473 465
1739716150408 0.1934372812686698 466
1739716150413 0.12973825179411272 467
1739716150418 0.09247557844595064 468
1739716150422 0.08278141706124695 469
1739716150427 0.20317237400351215 470
1739716150432 0.13572090228214934 471
1739716150437 0.09163929901430655 472
1739716150443 0.0995185116378587 473
1739716150448 0.1383236375400688 474
1739716150453 0.11112785045180427 475
1739716150458 0.13727661639405794 476
1739716150463 0.10933724620293953 477
1739716150468 0.10444725569907728 478
1739716150473 0.13252531486029712 479
1739716150479 0.10635943520450312 480
1739716150484 0.14990198054517984 481
1739716150489 0.10098352155374778 482
1739716150494 0.11936654116322086 483
1739716150499 0.10426027004042782 484
1739716150505 0.21603359298804975 485
1739716150510 0.13743802495813415 486
1739716150515 0.14520042326301158 487
1739716150521 0.11683499760417555 488
1739716150526 0.12727683951813135 489
1739716150531 0.13449959405506715 490
1739716150537 0.14905408346815796 491
1739716150542 0.06541065690952101 492
1739716150547 0.13749013952260847 493
1739716150552 0.13511293945086306 494
1739716150557 0.15553068270245426 495
1739716150562 0.1545192750930849 496
1739716150567 0.1430606029449715 497
1739716150572 0.14827727027732426 498
1739716150577 0.15757986916529235 499
