1739714714545 169.57031890620698 0
1739714714549 169.53618873720038 1
1739714714553 169.50206619726816 2
1739714714557 169.46795128460042 3
1739714714562 169.43384399738753 4
1739714714566 169.39974433382054 5
1739714714571 169.36565229209083 6
1739714714575 169.33156787039027 7
1739714714579 169.2974910669112 8
1739714714583 169.2634218798464 9
1739714714587 169.229360307389 10
1739714714591 169.19530634773284 11
1739714714595 169.16125999907194 12
1739714714599 169.12722125960093 13
1739714714603 169.09319012751496 14
1739714714607 169.05916660100945 15
1739714714611 169.0251506782803 16
1739714714614 168.9911423575241 17
1739714714618 168.95714163693762 18
1739714714622 168.92314851471818 19
1739714714626 168.88916298906358 20
1739714714630 168.85518505817208 21
1739714714634 168.82121472024238 22
1739714714641 168.7872519734736 23
1739714714645 168.75329681606533 24
1739714714649 168.71934924621766 25
1739714714653 168.68540926213112 26
1739714714657 168.6514768620066 27
1739714714661 168.6175520440456 28
1739714714665 168.5836348064499 29
1739714714669 168.5497251474219 30
1739714714674 168.5158230651643 31
1739714714678 168.48192855788042 32
1739714714682 168.44804162377395 33
1739714714686 168.4141622610489 34
1739714714691 168.38029046790996 35
1739714714695 168.34642624256213 36
1739714714699 168.31256958321094 37
1739714714703 168.27872048806233 38
1739714714707 168.24487895532272 39
1739714714711 168.21104498319883 40
1739714714715 168.17721856989812 41
1739714714719 168.14339971362827 42
1739714714723 168.10958841259753 43
1739714714727 168.07578466501448 44
1739714714731 168.0419884690883 45
1739714714735 168.00819982302855 46
1739714714739 167.97441872504518 47
1739714714743 167.9406451733487 48
1739714714748 167.90687916615008 49
1739714714753 167.87312070166055 50
1739714714757 167.83936977809205 51
1739714714761 167.80562639365675 52
1739714714765 167.77189054656745 53
1739714714769 167.73816223503727 54
1739714714773 167.7044414572798 55
1739714714777 167.67072821150924 56
1739714714781 167.63702249593993 57
1739714714785 167.60332430878694 58
1739714714788 167.5696336482657 59
1739714714792 167.53595051259202 60
1739714714796 167.50227489998224 61
1739714714800 167.46860680865313 62
1739714714804 167.43494623682193 63
1739714714807 167.40129318270624 64
1739714714811 167.36764764452425 65
1739714714815 167.33400962049447 66
1739714714819 167.3003791088359 67
1739714714823 167.26675610776803 68
1739714714827 167.23314061551082 69
1739714714831 167.19953263028452 70
1739714714835 167.16593215031003 71
1739714714839 167.1323391738085 72
1739714714843 167.09875369900175 73
1739714714847 167.06517572411184 74
1739714714852 167.0316052473614 75
1739714714856 166.99804226697353 76
1739714714860 166.9644867811716 77
1739714714865 166.93093878817965 78
1739714714869 166.897398286222 79
1739714714873 166.86386527352357 80
1739714714877 166.83033974830957 81
1739714714882 166.7968217088057 82
1739714714886 166.76331115323825 83
1739714714890 166.72980807983376 84
1739714714894 166.6963124868193 85
1739714714898 166.6628243724224 86
1739714714902 166.62934373487101 87
1739714714906 166.59587057239358 88
1739714714910 166.56240488321893 89
1739714714914 166.52894666557634 90
1739714714917 166.49549591769556 91
1739714714921 166.46205263780683 92
1739714714925 166.42861682414076 93
1739714714929 166.39518847492843 94
1739714714933 166.36176758840136 95
1739714714937 166.32835416279147 96
1739714714940 166.2949481963313 97
1739714714944 166.26154968725365 98
1739714714948 166.22815863379182 99
1739714714952 166.19477503417957 100
1739714714956 166.16139888665106 101
1739714714960 166.128030189441 102
1739714714964 166.09466894078446 103
1739714714968 166.06131513891697 104
1739714714972 166.02796878207442 105
1739714714976 165.99462986849338 106
1739714714980 165.96129839641054 107
1739714714985 165.92797436406337 108
1739714714989 165.89465776968953 109
1739714714993 165.86134861152723 110
1739714714997 165.8280468878151 111
1739714715001 165.79475259679225 112
1739714715005 165.76146573669814 113
1739714715009 165.72818630577285 114
1739714715013 165.69491430225668 115
1739714715017 165.66164972439046 116
1739714715021 165.62839257041563 117
1739714715025 165.5951428385738 118
1739714715030 165.56190052710718 119
1739714715034 165.52866563425843 120
1739714715038 165.4954381582706 121
1739714715042 165.46221809738714 122
1739714715046 165.42900544985207 123
1739714715050 165.39580021390978 124
1739714715054 165.362602387805 125
1739714715058 165.32941196978317 126
1739714715063 165.29622895808984 127
1739714715066 165.26305335097126 128
1739714715070 165.22988514667404 129
1739714715075 165.19672434344514 130
1739714715079 165.16357093953215 131
1739714715083 165.13042493318287 132
1739714715087 165.09728632264572 133
1739714715091 165.06415510616952 134
1739714715095 165.0310312820035 135
1739714715099 164.9979148483973 136
1739714715103 164.9648058036011 137
1739714715108 164.93170414586547 138
1739714715112 164.89860987344133 139
1739714715116 164.86552298458022 140
1739714715120 164.83244347753396 141
1739714715124 164.7993713505549 142
1739714715128 164.7663066018958 143
1739714715132 164.73324922980984 144
1739714715136 164.70019923255072 145
1739714715140 164.66715660837244 146
1739714715144 164.63412135552957 147
1739714715148 164.60109347227706 148
1739714715152 164.5680729568703 149
1739714715156 164.53505980756515 150
1739714715160 164.50205402261787 151
1739714715164 164.46905560028512 152
1739714715168 164.4360645388241 153
1739714715172 164.40308083649245 154
1739714715176 164.3701044915481 155
1739714715180 164.3371355022496 156
1739714715184 164.30417386685576 157
1739714715187 164.271219583626 158
1739714715191 164.23827265082008 159
1739714715195 164.20533306669816 160
1739714715199 164.172400829521 161
1739714715203 164.13947593754966 162
1739714715208 164.10655838904557 163
1739714715212 164.0736481822708 164
1739714715215 164.0407453154877 165
1739714715219 164.00784978695916 166
1739714715223 163.9749615949484 167
1739714715228 163.94208073771918 168
1739714715232 163.90920721353558 169
1739714715236 163.87634102066224 170
1739714715240 163.84348215736415 171
1739714715245 163.81063062190682 172
1739714715249 163.7777864125561 173
1739714715253 163.74494952757837 174
1739714715257 163.71211996524028 175
1739714715261 163.67929772380913 176
1739714715265 163.64648280155254 177
1739714715269 163.61367519673857 178
1739714715273 163.58087490763575 179
1739714715278 163.54808193251293 180
1739714715282 163.51529626963958 181
1739714715286 163.4825179172855 182
1739714715290 163.4497468737209 183
1739714715294 163.41698313721645 184
1739714715298 163.38422670604336 185
1739714715302 163.35147757847307 186
1739714715306 163.31873575277763 187
1739714715310 163.28600122722943 188
1739714715313 163.25327400010133 189
1739714715317 163.2205540696666 190
1739714715321 163.18784143419902 191
1739714715325 163.15513609197268 192
1739714715329 163.12243804126217 193
1739714715333 163.08974728034255 194
1739714715337 163.05706380748924 195
1739714715341 163.02438762097813 196
1739714715345 162.99171871908553 197
1739714715349 162.95905710008824 198
1739714715353 162.92640276226342 199
1739714715357 162.89375570388867 200
1739714715361 162.86111592324207 201
1739714715365 162.8284834186021 202
1739714715369 162.79585818824762 203
1739714715373 162.76324023045805 204
1739714715377 162.7306295435132 205
1739714715381 162.69802612569316 206
1739714715385 162.6654299752787 207
1739714715389 162.63284109055084 208
1739714715393 162.6002594697911 209
1739714715397 162.56768511128138 210
1739714715401 162.53511801330407 211
1739714715404 162.502558174142 212
1739714715408 162.4700055920784 213
1739714715413 162.43746026539688 214
1739714715417 162.40492219238166 215
1739714715421 162.37239137131718 216
1739714715425 162.33986780048835 217
1739714715429 162.30735147818064 218
1739714715432 162.27484240267987 219
1739714715436 162.2423405722722 220
1739714715440 162.2098459852444 221
1739714715445 162.17735863988358 222
1739714715450 162.14487853447727 223
1739714715454 162.11240566731337 224
1739714715458 162.07994003668034 225
1739714715462 162.047481640867 226
1739714715466 162.0150304781626 227
1739714715471 161.98258654685685 228
1739714715475 161.95014984523988 229
1739714715479 161.9177203716022 230
1739714715483 161.8852981242348 231
1739714715487 161.85288310142906 232
1739714715491 161.82047530147688 233
1739714715495 161.78807472267044 234
1739714715499 161.75568136330247 235
1739714715502 161.7232952216661 236
1739714715506 161.69091629605487 237
1739714715510 161.6585445847628 238
1739714715514 161.6261800860842 239
1739714715518 161.59382279831394 240
1739714715523 161.56147271974734 241
1739714715527 161.52912984868001 242
1739714715531 161.49679418340813 243
1739714715535 161.46446572222817 244
1739714715539 161.43214446343714 245
1739714715542 161.3998304053325 246
1739714715546 161.36752354621197 247
1739714715550 161.33522388437387 248
1739714715554 161.30293141811686 249
1739714715558 161.27064614574002 250
1739714715562 161.23836806554294 251
1739714715567 161.20609717582556 252
1739714715572 161.17383347488828 253
1739714715576 161.14157696103183 254
1739714715580 161.10932763255758 255
1739714715584 161.07708548776708 256
1739714715588 161.0448505249625 257
1739714715592 161.01262274244633 258
1739714715597 160.98040213852147 259
1739714715601 160.94818871149135 260
1739714715605 160.91598245965977 261
1739714715609 160.88378338133091 262
1739714715613 160.85159147480942 263
1739714715617 160.8194067384004 264
1739714715621 160.78722917040935 265
1739714715625 160.75505876914218 266
1739714715629 160.7228955329052 267
1739714715633 160.69073946000518 268
1739714715637 160.6585905487494 269
1739714715641 160.62644879744542 270
1739714715646 160.59431420440126 271
1739714715651 160.56218676792545 272
1739714715654 160.53006648632686 273
1739714715658 160.4979533579148 274
1739714715662 160.465847380999 275
1739714715666 160.43374855388964 276
1739714715670 160.40165687489733 277
1739714715674 160.36957234233304 278
1739714715678 160.3374949545083 279
1739714715682 160.3054247097348 280
1739714715686 160.27336160632493 281
1739714715692 160.2413056425914 282
1739714715696 160.2092568168474 283
1739714715701 160.17721512740636 284
1739714715705 160.1451805725823 285
1739714715710 160.11315315068964 286
1739714715714 160.08113286004314 287
1739714715718 160.04911969895812 288
1739714715723 160.01711366575023 289
1739714715727 159.98511475873553 290
1739714715732 159.95312297623053 291
1739714715737 159.9211383165522 292
1739714715742 159.88916077801784 293
1739714715747 159.85719035894525 294
1739714715753 159.82522705765265 295
1739714715758 159.79327087245858 296
1739714715762 159.76132180168224 297
1739714715767 159.72937984364296 298
1739714715771 159.6974449966606 299
1739714715775 159.66551725905558 300
1739714715780 159.63359662914854 301
1739714715784 159.60168310526066 302
1739714715790 159.56977668571352 303
1739714715795 159.53787736882907 304
1739714715799 159.5059851529297 305
1739714715803 159.47410003633829 306
1739714715807 159.44222201737807 307
1739714715811 159.41035109437271 308
1739714715815 159.3784872656463 309
1739714715819 159.3466305295234 310
1739714715823 159.31478088432883 311
1739714715827 159.282938328388 312
1739714715831 159.25110286002672 313
1739714715835 159.21927447757108 314
1739714715839 159.18745317934778 315
1739714715843 159.15563896368377 316
1739714715848 159.12383182890656 317
1739714715853 159.092031773344 318
1739714715857 159.06023879532432 319
1739714715862 159.02845289317628 320
1739714715866 158.99667406522903 321
1739714715870 158.96490230981203 322
1739714715875 158.93313762525528 323
1739714715879 158.90138000988915 324
1739714715883 158.86962946204446 325
1739714715887 158.8378859800524 326
1739714715891 158.80614956224457 327
1739714715895 158.7744202069531 328
1739714715899 158.74269791251038 329
1739714715903 158.71098267724932 330
1739714715907 158.67927449950324 331
1739714715911 158.6475733776058 332
1739714715915 158.61587930989123 333
1739714715919 158.58419229469405 334
1739714715924 158.55251233034923 335
1739714715928 158.52083941519209 336
1739714715932 158.48917354755858 337
1739714715937 158.45751472578476 338
1739714715941 158.42586294820737 339
1739714715945 158.39421821316347 340
1739714715949 158.3625805189905 341
1739714715953 158.33094986402634 342
1739714715957 158.2993262466093 343
1739714715961 158.26770966507814 344
1739714715965 158.23610011777194 345
1739714715970 158.20449760303032 346
1739714715974 158.1729021191932 347
1739714715978 158.14131366460091 348
1739714715982 158.1097322375944 349
1739714715987 158.07815783651472 350
1739714715991 158.0465904597036 351
1739714715995 158.01503010550312 352
1739714715999 157.9834767722556 353
1739714716003 157.95193045830408 354
1739714716007 157.92039116199172 355
1739714716012 157.8888588816623 356
1739714716016 157.85733361565988 357
1739714716020 157.82581536232908 358
1739714716023 157.7943041200148 359
1739714716028 157.76279988706239 360
1739714716032 157.73130266181764 361
1739714716035 157.69981244262675 362
1739714716040 157.66832922783635 363
1739714716045 157.6368530157934 364
1739714716050 157.60538380484536 365
1739714716054 157.57392159334012 366
1739714716058 157.5424663796259 367
1739714716062 157.51101816205133 368
1739714716066 157.47957693896555 369
1739714716070 157.44814270871805 370
1739714716075 157.41671546965878 371
1739714716079 157.38529522013806 372
1739714716084 157.35388195850655 373
1739714716090 157.32247568311547 374
1739714716094 157.29107639231634 375
1739714716098 157.25968408446124 376
1739714716102 157.22829875790245 377
1739714716106 157.1969204109928 378
1739714716110 157.16554904208553 379
1739714716114 157.13418464953423 380
1739714716118 157.102827231693 381
1739714716122 157.0714767869162 382
1739714716126 157.04013331355878 383
1739714716130 157.00879680997596 384
1739714716134 156.97746727452343 385
1739714716138 156.94614470555732 386
1739714716142 156.9148291014341 387
1739714716146 156.88352046051068 388
1739714716150 156.85221878114444 389
1739714716154 156.8209240616931 390
1739714716158 156.78963630051481 391
1739714716162 156.7583554959681 392
1739714716166 156.72708164641196 393
1739714716170 156.69581475020584 394
1739714716174 156.66455480570943 395
1739714716178 156.63330181128302 396
1739714716182 156.60205576528716 397
1739714716186 156.5708166660829 398
1739714716191 156.5395845120317 399
1739714716195 156.50835930149537 400
1739714716199 156.4771410328362 401
1739714716203 156.4459297044168 402
1739714716207 156.41472531460025 403
1739714716211 156.38352786175008 404
1739714716215 156.3523373442302 405
1739714716219 156.3211537604048 406
1739714716223 156.28997710863868 407
1739714716227 156.25880738729697 408
1739714716231 156.22764459474516 409
1739714716235 156.19648872934914 410
1739714716240 156.16533978947535 411
1739714716244 156.13419777349048 412
1739714716248 156.10306267976176 413
1739714716252 156.07193450665667 414
1739714716256 156.0408132525433 415
1739714716260 156.0096989157899 416
1739714716264 155.97859149476537 417
1739714716268 155.94749098783888 418
1739714716272 155.91639739338004 419
1739714716276 155.88531070975884 420
1739714716280 155.85423093534573 421
1739714716284 155.8231580685116 422
1739714716288 155.79209210762758 423
1739714716292 155.7610330510654 424
1739714716296 155.72998089719707 425
1739714716301 155.69893564439508 426
1739714716305 155.66789729103232 427
1739714716309 155.63686583548198 428
1739714716313 155.60584127611784 429
1739714716318 155.57482361131392 430
1739714716322 155.54381283944477 431
1739714716326 155.51280895888527 432
1739714716330 155.48181196801065 433
1739714716334 155.45082186519673 434
1739714716338 155.4198386488196 435
1739714716342 155.38886231725576 436
1739714716346 155.35789286888212 437
1739714716350 155.3269303020761 438
1739714716353 155.29597461521539 439
1739714716357 155.26502580667812 440
1739714716361 155.2340838748429 441
1739714716365 155.20314881808864 442
1739714716369 155.1722206347947 443
1739714716373 155.14129932334086 444
1739714716377 155.11038488210735 445
1739714716381 155.07947730947464 446
1739714716385 155.0485766038238 447
1739714716389 155.0176827635362 448
1739714716393 154.98679578699358 449
1739714716397 154.9559156725782 450
1739714716401 154.9250424186726 451
1739714716405 154.89417602365984 452
1739714716409 154.86331648592332 453
1739714716414 154.8324638038468 454
1739714716418 154.8016179758146 455
1739714716422 154.77077900021118 456
1739714716426 154.73994687542174 457
1739714716430 154.7091215998316 458
1739714716434 154.6783031718266 459
1739714716438 154.647491589793 460
1739714716442 154.6166868521174 461
1739714716446 154.5858889571869 462
1739714716450 154.55509790338886 463
1739714716454 154.52431368911118 464
1739714716458 154.49353631274212 465
1739714716462 154.4627657726703 466
1739714716466 154.4320020672848 467
1739714716470 154.40124519497502 468
1739714716474 154.3704951541309 469
1739714716478 154.3397519431426 470
1739714716482 154.3090155604009 471
1739714716486 154.27828600429672 472
1739714716490 154.24756327322166 473
1739714716494 154.21684736556753 474
1739714716498 154.1861382797266 475
1739714716502 154.15543601409152 476
1739714716506 154.1247405670554 477
1739714716510 154.09405193701173 478
1739714716515 154.06337012235429 479
1739714716519 154.03269512147745 480
1739714716523 154.0020269327758 481
1739714716527 153.97136555464454 482
1739714716531 153.94071098547903 483
1739714716535 153.91006322367522 484
1739714716539 153.87942226762937 485
1739714716543 153.8487881157381 486
1739714716547 153.81816076639862 487
1739714716551 153.78754021800827 488
1739714716555 153.75692646896502 489
1739714716560 153.72631951766712 490
1739714716563 153.69571936251327 491
1739714716568 153.66512600190248 492
1739714716573 153.63453943423437 493
1739714716578 153.6039596579087 494
1739714716582 153.5733866713257 495
1739714716586 153.5428204728862 496
1739714716590 153.5122610609912 497
1739714716594 153.48170843404216 498
1739714716599 153.451162590441 499
