1739718653992 0.572240164021447 0
1739718654018 0.38016355462903995 1
1739718654044 0.15840856371920997 2
1739718654069 0.8718879423681041 3
1739718654094 0.21512532022335998 4
1739718654119 0.013669279546032673 5
1739718654145 0.32321184092544136 6
1739718654170 0.8097844311574555 7
1739718654196 0.0183317542010158 8
1739718654223 1.3813448170454712 9
1739718654248 0.09334413927050539 10
1739718654273 0.49956086953263934 11
1739718654299 0.7309855299346968 12
1739718654324 0.10490267910153442 13
1739718654350 0.10059757824869034 14
1739718654375 0.03546745545991049 15
1739718654401 0.005614083800619487 16
1739718654426 0.014062841645099421 17
1739718654452 0.043480997679539335 18
1739718654477 0.09366188668267529 19
1739718654503 0.07503185387991476 20
1739718654527 0.046528273024596827 21
1739718654553 0.3991875362888766 22
1739718654578 0.008690480230290981 23
1739718654603 0.16571596002576097 24
1739718654629 0.022562841645312668 25
1739718654655 0.12141064461013686 26
1739718654680 0.015160262558640615 27
1739718654705 0.2928015837019154 28
1739718654731 0.0013596220471711554 29
1739718654757 0.0385613981041616 30
1739718654783 0.4807353783773527 31
1739718654808 0.0014480011804580242 32
1739718654833 0.07513566742807104 33
1739718654859 0.0006621738028877804 34
1739718654884 0.0849841658996365 35
1739718654910 0.00039617977085114407 36
1739718654935 0.026428966840312113 37
1739718654960 0.0026822189933262096 38
1739718654986 0.0022298304210629474 39
1739718655011 0.2123518324617929 40
1739718655037 0.19629548590392934 41
1739718655062 0.004856143140268008 42
1739718655087 0.0432663998439526 43
1739718655113 0.34305976789230697 44
1739718655139 0.09183763544156208 45
1739718655164 0.08704482290926528 46
1739718655190 0.26556866283883696 47
1739718655216 6.3343730148529135e-06 48
1739718655242 0.22131933813722138 49
1739718655267 0.0405719999129238 50
1739718655292 0.22334950726514669 51
1739718655318 0.0905429756621548 52
1739718655344 0.5618948278254611 53
1739718655371 0.07666886610788266 54
1739718655397 1.007296143556957 55
1739718655422 0.1116890459838125 56
1739718655448 0.3242436928703094 57
1739718655474 1.2905705170078374 58
1739718655499 0.5133143964457123 59
1739718655525 0.14542184007545847 60
1739718655551 0.33815102109224726 61
1739718655576 0.7305364283295933 62
1739718655601 0.5418837069907098 63
1739718655626 0.132396324761455 64
1739718655652 0.0006232105555196816 65
1739718655676 0.017537181793473355 66
1739718655701 1.1188412402479555 67
1739718655727 0.0002660822701472766 68
1739718655752 0.046333957959086444 69
1739718655778 0.016052394085948062 70
1739718655803 0.04389164237401927 71
1739718655829 0.075384074018733 72
1739718655855 0.36057666999752835 73
1739718655880 0.010553333451816197 74
1739718655905 0.22267488661142237 75
1739718655931 0.3784849941926065 76
1739718655956 0.7223828799577585 77
1739718655981 0.12398471846337629 78
1739718656006 0.01781231183817383 79
1739718656031 1.6089176450807268 80
1739718656056 0.0196566891913696 81
1739718656081 0.8192635866015823 82
1739718656107 0.12747718626513352 83
1739718656132 0.24121455091409894 84
1739718656158 0.0013123569371420681 85
1739718656183 0.019948670077720804 86
1739718656209 0.0026789112931055957 87
1739718656234 0.5086543482372998 88
1739718656259 0.01231780278137816 89
1739718656285 0.4851390203362815 90
1739718656310 0.001229368488896613 91
1739718656336 0.000618283923349161 92
1739718656361 0.0028355421907024594 93
1739718656386 1.6450899714818108 94
1739718656411 0.00757355946616657 95
1739718656436 0.1374666105670131 96
1739718656461 0.40178273610264803 97
1739718656486 0.09366204187700221 98
1739718656511 0.012834357148861284 99
1739718656536 0.0006454092080589004 100
1739718656562 0.0317205565058864 101
1739718656587 0.23512126186349208 102
1739718656612 0.060723771124403164 103
1739718656637 0.3398697466553941 104
1739718656663 0.007115900201674377 105
1739718656688 0.2818304333529751 106
1739718656714 1.0839108062574954e-06 107
1739718656739 0.009320067832796165 108
1739718656764 0.007971773431651718 109
1739718656789 0.01603283658689862 110
1739718656814 0.0953420626335682 111
1739718656839 0.2219476238264015 112
1739718656863 0.36431119842067683 113
1739718656888 0.057044937631088304 114
1739718656913 0.09168502659354165 115
1739718656938 0.009174662894594676 116
1739718656963 0.3148244607303776 117
1739718656989 0.12676559835272463 118
1739718657014 0.6600534281319803 119
1739718657040 0.0030431503768711663 120
1739718657065 0.6374452292861902 121
1739718657090 0.030705441758115803 122
1739718657115 0.44394902390434576 123
1739718657140 3.2095383686630034e-06 124
1739718657165 0.022831131957107384 125
1739718657190 0.0018209708699164547 126
1739718657215 0.009720226807561376 127
1739718657241 0.005717245662059233 128
1739718657266 0.07035315303050442 129
1739718657291 0.12415444444865249 130
1739718657316 0.05096408197063134 131
1739718657342 0.006035397098813517 132
1739718657367 0.018587591262470216 133
1739718657394 0.2122091068638667 134
1739718657419 0.5805665351188195 135
1739718657444 0.19510861929103962 136
1739718657470 0.0019632108416584027 137
1739718657495 0.039855676111608146 138
1739718657522 0.0024462667499388227 139
1739718657548 0.08503733091721155 140
1739718657573 0.18386152390463387 141
1739718657599 0.11862717131709784 142
1739718657624 0.03739295586749276 143
1739718657650 0.09444791551450593 144
1739718657676 0.01004192163326969 145
1739718657701 0.31301638909803764 146
1739718657726 0.15819310386207955 147
1739718657751 0.022123833392775464 148
1739718657777 1.2335818815519457e-06 149
1739718657801 0.005230205342858728 150
1739718657827 0.10294586276278307 151
1739718657852 0.15469175557672454 152
1739718657877 0.12620535829701798 153
1739718657902 0.10150390741456485 154
1739718657928 0.000754642820139372 155
1739718657953 0.0005039927506875364 156
1739718657978 0.004859706113447966 157
1739718658004 0.0010398756067560271 158
1739718658029 0.021819411399963105 159
1739718658054 0.5544616751487262 160
1739718658079 0.5591565579161297 161
1739718658104 0.024584591894557316 162
1739718658129 0.08593343622732988 163
1739718658155 8.617068494737623e-06 164
1739718658180 0.0256549434790469 165
1739718658205 0.48131334052312624 166
1739718658230 0.030771822953047246 167
1739718658256 0.3537032196382475 168
1739718658282 0.0060215890808081075 169
1739718658307 0.07933332046953075 170
1739718658333 0.17284289376410505 171
1739718658358 0.024620137780977738 172
1739718658384 0.02536753097147558 173
1739718658409 0.4714870321723194 174
1739718658434 0.4318235886933449 175
1739718658460 0.36673957073217067 176
1739718658485 0.018175430069896317 177
1739718658510 0.02089587929558042 178
1739718658535 0.4415123545247381 179
1739718658561 0.40937722302129687 180
1739718658586 0.11869859185425918 181
1739718658612 0.12198857785004187 182
1739718658637 0.3737856652149242 183
1739718658663 0.007902548945092486 184
1739718658688 0.09772215445708239 185
1739718658713 0.04191108211289669 186
1739718658738 0.14717343308253092 187
1739718658763 0.004079922002193395 188
1739718658789 0.15706161571613483 189
1739718658813 0.3050372508863578 190
1739718658839 0.06382843395947814 191
1739718658864 0.0008540668295159941 192
1739718658889 0.39541148046319086 193
1739718658914 0.394937327606864 194
1739718658939 0.526853375850779 195
1739718658964 0.07715528874103035 196
1739718658990 0.23183974783471345 197
1739718659015 0.2677868775164483 198
1739718659040 0.5170999753598307 199
1739718659066 0.05883886113813672 200
1739718659091 0.07170806065937976 201
1739718659117 0.5941964537018715 202
1739718659142 0.09993689118263623 203
1739718659167 0.0002661409182625936 204
1739718659193 0.3903576470612436 205
1739718659218 0.05480684029037563 206
1739718659243 0.030089627669347196 207
1739718659268 0.3654172007870474 208
1739718659293 0.02871165539900334 209
1739718659319 0.0010674035220598387 210
1739718659344 0.1104518459792326 211
1739718659369 0.005197934912895077 212
1739718659395 0.06041862053257299 213
1739718659420 0.05678015049716056 214
1739718659445 0.004024981993634073 215
1739718659471 0.0007317203755888946 216
1739718659497 0.0701702187686665 217
1739718659522 0.00670360285169451 218
1739718659548 0.26644650353769483 219
1739718659574 0.08261489617023456 220
1739718659599 0.3126623133670466 221
1739718659625 0.015508383288621821 222
1739718659651 0.30871784258598794 223
1739718659676 0.007945472916994847 224
1739718659702 0.07150472265492373 225
1739718659727 0.3239901345390472 226
1739718659752 0.03891553998188031 227
1739718659777 0.07241864790697192 228
1739718659803 0.0030276107276242543 229
1739718659828 0.00018730712671624327 230
1739718659853 0.08523644805864924 231
1739718659879 0.5563107754830978 232
1739718659905 0.0012240907518164233 233
1739718659930 0.03696858617811004 234
1739718659955 0.0027213520911227944 235
1739718659980 0.051662993130473615 236
1739718660005 0.0008714700517633066 237
1739718660030 0.9625231989854057 238
1739718660056 0.055464156714749656 239
1739718660081 0.00228009328418502 240
1739718660106 0.2266697176644858 241
1739718660132 0.08406476563425479 242
1739718660157 0.007632025909568758 243
1739718660183 0.009329818737139117 244
1739718660208 0.16950486742065884 245
1739718660234 0.23949508866565883 246
1739718660259 0.26587124557736375 247
1739718660285 0.20670499805787287 248
1739718660310 0.14668728422868818 249
1739718660339 0.041707058270382444 250
1739718660371 0.1329469564827188 251
1739718660397 0.05987859837669739 252
1739718660422 0.17976871923377402 253
1739718660447 0.0038665030269125302 254
1739718660472 0.026849587551817707 255
1739718660498 0.037315648160413196 256
1739718660523 0.3907577151528102 257
1739718660548 0.1833934045647585 258
1739718660574 0.09768991167107964 259
1739718660599 0.5775299509415165 260
1739718660625 0.0933410795212255 261
1739718660650 1.311185926576962 262
1739718660675 0.0705357043355385 263
1739718660700 0.019642778980116304 264
1739718660725 0.3564548777101036 265
1739718660751 0.37765945421636404 266
1739718660776 0.354940432259738 267
1739718660801 0.5378676292554383 268
1739718660826 0.16673176335797907 269
1739718660851 0.015327668948623242 270
1739718660876 0.11919921191840693 271
1739718660901 0.0007508848019700748 272
1739718660926 0.007850337347128722 273
1739718660951 0.21731691720742533 274
1739718660976 0.1688204708874565 275
1739718661001 0.18807259540467258 276
1739718661026 0.11240296353937798 277
1739718661051 5.827590643693856e-06 278
1739718661076 0.1293887347067278 279
1739718661102 0.037164392274616376 280
1739718661127 0.004299761684751879 281
1739718661153 0.0008095430852654077 282
1739718661178 0.0011240726446933847 283
1739718661203 0.1146889278663711 284
1739718661228 0.41751197902819964 285
1739718661253 0.4980684745283769 286
1739718661279 0.2756842943953232 287
1739718661304 0.06696140146823268 288
1739718661329 0.17881999046210206 289
1739718661354 0.018697866113734994 290
1739718661379 0.04996870274254716 291
1739718661406 0.3308947142005647 292
1739718661431 0.1428665376492008 293
1739718661456 1.4880703235711217 294
1739718661481 0.4207017612705556 295
1739718661506 0.4774920481011029 296
1739718661531 0.21031384748340418 297
1739718661556 0.07113367916912396 298
1739718661582 0.07916217446045168 299
1739718661607 0.2977254389599913 300
1739718661632 1.5575596036076864 301
1739718661657 0.3220068430555317 302
1739718661682 0.4808103847808092 303
1739718661708 0.6327546364984882 304
1739718661733 0.05454595394449992 305
1739718661760 0.5274476153846694 306
1739718661786 0.2689370928656088 307
1739718661811 0.0016977009192917034 308
1739718661837 0.30100740928390257 309
1739718661862 0.0714553340573062 310
1739718661887 0.014315241436485293 311
1739718661913 0.04542533465319139 312
1739718661938 0.012844336897589197 313
1739718661964 0.00028310844720715863 314
1739718661989 0.019147065752001563 315
1739718662015 0.004409368225378838 316
1739718662040 0.06367724924732895 317
1739718662065 0.05911955715343597 318
1739718662090 0.013282522475890061 319
1739718662116 0.09539871899923939 320
1739718662141 0.09188210331792443 321
1739718662166 0.4326275870848988 322
1739718662191 0.0027526411979841812 323
1739718662217 0.3513412585382963 324
1739718662242 0.0006176637853282584 325
1739718662268 0.557706839728513 326
1739718662293 0.0006405190568811488 327
1739718662318 0.22354091483526506 328
1739718662344 0.022125205220467643 329
1739718662369 0.5077253087264648 330
1739718662395 0.07229068962034195 331
1739718662420 0.015146045026667119 332
1739718662446 0.00975345550901548 333
1739718662471 0.2912032282657082 334
1739718662497 0.29885509890080314 335
1739718662523 0.009463375046348144 336
1739718662548 0.7635613382847644 337
1739718662573 0.24372936491772584 338
1739718662599 0.4352124844140891 339
1739718662625 0.00025643796382446066 340
1739718662650 0.7591248433212463 341
1739718662675 0.11228966322348638 342
1739718662700 0.0012211905041363568 343
1739718662726 0.2592969705417495 344
1739718662752 0.184330097358367 345
1739718662778 0.061022806396226294 346
1739718662803 0.030543749365788894 347
1739718662828 0.06798400867483342 348
1739718662854 0.01884644343119506 349
1739718662879 0.0016831826072204138 350
1739718662905 0.16570484152651874 351
1739718662934 0.09038962692101342 352
1739718662962 0.030946909411390094 353
1739718662987 1.308844186297041 354
1739718663013 0.016335913756777613 355
1739718663038 9.299962299110029e-05 356
1739718663063 0.00015618148900161888 357
1739718663088 0.30509108834171195 358
1739718663114 0.010149574282617438 359
1739718663140 0.0007758168636246414 360
1739718663164 0.5513470442328378 361
1739718663189 0.001338208680652879 362
1739718663214 0.43248449807514955 363
1739718663239 3.562533638016423e-05 364
1739718663264 0.00021110866502250725 365
1739718663289 0.3313761506790417 366
1739718663314 6.564383424722718e-05 367
1739718663339 0.09374562347966638 368
1739718663364 0.09032266079452116 369
1739718663390 0.2555477387175453 370
1739718663415 0.0241378913091023 371
1739718663440 0.4636771986378695 372
1739718663465 0.0016406129942603286 373
1739718663490 0.060130024636094875 374
1739718663515 0.022881610258816673 375
1739718663540 0.000849619444400828 376
1739718663565 0.03163473859566522 377
1739718663590 0.6162284860124082 378
1739718663615 0.013642600688348152 379
1739718663641 0.06612126906503796 380
1739718663666 4.8478121442975494e-05 381
1739718663691 0.06368718503060944 382
1739718663716 0.006571141029211542 383
1739718663741 0.05608018203999342 384
1739718663766 2.114521761141994 385
1739718663791 0.15222160308480334 386
1739718663816 0.4510913950861983 387
1739718663842 0.0010321057137280913 388
1739718663867 0.06564884195992962 389
1739718663894 0.015400943966952853 390
1739718663919 0.3719027290024333 391
1739718663945 0.1671919066077313 392
1739718663970 0.03989201604781061 393
1739718663995 0.10445940155304807 394
1739718664020 0.04061301563024842 395
1739718664046 0.11732892378173303 396
1739718664071 0.021139793408298004 397
1739718664096 0.07357954147794876 398
1739718664121 0.26476989756233005 399
1739718664147 0.35176098824228136 400
1739718664172 0.04175704773001264 401
1739718664197 0.06695300696204637 402
1739718664222 0.05319775590687149 403
1739718664248 0.14151725649109378 404
1739718664273 0.016079032046184084 405
1739718664298 0.5088902732660403 406
1739718664324 0.23635989016117737 407
1739718664350 0.2261144665072039 408
1739718664375 0.07920795578824678 409
1739718664400 0.39152792644086587 410
1739718664425 0.00018344228815054764 411
1739718664451 0.2347510009112674 412
1739718664476 0.008375419540262915 413
1739718664501 0.9656080146167474 414
1739718664525 0.25273334908562933 415
1739718664551 0.16451246137407943 416
1739718664576 0.3012234389746198 417
1739718664601 0.002367223914467657 418
1739718664627 1.1864377275722642 419
1739718664653 0.05238881674234574 420
1739718664678 0.054594492417712005 421
1739718664703 0.5046531514682194 422
1739718664728 0.7580380360541425 423
1739718664753 0.1038884815375474 424
1739718664778 0.0400442690013479 425
1739718664803 0.0014646743142210097 426
1739718664829 0.07235038497040197 427
1739718664854 1.2622407636602297 428
1739718664879 0.07152541039279785 429
1739718664905 0.011465605024064351 430
1739718664930 0.08457390538731024 431
1739718664955 0.05122933244981546 432
1739718664981 0.2809875588326403 433
1739718665006 0.014336195645088408 434
1739718665031 0.013782124247588866 435
1739718665057 0.16965579300162761 436
1739718665081 0.07879241278885576 437
1739718665106 0.010809697267800766 438
1739718665132 0.07700939599616068 439
1739718665158 0.35993510583034755 440
1739718665183 0.013957059198914176 441
1739718665208 0.013404195684311554 442
1739718665232 0.3168264017723015 443
1739718665257 0.25998987804678025 444
1739718665282 1.149305246325817 445
1739718665308 0.04347379297187755 446
1739718665333 0.0024094297571042073 447
1739718665359 0.3171318956263925 448
1739718665384 0.20367219306150314 449
1739718665411 0.0002719482649002977 450
1739718665437 0.44129299116365145 451
1739718665462 0.00010036919294961766 452
1739718665487 0.3167793300674617 453
1739718665513 0.2125603584710177 454
1739718665538 0.40039421638258704 455
1739718665563 0.025510713791783435 456
1739718665588 1.2989261236297973 457
1739718665613 0.1645229782099734 458
1739718665638 0.006094671328429368 459
1739718665664 0.01780048701416105 460
1739718665690 0.012216066325865034 461
1739718665715 0.00033300637121178674 462
1739718665740 0.012362788204440181 463
1739718665765 0.48738241965213386 464
1739718665792 0.06791226781481545 465
1739718665818 0.0046762355578830305 466
1739718665844 0.03551911183611918 467
1739718665869 0.311131736820409 468
1739718665895 0.3185215720974533 469
1739718665921 4.7630246950968914e-05 470
1739718665947 0.06796186552697907 471
1739718665974 0.016586356775452667 472
1739718666001 0.004032637805161249 473
1739718666026 0.17640829504716804 474
1739718666052 0.22215312320141078 475
1739718666078 0.050060837723322295 476
1739718666104 0.10130178225406934 477
1739718666129 0.017989564282107243 478
1739718666155 0.3820355172533561 479
1739718666181 0.637595634278534 480
1739718666207 0.01933437859288805 481
1739718666233 0.15364973371218524 482
1739718666258 0.04333180358206951 483
1739718666284 0.09919190985893268 484
1739718666312 0.040146296102652634 485
1739718666338 0.2550465993918796 486
1739718666364 0.342412728209822 487
1739718666389 0.543478334802339 488
1739718666416 0.01303712809926128 489
1739718666442 0.0043018575948534895 490
1739718666468 0.09147282656448417 491
1739718666494 0.26920368352731117 492
1739718666520 0.014493585542505676 493
1739718666545 0.26610049533936203 494
1739718666571 0.5882227720254818 495
1739718666597 0.06002721480946131 496
1739718666622 0.06203033185285033 497
1739718666647 0.018076075807005064 498
1739718666672 0.2533562842703025 499
