1739721910268 151.2520331259345 0
1739721910275 149.24539755441194 1
1739721910281 136.212793646172 2
1739721910291 126.87528262366112 3
1739721910296 124.22236404838223 4
1739721910304 120.4548166295564 5
1739721910312 107.13185546919354 6
1739721910317 96.26304701002134 7
1739721910324 92.65798202066229 8
1739721910331 93.288952028473 9
1739721910337 80.97317853851271 10
1739721910343 86.17402112522366 11
1739721910348 74.8842508820202 12
1739721910354 72.65616413690805 13
1739721910359 63.631617286189005 14
1739721910365 63.62896272559887 15
1739721910369 59.97986570293249 16
1739721910375 52.43880016026618 17
1739721910380 49.99442238893206 18
1739721910385 49.8243162644353 19
1739721910390 41.234293900561624 20
1739721910395 39.660317754389396 21
1739721910401 37.493367440783395 22
1739721910406 34.82323612028434 23
1739721910411 33.895221154876104 24
1739721910416 33.314336834546566 25
1739721910421 28.902608557586156 26
1739721910426 25.86917113881497 27
1739721910431 28.705869885662494 28
1739721910436 24.895198635306308 29
1739721910442 23.723802191561536 30
1739721910448 23.38552210461963 31
1739721910454 22.600014971867928 32
1739721910462 19.284921717421277 33
1739721910468 16.616099852911013 34
1739721910473 19.312367962978833 35
1739721910479 14.520944718636574 36
1739721910485 14.502621697131 37
1739721910490 16.517868590325737 38
1739721910496 13.518222216172635 39
1739721910501 14.1025072416601 40
1739721910507 11.334328411610553 41
1739721910513 10.416015361302062 42
1739721910519 10.111425942860325 43
1739721910524 10.739491660446312 44
1739721910529 9.22194691393963 45
1739721910534 9.165936374733876 46
1739721910540 7.771632049954508 47
1739721910545 7.38617100368263 48
1739721910550 6.6201178714686995 49
1739721910555 6.5092952391191305 50
1739721910561 4.740941619922453 51
1739721910566 6.164281276185739 52
1739721910571 5.786712729806215 53
1739721910577 5.5877927530252895 54
1739721910582 5.149378400559245 55
1739721910588 4.181387015512008 56
1739721910593 5.090980541858562 57
1739721910598 3.6913067393422097 58
1739721910604 4.048869823387986 59
1739721910609 3.2323896313452285 60
1739721910615 4.103219502591548 61
1739721910620 3.361562259622094 62
1739721910626 3.1146621005948867 63
1739721910632 2.895434509729991 64
1739721910637 3.1917534828662864 65
1739721910642 2.785082349873435 66
1739721910647 1.5639388209559706 67
1739721910653 2.2558862262994355 68
1739721910658 2.214617080226802 69
1739721910664 2.36056132554551 70
1739721910669 2.015338444590225 71
1739721910674 1.482435464593126 72
1739721910679 2.1339110625006477 73
1739721910684 1.2735608887002299 74
1739721910690 1.4492732712773488 75
1739721910695 1.5831073029511795 76
1739721910701 1.3631144320809336 77
1739721910707 0.8317465053185894 78
1739721910712 1.0728506318509743 79
1739721910717 0.8762223480916708 80
1739721910723 1.3360305975571736 81
1739721910728 1.3685133233265647 82
1739721910733 0.8771882408723954 83
1739721910739 0.7503028211597361 84
1739721910744 0.849010683371116 85
1739721910750 0.6973069663422223 86
1739721910755 1.0076453150600653 87
1739721910760 0.5404593862490026 88
1739721910766 0.6881610939283545 89
1739721910771 0.8212607974562964 90
1739721910777 0.5164991013328835 91
1739721910782 0.6752711220401746 92
1739721910787 0.4853182716734866 93
1739721910792 0.5194443974332027 94
1739721910797 0.4952918888756389 95
1739721910803 0.36728463878545 96
1739721910808 0.2933349960609737 97
1739721910813 0.35697388782387135 98
1739721910817 0.3705964839178933 99
1739721910823 0.33929646859277324 100
1739721910828 0.48888487564732663 101
1739721910833 0.42070422709418376 102
1739721910838 0.2723878992912111 103
1739721910844 0.2466207395140282 104
1739721910850 0.52521942057884 105
1739721910856 0.30800685045678183 106
1739721910861 0.3053243738778056 107
1739721910867 0.14358714970137612 108
1739721910872 0.20004156795822825 109
1739721910877 0.4334827313063583 110
1739721910883 0.22566417950624473 111
1739721910888 0.19939831575639383 112
1739721910901 0.22894062590922934 113
1739721910909 0.18056120971407402 114
1739721910915 0.20198291685685688 115
1739721910920 0.07307964885604822 116
1739721910925 0.19789685777414506 117
1739721910931 0.18545473270293109 118
1739721910936 0.21076222772255745 119
1739721910941 0.17573055884560673 120
1739721910946 0.19503609740882058 121
1739721910951 0.11466425557756771 122
1739721910956 0.21281644633170002 123
1739721910963 0.061678249384029486 124
1739721910969 0.1175702138969003 125
1739721910974 0.21336669362301233 126
1739721910980 0.1008445263251448 127
1739721910985 0.13042857272772393 128
1739721910991 0.14591708535068204 129
1739721910997 0.16129836360132516 130
1739721911004 0.18101546083429193 131
1739721911014 0.10430882245028678 132
1739721911027 0.08703044417151086 133
1739721911032 0.2771773449400698 134
1739721911038 0.04520960154763877 135
1739721911044 0.11784251137029167 136
1739721911049 0.13779006178665154 137
1739721911055 0.15874145459103473 138
1739721911061 0.2578177060620528 139
1739721911067 0.07945171013836486 140
1739721911072 0.17669219992391175 141
1739721911077 0.16397671454924825 142
1739721911083 0.26371586528887425 143
1739721911089 0.19309486374066415 144
1739721911093 0.1180399678944916 145
1739721911099 0.18256219177567584 146
1739721911104 0.13993407367344984 147
1739721911109 0.11740524169563324 148
1739721911114 0.24234596237150555 149
1739721911119 0.16271676263086216 150
1739721911125 0.09569344888097522 151
1739721911130 0.09253794291632388 152
1739721911135 0.05738316979655194 153
1739721911140 0.09607552799927613 154
1739721911145 0.04267453943366073 155
1739721911150 0.11706518905700469 156
1739721911155 0.08478800327521199 157
1739721911161 0.10755233068257253 158
1739721911166 0.062357442894001476 159
1739721911171 0.061845637106206705 160
1739721911177 0.1432479000204374 161
1739721911182 0.06703632054571772 162
1739721911187 0.10982104852862944 163
1739721911193 0.1447972975954688 164
1739721911198 0.07501236771822317 165
1739721911203 0.11017489652041755 166
1739721911208 0.08519266182918318 167
1739721911214 0.10241810928384701 168
1739721911219 0.18438385287226286 169
1739721911224 0.07771258674699907 170
1739721911230 0.1263537737422273 171
1739721911235 0.05851022627554503 172
1739721911240 0.18132529472957037 173
1739721911245 0.09505862491325089 174
1739721911250 0.28383009902348194 175
1739721911256 0.16209591419521568 176
1739721911261 0.04773748839652292 177
1739721911266 0.08968111395292216 178
1739721911271 0.25167729843775694 179
1739721911277 0.12083658510120077 180
1739721911282 0.06725997631532549 181
1739721911287 0.06357588561333712 182
1739721911292 0.2691549630813671 183
1739721911297 0.06621319581912048 184
1739721911302 0.14159394973490966 185
1739721911308 0.044331694598609424 186
1739721911313 0.03293315471215546 187
1739721911318 0.14640855464163632 188
1739721911323 0.09735992003638515 189
1739721911328 0.03771927279583154 190
1739721911333 0.09104138714147401 191
1739721911338 0.14506205299914476 192
1739721911343 0.10659493977716591 193
1739721911349 0.03533858237835815 194
1739721911354 0.1034743579895425 195
1739721911359 0.2435456150630402 196
1739721911364 0.049985117270474375 197
1739721911369 0.10304813423224936 198
1739721911375 0.125139922238328 199
1739721911380 0.18756233364483907 200
1739721911385 0.1289516222667977 201
1739721911390 0.2165448659703305 202
1739721911395 0.11531266623337236 203
1739721911400 0.15977064932560894 204
1739721911406 0.06616146959145748 205
1739721911412 0.10202724825809267 206
1739721911418 0.136091334680166 207
1739721911423 0.02359245344384216 208
1739721911429 0.08379189450449086 209
1739721911435 0.05277866884367931 210
1739721911440 0.06335659064692038 211
1739721911446 0.05956465373673086 212
1739721911451 0.08925091741128265 213
1739721911457 0.12903844848332627 214
1739721911465 0.05417441846896068 215
1739721911472 0.24818822599611934 216
1739721911479 0.11188915057434395 217
1739721911486 0.08008776831447331 218
1739721911491 0.0633485984915021 219
1739721911497 0.05975800485044527 220
1739721911502 0.08174376654335644 221
1739721911508 0.07598809115789863 222
1739721911514 0.05064159157630359 223
1739721911519 0.07274011565110007 224
1739721911524 0.05814214701394457 225
1739721911529 0.06350495736258081 226
1739721911534 0.10967144903342482 227
1739721911540 0.05091324248762312 228
1739721911545 0.061991984618631354 229
1739721911551 0.2073613109614013 230
1739721911556 0.05564201266274359 231
1739721911561 0.09330285619598574 232
1739721911566 0.15470133620257587 233
1739721911571 0.06366712748180417 234
1739721911577 0.16103443714549154 235
1739721911582 0.07684342756447535 236
1739721911588 0.06579910302261004 237
1739721911593 0.040173224347233666 238
1739721911598 0.09486005374289443 239
1739721911604 0.2479846218321897 240
1739721911609 0.1567420367572992 241
1739721911614 0.3103773908761896 242
1739721911619 0.08789547565923465 243
1739721911624 0.0616786053820878 244
1739721911630 0.09119386654471852 245
1739721911635 0.24828072682428357 246
1739721911640 0.12947927857924207 247
1739721911645 0.06007330667545997 248
1739721911650 0.0840169493239223 249
1739721911656 0.06557924489910338 250
1739721911662 0.10786185806470014 251
1739721911667 0.0846293655291177 252
1739721911672 0.11871975925942069 253
1739721911678 0.09918109051284038 254
1739721911683 0.12700304935863163 255
1739721911688 0.04791250120039732 256
1739721911693 0.06577989530141796 257
1739721911699 0.16024956958080655 258
1739721911704 0.13099445228794937 259
1739721911710 0.06761231419913606 260
1739721911715 0.1205065842697662 261
1739721911720 0.10993667436908193 262
1739721911725 0.11222769284325523 263
1739721911731 0.05525768825194314 264
1739721911736 0.12256665429690684 265
1739721911742 0.042944410238668414 266
1739721911747 0.06502133111037615 267
1739721911753 0.06837669952007937 268
1739721911758 0.10045763944816924 269
1739721911764 0.06885365178635859 270
1739721911769 0.06635156964527843 271
1739721911775 0.029171699572942134 272
1739721911781 0.12475421454629984 273
1739721911786 0.10091198613852806 274
1739721911791 0.026201620674685858 275
1739721911797 0.2092900358883575 276
1739721911802 0.06791358824043157 277
1739721911808 0.06438991361051408 278
1739721911813 0.06831582169792363 279
1739721911818 0.09078311679109964 280
1739721911824 0.07301461021441395 281
1739721911829 0.08120927013370577 282
1739721911834 0.0641074950098127 283
1739721911840 0.07961431024102887 284
1739721911846 0.12085552538528839 285
1739721911851 0.29633089188366973 286
1739721911857 0.0787949226854349 287
1739721911863 0.09041222781469614 288
1739721911868 0.06566741783887203 289
1739721911874 0.0824211039728166 290
1739721911880 0.14596100020793978 291
1739721911886 0.046362768966234105 292
1739721911891 0.14652971900744619 293
1739721911897 0.09753970508803698 294
1739721911902 0.07273430202416357 295
1739721911907 0.09681608033209252 296
1739721911913 0.052076637070485196 297
1739721911919 0.16310228654721687 298
1739721911924 0.04031848373399222 299
1739721911929 0.059464120773557345 300
1739721911934 0.12367013478418507 301
1739721911939 0.07607852900627529 302
1739721911944 0.031718211415821713 303
1739721911949 0.08911554682092303 304
1739721911954 0.14116395201060375 305
1739721911959 0.12089275238340674 306
1739721911964 0.18906248035777562 307
1739721911969 0.08290436458472479 308
1739721911975 0.07042765301262133 309
1739721911980 0.06794891664128958 310
1739721911985 0.10108070950670228 311
1739721911990 0.09056942582329477 312
1739721911995 0.11099291355339337 313
1739721912000 0.12212537956558847 314
1739721912006 0.09912004927041601 315
1739721912011 0.021831997050550257 316
1739721912016 0.0737651436253261 317
1739721912022 0.10400115443429003 318
1739721912027 0.18127068081216535 319
1739721912033 0.10010504392862965 320
1739721912039 0.10634822130395796 321
1739721912044 0.16485667482518468 322
1739721912049 0.05408954151433008 323
1739721912055 0.07244926692181153 324
1739721912060 0.13669328368520597 325
1739721912065 0.08520998273440343 326
1739721912071 0.06776322199706142 327
1739721912075 0.06211697223327969 328
1739721912081 0.0617267588196606 329
1739721912086 0.16781481953626587 330
1739721912091 0.07846370415247751 331
1739721912097 0.29944684034862157 332
1739721912102 0.10124523087882156 333
1739721912107 0.15125270529054333 334
1739721912113 0.13032528068289517 335
1739721912117 0.07114433133689205 336
1739721912123 0.04488908882690095 337
1739721912129 0.09828821562929088 338
1739721912134 0.07130715904263471 339
1739721912140 0.2671724353054559 340
1739721912145 0.14994018894271333 341
1739721912150 0.10345596546657726 342
1739721912155 0.05068867486680879 343
1739721912161 0.14514536294844843 344
1739721912166 0.09903731121677063 345
1739721912172 0.11353292858265916 346
1739721912177 0.07582755017180007 347
1739721912183 0.14640388787157502 348
1739721912188 0.09348782131557364 349
1739721912193 0.09038469928385594 350
1739721912198 0.060117907046309496 351
1739721912203 0.07213389444384499 352
1739721912208 0.05129012733195769 353
1739721912214 0.049656092979952396 354
1739721912219 0.09651761450984365 355
1739721912224 0.026402522251078524 356
1739721912230 0.16202399242313048 357
1739721912235 0.19403885600938053 358
1739721912240 0.10630472103669827 359
1739721912245 0.11001866445617144 360
1739721912250 0.07421513648425243 361
1739721912255 0.18384335481267192 362
1739721912260 0.05206898396939452 363
1739721912266 0.08035114403358018 364
1739721912271 0.08677452765620483 365
1739721912276 0.08579255403151333 366
1739721912282 0.08520688051159374 367
1739721912288 0.09544428614792166 368
1739721912293 0.09549042892384033 369
1739721912298 0.0889534266430644 370
1739721912303 0.05539476840612383 371
1739721912308 0.0780871886121149 372
1739721912313 0.06515805068098807 373
1739721912318 0.08491766732653341 374
1739721912324 0.0846293562140934 375
1739721912329 0.11547668269437997 376
1739721912334 0.11597265421933514 377
1739721912339 0.13085130816324447 378
1739721912345 0.044457473088168956 379
1739721912350 0.06517906997723219 380
1739721912355 0.14037518146569147 381
1739721912360 0.07787380112794086 382
1739721912365 0.0888564681717706 383
1739721912370 0.07005782129583582 384
1739721912376 0.08328921154399548 385
1739721912381 0.04900906872610081 386
1739721912386 0.04539690550283989 387
1739721912392 0.19256187417368972 388
1739721912397 0.06252886469816463 389
1739721912402 0.046597973626590024 390
1739721912407 0.06897421891686888 391
1739721912413 0.06915994509053454 392
1739721912418 0.10451105925523202 393
1739721912423 0.0567095842560355 394
1739721912429 0.06492426220428357 395
1739721912434 0.07624939165906866 396
1739721912440 0.2161979104259621 397
1739721912454 0.040390021265373194 398
1739721912460 0.0545700454873797 399
1739721912465 0.06357508458562472 400
1739721912471 0.016912827653090788 401
1739721912476 0.1189413300702984 402
1739721912481 0.05722281789732974 403
1739721912487 0.047586443413882226 404
1739721912492 0.027332211769425904 405
1739721912497 0.11722742681856899 406
1739721912502 0.0987237740968993 407
1739721912508 0.13251127783131159 408
1739721912513 0.03678682500763045 409
1739721912519 0.06584765239402011 410
1739721912524 0.061798656849525305 411
1739721912529 0.08086471457596646 412
1739721912534 0.054738433387754255 413
1739721912539 0.0673228168222037 414
1739721912545 0.08142276447693814 415
1739721912550 0.0773645709039643 416
1739721912555 0.16809396092371404 417
1739721912560 0.11999489628937658 418
1739721912565 0.064643871507011 419
1739721912571 0.049727113265070524 420
1739721912576 0.26978269405528416 421
1739721912581 0.06009468211073697 422
1739721912587 0.12905776635004626 423
1739721912592 0.1104686859139563 424
1739721912596 0.072848896278237 425
1739721912601 0.047663939353771306 426
1739721912606 0.10959857816222553 427
1739721912612 0.05158724684526031 428
1739721912617 0.07002509751621765 429
1739721912622 0.09029539354294684 430
1739721912628 0.07907613119467426 431
1739721912633 0.04187564571183555 432
1739721912638 0.04161742291333895 433
1739721912644 0.08608935799358888 434
1739721912649 0.0697987224737673 435
1739721912654 0.1931906529653969 436
1739721912660 0.07741687730850837 437
1739721912665 0.10991740599149462 438
1739721912670 0.06428207647223572 439
1739721912675 0.02922072101793271 440
1739721912680 0.12540941346844622 441
1739721912687 0.1085310982186903 442
1739721912692 0.0958783981836384 443
1739721912698 0.11421225416917505 444
1739721912704 0.3169071591399464 445
1739721912710 0.049684917998637154 446
1739721912715 0.06736877541539998 447
1739721912721 0.09131262678757954 448
1739721912726 0.09417055987601214 449
1739721912732 0.07292066536970905 450
1739721912737 0.0638606089040499 451
1739721912742 0.06064203006174333 452
1739721912748 0.04280378661991762 453
1739721912754 0.06102764949847033 454
1739721912760 0.18089582464558818 455
1739721912766 0.12691647754011343 456
1739721912771 0.09087710341982659 457
1739721912777 0.04407297180428663 458
1739721912783 0.05639593084453149 459
1739721912789 0.100087047911275 460
1739721912794 0.11736832586999202 461
1739721912800 0.041044264361363686 462
1739721912804 0.13728359383712957 463
1739721912810 0.11769567601805461 464
1739721912815 0.041226576953846496 465
1739721912820 0.08781659830059499 466
1739721912825 0.10692491672548796 467
1739721912830 0.1342549777243986 468
1739721912836 0.08012741381885456 469
1739721912841 0.05971957872939872 470
1739721912846 0.0981519929533208 471
1739721912851 0.02024891409032377 472
1739721912856 0.05635923983248763 473
1739721912861 0.14366834762671163 474
1739721912867 0.12381240158695336 475
1739721912872 0.15001465267648736 476
1739721912877 0.02515360188931985 477
1739721912883 0.06771851018254882 478
1739721912888 0.0952285621458323 479
1739721912893 0.08064446507788964 480
1739721912899 0.06466707636146087 481
1739721912904 0.04492790314052364 482
1739721912909 0.08757227771512383 483
1739721912914 0.060043014862476214 484
1739721912920 0.09680713067550495 485
1739721912925 0.04336701862972403 486
1739721912930 0.09440860507182089 487
1739721912935 0.1320550624141903 488
1739721912940 0.07463565503589423 489
1739721912945 0.09893779756637001 490
1739721912950 0.08737975340243267 491
1739721912955 0.11311598177312147 492
1739721912961 0.09396921854797576 493
1739721912966 0.045099367205851185 494
1739721912971 0.12337607513290229 495
1739721912976 0.14733121792935183 496
1739721912981 0.07465474661561117 497
1739721912987 0.07517847349550028 498
1739721912992 0.061166692075694556 499
