1739718986219 82.88333446680765 0
1739718986245 46.65866287808836 1
1739718986271 25.672232476008624 2
1739718986297 18.79944020734058 3
1739718986322 12.983147039218148 4
1739718986348 5.829317790521014 5
1739718986374 5.596139411238044 6
1739718986400 4.636851937707235 7
1739718986427 7.9152354824549445 8
1739718986453 3.1909286830580124 9
1739718986479 6.575534730037537 10
1739718986505 4.652670526507175 11
1739718986531 6.347465297405641 12
1739718986557 4.647745753340255 13
1739718986583 2.124992952340281 14
1739718986609 4.5463513622465905 15
1739718986635 3.9090470405673075 16
1739718986660 2.3780331974133286 17
1739718986686 4.99510137528589 18
1739718986711 6.074077718038589 19
1739718986738 5.489690528967237 20
1739718986764 4.9142199969021 21
1739718986791 5.795709946925488 22
1739718986817 5.912692109318396 23
1739718986844 4.05911253808951 24
1739718986869 5.033789681986393 25
1739718986895 4.547263568180983 26
1739718986922 2.400623784421484 27
1739718986948 2.477410965315203 28
1739718986973 5.256799870417404 29
1739718986999 4.576200153030419 30
1739718987026 4.261090059351993 31
1739718987052 3.552901807166394 32
1739718987078 5.573280249952722 33
1739718987105 4.17658133168474 34
1739718987131 4.143870797721485 35
1739718987157 3.6771142933210204 36
1739718987183 4.72585707297362 37
1739718987209 1.1470866259987191 38
1739718987235 3.1157263255574827 39
1739718987261 5.439848084388638 40
1739718987287 5.435235120117081 41
1739718987312 6.188077071082529 42
1739718987338 3.709450428203748 43
1739718987364 6.5968885416738825 44
1739718987389 5.479898302808752 45
1739718987420 3.6677930101065304 46
1739718987446 2.660463510069609 47
1739718987472 3.0729375591458683 48
1739718987498 6.876651176872594 49
1739718987524 5.598026369487029 50
