1739714657595 169.32176760798075 0
1739714657599 168.98278959319538 1
1739714657604 168.64456018689052 2
1739714657608 168.30707765958792 3
1739714657612 167.9703402859332 4
1739714657617 167.6343463446854 5
1739714657621 167.29909411870707 6
1739714657625 166.96458189495397 7
1739714657629 166.63080796446525 8
1739714657633 166.2977706223533 9
1739714657637 165.96546816779374 10
1739714657641 165.63389890401567 11
1739714657644 165.30306113829113 12
1739714657648 164.97295318192602 13
1739714657652 164.64357335024945 14
1739714657656 164.31491996260436 15
1739714657660 163.98699134233738 16
1739714657664 163.65978581678917 17
1739714657667 163.3333017172845 18
1739714657672 163.00753737912268 19
1739714657676 162.68249114156754 20
1739714657680 162.35816134783786 21
1739714657684 162.0345463450978 22
1739714657688 161.7116444844468 23
1739714657692 161.38945412091053 24
1739714657696 161.06797361343075 25
1739714657700 160.74720132485598 26
1739714657704 160.42713562193185 27
1739714657708 160.10777487529148 28
1739714657712 159.78911745944615 29
1739714657717 159.47116175277557 30
1739714657720 159.1539061375186 31
1739714657724 158.8373489997636 32
1739714657728 158.5214887294392 33
1739714657732 158.20632372030465 34
1739714657736 157.89185236994084 35
1739714657740 157.57807307974042 36
1739714657744 157.26498425489882 37
1739714657748 156.95258430440498 38
1739714657752 156.64087164103174 39
1739714657756 156.3298446813269 40
1739714657760 156.01950184560383 41
1739714657764 155.70984155793218 42
1739714657768 155.40086224612892 43
1739714657772 155.09256234174902 44
1739714657776 154.7849402800762 45
1739714657780 154.477994500114 46
1739714657785 154.17172344457666 47
1739714657789 153.8661255598799 48
1739714657793 153.5611992961319 49
1739714657798 153.2569431071245 50
1739714657803 152.95335545032387 51
1739714657807 152.65043478686175 52
1739714657812 152.34817958152644 53
1739714657816 152.04658830275363 54
1739714657820 151.74565942261796 55
1739714657824 151.44539141682364 56
1739714657828 151.14578276469587 57
1739714657832 150.8468319491719 58
1739714657836 150.54853745679227 59
1739714657840 150.2508977776918 60
1739714657844 149.9539114055911 61
1739714657848 149.65757683778756 62
1739714657852 149.36189257514687 63
1739714657856 149.06685712209398 64
1739714657860 148.77246898660465 65
1739714657865 148.47872668019673 66
1739714657868 148.18562871792153 67
1739714657872 147.893173618355 68
1739714657876 147.60135990358947 69
1739714657880 147.3101860992247 70
1739714657884 147.01965073435963 71
1739714657888 146.7297523415836 72
1739714657892 146.44048945696798 73
1739714657896 146.1518606200577 74
1739714657901 145.86386437386253 75
1739714657905 145.5764992648489 76
1739714657909 145.2897638429313 77
1739714657913 145.00365666146416 78
1739714657918 144.71817627723286 79
1739714657921 144.433321250446 80
1739714657925 144.1490901447267 81
1739714657929 143.86548152710435 82
1739714657933 143.58249396800636 83
1739714657937 143.30012604124977 84
1739714657941 143.01837632403306 85
1739714657945 142.73724339692788 86
1739714657949 142.45672584387086 87
1739714657953 142.1768222521554 88
1739714657957 141.8975312124234 89
1739714657960 141.61885131865725 90
1739714657964 141.34078116817162 91
1739714657968 141.06331936160524 92
1739714657972 140.78646450291296 93
1739714657976 140.51021519935776 94
1739714657980 140.2345700615022 95
1739714657985 139.95952770320102 96
1739714657989 139.68508674159273 97
1739714657992 139.41124579709168 98
1739714657996 139.13800349338015 99
1739714658005 138.86535845740033 100
1739714658013 138.59330931934647 101
1739714658017 138.3218547126568 102
1739714658021 138.05099327400586 103
1739714658025 137.78072364329637 104
1739714658029 137.51104446365164 105
1739714658034 137.2419543814075 106
1739714658037 136.9734520461046 107
1739714658042 136.70553611048058 108
1739714658046 136.43820523046233 109
1739714658050 136.17145806515825 110
1739714658054 135.90529327685027 111
1739714658057 135.6397095309866 112
1739714658061 135.37470549617356 113
1739714658065 135.11027984416816 114
1739714658069 134.84643124987036 115
1739714658073 134.58315839131546 116
1739714658077 134.32045994966643 117
1739714658081 134.05833460920636 118
1739714658084 133.7967810573308 119
1739714658088 133.53579798454032 120
1739714658093 133.27538408443286 121
1739714658097 133.01553805369616 122
1739714658111 132.75625859210047 123
1739714658115 132.49754440249072 124
1739714658119 132.2393941907794 125
1739714658123 131.98180666593882 126
1739714658127 131.72478053999396 127
1739714658131 131.46831452801476 128
1739714658135 131.21240734810888 129
1739714658139 130.95705772141437 130
1739714658143 130.7022643720922 131
1739714658148 130.44802602731897 132
1739714658152 130.1943414172796 133
1739714658156 129.94120927516 134
1739714658160 129.68862833713973 135
1739714658164 129.43659734238494 136
1739714658168 129.1851150330408 137
1739714658172 128.93418015422458 138
1739714658176 128.68379145401826 139
1739714658181 128.43394768346133 140
1739714658185 128.18464759654373 141
1739714658189 127.93588995019857 142
1739714658193 127.68767350429508 143
1739714658197 127.43999702163146 144
1739714658201 127.19285926792767 145
1739714658205 126.94625901181854 146
1739714658209 126.70019502484654 147
1739714658213 126.45466608145477 148
1739714658217 126.20967095898004 149
1739714658221 125.96520843764563 150
1739714658226 125.72127730055446 151
1739714658230 125.47787633368208 152
1739714658234 125.23500432586965 153
1739714658238 124.9926600688171 154
1739714658242 124.75084235707608 155
1739714658246 124.50954998804308 156
1739714658251 124.2687817619526 157
1739714658255 124.02853648187022 158
1739714658259 123.78881295368572 159
1739714658263 123.54960998610633 160
1739714658267 123.31092639064977 161
1739714658271 123.07276098163754 162
1739714658275 122.83511257618812 163
1739714658280 122.59797999421012 164
1739714658284 122.3613620583956 165
1739714658288 122.12525759421335 166
1739714658292 121.88966542990207 167
1739714658296 121.6545843964637 168
1739714658300 121.42001332765679 169
1739714658304 121.18595105998978 170
1739714658308 120.95239643271428 171
1739714658312 120.71934828781853 172
1739714658316 120.48680547002076 173
1739714658320 120.25476682676252 174
1739714658324 120.02323120820216 175
1739714658328 119.79219746720821 176
1739714658332 119.56166445935281 177
1739714658336 119.33163104290524 178
1739714658340 119.1020960788253 179
1739714658345 118.8730584307569 180
1739714658348 118.64451696502147 181
1739714658353 118.41647055061155 182
1739714658357 118.18891805918429 183
1739714658361 117.9618583650551 184
1739714658365 117.73529034519102 185
1739714658369 117.5092128792045 186
1739714658373 117.28362484934696 187
1739714658377 117.05852514050238 188
1739714658381 116.83391264018087 189
1739714658385 116.60978623851247 190
1739714658389 116.38614482824072 191
1739714658393 116.16298730471632 192
1739714658398 115.94031256589092 193
1739714658402 115.71811951231078 194
1739714658406 115.49640704711048 195
1739714658410 115.27517407600672 196
1739714658413 115.05441950729201 197
1739714658417 114.83414225182852 198
1739714658421 114.61434122304186 199
1739714658425 114.39501533691482 200
1739714658428 114.17616351198127 201
1739714658433 113.95778466931993 202
1739714658437 113.7398777325483 203
1739714658441 113.52244162781649 204
1739714658445 113.30547528380112 205
1739714658449 113.08897763169914 206
1739714658453 112.87294760522185 207
1739714658456 112.65738414058882 208
1739714658460 112.44228617652176 209
1739714658464 112.22765265423855 210
1739714658468 112.01348251744716 211
1739714658472 111.79977471233966 212
1739714658476 111.58652818758627 213
1739714658479 111.37374189432937 214
1739714658483 111.1614147861774 215
1739714658487 110.94954581919912 216
1739714658491 110.73813395191749 217
1739714658496 110.52717814530394 218
1739714658500 110.31667736277221 219
1739714658505 110.10663057017274 220
1739714658509 109.89703673578653 221
1739714658513 109.68789483031946 222
1739714658517 109.47920382689642 223
1739714658521 109.2709627010554 224
1739714658525 109.06317043074168 225
1739714658529 108.85582599630209 226
1739714658533 108.64892838047915 227
1739714658538 108.44247656840544 228
1739714658542 108.23646954759761 229
1739714658546 108.03090630795076 230
1739714658550 107.82578584173278 231
1739714658554 107.62110714357847 232
1739714658558 107.41686921048395 233
1739714658562 107.21307104180092 234
1739714658567 107.00971163923101 235
1739714658570 106.80679000682011 236
1739714658574 106.6043051509527 237
1739714658578 106.4022560803462 238
1739714658582 106.2006418060455 239
1739714658586 105.99946134141712 240
1739714658590 105.79871370214377 241
1739714658594 105.59839790621874 242
1739714658598 105.39851297394034 243
1739714658602 105.19905792790634 244
1739714658606 105.00003179300839 245
1739714658611 104.80143359642662 246
1739714658615 104.60326236762398 247
1739714658618 104.40551713834083 248
1739714658622 104.20819694258942 249
1739714658626 104.01130081664851 250
1739714658631 103.81482779905777 251
1739714658635 103.61877693061246 252
1739714658639 103.42314725435793 253
1739714658643 103.22793781558427 254
1739714658647 103.03314766182078 255
1739714658651 102.83877584283077 256
1739714658655 102.64482141060604 257
1739714658659 102.45128341936156 258
1739714658663 102.25816092553012 259
1739714658667 102.06545298775701 260
1739714658671 101.87315866689471 261
1739714658675 101.68127702599752 262
1739714658678 101.48980713031632 263
1739714658682 101.29874804729326 264
1739714658687 101.10809884655652 265
1739714658691 100.91785859991498 266
1739714658695 100.72802638135315 267
1739714658699 100.53860126702567 268
1739714658703 100.34958233525232 269
1739714658707 100.16096866651276 270
1739714658711 99.97275934344125 271
1739714658715 99.7849534508216 272
1739714658719 99.59755007558185 273
1739714658723 99.41054830678934 274
1739714658727 99.2239472356453 275
1739714658731 99.03774595547989 276
1739714658735 98.85194356174713 277
1739714658739 98.66653915201965 278
1739714658744 98.48153182598365 279
1739714658748 98.29692068543386 280
1739714658752 98.1127048342685 281
1739714658756 97.92888337848407 282
1739714658760 97.74545542617057 283
1739714658764 97.5624200875062 284
1739714658768 97.3797764747525 285
1739714658773 97.19752370224936 286
1739714658777 97.01566088640993 287
1739714658780 96.83418714571573 288
1739714658784 96.65310160071158 289
1739714658789 96.47240337400083 290
1739714658793 96.29209159024023 291
1739714658801 96.11216537613505 292
1739714658806 95.93262386043423 293
1739714658811 95.75346617392545 294
1739714658816 95.57469144943016 295
1739714658820 95.3962988217988 296
1739714658824 95.21828742790586 297
1739714658828 95.04065640664506 298
1739714658833 94.86340489892453 299
1739714658837 94.68653204766183 300
1739714658841 94.51003699777942 301
1739714658845 94.3339188961995 302
1739714658849 94.15817689183946 303
1739714658853 93.98281013560704 304
1739714658857 93.80781778039547 305
1739714658862 93.63319898107883 306
1739714658866 93.45895289450719 307
1739714658871 93.28507867950196 308
1739714658875 93.11157549685113 309
1739714658880 92.93844250930447 310
1739714658885 92.76567888156904 311
1739714658889 92.59328378030422 312
1739714658893 92.42125637411728 313
1739714658897 92.24959583355857 314
1739714658901 92.07830133111682 315
1739714658906 91.90737204121469 316
1739714658909 91.73680714020394 317
1739714658913 91.56660580636087 318
1739714658918 91.39676721988178 319
1739714658922 91.22729056287822 320
1739714658927 91.05817501937257 321
1739714658931 90.88941977529336 322
1739714658935 90.72102401847066 323
1739714658939 90.55298693863162 324
1739714658943 90.38530772739591 325
1739714658948 90.2179855782712 326
1739714658952 90.05101968664849 327
1739714658957 89.88440924979784 328
1739714658961 89.71815346686367 329
1739714658965 89.55225153886036 330
1739714658969 89.38670266866772 331
1739714658974 89.22150606102669 332
1739714658979 89.05666092253455 333
1739714658983 88.89216646164087 334
1739714658987 88.72802188864274 335
1739714658991 88.56422641568062 336
1739714658995 88.40077925673368 337
1739714658999 88.23767962761556 338
1739714659004 88.07492674597 339
1739714659008 87.91251983126628 340
1739714659013 87.75045810479504 341
1739714659018 87.58874078966383 342
1739714659023 87.42736711079279 343
1739714659027 87.26633629491027 344
1739714659031 87.10564757054858 345
1739714659036 86.9453001680396 346
1739714659042 86.78529331951047 347
1739714659047 86.62562625887941 348
1739714659051 86.4662982218513 349
1739714659056 86.30730844591349 350
1739714659061 86.14865617033148 351
1739714659066 85.99034063614468 352
1739714659071 85.83236108616225 353
1739714659075 85.6747167649587 354
1739714659079 85.51740691886988 355
1739714659084 85.36043079598859 356
1739714659089 85.20378764616045 357
1739714659093 85.0474767209797 358
1739714659098 84.89149727378506 359
1739714659102 84.7358485596555 360
1739714659107 84.58052983540607 361
1739714659115 84.42554035958385 362
1739714659119 84.27087939246373 363
1739714659124 84.11654619604423 364
1739714659129 83.96254003404354 365
1739714659134 83.80886017189526 366
1739714659138 83.65550587674437 367
1739714659143 83.50247641744309 368
1739714659147 83.3497710645469 369
1739714659151 83.19738909031041 370
1739714659155 83.04532976868323 371
1739714659158 82.89359237530604 372
1739714659163 82.74217618750653 373
1739714659166 82.59108048429523 374
1739714659170 82.44030454636174 375
1739714659174 82.2898476560705 376
1739714659178 82.13970909745692 377
1739714659183 81.98988815622324 378
1739714659187 81.8403841197348 379
1739714659190 81.69119627701579 380
1739714659195 81.5423239187455 381
1739714659200 81.39376633725422 382
1739714659204 81.24552282651943 383
1739714659208 81.0975926821618 384
1739714659212 80.94997520144123 385
1739714659216 80.80266968325299 386
1739714659220 80.65567542812383 387
1739714659224 80.508991738208 388
1739714659228 80.36261791728352 389
1739714659233 80.21655327074812 390
1739714659237 80.07079710561554 391
1739714659241 79.92534873051157 392
1739714659246 79.7802074556702 393
1739714659250 79.6353725929299 394
1739714659254 79.49084345572962 395
1739714659258 79.34661935910512 396
1739714659262 79.20269961968508 397
1739714659266 79.05908355568732 398
1739714659271 78.91577048691504 399
1739714659275 78.77275973475298 400
1739714659279 78.63005062216365 401
1739714659283 78.48764247368369 402
1739714659287 78.34553461541994 403
1739714659291 78.2037263750458 404
1739714659295 78.06221708179748 405
1739714659300 77.92100606647027 406
1739714659305 77.78009266141483 407
1739714659309 77.63947620053342 408
1739714659313 77.49915601927631 409
1739714659317 77.35913145463799 410
1739714659321 77.21940184515363 411
1739714659325 77.07996653089513 412
1739714659329 76.94082485346782 413
1739714659333 76.80197615600646 414
1739714659337 76.66341978317193 415
1739714659341 76.52515508114729 416
1739714659345 76.38718139763434 417
1739714659350 76.24949808184991 418
1739714659355 76.11210448452233 419
1739714659360 75.97499995788775 420
1739714659365 75.83818385568661 421
1739714659369 75.70165553316004 422
1739714659373 75.5654143470462 423
1739714659377 75.42945965557688 424
1739714659381 75.29379081847378 425
1739714659386 75.15840719694512 426
1739714659390 75.02330815368194 427
1739714659394 74.88849305285461 428
1739714659399 74.75396126010949 429
1739714659404 74.61971214256506 430
1739714659408 74.48574506880882 431
1739714659412 74.35205940889344 432
1739714659416 74.2186545343335 433
1739714659421 74.08552981810193 434
1739714659425 73.95268463462654 435
1739714659429 73.82011835978652 436
1739714659433 73.68783037090907 437
1739714659438 73.5558200467659 438
1739714659442 73.42408676756982 439
1739714659446 73.2926299149712 440
1739714659450 73.16144887205479 441
1739714659454 73.03054302333602 442
1739714659457 72.89991175475781 443
1739714659461 72.76955445368708 444
1739714659465 72.63947050891137 445
1739714659469 72.50965931063548 446
1739714659473 72.38012025047807 447
1739714659478 72.25085272146835 448
1739714659482 72.12185611804263 449
1739714659486 71.99312983604113 450
1739714659490 71.86467327270445 451
1739714659494 71.73648582667035 452
1739714659498 71.60856689797043 453
1739714659503 71.48091588802684 454
1739714659507 71.35353219964885 455
1739714659511 71.22641523702964 456
1739714659516 71.09956440574308 457
1739714659520 70.97297911274029 458
1739714659524 70.84665876634648 459
1739714659528 70.72060277625762 460
1739714659532 70.59481055353726 461
1739714659536 70.46928151061316 462
1739714659540 70.34401506127416 463
1739714659544 70.21901062066688 464
1739714659548 70.09426760529257 465
1739714659552 69.96978543300378 466
1739714659557 69.84556352300122 467
1739714659561 69.72160129583052 468
1739714659564 69.59789817337908 469
1739714659569 69.47445357887287 470
1739714659572 69.35126693687319 471
1739714659576 69.22833767327359 472
1739714659580 69.10566521529664 473
1739714659584 68.9832489914908 474
1739714659588 68.86108843172724 475
1739714659592 68.7391829671968 476
1739714659596 68.61753203040664 477
1739714659600 68.49613505517736 478
1739714659604 68.37499147663975 479
1739714659609 68.25410073123169 480
1739714659613 68.13346225669505 481
1739714659618 68.01307549207262 482
1739714659622 67.89293987770499 483
1739714659626 67.77305485522746 484
1739714659630 67.65341986756705 485
1739714659634 67.53403435893932 486
1739714659639 67.41489777484534 487
1739714659643 67.29600956206872 488
1739714659647 67.17736916867248 489
1739714659651 67.05897604399603 490
1739714659655 66.94082963865216 491
1739714659659 66.82292940452402 492
1739714659663 66.70527479476206 493
1739714659667 66.5878652637811 494
1739714659671 66.47070026725723 495
1739714659675 66.35377926212496 496
1739714659679 66.23710170657404 497
1739714659683 66.1206670600467 498
1739714659687 66.00447478323449 499
