1739718471690 0.017340912537255795 0
1739718471717 1.0564698121547798 1
1739718471744 0.004534662867481225 2
1739718471771 0.006674985523116798 3
1739718471797 0.028186589479882 4
1739718471823 0.0017498146892591263 5
1739718471850 0.43687366416672824 6
1739718471877 0.07937869899915395 7
1739718471904 0.03266715383716602 8
1739718471930 0.07783840626300711 9
1739718471957 0.07204777341925986 10
1739718471983 0.019880036276878586 11
1739718472009 0.45187229508295246 12
1739718472035 0.004585800072901251 13
1739718472061 0.08571391075544592 14
1739718472089 0.04432044130516562 15
1739718472115 0.2456080274606915 16
1739718472141 0.11696795994891591 17
1739718472167 0.026028775427798186 18
1739718472193 0.06505408357041427 19
1739718472220 0.005997050751447868 20
1739718472247 0.016116813020409432 21
1739718472273 0.25527867305849694 22
1739718472299 0.2147290726596971 23
1739718472326 0.0765324287167436 24
1739718472352 0.1213961216552503 25
1739718472380 8.395779841270678e-09 26
1739718472407 1.3744623127890137 27
1739718472434 0.02991206764148326 28
1739718472461 0.06648792994963273 29
1739718472488 0.0029105861771796374 30
1739718472514 0.00018191453641524757 31
1739718472541 0.004030746564276462 32
1739718472568 0.013918187675407477 33
1739718472594 0.025495571868868718 34
1739718472620 1.2572115514166018 35
1739718472646 0.13912607597462157 36
1739718472672 0.2222352646120515 37
1739718472698 0.00036016206546745294 38
1739718472724 0.002273761987848964 39
1739718472750 0.040657179203495514 40
1739718472776 0.04477434147507155 41
1739718472802 0.007060296968179027 42
1739718472828 0.03933130770968838 43
1739718472854 0.04702794617807572 44
1739718472881 1.3033740261425768 45
1739718472908 0.9143573023549542 46
1739718472935 0.23137769096191405 47
1739718472961 0.0006255698738186728 48
1739718472988 0.02075474325220198 49
1739718473014 0.07337308104503451 50
1739718473041 0.7897430397992491 51
1739718473068 0.028781877091396433 52
1739718473096 0.00013952336209878776 53
1739718473122 0.14702781232681766 54
1739718473148 0.2405967800645103 55
1739718473176 0.018352032402954344 56
1739718473202 0.371226919380343 57
1739718473229 0.21577483835208727 58
1739718473255 0.7944616758503948 59
1739718473282 0.08564495797699101 60
1739718473308 0.0023747006173420486 61
1739718473334 0.4236838191721684 62
1739718473361 0.14903939397470703 63
1739718473388 0.35393510106029324 64
1739718473415 0.021602813664466602 65
1739718473441 0.16798196242081145 66
1739718473467 0.5706282338097358 67
1739718473493 0.624369371248267 68
1739718473519 0.04559827987016039 69
1739718473546 0.15014937547540563 70
1739718473572 0.0023048041800077307 71
1739718473598 0.050355490967806706 72
1739718473625 0.08341536501541784 73
1739718473652 0.0037320755611005745 74
1739718473678 0.00016706567271393066 75
1739718473704 0.2495297519142631 76
1739718473730 0.05274571073053012 77
1739718473756 0.08430728712730906 78
1739718473783 0.6022019869122072 79
1739718473809 0.4107115144076437 80
1739718473835 0.16425249146328608 81
1739718473861 0.011145548962661499 82
1739718473888 0.07426232446538458 83
1739718473915 0.013561378969724817 84
1739718473942 0.40857234491282257 85
1739718473968 0.0011889611051741804 86
1739718473994 0.3069743794916745 87
1739718474021 0.013006593824745954 88
1739718474047 0.013063140603339164 89
1739718474073 0.7332948275504895 90
1739718474100 0.06945276643317999 91
1739718474126 0.3337499162980881 92
1739718474153 0.011275031299465554 93
1739718474180 0.10569316964406839 94
1739718474206 0.4323100228275298 95
1739718474233 0.06994406525056786 96
1739718474259 0.3528818497430204 97
1739718474286 0.1886933040765269 98
1739718474312 0.1917235776387151 99
1739718474338 0.005477795967402294 100
1739718474365 0.1879913950287811 101
1739718474392 1.116448280239896 102
1739718474418 0.2685392614226961 103
1739718474444 0.2416269340314539 104
1739718474471 0.04339030909124154 105
